#              Filename                                         N    min         max
n-Cd000-MT002-Anderson-11716004-ang-E0014.600.1958              19 9.00000E+01 1.67000E+02
n-Cd000-MT002-Becker-11511023-ang-E0003.200.1966                13 2.01988E+01 1.40300E+02
n-Cd000-MT002-Cox-10332017-ang-E0000.870.1972                    8 2.10000E+01 1.57000E+02
n-Cd000-MT002-Cox-10332017-ang-E0000.870A001.1972                8 2.10000E+01 1.57000E+02
n-Cd000-MT002-Cross-11465007-ang-E0014.600.1960                 26 7.89998E+00 1.29600E+02
n-Cd000-MT002-Darden-11638006-ang-E0000.500.1955                 1 7.99998E+00 3.00000E+01
n-Cd000-MT002-Darden-11638006-ang-E0001.000.1955                 5 7.99998E+00 3.00000E+01
n-Cd000-MT002-Darden-11638006-ang-E0001.550.1955                 2 1.40000E+01 3.00000E+01
n-Cd000-MT002-Deconninck-21858006-ang-E0014.000.1961             3 9.00000E+01 9.00000E+01
n-Cd000-MT002-Etemad-20346009-ang-E0007.000.1973                20 1.99000E+01 1.60000E+02
n-Cd000-MT002-Holmqvist-20162015-ang-E0008.050.1971             19 1.99000E+01 1.60000E+02
n-Cd000-MT002-Kazakova-40706039-ang-E0002.000.1965               8 2.00000E+01 1.60000E+02
n-Cd000-MT002-Korzh-40763013-ang-E0000.300.1963                  8 3.00029E+01 1.39996E+02
n-Cd000-MT002-Kuchnir-11977002-ang-E0001.000.1968                6 1.74999E+00 1.50000E+01
n-Cd000-MT002-MaGongguii-30762007-ang-E0014.200.1988             9 1.69996E+00 2.50000E+01
n-Cd000-MT002-Pasechnik-40336088-ang-E0002.800.1958              8 2.11000E+01 1.40000E+02
n-Cd000-MT002-Pasechnik-40683009-ang-E0000.500.1964             16 3.00029E+01 1.39996E+02
n-Cd000-MT002-Salmon-21123007-ang-E0096.000.1960                 6 9.99951E-01 1.25000E+01
n-Cd000-MT002-Smith-12804003-ang-E0003.000.1984                 20 1.97000E+01 1.57000E+02
n-Cd000-MT002-Smith-12804003-ang-E0003.200.1984                 20 1.97000E+01 1.56000E+02
n-Cd000-MT002-Smith-13585003-ang-E0005.000.1994                350 1.76600E+01 1.56000E+02
n-Cd000-MT002-Snowdon-11965003-ang-E0003.700.1954               19 0.00000E+00 1.42800E+02
n-Cd000-MT002-Stelson-11527018-ang-E0014.000.1965               11 2.29000E+01 1.31700E+02
n-Cd000-MT002-Strizhak-40793007-ang-E0014.000.1961              25 1.50057E+01 1.60001E+02
n-Cd000-MT002-Tostkii-32246005-ang-E0002.800.1957                8 2.80180E+01 1.39236E+02
n-Cd000-MT002-Vanzyl-21374009-ang-E0136.000.1956                13 0.00000E+00 1.76000E+01
n-Cd000-MT002-Walt-11215033-ang-E0004.100.1955                  11 1.42000E+01 1.48200E+02
n-Cd000-MT002-Walt-11215033-ang-E0004.100A001.1955              11 1.42000E+01 1.48200E+02
n-Cd000-MT002-Walt-11637040-ang-E0001.000.1954                   9 3.04000E+01 1.49100E+02
n-Cd000-MT002-Wilenzick-11287033-ang-E0006.040.1965             14 1.98000E+01 1.50200E+02
