#              Filename                                         N    min         max
p-Mg026-MT601-Blanpied-C0580005-ang-E0800.000.1982             535 4.69999E+00 2.58000E+01
p-Mg026-MT601-Blanpied-C0580006-ang-E0800.000.1982              66 5.80002E+00 2.58000E+01
p-Mg026-MT601-Blanpied-C0689008-ang-E0800.000.1988            1035 4.79996E+00 2.44000E+01
p-Mg026-MT601-Crawley-C0618007-ang-E0017.500.1967               41 1.50000E+01 1.30100E+02
p-Mg026-MT601-Crawley-C0828013-ang-E0017.500.1968               41 1.50000E+01 1.30100E+02
p-Mg026-MT601-Gubin-F0866006-ang-E0005.971.1974                  1 1.41000E+02 1.60000E+02
p-Mg026-MT601-Gubin-F0866006-ang-E0005.974.1974                  1 1.30000E+02 1.41000E+02
p-Mg026-MT601-Gubin-F0866006-ang-E0005.984.1974                  1 1.10000E+02 1.30000E+02
p-Mg026-MT601-Gubin-F0866006-ang-E0005.993.1974                  1 1.10000E+02 1.50000E+02
p-Mg026-MT601-Gubin-F0866006-ang-E0005.995.1974                  1 1.04000E+02 1.50000E+02
p-Mg026-MT601-Gubin-F0866006-ang-E0005.997.1974                  1 1.04000E+02 1.60000E+02
p-Mg026-MT601-Gubin-F0866006-ang-E0005.999.1974                  1 1.23000E+02 1.60000E+02
p-Mg026-MT601-Gubin-F0866006-ang-E0006.003.1974                  1 1.00000E+02 1.23000E+02
p-Mg026-MT601-Gubin-F0866006-ang-E0006.008.1974                  1 1.00000E+02 1.30000E+02
p-Mg026-MT601-Gubin-F0866006-ang-E0006.011.1974                  1 1.20000E+02 1.30000E+02
p-Mg026-MT601-Gubin-F0866006-ang-E0006.017.1974                  1 1.04000E+02 1.20000E+02
p-Mg026-MT601-Gubin-F0866006-ang-E0006.019.1974                  1 1.04000E+02 1.50000E+02
p-Mg026-MT601-Gubin-F0866006-ang-E0006.020.1974                  1 1.50000E+02 1.60000E+02
p-Mg026-MT601-Gubin-F0866006-ang-E0006.025.1974                  1 1.10000E+02 1.60000E+02
p-Mg026-MT601-Gubin-F0866006-ang-E0006.026.1974                  1 1.10000E+02 1.23000E+02
p-Mg026-MT601-Gubin-F0866006-ang-E0006.031.1974                  1 1.23000E+02 1.41000E+02
p-Mg026-MT601-Gubin-F0866006-ang-E0006.033.1974                  1 1.30000E+02 1.41000E+02
p-Mg026-MT601-Gubin-F0866006-ang-E0006.036.1974                  1 1.20000E+02 1.30000E+02
p-Mg026-MT601-Gubin-F0866006-ang-E0006.038.1974                  1 1.04000E+02 1.20000E+02
p-Mg026-MT601-Gubin-F0866006-ang-E0006.047.1974                  1 1.00000E+02 1.04000E+02
p-Mg026-MT601-Gubin-F0866006-ang-E0006.048.1974                  1 1.00000E+02 1.10000E+02
p-Mg026-MT601-Gubin-F0866006-ang-E0006.050.1974                  1 1.10000E+02 1.50000E+02
p-Mg026-MT601-Gubin-F0866006-ang-E0006.053.1974                  1 1.20000E+02 1.50000E+02
p-Mg026-MT601-Gubin-F0866006-ang-E0006.060.1974                  1 1.20000E+02 1.23000E+02
p-Mg026-MT601-Gubin-F0866006-ang-E0006.062.1974                  1 1.23000E+02 1.30000E+02
p-Mg026-MT601-Gubin-F0866006-ang-E0006.064.1974                  1 1.30000E+02 1.41000E+02
p-Mg026-MT601-Gubin-F0866006-ang-E0006.066.1974                  1 1.00000E+02 1.41000E+02
p-Mg026-MT601-Gubin-F0866006-ang-E0006.069.1974                  2 1.00000E+02 1.60000E+02
p-Mg026-MT601-Gubin-F0866006-ang-E0006.071.1974                  1 1.04000E+02 1.10000E+02
p-Mg026-MT601-Gubin-F0866006-ang-E0006.075.1974                  1 1.10000E+02 1.41000E+02
p-Mg026-MT601-Gubin-F0866006-ang-E0006.087.1974                  1 1.20000E+02 1.41000E+02
p-Mg026-MT601-Gubin-F0866006-ang-E0006.092.1974                  1 1.00000E+02 1.20000E+02
p-Mg026-MT601-Gubin-F0866006-ang-E0006.093.1974                  1 1.00000E+02 1.23000E+02
p-Mg026-MT601-Gubin-F0866006-ang-E0006.094.1974                  1 1.04000E+02 1.23000E+02
p-Mg026-MT601-Gubin-F0866006-ang-E0006.096.1974                  1 1.04000E+02 1.30000E+02
p-Mg026-MT601-Gubin-F0866006-ang-E0006.098.1974                  1 1.30000E+02 1.60000E+02
p-Mg026-MT601-Gubin-F0866006-ang-E0006.102.1974                  1 1.10000E+02 1.60000E+02
p-Mg026-MT601-Gubin-F0866006-ang-E0006.105.1974                  1 1.10000E+02 1.50000E+02
p-Mg026-MT601-Gubin-F0866006-ang-E0006.108.1974                  1 1.04000E+02 1.50000E+02
p-Mg026-MT601-Gubin-F0866006-ang-E0006.113.1974                  1 1.00000E+02 1.04000E+02
p-Mg026-MT601-Gubin-F0866006-ang-E0006.114.1974                  1 1.00000E+02 1.23000E+02
p-Mg026-MT601-Gubin-F0866006-ang-E0006.118.1974                  1 1.20000E+02 1.23000E+02
p-Mg026-MT601-Gubin-F0866006-ang-E0006.119.1974                  1 1.20000E+02 1.41000E+02
p-Mg026-MT601-Gubin-F0866006-ang-E0006.120.1974                  1 1.30000E+02 1.41000E+02
p-Mg026-MT601-Gubin-F0866006-ang-E0006.123.1974                  1 1.10000E+02 1.30000E+02
p-Mg026-MT601-Gubin-F0866006-ang-E0006.125.1974                  1 1.10000E+02 1.60000E+02
p-Mg026-MT601-Gubin-F0866006-ang-E0006.128.1974                  1 1.50000E+02 1.60000E+02
p-Mg026-MT601-Gubin-F0866006-ang-E0006.135.1974                  1 1.04000E+02 1.50000E+02
p-Mg026-MT601-Gubin-F0866006-ang-E0006.139.1974                  1 1.00000E+02 1.04000E+02
p-Mg026-MT601-Gubin-F0866006-ang-E0006.142.1974                  1 1.00000E+02 1.23000E+02
p-Mg026-MT601-Gubin-F0866006-ang-E0006.148.1974                  1 1.20000E+02 1.23000E+02
p-Mg026-MT601-Gubin-F0866006-ang-E0006.151.1974                  1 1.10000E+02 1.20000E+02
p-Mg026-MT601-Gubin-F0866006-ang-E0006.153.1974                  2 1.10000E+02 1.60000E+02
p-Mg026-MT601-Gubin-F0866006-ang-E0006.159.1974                  1 1.04000E+02 1.60000E+02
p-Mg026-MT601-Gubin-F0866006-ang-E0006.165.1974                  1 1.00000E+02 1.04000E+02
p-Mg026-MT601-Gubin-F0866006-ang-E0006.168.1974                  1 1.00000E+02 1.50000E+02
p-Mg026-MT601-Gubin-F0866006-ang-E0006.171.1974                  1 1.41000E+02 1.50000E+02
p-Mg026-MT601-Gubin-F0866006-ang-E0006.176.1974                  1 1.10000E+02 1.41000E+02
p-Mg026-MT601-Gubin-F0866006-ang-E0006.178.1974                  2 1.10000E+02 1.23000E+02
p-Mg026-MT601-Gubin-F0866006-ang-E0006.179.1974                  1 1.20000E+02 1.30000E+02
p-Mg026-MT601-Gubin-F0866006-ang-E0006.189.1974                  2 1.00000E+02 1.60000E+02
p-Mg026-MT601-Gubin-F0866006-ang-E0006.195.1974                  2 1.00000E+02 1.50000E+02
p-Mg026-MT601-Gubin-F0866006-ang-E0006.201.1974                  1 1.04000E+02 1.20000E+02
p-Mg026-MT601-Gubin-F0866006-ang-E0006.205.1974                  1 1.04000E+02 1.23000E+02
p-Mg026-MT601-Gubin-F0866006-ang-E0006.206.1974                  1 1.23000E+02 1.41000E+02
p-Mg026-MT601-Gubin-F0866006-ang-E0006.208.1974                  1 1.41000E+02 1.60000E+02
p-Mg026-MT601-Gubin-F0866006-ang-E0006.209.1974                  1 1.30000E+02 1.60000E+02
p-Mg026-MT601-Gubin-F0866006-ang-E0006.221.1974                  1 1.30000E+02 1.50000E+02
p-Mg026-MT601-Gubin-F0866006-ang-E0006.225.1974                  1 1.00000E+02 1.50000E+02
p-Mg026-MT601-Gubin-F0866006-ang-E0006.230.1974                  1 1.00000E+02 1.41000E+02
p-Mg026-MT601-Gubin-F0866006-ang-E0006.232.1974                  2 1.04000E+02 1.60000E+02
p-Mg026-MT601-Gubin-F0866006-ang-E0006.233.1974                  2 1.04000E+02 1.23000E+02
p-Mg026-MT601-Gubin-F0866006-ang-E0006.236.1974                  1 1.10000E+02 1.23000E+02
p-Mg026-MT601-Gubin-F0866006-ang-E0006.245.1974                  1 1.10000E+02 1.30000E+02
p-Mg026-MT601-Gubin-F0866006-ang-E0006.247.1974                  1 1.00000E+02 1.30000E+02
p-Mg026-MT601-Gubin-F0866006-ang-E0006.251.1974                  1 1.00000E+02 1.04000E+02
p-Mg026-MT601-Gubin-F0866006-ang-E0006.257.1974                  1 1.04000E+02 1.41000E+02
p-Mg026-MT601-Gubin-F0866006-ang-E0006.261.1974                  1 1.23000E+02 1.41000E+02
p-Mg026-MT601-Gubin-F0866006-ang-E0006.264.1974                  2 1.20000E+02 1.60000E+02
p-Mg026-MT601-Gubin-F0866006-ang-E0006.271.1974                  1 1.10000E+02 1.20000E+02
p-Mg026-MT601-Gubin-F0866006-ang-E0006.272.1974                  1 1.00000E+02 1.10000E+02
p-Mg026-MT601-Gubin-F0866006-ang-E0006.281.1974                  2 1.00000E+02 1.50000E+02
p-Mg026-MT601-Gubin-F0866006-ang-E0006.282.1974                  1 1.04000E+02 1.50000E+02
p-Mg026-MT601-Gubin-F0866006-ang-E0006.287.1974                  1 1.04000E+02 1.41000E+02
p-Mg026-MT601-Gubin-F0866006-ang-E0006.298.1974                  1 1.20000E+02 1.41000E+02
p-Mg026-MT601-Gubin-F0866006-ang-E0006.299.1974                  1 1.20000E+02 1.23000E+02
p-Mg026-MT601-Gubin-F0866006-ang-E0006.302.1974                  1 1.23000E+02 1.60000E+02
p-Mg026-MT601-Gubin-F0866006-ang-E0006.303.1974                  1 1.10000E+02 1.60000E+02
p-Mg026-MT601-Gubin-F0866006-ang-E0006.304.1974                  1 1.00000E+02 1.10000E+02
p-Mg026-MT601-Gubin-F0866006-ang-E0006.313.1974                  1 1.00000E+02 1.30000E+02
p-Mg026-MT601-Gubin-F0866006-ang-E0006.318.1974                  1 1.04000E+02 1.30000E+02
p-Mg026-MT601-Gubin-F0866006-ang-E0006.319.1974                  2 1.04000E+02 1.50000E+02
p-Mg026-MT601-Gubin-F0866006-ang-E0006.327.1974                  1 1.20000E+02 1.23000E+02
p-Mg026-MT601-Gubin-F0866006-ang-E0006.332.1974                  1 1.23000E+02 1.60000E+02
p-Mg026-MT601-Gubin-F0866006-ang-E0006.333.1974                  1 1.41000E+02 1.60000E+02
p-Mg026-MT601-Gubin-F0866006-ang-E0006.337.1974                  1 1.10000E+02 1.41000E+02
p-Mg026-MT601-Gubin-F0866006-ang-E0006.343.1974                  1 1.00000E+02 1.10000E+02
p-Mg026-MT601-Gubin-F0866006-ang-E0006.345.1974                  1 1.00000E+02 1.30000E+02
p-Mg026-MT601-Gubin-F0866006-ang-E0006.346.1974                  1 1.30000E+02 1.50000E+02
p-Mg026-MT601-Gubin-F0866006-ang-E0006.347.1974                  1 1.04000E+02 1.50000E+02
p-Mg026-MT601-Gubin-F0866006-ang-E0006.359.1974                  2 1.04000E+02 1.41000E+02
p-Mg026-MT601-Gubin-F0866006-ang-E0006.363.1974                  1 1.23000E+02 1.41000E+02
p-Mg026-MT601-Gubin-F0866006-ang-E0006.367.1974                  2 1.10000E+02 1.60000E+02
p-Mg026-MT601-Gubin-F0866006-ang-E0006.369.1974                  1 1.00000E+02 1.10000E+02
p-Mg026-MT601-Gubin-F0866006-ang-E0006.376.1974                  2 1.00000E+02 1.50000E+02
p-Mg026-MT601-Gubin-F0866006-ang-E0006.377.1974                  1 1.04000E+02 1.30000E+02
p-Mg026-MT601-Gubin-F0866006-ang-E0006.389.1974                  1 1.04000E+02 1.20000E+02
p-Mg026-MT601-Gubin-F0866006-ang-E0006.391.1974                  1 1.20000E+02 1.41000E+02
p-Mg026-MT601-Gubin-F0866006-ang-E0006.396.1974                  2 1.10000E+02 1.60000E+02
p-Mg026-MT601-Gubin-F0866006-ang-E0006.397.1974                  1 1.10000E+02 1.23000E+02
p-Mg026-MT601-Gubin-F0866006-ang-E0006.401.1974                  1 1.00000E+02 1.23000E+02
p-Mg026-MT601-Gubin-F0866006-ang-E0006.403.1974                  1 1.00000E+02 1.30000E+02
p-Mg026-MT601-Gubin-F0866006-ang-E0006.410.1974                  2 1.04000E+02 1.50000E+02
p-Mg026-MT601-Gubin-F0866006-ang-E0006.419.1974                  1 1.04000E+02 1.60000E+02
p-Mg026-MT601-Gubin-F0866006-ang-E0006.420.1974                  1 1.20000E+02 1.60000E+02
p-Mg026-MT601-Gubin-F0866006-ang-E0006.425.1974                  1 1.10000E+02 1.20000E+02
p-Mg026-MT601-Gubin-F0866006-ang-E0006.429.1974                  1 1.10000E+02 1.41000E+02
p-Mg026-MT601-Gubin-F0866006-ang-E0006.430.1974                  1 1.23000E+02 1.41000E+02
p-Mg026-MT601-Gubin-F0866006-ang-E0006.432.1974                  1 1.00000E+02 1.23000E+02
p-Mg026-MT601-Gubin-F0866006-ang-E0006.436.1974                  1 1.00000E+02 1.50000E+02
p-Mg026-MT601-Gubin-F0866006-ang-E0006.445.1974                  1 1.04000E+02 1.50000E+02
p-Mg026-MT601-Gubin-F0866006-ang-E0006.453.1974                  2 1.04000E+02 1.60000E+02
p-Mg026-MT601-Herman-O1090007-ang-E0009.100.1976               149 2.90000E+01 1.65200E+02
p-Mg026-MT601-Zwieglinski-C1286003-ang-E0040.000.1983          214 7.00003E+00 1.20100E+02
