#              Filename                                         N    min         max
n-V051-MT002-Abdelharith-30464002-ang-E0003.400.1976            11 1.49000E+01 1.50100E+02
n-V051-MT002-Cabe-20408003-ang-E0000.550.1972                   10 2.00004E+01 1.49999E+02
n-V051-MT002-Cabe-20408004-ang-E0000.605.1972                   10 2.00004E+01 1.49999E+02
n-V051-MT002-Cabe-20408005-ang-E0000.660.1972                   10 2.00004E+01 1.49999E+02
n-V051-MT002-Cabe-20408006-ang-E0000.715.1972                   10 2.00004E+01 1.49999E+02
n-V051-MT002-Cabe-20408007-ang-E0000.770.1972                   10 2.00004E+01 1.49999E+02
n-V051-MT002-Cabe-20408008-ang-E0000.820.1972                   10 2.00004E+01 1.49999E+02
n-V051-MT002-Cabe-20408009-ang-E0000.875.1972                   10 2.00004E+01 1.49999E+02
n-V051-MT002-Cabe-20408010-ang-E0000.925.1972                   10 2.00004E+01 1.49999E+02
n-V051-MT002-Cabe-20408011-ang-E0000.980.1972                   10 2.00004E+01 1.49999E+02
n-V051-MT002-Cabe-20408012-ang-E0001.030.1972                   10 2.00004E+01 1.49999E+02
n-V051-MT002-Cabe-20408013-ang-E0001.080.1972                   10 2.00004E+01 1.49999E+02
n-V051-MT002-Cabe-20408014-ang-E0001.130.1972                   10 2.00004E+01 1.49999E+02
n-V051-MT002-Cabe-20408015-ang-E0001.180.1972                   10 2.00004E+01 1.49999E+02
n-V051-MT002-Fujita-21722036-ang-E0014.100.1972                  1 1.10000E+02 1.10000E+02
n-V051-MT002-Polyakov-40893006-ang-E0005.860.1986                6 3.00000E+01 1.50000E+02
n-V051-MT002-Polyakov-40971002-ang-E0004.915.1987                6 3.00000E+01 1.50000E+02
n-V051-MT002-Schmidt-22409002-ang-E0007.990.1997               424 1.33000E+01 1.59600E+02
n-V051-MT002-Towle-21328002-ang-E0001.610.1968                  11 3.00000E+01 1.35000E+02
n-V051-MT002-Towle-21328003-ang-E0002.350.1968                  13 3.00000E+01 1.35000E+02
