#              Filename                                         N    min         max
n-Na023-MT151-Adair-11249008.1949                                8 6.00000E-02 9.20000E-01
n-Na023-MT151-Bergqvist-11471002.1967                            1 5.40000E-02 5.40000E-02
n-Na023-MT151-Block-11403002.1958                                1 2.80000E-03 2.80000E-03
n-Na023-MT151-Block-11404008.1958                                1 5.30000E-02 5.30000E-02
n-Na023-MT151-Boeckhoff-22604003.1976                            2 2.99400E-01 1.60380E+00
n-Na023-MT151-Cierjacks-207190021.1969                          19 2.98400E-01 9.85100E-01
n-Na023-MT151-Cierjacks-207190022.1969                          11 2.98400E-01 9.85100E-01
n-Na023-MT151-Derrien-20681002.1975                              7 2.01110E-01 1.59440E+00
n-Na023-MT151-Friesenhahn-11439002.1968                          1 2.85000E-03 2.85000E-03
n-Na023-MT151-Garg-115170041.1965                               26 2.85100E-03 4.50000E-01
n-Na023-MT151-Garg-115170042.1965                                2 2.85100E-03 5.33000E-02
n-Na023-MT151-Garg-115170043.1965                                2 2.85100E-03 5.33000E-02
n-Na023-MT151-Garg-11517015.1965                                 1 2.00000E-04 2.00000E-04
n-Na023-MT151-Good-114020021.1958                                1 2.80000E-03 2.80000E-03
n-Na023-MT151-Good-114020022.1958                                1 2.80000E-03 2.80000E-03
n-Na023-MT151-Hibdon-11386002.1952                               2 2.85000E-03 5.50000E-02
n-Na023-MT151-Hibdon-114100041.1960                             86 2.95000E-03 3.46000E-01
n-Na023-MT151-Hibdon-114100042.1960                             86 2.95000E-03 3.46000E-01
n-Na023-MT151-Hibdon-114100043.1960                             86 2.95000E-03 3.46000E-01
n-Na023-MT151-Hibdon-11410005.1960                              86 2.95000E-03 3.46000E-01
n-Na023-MT151-Hibdon-114130041.1961                             71 3.52600E-01 6.26200E-01
n-Na023-MT151-Hibdon-114130042.1961                             71 3.52600E-01 6.26200E-01
n-Na023-MT151-Hibdon-114130043.1961                             71 3.52600E-01 6.26200E-01
n-Na023-MT151-Hibdon-114130044.1961                             71 3.52600E-01 6.26200E-01
n-Na023-MT151-Hibdon-114140041.1961                             73 6.29800E-01 8.57500E-01
n-Na023-MT151-Hibdon-114140042.1961                             73 6.29800E-01 8.57500E-01
n-Na023-MT151-Hibdon-114140043.1961                             73 6.29800E-01 8.57500E-01
n-Na023-MT151-Hibdon-114140044.1961                             73 6.29800E-01 8.57500E-01
n-Na023-MT151-Hockenbury-100010141.1969                          7 2.85000E-03 1.39100E-01
n-Na023-MT151-Hockenbury-100010141A001.1969                      7 2.85000E-03 1.39100E-01
n-Na023-MT151-Hori-230170052.2001                                2 3.50000E-02 5.30000E-02
n-Na023-MT151-James-20705003.1975                                1 2.99190E-01 2.99190E-01
n-Na023-MT151-Lerigoleur-205720021.1976                          5 3.53800E-02 1.44070E-01
n-Na023-MT151-Lynn-21045004.1958                                 1 2.85000E-03 2.85000E-03
n-Na023-MT151-Lynn-21045005.1958                                 1 2.85000E-03 2.85000E-03
n-Na023-MT151-Merzbacher-113670021.1959                          1 5.30000E-02 5.30000E-02
n-Na023-MT151-Merzbacher-113670022.1959                          1 5.30000E-02 5.30000E-02
n-Na023-MT151-Moxon-221840081.1990                              35-3.81400E-01 7.84266E-01
n-Na023-MT151-Moxon-221840082.1990                               4 2.78740E-03 5.39655E-01
n-Na023-MT151-Moxon-221840083.1990                              13 2.78740E-03 5.39655E-01
n-Na023-MT151-Moxon-221840084.1990                              35-3.81400E-01 7.84266E-01
n-Na023-MT151-Moxon-234800021.1966                               2 5.40000E-05 2.86000E-03
n-Na023-MT151-Moxon-234800022.1966                               2 5.40000E-05 2.86000E-03
n-Na023-MT151-Moxon-234800023.1966                               1 2.86000E-03 2.86000E-03
n-Na023-MT151-Moxon-234800024.1966                               2 5.40000E-05 2.86000E-03
n-Na023-MT151-Moxon-234800025.1966                               1 2.86000E-03 2.86000E-03
n-Na023-MT151-Rae-225270031.1955                                 1 2.78000E-03 2.78000E-03
n-Na023-MT151-Rahn-102690021.1973                                7 2.85000E-03 2.97000E-01
n-Na023-MT151-Rahn-102690021A001.1973                            7 2.85000E-03 2.97000E-01
n-Na023-MT151-Rahn-102690022.1973                                7 2.85000E-03 2.97000E-01
n-Na023-MT151-Rahn-102690022A001.1973                            7 2.85000E-03 2.97000E-01
n-Na023-MT151-Rahn-102690023.1973                                7 2.85000E-03 2.97000E-01
n-Na023-MT151-Rahn-102690023A001.1973                            7 2.85000E-03 2.97000E-01
n-Na023-MT151-Seltzer-107740021.1974                             1 2.80500E-03 2.80500E-03
n-Na023-MT151-Seltzer-107740021A001.1974                         1 2.80500E-03 2.80500E-03
n-Na023-MT151-Seltzer-107740022.1974                             1 2.80500E-03 2.80500E-03
n-Na023-MT151-Seltzer-107740022A001.1974                         1 2.80500E-03 2.80500E-03
n-Na023-MT151-Seltzer-107740023.1974                             1 2.80500E-03 2.80500E-03
n-Na023-MT151-Seltzer-107740023A001.1974                         1 2.80500E-03 2.80500E-03
n-Na023-MT151-Stelson-113870041.1952                            12 2.04000E-01 9.88000E-01
n-Na023-MT151-Stelson-113870042.1952                             5 2.04000E-01 4.51000E-01
n-Na023-MT151-Stelson-113870043.1952                             5 2.04000E-01 3.96000E-01
n-Na023-MT151-Stelson-113870045.1952                            10 2.04000E-01 9.88000E-01
n-Na023-MT151-Uberseder-23337005.2017                            1 2.80000E-03 2.80000E-03
n-Na023-MT151-Williamson-11412004.1961                          12 5.20600E+00 7.76000E+00
n-Na023-MT151-Yamamuro-10150002.1970                             1 2.85000E-03 2.85000E-03
n-Na023-MT151-Yamamuro-10150002A001.1970                         1 2.85000E-03 2.85000E-03
