#              Filename                                         N    min         max
n-Be009-MT052-Anderson-11229003-ang-E0014.000.1958              16 2.50000E+01 1.40400E+02
n-Be009-MT052-Anderson-11229003-ang-E0014.000A001.1958          16 2.50000E+01 1.40400E+02
n-Be009-MT052-Baba-22157014-ang-E0014.100.1988                  11 2.53000E+01 1.50400E+02
n-Be009-MT052-Boerker-22113013-ang-E0010.131.1988               36 1.19000E+01 1.19000E+01
n-Be009-MT052-Hogue-10550005-ang-E0006.970.1978                229 2.57000E+01 1.59900E+02
n-Be009-MT052-Hyakutake-20271003-ang-E0014.100.1969             17 1.01000E+01 1.65300E+02
n-Be009-MT052-Ibaraki-22359009-ang-E0011.500.1998               13 2.02000E+01 1.50500E+02
n-Be009-MT052-Ibaraki-22359009-ang-E0018.000.1998               13 2.02000E+01 1.50300E+02
n-Be009-MT052-Marion-11232010-ang-E0002.700.1959                 9 4.50000E+01 4.50000E+01
n-Be009-MT052-Marion-11232011-ang-E0003.500.1959                 9 2.32197E+01 1.34107E+02
n-Be009-MT052-Marion-11232011-ang-E0003.500A001.1959             9 2.32197E+01 1.34107E+02
n-Be009-MT052-Marion-11232011-ang-E0004.100.1959                11 2.32197E+01 1.47035E+02
n-Be009-MT052-Marion-11232011-ang-E0004.100A001.1959            11 2.32197E+01 1.47035E+02
n-Be009-MT052-Marion-11232011-ang-E0005.000.1959                 7 4.04476E+01 1.52375E+02
n-Be009-MT052-Marion-11232011-ang-E0005.000A001.1959             7 4.04476E+01 1.52375E+02
n-Be009-MT052-Merchez-21177012-ang-E0014.100.1966               18 2.02000E+01 1.40500E+02
n-Be009-MT052-Olsson-22127005-ang-E0021.600.1989                74 1.26000E+01 1.60600E+02
n-Be009-MT052-Ruan-31605003-ang-E0008.170.2007                  11 3.17000E+01 1.50500E+02
n-Be009-MT052-Ruan-31605003-ang-E0010.270.2007                   9 3.60000E+01 1.20800E+02
n-Be009-MT052-Schmidt-22973003-ang-E0007.100.2007               35 2.61000E+01 1.60200E+02
n-Be009-MT052-Schmidt-22973003-ang-E0008.090.2007               35 2.57000E+01 1.60200E+02
n-Be009-MT052-Schmidt-22973003-ang-E0009.090.2007               35 2.57000E+01 1.59800E+02
n-Be009-MT052-Schmidt-22973003-ang-E0009.970.2007               35 2.60000E+01 1.60300E+02
n-Be009-MT052-Takahashi-22075211-ang-E0014.100.1987             29 1.50000E+01 1.60000E+02
n-Be009-MT052-Templon-12939006-ang-E0010.962.1985               28 2.06000E+01 1.60400E+02
n-Be009-MT052-Templon-12939006-ang-E0013.890.1985               28 2.06000E+01 1.60400E+02
n-Be009-MT052-YalingZhangg-32774004-ang-E0021.940.2017          26 2.07000E+01 1.44200E+02
n-Be009-MT052-ZhangYalingg-32723003-ang-E0008.190.2011          26 1.97000E+01 1.59200E+02
