#              Filename                                         N    min         max
n-O018-MT002-Choudry-14119002-ang-E0008.500.2005                13 2.55930E+01 1.50653E+02
n-O018-MT002-Donoghue-11075002-ang-E0000.405.1964               11 9.99951E-01 1.52300E+02
n-O018-MT002-Donoghue-11075002-ang-E0000.405A001.1964           11 9.99951E-01 1.52300E+02
n-O018-MT002-Donoghue-11075004-ang-E0000.536.1964               16 9.99951E-01 1.61900E+02
n-O018-MT002-Donoghue-11075004-ang-E0000.536A001.1964           16 9.99951E-01 1.61900E+02
n-O018-MT002-Donoghue-11075005-ang-E0000.608.1964               17 9.99951E-01 1.61900E+02
n-O018-MT002-Donoghue-11075005-ang-E0000.608A001.1964           17 9.99951E-01 1.61900E+02
n-O018-MT002-Donoghue-11075006-ang-E0000.637.1964               19 9.99951E-01 1.65300E+02
n-O018-MT002-Donoghue-11075006-ang-E0000.637A001.1964           19 9.99951E-01 1.65300E+02
n-O018-MT002-Donoghue-11075007-ang-E0000.650.1964               20 9.99951E-01 1.54400E+02
n-O018-MT002-Donoghue-11075007-ang-E0000.650A001.1964           20 9.99951E-01 1.54400E+02
n-O018-MT002-Donoghue-11075008-ang-E0000.660.1964               19 1.10003E+00 1.69600E+02
n-O018-MT002-Donoghue-11075008-ang-E0000.660A001.1964           19 1.10003E+00 1.69600E+02
n-O018-MT002-Donoghue-11075009-ang-E0000.670.1964               16 9.99951E-01 1.69600E+02
n-O018-MT002-Donoghue-11075009-ang-E0000.670A001.1964           16 9.99951E-01 1.69600E+02
n-O018-MT002-Donoghue-11075010-ang-E0000.685.1964               18 9.99951E-01 1.80000E+02
n-O018-MT002-Donoghue-11075010-ang-E0000.685A001.1964           18 9.99951E-01 1.80000E+02
n-O018-MT002-Donoghue-11075011-ang-E0000.890.1964               15 9.99951E-01 1.56600E+02
n-O018-MT002-Donoghue-11075011-ang-E0000.890A001.1964           15 9.99951E-01 1.56600E+02
n-O018-MT002-Donoghue-11075012-ang-E0001.090.1964               22 9.99951E-01 1.63100E+02
n-O018-MT002-Donoghue-11075012-ang-E0001.090A001.1964           22 9.99951E-01 1.63100E+02
n-O018-MT002-Donoghue-11075013-ang-E0001.120.1964               19 9.99951E-01 1.58800E+02
n-O018-MT002-Donoghue-11075013-ang-E0001.120A001.1964           19 9.99951E-01 1.58800E+02
n-O018-MT002-Donoghue-11075014-ang-E0001.149.1964               20 9.99951E-01 9.99951E-01
n-O018-MT002-Donoghue-11075015-ang-E0001.178.1964               13 9.99951E-01 1.53000E+02
n-O018-MT002-Donoghue-11075015-ang-E0001.178A001.1964           13 9.99951E-01 1.53000E+02
n-O018-MT002-Donoghue-11075016-ang-E0001.190.1964               19 5.75000E+01 1.58700E+02
n-O018-MT002-Donoghue-11075016-ang-E0001.190A001.1964           19 5.75000E+01 1.58700E+02
n-O018-MT002-Donoghue-11075017-ang-E0001.208.1964               13 1.10003E+00 1.56800E+02
n-O018-MT002-Donoghue-11075017-ang-E0001.208A001.1964           13 1.10003E+00 1.56800E+02
n-O018-MT002-Donoghue-11075018-ang-E0001.220.1964               19 9.99951E-01 1.76800E+02
n-O018-MT002-Donoghue-11075018-ang-E0001.220A001.1964           19 9.99951E-01 1.76800E+02
n-O018-MT002-Donoghue-11075019-ang-E1236.000.1964               16 9.99951E-01 1.69100E+02
n-O018-MT002-Donoghue-11075019-ang-E1236.000A001.1964           16 9.99951E-01 1.69100E+02
n-O018-MT002-Donoghue-11075020-ang-E0001.276.1964               18 9.99951E-01 1.80000E+02
n-O018-MT002-Donoghue-11075020-ang-E0001.276A001.1964           18 9.99951E-01 1.80000E+02
n-O018-MT002-Donoghue-11075021-ang-E0001.297.1964               14 1.10003E+00 1.80000E+02
n-O018-MT002-Donoghue-11075021-ang-E0001.297A001.1964           14 1.10003E+00 1.80000E+02
n-O018-MT002-Donoghue-11075022-ang-E0001.384.1964               18 9.99951E-01 1.54600E+02
n-O018-MT002-Donoghue-11075022-ang-E0001.384A001.1964           18 9.99951E-01 1.54600E+02
n-O018-MT002-Donoghue-11075023-ang-E0001.476.1964               18 9.99951E-01 1.48900E+02
n-O018-MT002-Donoghue-11075023-ang-E0001.476A001.1964           18 9.99951E-01 1.48900E+02
n-O018-MT002-Donoghue-11075024-ang-E0001.571.1964               19 9.99951E-01 9.99951E-01
n-O018-MT002-Donoghue-11075025-ang-E0001.661.1964               20 9.99951E-01 1.65400E+02
n-O018-MT002-Donoghue-11075025-ang-E0001.661A001.1964           20 9.99951E-01 1.65400E+02
n-O018-MT002-Donoghue-11075026-ang-E0001.792.1964               20 9.99951E-01 1.59300E+02
n-O018-MT002-Donoghue-11075026-ang-E0001.792A001.1964           20 9.99951E-01 1.59300E+02
n-O018-MT002-Donoghue-11075027-ang-E0001.892.1964               19 9.99951E-01 1.54500E+02
n-O018-MT002-Donoghue-11075027-ang-E0001.892A001.1964           19 9.99951E-01 1.54500E+02
n-O018-MT002-Donoghue-11075028-ang-E0001.959.1964               19 1.10003E+00 1.10003E+00
n-O018-MT002-Donoghue-11075029-ang-E0002.025.1964               20 9.99951E-01 1.52700E+02
n-O018-MT002-Donoghue-11075029-ang-E0002.025A001.1964           20 9.99951E-01 1.52700E+02
n-O018-MT002-Donoghue-11075030-ang-E0002.090.1964               19 9.99951E-01 1.71000E+02
n-O018-MT002-Donoghue-11075030-ang-E0002.090A001.1964           19 9.99951E-01 1.71000E+02
n-O018-MT002-Donoghue-11075031-ang-E0002.125.1964               19 9.99951E-01 1.66200E+02
n-O018-MT002-Donoghue-11075031-ang-E0002.125A001.1964           19 9.99951E-01 1.66200E+02
n-O018-MT002-Donoghue-11075032-ang-E0002.160.1964               19 9.99951E-01 9.99951E-01
n-O018-MT002-Donoghue-11075033-ang-E0002.213.1964               20 9.99951E-01 1.65000E+02
n-O018-MT002-Donoghue-11075033-ang-E0002.213A001.1964           20 9.99951E-01 1.65000E+02
n-O018-MT002-Donoghue-11075034-ang-E0002.232.1964               19 9.99951E-01 1.58700E+02
n-O018-MT002-Donoghue-11075034-ang-E0002.232A001.1964           19 9.99951E-01 1.58700E+02
n-O018-MT002-Donoghue-11075035-ang-E0002.267.1964               19 9.99951E-01 1.61600E+02
n-O018-MT002-Donoghue-11075035-ang-E0002.267A001.1964           19 9.99951E-01 1.61600E+02
n-O018-MT002-Donoghue-11075036-ang-E0002.302.1964               19 9.99951E-01 9.99951E-01
n-O018-MT002-Donoghue-11075037-ang-E0002.335.1964               19 9.99951E-01 1.54700E+02
n-O018-MT002-Donoghue-11075037-ang-E0002.335A001.1964           19 9.99951E-01 1.54700E+02
n-O018-MT002-Donoghue-11075038-ang-E0002.373.1964               19 9.99951E-01 1.54000E+02
n-O018-MT002-Donoghue-11075038-ang-E0002.373A001.1964           19 9.99951E-01 1.54000E+02
n-O018-MT002-Donoghue-11075039-ang-E0002.409.1964               19 9.99951E-01 1.59300E+02
n-O018-MT002-Donoghue-11075039-ang-E0002.409A001.1964           19 9.99951E-01 1.59300E+02
n-O018-MT002-Donoghue-11075040-ang-E0002.427.1964               18 9.99951E-01 1.65600E+02
n-O018-MT002-Donoghue-11075040-ang-E0002.427A001.1964           18 9.99951E-01 1.65600E+02
n-O018-MT002-Donoghue-11075041-ang-E0002.436.1964               24 9.99951E-01 1.69200E+02
n-O018-MT002-Donoghue-11075041-ang-E0002.436A001.1964           24 9.99951E-01 1.69200E+02
n-O018-MT002-Donoghue-11075042-ang-E0002.444.1964               21 9.99951E-01 1.64500E+02
n-O018-MT002-Donoghue-11075042-ang-E0002.444A001.1964           21 9.99951E-01 1.64500E+02
n-O018-MT002-Donoghue-11075043-ang-E0002.462.1964               20 9.99951E-01 1.80000E+02
n-O018-MT002-Donoghue-11075043-ang-E0002.462A001.1964           20 9.99951E-01 1.80000E+02
n-O018-MT002-Donoghue-11075044-ang-E0002.480.1964               19 9.99951E-01 1.69400E+02
n-O018-MT002-Donoghue-11075044-ang-E0002.480A001.1964           19 9.99951E-01 1.69400E+02
n-O018-MT002-Donoghue-11075045-ang-E0002.498.1964               20 1.10003E+00 1.10003E+00
n-O018-MT002-Donoghue-11075046-ang-E0002.517.1964               19 9.99951E-01 1.65000E+02
n-O018-MT002-Donoghue-11075046-ang-E0002.517A001.1964           19 9.99951E-01 1.65000E+02
n-O018-MT002-Donoghue-11075047-ang-E0002.553.1964               19 9.99951E-01 1.65000E+02
n-O018-MT002-Donoghue-11075047-ang-E0002.553A001.1964           19 9.99951E-01 1.65000E+02
n-O018-MT002-Donoghue-11075048-ang-E0002.629.1964               19 9.99951E-01 1.69400E+02
n-O018-MT002-Donoghue-11075048-ang-E0002.629A001.1964           19 9.99951E-01 1.69400E+02
n-O018-MT002-Donoghue-11075049-ang-E0002.702.1964               19 9.99951E-01 1.65000E+02
n-O018-MT002-Donoghue-11075049-ang-E0002.702A001.1964           19 9.99951E-01 1.65000E+02
n-O018-MT002-Grabmayr-10965004-ang-E0024.000.1980               21 2.00000E+01 1.50000E+02
n-O018-MT002-Grabmayr-10965004-ang-E0024.000A001.1980           21 2.00000E+01 1.50000E+02
n-O018-MT002-Koehler-12968002-ang-E0005.070.1986               463 2.09000E+01 1.58600E+02
n-O018-MT002-Meier-20907023-ang-E0014.140.1969                  19 7.51966E+00 1.54999E+02
