#              Filename                                         N    min         max     
p-Ti000-rp023048-Michel-A01000021.1985                          19 8.08000E+01 2.00700E+02
p-Ti000-rp023048-Michel-A0145005V.1980                           5 8.02000E+00 1.64200E+01
p-Ti000-rp023048-Aleksandrov-A0501002.1990                       1 1.00000E+03 1.00000E+03
p-Ti000-rp023048-Aleksandrov-A0512002.1991                       1 6.60000E+02 6.60000E+02
p-Ti000-rp023048-Michel-B0100002.1978                           22 1.33000E+01 4.47600E+01
p-Ti000-rp023048-Brodzinski-C02710021.1971                       7 1.50000E+01 5.84000E+02
p-Ti000-rp023048-Fink-C0430009.1990                              8 3.51000E+01 1.49000E+02
p-Ti000-rp023048-Bennett-C1909002.2012                           6 6.90000E+00 1.60000E+01
p-Ti000-rp023048-Fox-C2702056.2021                               7 1.04050E+02 1.92260E+02
p-Ti000-rp023048-Zarie-D0433002.2006                            41 4.64000E+00 2.73500E+01
p-Ti000-rp023048-Khandaker-D0569002.2009                        22 3.90000E+00 3.78000E+01
p-Ti000-rp023048-Azzam-D0978005.2020                            12 4.40000E+00 1.31000E+01
p-Ti000-rp023048-Cervenak-D0985002.2020                         22 6.44000E+00 3.59700E+01
p-Ti000-rp023048-Anwer-D1033004.2022                             2 5.38000E+00 5.80000E+00
p-Ti000-rp023048-Kopecky-D4001002.1993                          69 4.50000E+00 2.99800E+01
p-Ti000-rp023048-Jung-D40580381.1991                             3 7.60000E+00 2.38000E+01
p-Ti000-rp023048-Tarkanyi-D4080003.1991                         69 4.50000E+00 2.99800E+01
p-Ti000-rp023048-Szelecsenyi-D4083002.2001                      42 6.10000E+00 1.79000E+01
p-Ti000-rp023048-Szelecsenyi-D40830051.2001                     92 4.50000E+00 5.00000E+01
p-Ti000-rp023048-Takacs-D4106002.2002                           31 5.52000E+00 3.15100E+01
p-Ti000-rp023048-Parashari-D6353002.2019                         5 1.29400E+01 2.19500E+01
p-Ti000-rp023048-Shahid-D7033002.2018                           27 7.40000E+00 4.32000E+01
p-Ti000-rp023048-Zherebchevsky-F1298004.2016                     1 1.30000E+01 1.30000E+01
p-Ti000-rp023048-Michel-O00780082.1989                           1 6.00000E+02 6.00000E+02
p-Ti000-rp023048-Michel-O0276042.1997                           46 1.55000E+01 1.61000E+02
p-Ti000-rp023048-Michel-O0277062.1995                            4 8.00000E+02 2.60000E+03
p-Ti000-rp023048-Schiekel-O0284036.1996                          8 2.41000E+02 3.87000E+02
p-Ti000-rp023048-Barashenkov-O0339005.1990                       1 1.10000E+03 1.10000E+03
p-Ti000-rp023048-Neumann-O1882041.1999                          22 4.33000E+01 2.60000E+03
p-Ti000-rp023048-Garrido-O2315007.2016                           7 2.49000E+01 6.99000E+01
p-Ti000-rp023048-Baecker-O2560014.2021                           2 1.00000E+02 1.30000E+02
p-Ti000-rp023048-ZhaoWenrongg-S0212007.1998                     17 7.53000E+00 2.18600E+01
p-Ti000-rp023048-Liu-S0270004.2021                               7 8.82000E+00 1.81800E+01
p-Ti000-rp023048-Walton-O0350030.1976                            7 1.72000E+01 4.26000E+01
