#              Filename                                         N    min         max
n-Zn066-MT151-Garg-11646019.1964                                 5 1.04300E-02 2.42800E-02
n-Zn066-MT151-Garg-127190041.1981                               80 4.04600E-03 3.73780E-01
n-Zn066-MT151-Garg-127190042.1981                               80 4.04600E-03 3.73780E-01
n-Zn066-MT151-Garg-127190043.1981                               28 4.04600E-03 1.28358E-01
n-Zn066-MT151-Garg-127190044.1981                               80 4.04600E-03 3.73780E-01
n-Zn066-MT151-Garg-127190051.1981                              153 3.55800E-03 1.29280E-01
n-Zn066-MT151-Garg-127190052.1981                              153 3.55800E-03 1.29280E-01
n-Zn066-MT151-Garg-127190053.1981                               76 4.38500E-03 1.29280E-01
n-Zn066-MT151-Garg-127190061.1981                                2 1.50000E-01 1.50000E-01
n-Zn066-MT151-Garg-127190062.1981                                3 1.50000E-01 1.50000E-01
n-Zn066-MT151-Garg-127190071.1981                              162 1.30760E-01 3.80425E-01
n-Zn066-MT151-Garg-127190072.1981                              162 1.30760E-01 3.80425E-01
n-Zn066-MT151-Julien-206870041.1969                              1 3.23000E-04 3.23000E-04
n-Zn066-MT151-Julien-206870042.1969                              1 3.23000E-04 3.23000E-04
n-Zn066-MT151-Julien-206870043.1969                              1 3.23000E-04 3.23000E-04
n-Zn066-MT151-Julien-206870044.1969                              1 3.23000E-04 3.23000E-04
n-Zn066-MT151-Julien-206870045.1969                              1 3.23000E-04 3.23000E-04
n-Zn066-MT151-Julien-206870046.1969                              1 3.23000E-04 3.23000E-04
n-Zn066-MT151-KimKhiSannn-412110031.1965                         1 3.28000E-04 3.28000E-04
n-Zn066-MT151-KimKhiSannn-412110032.1965                         1 3.28000E-04 3.28000E-04
n-Zn066-MT151-KimKhiSannn-412110033.1965                         1 3.28000E-04 3.28000E-04
n-Zn066-MT151-Miller-11007013.1959                               3 1.00000E-02 1.80000E-02
n-Zn066-MT151-Miller-11007013A001.1959                           3 1.00000E-02 1.80000E-02
n-Zn066-MT151-Miller-11007014.1959                               3 1.12000E-02 2.10000E-02
n-Zn066-MT151-Miller-11007014A001.1959                           3 1.12000E-02 2.10000E-02
