#              Filename                                         N    min         max
h-Li007-MT651-Bondouk-A1542002-E0001.001.1977                    1 7.00000E+01 1.30000E+02
h-Li007-MT651-Bondouk-A1542002-E0001.002.1977                    1 7.00000E+01 1.30000E+02
h-Li007-MT651-Bondouk-A1542002-E0001.018.1977                    1 7.00000E+01 1.30000E+02
h-Li007-MT651-Bondouk-A1542002-E0001.030.1977                    1 7.00000E+01 1.30000E+02
h-Li007-MT651-Bondouk-A1542002-E0001.040.1977                    1 7.00000E+01 1.30000E+02
h-Li007-MT651-Bondouk-A1542002-E0001.047.1977                    1 7.00000E+01 1.30000E+02
h-Li007-MT651-Bondouk-A1542002-E0001.060.1977                    1 7.00000E+01 1.30000E+02
h-Li007-MT651-Bondouk-A1542002-E0001.069.1977                    1 7.00000E+01 1.30000E+02
h-Li007-MT651-Bondouk-A1542002-E0001.079.1977                    1 7.00000E+01 1.30000E+02
h-Li007-MT651-Bondouk-A1542002-E0001.084.1977                    1 7.00000E+01 1.30000E+02
h-Li007-MT651-Bondouk-A1542002-E0001.102.1977                    1 7.00000E+01 1.30000E+02
h-Li007-MT651-Bondouk-A1542002-E0001.103.1977                    1 7.00000E+01 7.00000E+01
h-Li007-MT651-Bondouk-A1542003-E0001.200.1977                   14 1.82000E+01 1.48100E+02
h-Li007-MT651-Bondouk-A1542003-E0001.400.1977                   12 1.94000E+01 1.47100E+02
h-Li007-MT651-Bondouk-A1542003-E0001.600.1977                   14 1.84000E+01 1.48800E+02
h-Li007-MT651-Bondouk-A1542003-E0001.800.1977                   14 1.84000E+01 1.48000E+02
h-Li007-MT651-Bondouk-A1542003-E0002.000.1977                   12 2.59000E+01 1.46000E+02
h-Li007-MT651-Bondouk-A1542003-E0002.200.1977                   13 2.30000E+01 1.49200E+02
h-Li007-MT651-Bondouk-A1542003-E0002.400.1977                   13 2.30000E+01 1.42400E+02
h-Li007-MT651-Bondouk-A1542003-E0002.500.1977                   13 2.57000E+01 1.45300E+02
h-Li007-MT651-Dixon-A1504002-E0010.000.1970                     18 4.79996E+00 1.60200E+02
h-Li007-MT651-Dixon-A1504002-E0010.000A001.1970                 13 4.90001E+00 1.10800E+02
h-Li007-MT651-Dixon-A1504002-E0024.300.1970                     70 4.90001E+00 1.65900E+02
h-Li007-MT651-Dixon-A1504002-E0024.300A001.1970                 66 6.69999E+00 1.67800E+02
h-Li007-MT651-JipengZhuu-S0268003-E0001.186.2021                18 1.46000E+02 1.46000E+02
h-Li007-MT651-Lru-O1035004-E0003.000.1972                       14 1.90000E+01 1.29100E+02
