#              Filename                                         N    min         max
d-He004-MT002-Allred-C0040002-ang-E0010.300.1951                68 1.23000E+01 1.39500E+02
d-He004-MT002-Artemov-F1401003-ang-E0020.200.1960               12 1.51000E+01 1.50300E+02
d-He004-MT002-Arvieux-A1353002-ang-E0010.300.1968               56 9.90000E+00 1.37500E+02
d-He004-MT002-Arvieux-A1353002-ang-E0012.000.1968               42 9.60001E+00 1.70200E+02
d-He004-MT002-Arvieux-A1353002-ang-E0013.700.1968               36 9.30001E+00 1.68200E+02
d-He004-MT002-Arvieux-A1353002-ang-E0021.000.1968               76 9.30001E+00 1.46500E+02
d-He004-MT002-Arvieux-A1353002-ang-E0021.300.1968               36 9.09999E+00 1.55600E+02
d-He004-MT002-Arvieux-A1353002-ang-E0024.300.1968               33 6.40000E+00 1.45000E+02
d-He004-MT002-Arvieux-A1353002-ang-E0024.850.1968               49 6.40000E+00 1.58800E+02
d-He004-MT002-Arvieux-A1353002-ang-E0025.800.1968               43 9.80000E+00 1.60600E+02
d-He004-MT002-Arvieux-A1353002-ang-E0027.300.1968               40 1.01000E+01 1.53700E+02
d-He004-MT002-Arvieux-A1353003-ang-E0017.700.1968               11 1.66000E+01 7.91000E+01
d-He004-MT002-Arvieux-A1353003-ang-E0019.700.1968               15 1.66000E+01 8.41000E+01
d-He004-MT002-Arvieux-A1353003-ang-E0021.400.1968               18 1.71000E+01 1.32700E+02
d-He004-MT002-Broek-C1060002-ang-E0021.000.1964                 78 1.11000E+01 1.52400E+02
d-He004-MT002-Hinterberger-D02250041-ang-E0052.000.1968         78 1.10000E+01 1.49000E+02
d-He004-MT002-Itoh-E2044003-ang-E0014.200.1968                  18 1.35000E+01 1.10000E+02
d-He004-MT002-Jett-A1193002-ang-E0012.000.1971                  24 1.20000E+01 1.35300E+02
d-He004-MT002-Kambara-A1134002-ang-E0007.800.1978               12 1.97000E+01 9.47000E+01
d-He004-MT002-Kambara-E0100002-ang-E0007.800.1978               12 2.00000E+01 9.49000E+01
d-He004-MT002-Nisimura-E0930002-ang-E0056.000.1985              32 1.07000E+01 1.42600E+02
d-He004-MT002-vanoers-D0221002-ang-E0024.850.1963               82 6.49999E+00 1.57700E+02
