#              Filename                                         N    min         max
d-O016-MT600-Alty-F0713007-E0012.000.1967                       81 1.13000E+01 1.50300E+02
d-O016-MT600-Amsel-D0086005-E0000.813.1964                     384 1.00000E+01 1.00000E+01
d-O016-MT600-Berti-D0131002-E0000.546.1982                      31 1.50000E+02 1.50000E+02
d-O016-MT600-Calvi-F1035004-E0000.797.1962                      25 9.00000E+01 9.00000E+01
d-O016-MT600-Calvi-F1035005-E0000.788.1962                      28 9.00000E+01 9.00000E+01
d-O016-MT600-Cavallaro-D0152003-E0000.980.1973                  29 1.10000E+01 1.69600E+02
d-O016-MT600-Cavallaro-D0152003-E0001.020.1973                  29 1.05000E+01 1.69200E+02
d-O016-MT600-Cavallaro-D0152003-E0001.040.1973                  29 9.49999E+00 1.69000E+02
d-O016-MT600-Cavallaro-D0152003-E0001.100.1973                  29 9.49999E+00 1.69700E+02
d-O016-MT600-Cavallaro-D0152003-E0001.160.1973                  32 9.30001E+00 1.70800E+02
d-O016-MT600-Cavallaro-D0152003-E0001.190.1973                  32 9.30001E+00 1.70100E+02
d-O016-MT600-Cavallaro-D0152003-E0001.250.1973                  33 9.80000E+00 1.67700E+02
d-O016-MT600-Cavallaro-D0152003-E0001.290.1973                  31 9.69998E+00 1.68600E+02
d-O016-MT600-Cavallaro-D0152003-E0001.340.1973                  33 9.69998E+00 1.68200E+02
d-O016-MT600-Cavallaro-D0152003-E0001.380.1973                  32 8.99997E+00 1.69800E+02
d-O016-MT600-Cavallaro-D0152003-E0001.430.1973                  33 8.99997E+00 1.68500E+02
d-O016-MT600-Cavallaro-D0152003-E0001.520.1973                  31 9.80000E+00 1.64300E+02
d-O016-MT600-Cavallaro-D0152003-E0001.620.1973                  32 1.02000E+01 1.69400E+02
d-O016-MT600-Cavallaro-D0152003-E0001.680.1973                  33 1.01000E+01 1.69200E+02
d-O016-MT600-Cavallaro-D0152003-E0001.730.1973                  33 8.30000E+00 1.70500E+02
d-O016-MT600-Cavallaro-D0152003-E0001.760.1973                  31 8.30000E+00 1.67100E+02
d-O016-MT600-Cavallaro-D0152003-E0001.870.1973                  33 1.03000E+01 1.68900E+02
d-O016-MT600-Cavallaro-D0152003-E0001.970.1973                  31 9.40003E+00 1.70700E+02
d-O016-MT600-Cavallaro-D0152006-E0000.974.1973                   1 8.50000E+01 1.64000E+02
d-O016-MT600-Cavallaro-D0152006-E0000.976.1973                   1 5.00000E+01 8.50000E+01
d-O016-MT600-Cavallaro-D0152006-E0000.976A001.1973               1 5.00000E+01 8.50000E+01
d-O016-MT600-Cavallaro-D0152006-E0001.017.1973                   1 5.00000E+01 8.50000E+01
d-O016-MT600-Cavallaro-D0152006-E0001.017A001.1973               1 5.00000E+01 1.64000E+02
d-O016-MT600-Cavallaro-D0152006-E0001.022.1973                   1 5.00000E+01 1.64000E+02
d-O016-MT600-Cavallaro-D0152006-E0001.038.1973                   1 5.00000E+01 8.50000E+01
d-O016-MT600-Cavallaro-D0152006-E0001.041.1973                   1 8.50000E+01 1.64000E+02
d-O016-MT600-Cavallaro-D0152006-E0001.042.1973                   1 5.00000E+01 1.64000E+02
d-O016-MT600-Cavallaro-D0152006-E0001.092.1973                   1 5.00000E+01 8.50000E+01
d-O016-MT600-Cavallaro-D0152006-E0001.095.1973                   1 8.50000E+01 1.64000E+02
d-O016-MT600-Cavallaro-D0152006-E0001.099.1973                   1 5.00000E+01 1.64000E+02
d-O016-MT600-Cavallaro-D0152006-E0001.153.1973                   2 5.00000E+01 1.64000E+02
d-O016-MT600-Cavallaro-D0152006-E0001.154.1973                   1 5.00000E+01 1.64000E+02
d-O016-MT600-Cavallaro-D0152006-E0001.190.1973                   1 5.00000E+01 8.50000E+01
d-O016-MT600-Cavallaro-D0152006-E0001.194.1973                   1 8.50000E+01 1.64000E+02
d-O016-MT600-Cavallaro-D0152006-E0001.194A001.1973               1 8.50000E+01 1.64000E+02
d-O016-MT600-Cavallaro-D0152006-E0001.237.1973                   1 5.00000E+01 8.50000E+01
d-O016-MT600-Cavallaro-D0152006-E0001.238.1973                   1 5.00000E+01 1.64000E+02
d-O016-MT600-Cavallaro-D0152006-E0001.238A001.1973               1 1.64000E+02 1.64000E+02
d-O016-MT600-Corrigan-C1069007-E0009.300.1972                   26 1.58000E+01 1.51900E+02
d-O016-MT600-Corrigan-C1069007-E0013.300.1972                   26 1.67000E+01 1.49700E+02
d-O016-MT600-Davison-F1053007-E0004.000.1970                    26 2.14000E+01 1.73900E+02
d-O016-MT600-Davison-F1053007-E0004.500.1970                    28 1.61000E+01 1.54300E+02
d-O016-MT600-Davison-F1053007-E0005.000.1970                    26 1.61000E+01 1.67400E+02
d-O016-MT600-Davison-F1053007-E0005.250.1970                    30 1.55000E+01 1.73400E+02
d-O016-MT600-Davison-F1053007-E0005.500.1970                    24 1.55000E+01 1.36700E+02
d-O016-MT600-Davison-F1053007-E0006.000.1970                    29 2.06000E+01 1.60600E+02
d-O016-MT600-Davison-F1053012-E0003.997.1970                     1 6.50000E+01 1.15000E+02
d-O016-MT600-Davison-F1053012-E0003.998.1970                     1 1.15000E+02 1.45000E+02
d-O016-MT600-Davison-F1053012-E0004.003.1970                     1 6.50000E+01 1.45000E+02
d-O016-MT600-Davison-F1053012-E0004.009.1970                     1 6.50000E+01 1.15000E+02
d-O016-MT600-Davison-F1053012-E0004.011.1970                     1 1.15000E+02 1.45000E+02
d-O016-MT600-Davison-F1053012-E0004.012.1970                     1 6.50000E+01 1.45000E+02
d-O016-MT600-Davison-F1053012-E0004.018.1970                     1 6.50000E+01 1.15000E+02
d-O016-MT600-Davison-F1053012-E0004.020.1970                     1 1.15000E+02 1.45000E+02
d-O016-MT600-Davison-F1053012-E0004.021.1970                     1 1.15000E+02 1.45000E+02
d-O016-MT600-Davison-F1053012-E0004.032.1970                     1 1.15000E+02 1.45000E+02
d-O016-MT600-Davison-F1053012-E0004.033.1970                     1 6.50000E+01 1.45000E+02
d-O016-MT600-Davison-F1053012-E0004.034.1970                     1 6.50000E+01 6.50000E+01
d-O016-MT600-Davison-F1053013-E0004.005.1970                   306 1.65000E+02 1.65000E+02
d-O016-MT600-Debras-D0144005-E0000.510.1977                    232 1.35000E+02 1.35000E+02
d-O016-MT600-Dietzsch-F1099005-E0001.859.1968                    1 1.22500E+02 1.50000E+02
d-O016-MT600-Dietzsch-F1099005-E0001.863.1968                    1 1.50000E+02 1.67600E+02
d-O016-MT600-Dietzsch-F1099005-E0001.866.1968                    1 8.28000E+01 1.67600E+02
d-O016-MT600-Dietzsch-F1099005-E0001.870.1968                    1 8.28000E+01 1.22500E+02
d-O016-MT600-Dietzsch-F1099005-E0001.870A001.1968                1 4.75000E+01 1.22500E+02
d-O016-MT600-Dietzsch-F1099005-E0001.872.1968                    1 4.75000E+01 6.70000E+01
d-O016-MT600-Dietzsch-F1099005-E0001.872A001.1968                1 6.70000E+01 1.50000E+02
d-O016-MT600-Dietzsch-F1099005-E0001.875.1968                    1 1.50000E+02 1.67600E+02
d-O016-MT600-Dietzsch-F1099005-E0001.880.1968                    1 1.02500E+02 1.67600E+02
d-O016-MT600-Dietzsch-F1099005-E0001.882.1968                    2 6.70000E+01 1.22500E+02
d-O016-MT600-Dietzsch-F1099005-E0001.884.1968                    1 6.70000E+01 8.28000E+01
d-O016-MT600-Dietzsch-F1099005-E0001.884A001.1968                1 8.28000E+01 1.50000E+02
d-O016-MT600-Dietzsch-F1099005-E0001.884A002.1968                1 4.75000E+01 1.50000E+02
d-O016-MT600-Dietzsch-F1099005-E0001.885.1968                    1 4.75000E+01 1.67600E+02
d-O016-MT600-Dietzsch-F1099005-E0001.889.1968                    1 1.22500E+02 1.67600E+02
d-O016-MT600-Dietzsch-F1099005-E0001.891.1968                    1 1.22500E+02 1.67600E+02
d-O016-MT600-Dietzsch-F1099005-E0001.893.1968                    1 1.02500E+02 1.67600E+02
d-O016-MT600-Dietzsch-F1099005-E0001.893A001.1968                1 1.02500E+02 1.50000E+02
d-O016-MT600-Dietzsch-F1099005-E0001.896.1968                    1 1.02500E+02 1.50000E+02
d-O016-MT600-Dietzsch-F1099005-E0001.898.1968                    1 1.02500E+02 1.67600E+02
d-O016-MT600-Dietzsch-F1099005-E0001.900.1968                    1 1.67600E+02 1.67600E+02
d-O016-MT600-Dietzsch-F1099011-E0002.279.1968                   21 5.19999E+00 1.66200E+02
d-O016-MT600-Dietzsch-F1099011-E0002.582.1968                   21 4.30002E+00 1.67100E+02
d-O016-MT600-Dietzsch-F1099011-E0002.864.1968                   21 4.30002E+00 1.66500E+02
d-O016-MT600-Dietzsch-F1099011-E0003.155.1968                   22 6.10002E+00 1.66600E+02
d-O016-MT600-Gallmann-F0276007-E0001.300.1966                   16 8.99997E+00 1.60000E+02
d-O016-MT600-Gallmann-F0276007-E0004.000.1966                   20 8.89998E+00 1.70000E+02
d-O016-MT600-Gurbich-O1225003-E0000.700.2004                   219 1.50000E+02 1.50000E+02
d-O016-MT600-Hosono-E2268005-E0014.300.1968                    221 1.15000E+01 8.46000E+01
d-O016-MT600-HuangBingyinn-C0201018-E0003.700.1974              19 1.50000E+01 1.50000E+02
d-O016-MT600-Kim-C1438002-E0000.786.1964                         1 5.12400E+01 1.64150E+02
d-O016-MT600-Kim-C1438002-E0000.789.1964                         1 5.12400E+01 1.27400E+02
d-O016-MT600-Kim-C1438002-E0000.790.1964                         1 1.27400E+02 1.42110E+02
d-O016-MT600-Kim-C1438002-E0000.791.1964                         1 6.65600E+01 1.42110E+02
d-O016-MT600-Kim-C1438002-E0000.792.1964                         1 6.65600E+01 1.64150E+02
d-O016-MT600-Kim-C1438002-E0000.802.1964                         1 1.42110E+02 1.64150E+02
d-O016-MT600-Kim-C1438002-E0000.803.1964                         1 5.12400E+01 1.42110E+02
d-O016-MT600-Kim-C1438002-E0000.804.1964                         1 5.12400E+01 6.65600E+01
d-O016-MT600-Kim-C1438002-E0000.805.1964                         1 6.65600E+01 1.27400E+02
d-O016-MT600-Kim-C1438002-E0000.807.1964                         1 1.27400E+02 1.64150E+02
d-O016-MT600-Kim-C1438002-E0000.816.1964                         1 1.42110E+02 1.64150E+02
d-O016-MT600-Kim-C1438002-E0000.818.1964                         1 5.12400E+01 1.42110E+02
d-O016-MT600-Kim-C1438002-E0000.819.1964                         2 5.12400E+01 1.27400E+02
d-O016-MT600-Kim-C1438002-E0000.819A001.1964                     1 1.27400E+02 1.64150E+02
d-O016-MT600-Kim-C1438002-E0000.825.1964                         1 5.12400E+01 1.64150E+02
d-O016-MT600-Kim-C1438002-E0000.830.1964                         1 5.12400E+01 1.42110E+02
d-O016-MT600-Kim-C1438002-E0000.831.1964                         1 6.65600E+01 1.42110E+02
d-O016-MT600-Kim-C1438002-E0000.833.1964                         1 6.65600E+01 8.64000E+01
d-O016-MT600-Kim-C1438002-E0000.834.1964                         1 8.64000E+01 1.27400E+02
d-O016-MT600-Kim-C1438002-E0000.834A001.1964                     1 8.64000E+01 1.27400E+02
d-O016-MT600-Kim-C1438002-E0000.840.1964                         1 5.12400E+01 8.64000E+01
d-O016-MT600-Kim-C1438002-E0000.844.1964                         1 5.12400E+01 1.64150E+02
d-O016-MT600-Kim-C1438002-E0000.845.1964                         1 1.42110E+02 1.64150E+02
d-O016-MT600-Kim-C1438002-E0000.847.1964                         1 6.65600E+01 1.42110E+02
d-O016-MT600-Kim-C1438002-E0000.849.1964                         1 6.65600E+01 8.64000E+01
d-O016-MT600-Kim-C1438002-E0000.850.1964                         1 8.64000E+01 1.27400E+02
d-O016-MT600-Kim-C1438002-E0000.850A001.1964                     1 8.64000E+01 1.27400E+02
d-O016-MT600-Kim-C1438002-E0000.860.1964                         1 8.64000E+01 1.42110E+02
d-O016-MT600-Kim-C1438002-E0000.860A001.1964                     2 5.12400E+01 1.64150E+02
d-O016-MT600-Kim-C1438002-E0000.862.1964                         1 5.12400E+01 6.65600E+01
d-O016-MT600-Kim-C1438002-E0000.864.1964                         1 6.65600E+01 1.27400E+02
d-O016-MT600-Kim-C1438002-E0000.865.1964                         1 8.64000E+01 1.27400E+02
d-O016-MT600-Kim-C1438002-E0000.872.1964                         1 8.64000E+01 1.64150E+02
d-O016-MT600-Kim-C1438002-E0000.877.1964                         1 6.65600E+01 1.64150E+02
d-O016-MT600-Kim-C1438002-E0000.877A001.1964                     1 6.65600E+01 1.42110E+02
d-O016-MT600-Kim-C1438002-E0000.878.1964                         1 5.12400E+01 1.42110E+02
d-O016-MT600-Kim-C1438002-E0000.879.1964                         1 5.12400E+01 1.27400E+02
d-O016-MT600-Kim-C1438002-E0000.879A001.1964                     1 8.64000E+01 1.27400E+02
d-O016-MT600-Kim-C1438002-E0000.880.1964                         1 8.64000E+01 1.64150E+02
d-O016-MT600-Kim-C1438002-E0000.886.1964                         1 5.12400E+01 1.64150E+02
d-O016-MT600-Kim-C1438002-E0000.887.1964                         1 5.12400E+01 8.64000E+01
d-O016-MT600-Kim-C1438002-E0000.887A001.1964                     1 8.64000E+01 1.42110E+02
d-O016-MT600-Kim-C1438002-E0000.887A002.1964                     1 1.27400E+02 1.42110E+02
d-O016-MT600-Kim-C1438002-E0000.888.1964                         1 6.65600E+01 1.27400E+02
d-O016-MT600-Kim-C1438002-E0000.888A001.1964                     1 6.65600E+01 8.64000E+01
d-O016-MT600-Kim-C1438002-E0000.892.1964                         1 8.64000E+01 1.64150E+02
d-O016-MT600-Kim-C1438002-E0000.894.1964                         1 5.12400E+01 1.64150E+02
d-O016-MT600-Kim-C1438002-E0000.897.1964                         1 5.12400E+01 6.65600E+01
d-O016-MT600-Kim-C1438002-E0000.898.1964                         1 6.65600E+01 8.64000E+01
d-O016-MT600-Kim-C1438002-E0000.900.1964                         1 8.64000E+01 1.42110E+02
d-O016-MT600-Kim-C1438002-E0000.900A001.1964                     1 1.27400E+02 1.42110E+02
d-O016-MT600-Kim-C1438002-E0000.901.1964                         1 1.27400E+02 1.64150E+02
d-O016-MT600-Kim-C1438002-E0000.901A001.1964                     1 5.12400E+01 1.64150E+02
d-O016-MT600-Kim-C1438002-E0000.904.1964                         1 5.12400E+01 6.65600E+01
d-O016-MT600-Kim-C1438002-E0000.905.1964                         1 6.65600E+01 1.27400E+02
d-O016-MT600-Kim-C1438002-E0000.907.1964                         1 1.27400E+02 1.64150E+02
d-O016-MT600-Kim-C1438002-E0000.907A001.1964                     1 1.42110E+02 1.64150E+02
d-O016-MT600-Kim-C1438002-E0000.907A002.1964                     1 1.42110E+02 1.64150E+02
d-O016-MT600-Kim-C1438002-E0000.914.1964                         1 5.12400E+01 1.64150E+02
d-O016-MT600-Kim-C1438002-E0000.914A001.1964                     1 5.12400E+01 1.42110E+02
d-O016-MT600-Kim-C1438002-E0000.915.1964                         1 1.27400E+02 1.42110E+02
d-O016-MT600-Kim-C1438002-E0000.916.1964                         1 6.65600E+01 1.27400E+02
d-O016-MT600-Kim-C1438002-E0000.916A001.1964                     2 6.65600E+01 1.64150E+02
d-O016-MT600-Kim-C1438002-E0000.922.1964                         1 5.12400E+01 1.64150E+02
d-O016-MT600-Kim-C1438002-E0000.924.1964                         1 5.12400E+01 6.65600E+01
d-O016-MT600-Kim-C1438002-E0000.925.1964                         1 6.65600E+01 1.42110E+02
d-O016-MT600-Kim-C1438002-E0000.926.1964                         1 1.27400E+02 1.42110E+02
d-O016-MT600-Kim-C1438002-E0000.928.1964                         1 8.64000E+01 1.27400E+02
d-O016-MT600-Kim-C1438002-E0000.930.1964                         1 8.64000E+01 1.64150E+02
d-O016-MT600-Kim-C1438002-E0000.930A001.1964                     1 1.42110E+02 1.64150E+02
d-O016-MT600-Kim-C1438002-E0000.931.1964                         1 5.12400E+01 1.42110E+02
d-O016-MT600-Kim-C1438002-E0000.932.1964                         1 5.12400E+01 6.65600E+01
d-O016-MT600-Kim-C1438002-E0000.933.1964                         1 6.65600E+01 1.27400E+02
d-O016-MT600-Kim-C1438002-E0000.935.1964                         1 1.27400E+02 1.64150E+02
d-O016-MT600-Kim-C1438002-E0000.938.1964                         1 8.64000E+01 1.64150E+02
d-O016-MT600-Kim-C1438002-E0000.940.1964                         1 8.64000E+01 1.27400E+02
d-O016-MT600-Kim-C1438002-E0000.942.1964                         1 5.12400E+01 1.27400E+02
d-O016-MT600-Kim-C1438002-E0000.943.1964                         1 5.12400E+01 6.65600E+01
d-O016-MT600-Kim-C1438002-E0000.945.1964                         1 6.65600E+01 1.64150E+02
d-O016-MT600-Kim-C1438002-E0000.945A001.1964                     1 5.12400E+01 1.64150E+02
d-O016-MT600-Kim-C1438002-E0000.945A002.1964                     1 5.12400E+01 8.64000E+01
d-O016-MT600-Kim-C1438002-E0000.948.1964                         1 8.64000E+01 1.42110E+02
d-O016-MT600-Kim-C1438002-E0000.948A001.1964                     1 6.65600E+01 1.42110E+02
d-O016-MT600-Kim-C1438002-E0000.951.1964                         1 6.65600E+01 1.64150E+02
d-O016-MT600-Kim-C1438002-E0000.952.1964                         1 1.42110E+02 1.64150E+02
d-O016-MT600-Kim-C1438002-E0000.952A001.1964                     1 1.42110E+02 1.64150E+02
d-O016-MT600-Kim-C1438002-E0000.953.1964                         1 6.65600E+01 1.64150E+02
d-O016-MT600-Kim-C1438002-E0000.953A001.1964                     1 6.65600E+01 1.27400E+02
d-O016-MT600-Kim-C1438002-E0000.953A002.1964                     1 5.12400E+01 1.27400E+02
d-O016-MT600-Kim-C1438002-E0000.953A003.1964                     1 5.12400E+01 5.12400E+01
d-O016-MT600-MaoZhenlinn-S0003027-E0005.030.1972                19 1.50000E+01 1.60000E+02
d-O016-MT600-Mayo-F1101006-E0026.300.1962                       13 9.20003E+00 9.01000E+01
d-O016-MT600-Naqib-F0712002-E0006.000.1968                       6 1.91000E+01 4.93000E+01
d-O016-MT600-Naqib-F0712002-E0007.500.1968                       6 1.86000E+01 4.88000E+01
d-O016-MT600-Naqib-F0712002-E0007.850.1968                       6 1.86000E+01 4.85000E+01
d-O016-MT600-Naqib-F0712002-E0008.200.1968                       6 1.95000E+01 4.94000E+01
d-O016-MT600-Naqib-F0712002-E0008.550.1968                       6 1.58000E+01 5.00000E+01
d-O016-MT600-Naqib-F0712002-E0010.000.1968                       7 1.58000E+01 4.79000E+01
d-O016-MT600-Naqib-F0712002-E0011.000.1968                       7 1.63000E+01 4.09000E+01
d-O016-MT600-Rafikheiri-D0795002-E0000.690.2016                438 9.00000E+01 1.65000E+02
d-O016-MT600-Schmidtrohr-F0144008-E0011.800.1964               123 9.80000E+00 1.65700E+02
d-O016-MT600-Seiler-C1030003-E0000.720.1963                    593 1.64300E+02 1.64300E+02
