#              Filename                                         N    min         max
n-U233-MT018-Bak-403490021.1970                                  1 5.00000E-07 5.00000E-07
n-U233-MT018-Bigham-12230002.1964                                1 4.50000E-07 4.50000E-07
n-U233-MT018-Bigham-12230003.1964                                1 4.50000E-07 4.50000E-07
n-U233-MT018-Campbell-23370002.1958                              2 5.33000E-07 6.70000E-07
n-U233-MT018-Cao-20003006.1970                                  30 4.73000E-07 1.09150E-03
n-U233-MT018-Cao-20003007.1970                                   5 5.54200E-06 6.94450E-04
n-U233-MT018-Cao-20003008.1970                                  13 2.36550E-05 2.50000E-03
n-U233-MT018-Conway-12313003.1967                                1 5.00000E-07 5.00000E-07
n-U233-MT018-Eiland-10143009.1971                                1 5.00000E-07 5.00000E-07
n-U233-MT018-Eiland-10143009A001.1971                            1 5.00000E-07 5.00000E-07
n-U233-MT018-Eiland-10143012.1971                                1 3.00000E-06 3.00000E-06
n-U233-MT018-Eiland-10143012A001.1971                            1 3.00000E-06 3.00000E-06
n-U233-MT018-Gryntakis-20625043.1976                             1 5.50000E-07 5.50000E-07
n-U233-MT018-Halperin-12335005.1963                              1 5.40000E-07 5.40000E-07
n-U233-MT018-Hardyjr-12283003.1965                               1 5.00000E-07 5.00000E-07
n-U233-MT018-James-22593002.1970                                24 2.11500E-06 1.09150E-03
n-U233-MT018-Mostovaya-40616005.1980                            10 1.15650E-04 1.09190E-03
n-U233-MT018-Yasuno-20309002.1965                                1 5.00000E-07 5.00000E-07
