#              Filename                                         N    min         max
n-Ru101-MT151-Anufriev-408660021.1985                           40 1.36000E-05 1.72000E-03
n-Ru101-MT151-Anufriev-408660022.1985                            5 1.59000E-05 6.62000E-05
n-Ru101-MT151-Anufriev-408660023.1985                            5 1.59000E-05 6.62000E-05
n-Ru101-MT151-Bolotin-119220041.1963                            11 1.57000E-05 4.60000E-04
n-Ru101-MT151-Bolotin-119220043.1963                             3 4.25000E-05 3.85000E-04
n-Ru101-MT151-Bolotin-119220044.1963                             3 4.25000E-05 3.85000E-04
n-Ru101-MT151-Coceva-211140061.1968                             25 4.22800E-05 5.38700E-04
n-Ru101-MT151-Coceva-211140062.1968                             24 4.22800E-05 5.38700E-04
n-Ru101-MT151-Coceva-23501003.1982                               7 1.59000E-05 1.97300E-04
n-Ru101-MT151-Hockenbury-105520071.1975                          1 6.18000E-05 6.18000E-05
n-Ru101-MT151-Hockenbury-105520071A001.1975                      1 6.18000E-05 6.18000E-05
n-Ru101-MT151-Hockenbury-105520072.1975                          1 6.18000E-05 6.18000E-05
n-Ru101-MT151-Hockenbury-105520072A001.1975                      1 6.18000E-05 6.18000E-05
n-Ru101-MT151-Hockenbury-105520121.1975                          1 3.88500E-02 3.88500E-02
n-Ru101-MT151-Hockenbury-105520121A001.1975                      1 3.88500E-02 3.88500E-02
n-Ru101-MT151-Hockenbury-105520122.1975                          1 3.88500E-02 3.88500E-02
n-Ru101-MT151-Hockenbury-105520122A001.1975                      1 3.88500E-02 3.88500E-02
n-Ru101-MT151-Hockenbury-10552013.1975                           3 3.88500E-02 3.88500E-02
n-Ru101-MT151-Hockenbury-10552013A001.1975                       3 3.88500E-02 3.88500E-02
n-Ru101-MT151-KIMHISANNN-40814012.1965                           1 1.58000E-05 1.58000E-05
n-Ru101-MT151-KIMHISANNN-40814016.1965                           1 4.25000E-05 4.25000E-05
n-Ru101-MT151-KIMHISANNN-40814017.1965                           3 1.58000E-05 5.23000E-05
n-Ru101-MT151-KIMHISANNN-40814018.1965                           2 4.25000E-05 5.23000E-05
n-Ru101-MT151-Macklin-108750051.1980                             3 3.57250E-03 3.57250E-03
n-Ru101-MT151-Macklin-108750051A001.1980                         3 3.57250E-03 3.57250E-03
n-Ru101-MT151-Popov-405910031.1979                              44 4.23000E-05 1.03500E-03
n-Ru101-MT151-Popov-405910032.1979                              10 4.23000E-05 2.43900E-04
n-Ru101-MT151-Popov-405910033.1979                              42 4.23000E-05 1.03500E-03
n-Ru101-MT151-Popov-405910034.1979                              38 4.23000E-05 1.03500E-03
n-Ru101-MT151-Popov-405910035.1979                               4 3.46200E-04 8.88800E-04
n-Ru101-MT151-Popov-405910071.1979                               1 5.00000E-04 5.00000E-04
n-Ru101-MT151-Popov-405910072.1979                               1 5.00000E-04 5.00000E-04
n-Ru101-MT151-Priesmeyer-20507014.1972                           6 1.57000E-05 1.12400E-04
n-Ru101-MT151-Priesmeyer-20507015.1972                           1 5.70000E-05 5.70000E-05
n-Ru101-MT151-Priesmeyer-20507016.1972                          19 4.20000E-05 5.38000E-04
n-Ru101-MT151-Priesmeyer-20507018.1972                           6 1.57000E-05 1.12400E-04
n-Ru101-MT151-Priesmeyer-20507019.1972                           2 7.50500E-04 7.50500E-04
n-Ru101-MT151-Priesmeyer-20507020.1972                           2 7.50500E-04 7.50500E-04
n-Ru101-MT151-Rimawi-107500031.1974                              6 1.57000E-05 1.12500E-04
n-Ru101-MT151-Rimawi-107500031A001.1974                          6 1.57000E-05 1.12500E-04
