#              Filename                                         N    min         max
h-B011-MT089-Davis-F0206002-E0004.989.1977                      78 0.00000E+00 0.00000E+00
h-B011-MT089-Davis-F0206003-E0005.200.1977                      10 1.99792E-01 1.34000E+02
h-B011-MT089-Davis-F0206003-E0006.500.1977                      11 1.99792E-01 1.50000E+02
h-B011-MT089-Davis-F0206003-E0008.000.1977                      15 4.00074E-01 1.40000E+02
h-B011-MT089-Davis-F0206003-E0009.000.1977                      16 0.00000E+00 1.49100E+02
h-B011-MT089-Davis-F0206003-E0010.000.1977                      16 0.00000E+00 1.49900E+02
h-B011-MT089-Davis-F0206003-E0011.000.1977                      16 3.00014E-01 1.49900E+02
h-B011-MT089-Davis-F0206003-E0012.000.1977                      12 3.00014E-01 1.50000E+02
h-B011-MT089-Din-F0030002-E0001.520.1966                         1 0.00000E+00 9.00000E+01
h-B011-MT089-Din-F0030002-E0001.553.1966                         1 9.00000E+01 1.45000E+02
h-B011-MT089-Din-F0030002-E0001.576.1966                         1 0.00000E+00 1.45000E+02
h-B011-MT089-Din-F0030002-E0001.591.1966                         1 0.00000E+00 9.00000E+01
h-B011-MT089-Din-F0030002-E0001.623.1966                         1 9.00000E+01 1.45000E+02
h-B011-MT089-Din-F0030002-E0001.634.1966                         1 0.00000E+00 1.45000E+02
h-B011-MT089-Din-F0030002-E0001.650.1966                         1 0.00000E+00 9.00000E+01
h-B011-MT089-Din-F0030002-E0001.670.1966                         1 0.00000E+00 9.00000E+01
h-B011-MT089-Din-F0030002-E0001.685.1966                         1 0.00000E+00 1.45000E+02
h-B011-MT089-Din-F0030002-E0001.693.1966                         1 9.00000E+01 1.45000E+02
h-B011-MT089-Din-F0030002-E0001.717.1966                         1 9.00000E+01 1.45000E+02
h-B011-MT089-Din-F0030002-E0001.740.1966                         1 0.00000E+00 1.45000E+02
h-B011-MT089-Din-F0030002-E0001.756.1966                         1 0.00000E+00 9.00000E+01
h-B011-MT089-Din-F0030002-E0001.776.1966                         1 9.00000E+01 1.45000E+02
h-B011-MT089-Din-F0030002-E0001.787.1966                         1 0.00000E+00 1.45000E+02
h-B011-MT089-Din-F0030002-E0001.791.1966                         1 0.00000E+00 9.00000E+01
h-B011-MT089-Din-F0030002-E0001.811.1966                         1 0.00000E+00 9.00000E+01
h-B011-MT089-Din-F0030002-E0001.827.1966                         1 0.00000E+00 1.45000E+02
h-B011-MT089-Din-F0030002-E0001.834.1966                         1 9.00000E+01 1.45000E+02
h-B011-MT089-Din-F0030002-E0001.870.1966                         1 9.00000E+01 1.45000E+02
h-B011-MT089-Din-F0030002-E0001.881.1966                         1 0.00000E+00 1.45000E+02
h-B011-MT089-Din-F0030002-E0001.897.1966                         1 0.00000E+00 9.00000E+01
h-B011-MT089-Din-F0030002-E0001.917.1966                         1 9.00000E+01 1.45000E+02
h-B011-MT089-Din-F0030002-E0001.929.1966                         1 0.00000E+00 1.45000E+02
h-B011-MT089-Din-F0030002-E0001.944.1966                         1 0.00000E+00 9.00000E+01
h-B011-MT089-Din-F0030002-E0001.964.1966                         1 9.00000E+01 1.45000E+02
h-B011-MT089-Din-F0030002-E0001.987.1966                         1 0.00000E+00 1.45000E+02
h-B011-MT089-Din-F0030002-E0001.992.1966                         1 0.00000E+00 0.00000E+00
h-B011-MT089-Din-F0030003-E0002.030.1966                        14 1.99792E-01 1.58400E+02
h-B011-MT089-Din-F0030003-E0002.700.1966                        17 1.10003E+00 1.58000E+02
h-B011-MT089-Din-F0030003-E0003.470.1966                        16 3.50001E+00 1.58500E+02
h-B011-MT089-Din-F0030003-E0003.830.1966                         6 1.90002E+00 1.51800E+02
h-B011-MT089-Din-F0030003-E0004.100.1966                        19 3.00014E-01 1.61900E+02
h-B011-MT089-Din-F0030003-E0004.760.1966                        17 3.00014E-01 1.55800E+02
h-B011-MT089-Din-F0030003-E0005.270.1966                        17 9.99951E-01 1.56300E+02
h-B011-MT089-Din-F0030006-E0003.056.1966                         1 0.00000E+00 9.00000E+01
h-B011-MT089-Din-F0030006-E0003.136.1966                         1 0.00000E+00 9.00000E+01
h-B011-MT089-Din-F0030006-E0003.142.1966                         1 0.00000E+00 1.45000E+02
h-B011-MT089-Din-F0030006-E0003.150.1966                         1 0.00000E+00 1.45000E+02
h-B011-MT089-Din-F0030006-E0003.196.1966                         1 0.00000E+00 0.00000E+00
h-B011-MT089-Din-F0030007-E0004.100.1966                        23 4.00074E-01 1.65600E+02
h-B011-MT089-Din-F0030007-E0004.760.1966                        14 6.99975E-01 1.61000E+02
h-B011-MT089-Din-F0030007-E0005.270.1966                        17 1.80016E+00 1.60100E+02
h-B011-MT089-Osman-F0208003-E0001.700.1979                      16 5.00068E-01 1.51700E+02
h-B011-MT089-Osman-F0208003-E0001.900.1979                      16 5.00068E-01 1.53600E+02
