#              Filename                                         N    min         max
n-Bi209-MT151-Bollinger-116900071.1955                           2 8.10000E-04 2.37000E-03
n-Bi209-MT151-Domingopardo-229440021.2006                       19 8.01600E-04 2.31491E-02
n-Bi209-MT151-Domingopardo-229440022.2006                       18 8.01600E-04 2.31491E-02
n-Bi209-MT151-Firk-213180031.1963                                5 7.84000E-04 1.55000E-02
n-Bi209-MT151-Firk-213180032.1963                                5 7.84000E-04 1.55000E-02
n-Bi209-MT151-Garg-11646022.1964                                49 8.04000E-04 1.51000E-01
n-Bi209-MT151-Good-114020271.1958                                4 2.30000E-03 3.30000E-02
n-Bi209-MT151-Good-114020272.1958                                1 2.30000E-03 2.30000E-03
n-Bi209-MT151-Hibdon-112440131.1955                              1 1.20000E-02 1.20000E-02
n-Bi209-MT151-Lynn-211190021.1958                                3 7.84000E-04 1.20000E-02
n-Bi209-MT151-Lynn-211190022.1958                                3 7.84000E-04 1.20000E-02
n-Bi209-MT151-Lynn-211190023.1958                                2 7.84000E-04 2.23000E-03
n-Bi209-MT151-Lynn-211190024.1958                                1 7.84000E-04 7.84000E-04
n-Bi209-MT151-Lynn-211190025.1958                                2 7.84000E-04 2.23000E-03
n-Bi209-MT151-Macklin-106100021.1976                            57 2.31000E-03 6.91400E-02
n-Bi209-MT151-Macklin-106100021A001.1976                        57 2.31000E-03 6.91400E-02
n-Bi209-MT151-Macklin-10610003.1976                              2 5.00000E-02 5.00000E-02
n-Bi209-MT151-Macklin-10610003A001.1976                          2 5.00000E-02 5.00000E-02
n-Bi209-MT151-Macklin-10610004.1976                              1 1.63000E-02 1.63000E-02
n-Bi209-MT151-Macklin-10610004A001.1976                          1 1.63000E-02 1.63000E-02
n-Bi209-MT151-Macklin-10610005.1976                              3 5.11300E-03 1.55100E-02
n-Bi209-MT151-Macklin-10610005A001.1976                          3 5.11300E-03 1.55100E-02
n-Bi209-MT151-Morgenstern-206840281.1969                        44 4.43200E-03 7.03200E-02
n-Bi209-MT151-Morgenstern-206840282.1969                        39 4.43200E-03 7.03200E-02
n-Bi209-MT151-Morgenstern-206840283.1969                         9 5.08400E-03 6.88400E-02
n-Bi209-MT151-Morgenstern-206840284.1969                        42 4.43200E-03 7.03200E-02
n-Bi209-MT151-Morgenstern-206840285.1969                         9 5.08400E-03 6.88400E-02
n-Bi209-MT151-Morgenstern-20684030.1969                          2 3.50000E-02 3.50000E-02
n-Bi209-MT151-Musgrove-304500021.1978                           73 8.00000E-04 9.94500E-02
n-Bi209-MT151-Musgrove-304500022.1978                           13 8.00000E-04 9.53500E-02
n-Bi209-MT151-Musgrove-304500023.1978                           52 8.00000E-04 9.53500E-02
n-Bi209-MT151-Musgrove-304500024.1978                           13 8.00000E-04 9.53500E-02
n-Bi209-MT151-Musgrove-304500031.1978                           31 1.02490E-01 2.63700E-01
n-Bi209-MT151-Musgrove-304500033.1978                           31 1.02490E-01 2.63700E-01
n-Bi209-MT151-Musgrove-30450004.1978                             1 2.70000E-01 2.70000E-01
n-Bi209-MT151-Musgrove-30450005.1978                             2 6.00000E-02 1.70000E-01
n-Bi209-MT151-Nichols-115870021.1959                            15 1.20000E-02 1.34000E-01
n-Bi209-MT151-Nichols-115870022.1959                            12 1.20000E-02 1.34000E-01
n-Bi209-MT151-Nichols-115870023.1959                            12 1.20000E-02 1.34000E-01
n-Bi209-MT151-Singh-105390021.1976                              20 3.34800E-03 7.26000E-02
n-Bi209-MT151-Singh-105390021A001.1976                          20 3.34800E-03 7.26000E-02
n-Bi209-MT151-Singh-105390022.1976                              20 3.34800E-03 7.26000E-02
n-Bi209-MT151-Singh-105390022A001.1976                          20 3.34800E-03 7.26000E-02
n-Bi209-MT151-Singh-105390023.1976                              20 3.34800E-03 7.26000E-02
n-Bi209-MT151-Singh-105390023A001.1976                          20 3.34800E-03 7.26000E-02
n-Bi209-MT151-Singh-10539003.1976                                2 3.51500E-02 3.79740E-02
n-Bi209-MT151-Singh-10539003A001.1976                            2 3.51500E-02 3.79740E-02
n-Bi209-MT151-Singh-105390051.1976                               9 8.00000E-04 6.91800E-02
n-Bi209-MT151-Singh-105390051A001.1976                           9 8.00000E-04 6.91800E-02
n-Bi209-MT151-Singh-105390052.1976                               9 8.00000E-04 6.91800E-02
n-Bi209-MT151-Singh-105390052A001.1976                           9 8.00000E-04 6.91800E-02
n-Bi209-MT151-Singh-105390053.1976                               9 8.00000E-04 6.91800E-02
n-Bi209-MT151-Singh-105390053A001.1976                           9 8.00000E-04 6.91800E-02
n-Bi209-MT151-Singh-105390054.1976                               9 8.00000E-04 6.91800E-02
n-Bi209-MT151-Singh-105390054A001.1976                           9 8.00000E-04 6.91800E-02
