#              Filename                                         N    min         max
n-Pu240-MT151-Abov-412220022.1955                                1 1.07500E-06 1.07500E-06
n-Pu240-MT151-Abov-412220023.1955                                1 1.07500E-06 1.07500E-06
n-Pu240-MT151-Asghar-210870051.1968                             39 2.05000E-05 9.49000E-04
n-Pu240-MT151-Asghar-210870052.1968                             33 2.05000E-05 7.50800E-04
n-Pu240-MT151-Asghar-21087006.1968                               4 1.70500E-04 2.60900E-04
n-Pu240-MT151-Auchampaugh-105640021.1975                        82 6.08000E-04 2.86000E-03
n-Pu240-MT151-Auchampaugh-105640021A001.1975                    82 6.08000E-04 2.86000E-03
n-Pu240-MT151-Byers-12552003.1966                               52 2.04000E-05 1.00400E-03
n-Pu240-MT151-Byers-125520041.1966                               1 3.82800E-05 3.82800E-05
n-Pu240-MT151-Byers-125520042.1966                               1 3.82800E-05 3.82800E-05
n-Pu240-MT151-Byers-125520043.1966                               1 3.82800E-05 3.82800E-05
n-Pu240-MT151-Byers-125520045.1966                               1 3.82800E-05 3.82800E-05
n-Pu240-MT151-Cote-125390021.1959                                3 1.05300E-06 3.82000E-05
n-Pu240-MT151-Cote-125390022.1959                                3 1.05300E-06 3.82000E-05
n-Pu240-MT151-Cote-125390023.1959                                1 1.05300E-06 1.05300E-06
n-Pu240-MT151-Cote-125390024.1959                                3 1.05300E-06 3.82000E-05
n-Pu240-MT151-Egelstaff-210320071.1958                           1 1.05700E-06 1.05700E-06
n-Pu240-MT151-Egelstaff-210320072.1958                           2 1.05700E-06 2.06000E-05
n-Pu240-MT151-Egelstaff-210320073.1958                           2 1.05700E-06 2.06000E-05
n-Pu240-MT151-Egelstaff-210320081.1958                           1 1.05700E-06 1.05700E-06
n-Pu240-MT151-Egelstaff-210320082.1958                           1 1.05700E-06 1.05700E-06
n-Pu240-MT151-Egelstaff-210320083.1958                           1 1.05700E-06 1.05700E-06
n-Pu240-MT151-Egelstaff-235260041.1955                           1 1.05600E-06 1.05600E-06
n-Pu240-MT151-Egelstaff-235260042.1955                           1 1.05600E-06 1.05600E-06
n-Pu240-MT151-Guerrero-23069011.2012                             1 1.25000E-03 1.25000E-03
n-Pu240-MT151-Harvey-137330131.1982                              1 1.05650E-06 1.05650E-06
n-Pu240-MT151-Harvey-137330132.1982                              1 1.05650E-06 1.05650E-06
n-Pu240-MT151-Harvey-137330133.1982                              1 1.05650E-06 1.05650E-06
n-Pu240-MT151-Hockenbury-101270021.1972                         35 2.04600E-05 4.99400E-04
n-Pu240-MT151-Hockenbury-101270021A001.1972                     35 2.04600E-05 4.99400E-04
n-Pu240-MT151-Hockenbury-101270022.1972                         35 2.04600E-05 4.99400E-04
n-Pu240-MT151-Hockenbury-101270022A001.1972                     35 2.04600E-05 4.99400E-04
n-Pu240-MT151-Hockenbury-101270023.1972                         17 3.83700E-05 4.99400E-04
n-Pu240-MT151-Hockenbury-101270023A001.1972                     17 3.83700E-05 4.99400E-04
n-Pu240-MT151-Hockenbury-10127004.1972                           2 2.60000E-04 2.60000E-04
n-Pu240-MT151-Hockenbury-10127004A001.1972                       2 2.60000E-04 2.60000E-04
n-Pu240-MT151-Hockenbury-101270051.1972                         13 7.49000E-04 2.03300E-03
n-Pu240-MT151-Hockenbury-101270051A001.1972                     13 7.49000E-04 2.03300E-03
n-Pu240-MT151-Kawase-237410071.2021                             11 1.05650E-06 1.35440E-04
n-Pu240-MT151-Kimura-231410071.2012                              2 1.05510E-06 2.04500E-05
n-Pu240-MT151-Kimura-231410072.2012                              2 1.05510E-06 2.04500E-05
n-Pu240-MT151-Kimura-231410073.2012                              2 1.05510E-06 2.04500E-05
n-Pu240-MT151-Kimura-231410121.2012                              2 1.05500E-06 2.04500E-05
n-Pu240-MT151-Kimura-231410122.2012                              2 1.05500E-06 2.04500E-05
n-Pu240-MT151-Kimura-231410123.2012                              2 1.05500E-06 2.04500E-05
n-Pu240-MT151-Kimura-231410161.2012                              2 1.05510E-06 2.04500E-05
n-Pu240-MT151-Kimura-231410162.2012                              2 1.05510E-06 2.04500E-05
n-Pu240-MT151-Kimura-231410163.2012                              2 1.05510E-06 2.04500E-05
n-Pu240-MT151-Kolar-20117004.1968                              263 2.04500E-05 5.69200E-03
n-Pu240-MT151-Kolar-20117005.1968                              263 2.04500E-05 5.69200E-03
n-Pu240-MT151-Kolar-20117006.1968                                1 2.37340E-03 2.37340E-03
n-Pu240-MT151-Kolar-20117007.1968                                1 7.60000E-04 7.60000E-04
n-Pu240-MT151-Leonardjr-125360021.1959                           1 1.05600E-06 1.05600E-06
n-Pu240-MT151-Leonardjr-125360023.1959                           1 1.05600E-06 1.05600E-06
n-Pu240-MT151-Leonardjr-125360024.1959                           1 1.05600E-06 1.05600E-06
n-Pu240-MT151-Liou-128280021.1981                                1 1.05600E-06 1.05600E-06
n-Pu240-MT151-Liou-128280022.1981                                1 1.05600E-06 1.05600E-06
n-Pu240-MT151-Moxon-22556002.1963                               19 1.05000E-06 3.20000E-04
n-Pu240-MT151-Moxon-235230021.1972                               1 2.04300E-05 2.04300E-05
n-Pu240-MT151-Moxon-235230022.1972                               1 2.04300E-05 2.04300E-05
n-Pu240-MT151-Pattenden-210330052.1956                           1 1.06000E-06 1.06000E-06
n-Pu240-MT151-Pattenden-210330053.1956                           1 1.06000E-06 1.06000E-06
n-Pu240-MT151-Pattenden-210680041.1959                           1 1.05700E-06 1.05700E-06
n-Pu240-MT151-Pattenden-210680042.1959                           1 1.05700E-06 1.05700E-06
n-Pu240-MT151-Pattenden-210680043.1959                           1 1.05700E-06 1.05700E-06
n-Pu240-MT151-Ramakrishna-30039003.1970                          2 1.05900E-06 1.05900E-06
n-Pu240-MT151-Ramakrishna-30039004.1970                          2 1.05900E-06 1.05900E-06
n-Pu240-MT151-Simpson-125260031.1957                            11 1.06000E-06 1.19000E-04
n-Pu240-MT151-Simpson-125260032.1957                            11 1.06000E-06 1.19000E-04
n-Pu240-MT151-Simpson-125260033.1957                            11 1.06000E-06 1.19000E-04
n-Pu240-MT151-Simpson-125260041.1957                             1 0.00000E+00 0.00000E+00
n-Pu240-MT151-Spencer-129410031.1987                             1 1.05640E-06 1.05640E-06
n-Pu240-MT151-Spencer-129410032.1987                             1 1.05640E-06 1.05640E-06
n-Pu240-MT151-Spencer-129410033.1987                             1 1.05640E-06 1.05640E-06
n-Pu240-MT151-Weigmann-20133002.1972                            14 3.83400E-05 6.65500E-04
n-Pu240-MT151-Weigmann-20133005.1972                            39 3.83400E-05 6.65500E-04
n-Pu240-MT151-Weston-128770021.1984                            261 2.04600E-05 5.68100E-03
n-Pu240-MT151-Zimmerman-117870021.1956                           1 1.05300E-06 1.05300E-06
n-Pu240-MT151-Zimmerman-117870023.1956                           1 1.05300E-06 1.05300E-06
