#              Filename                                         N    min         max
h-Si030-MT651-Lutz-C2187028-E0017.850.1970                      18 1.24000E+01 6.98000E+01
h-Si030-MT651-Lutz-C2187029-E0017.850.1970                      19 1.22000E+01 7.11000E+01
h-Si030-MT651-Lutz-C2187030-E0017.850.1970                      18 1.38000E+01 7.04000E+01
h-Si030-MT651-Lutz-C2187031-E0017.850.1970                      18 1.31000E+01 7.13000E+01
h-Si030-MT651-Lutz-C2187032-E0017.850.1970                      18 1.33000E+01 7.15000E+01
h-Si030-MT651-Lutz-C2187033-E0017.850.1970                      15 2.39000E+01 7.09000E+01
h-Si030-MT651-Lutz-C2187034-E0017.850.1970                      18 1.28000E+01 7.08000E+01
h-Si030-MT651-Lutz-C2187035-E0017.850.1970                      16 1.51000E+01 7.03000E+01
h-Si030-MT651-Lutz-C2187036-E0017.850.1970                      18 1.47000E+01 7.18000E+01
h-Si030-MT651-Lutz-C2187037-E0017.850.1970                      15 1.89000E+01 7.13000E+01
h-Si030-MT651-Lutz-C2187038-E0017.850.1970                      15 1.35000E+01 7.13000E+01
h-Si030-MT651-Lutz-C2187039-E0017.850.1970                      13 1.15000E+01 7.15000E+01
h-Si030-MT651-Lutz-C2187040-E0017.850.1970                      15 1.33000E+01 7.14000E+01
h-Si030-MT651-Lutz-C2187041-E0017.850.1970                      15 1.45000E+01 7.16000E+01
h-Si030-MT651-Lutz-C2187042-E0017.850.1970                      11 3.13000E+01 7.08000E+01
h-Si030-MT651-Lutz-C2187043-E0017.850.1970                      11 1.39000E+01 7.20000E+01
h-Si030-MT651-Lutz-C2187044-E0017.850.1970                      15 1.28000E+01 7.14000E+01
h-Si030-MT651-Lutz-C2187045-E0017.850.1970                      18 1.35000E+01 7.19000E+01
h-Si030-MT651-Mertens-O2283005-E0018.000.1970                   28 1.86000E+01 1.65600E+02
h-Si030-MT651-Mertens-O2283005-E0018.000A001.1970               28 1.89000E+01 1.65800E+02
h-Si030-MT651-Mertens-O2283005-E0018.000A002.1970               29 1.89000E+01 1.65300E+02
h-Si030-MT651-Mertens-O2283005-E0020.000.1970                   37 1.86000E+01 1.62500E+02
h-Si030-MT651-Mertens-O2283005-E0020.000A001.1970               37 1.89000E+01 1.64100E+02
h-Si030-MT651-Mertens-O2283005-E0020.000A002.1970               37 1.89000E+01 1.64300E+02
h-Si030-MT651-Vernotte-O1150002-E0025.000.1990                 830 1.99792E-01 5.34000E+01
h-Si030-MT651-Vernotte-O2282012-E0025.000.1994                  27 4.50002E+00 3.00000E+01
