#              Filename                                         N    min         max
n-Fe056-MT051-Boschung-10037047-ang-E0005.050.1971              19 2.51000E+01 1.48100E+02
n-Fe056-MT051-Boschung-10037053-ang-E0005.050.1971              19 2.53000E+01 1.48300E+02
n-Fe056-MT051-Boschung-10037055-ang-E0005.050.1971              19 2.53000E+01 1.48300E+02
n-Fe056-MT051-Boschung-10037057-ang-E0005.050.1971              19 2.53000E+01 1.48400E+02
n-Fe056-MT051-Bredin-11496005-ang-E0001.950.1964                10 3.00000E+01 1.20000E+02
n-Fe056-MT051-Clayeux-21677011-ang-E0014.100.1969                4 9.00000E+01 9.00000E+01
n-Fe056-MT051-Cranberg-113960122-ang-E0002.250.1956             26 1.97000E+01 1.59600E+02
n-Fe056-MT051-Elkadi-10958005-ang-E0007.960.1982                23 4.59500E+01 1.55130E+02
n-Fe056-MT051-Elkadi-10958005-ang-E0007.960A001.1982            23 4.59500E+01 1.55130E+02
n-Fe056-MT051-Elkadi-10958005-ang-E0009.940.1982                22 5.02800E+01 1.54770E+02
n-Fe056-MT051-Elkadi-10958005-ang-E0009.940A001.1982            22 5.02800E+01 1.54770E+02
n-Fe056-MT051-Elkadi-10958005-ang-E0011.930.1982                22 5.02800E+01 1.54500E+02
n-Fe056-MT051-Elkadi-10958005-ang-E0011.930A001.1982            22 5.02800E+01 1.54500E+02
n-Fe056-MT051-Elkadi-10958005-ang-E0013.920.1982                22 5.03400E+01 1.55340E+02
n-Fe056-MT051-Elkadi-10958005-ang-E0013.920A001.1982            22 5.03400E+01 1.55340E+02
n-Fe056-MT051-Hata-22189005-ang-E0014.130.1990                   4 2.28000E+01 5.29000E+01
n-Fe056-MT051-Hyakutake-20690005-ang-E0014.100.1975             20 2.00000E+01 1.60000E+02
n-Fe056-MT051-Kinney-11708007-ang-E0004.600.1968                 9 2.46000E+01 1.31400E+02
n-Fe056-MT051-Kinney-11708007-ang-E0005.000.1968                15 2.46000E+01 1.39400E+02
n-Fe056-MT051-Kinney-11708007-ang-E0005.040.1968                15 2.96000E+01 1.29300E+02
n-Fe056-MT051-Korzh-40532008-ang-E0001.500.1977                  8 2.00000E+01 1.50000E+02
n-Fe056-MT051-Korzh-40532008-ang-E0002.000.1977                  8 2.00000E+01 1.50000E+02
n-Fe056-MT051-Lebedev-40413003-ang-E0004.700.1977                6 2.00000E+01 1.20000E+02
n-Fe056-MT051-Lebedev-40413004-ang-E0004.700.1977                3 2.00000E+01 1.20000E+02
n-Fe056-MT051-Leshchenko-40088005-ang-E0014.000.1972            11 3.00000E+01 1.30000E+02
n-Fe056-MT051-Mellema-12873003-ang-E0011.000.1986              392 1.00000E+01 1.59400E+02
n-Fe056-MT051-Olsson-22128013-ang-E0021.600.1990                62 2.00000E+01 1.60000E+02
n-Fe056-MT051-Pirovano-23365008-ang-E0001.995.2019             595 7.94321E+01 1.63801E+02
n-Fe056-MT051-Pirovano-23365009-ang-E0001.998.2019             935 7.94321E+01 1.63801E+02
n-Fe056-MT051-Ramirez-14462003-ang-E0001.500.2017               11 3.07200E+01 1.54690E+02
n-Fe056-MT051-Ramirez-14462003-ang-E0001.800.2017               13 3.06800E+01 1.50720E+02
n-Fe056-MT051-Ramirez-14462003-ang-E0002.000.2017               14 3.06600E+01 1.54600E+02
n-Fe056-MT051-Ramirez-14462003-ang-E0002.250.2017               15 3.06400E+01 1.54580E+02
n-Fe056-MT051-Ramirez-14462003-ang-E0002.500.2017               14 3.06200E+01 1.54560E+02
n-Fe056-MT051-Ramirez-14462003-ang-E0002.750.2017               15 3.06100E+01 1.54550E+02
n-Fe056-MT051-Ramirez-14462003-ang-E0003.000.2017               14 3.06000E+01 1.54540E+02
n-Fe056-MT051-Ramirez-14462003-ang-E0003.500.2017               14 3.05800E+01 1.51580E+02
n-Fe056-MT051-Ramirez-14462003-ang-E0004.000.2017               13 3.05700E+01 1.54510E+02
n-Fe056-MT051-Ramirez-14462003-ang-E0004.500.2017               13 3.05700E+01 1.54500E+02
n-Fe056-MT051-Ramirez-14462003-ang-E0004.900.2017               13 3.05600E+01 1.50570E+02
n-Fe056-MT051-Ramirez-14462003-ang-E0005.940.2017               13 3.05500E+01 1.40720E+02
n-Fe056-MT051-Ramirez-14462003-ang-E0006.960.2017               13 3.05500E+01 1.50550E+02
n-Fe056-MT051-Rodgers-11276010-ang-E0002.330.1967                5 3.01000E+01 1.20200E+02
n-Fe056-MT051-Salama-30589003-ang-E0002.020.1981                18 2.01000E+01 1.60100E+02
n-Fe056-MT051-Salama-30589004-ang-E0002.270.1981                16 2.01000E+01 1.50100E+02
n-Fe056-MT051-Salama-30589005-ang-E0002.520.1981                18 2.01000E+01 1.60100E+02
n-Fe056-MT051-Salama-30589006-ang-E0002.760.1981                18 2.01000E+01 1.60100E+02
n-Fe056-MT051-Salama-30589007-ang-E0002.960.1981                16 2.51000E+01 1.50100E+02
n-Fe056-MT051-Salama-30589008-ang-E0003.960.1981                14 3.01000E+01 1.60100E+02
n-Fe056-MT051-Schmidt-22403003-ang-E0009.410.1994               32 2.51000E+01 1.59200E+02
n-Fe056-MT051-Schmidt-22403003-ang-E0009.970.1994               28 2.50000E+01 1.59100E+02
n-Fe056-MT051-Schmidt-22403003-ang-E0010.530.1994               32 2.50000E+01 1.59200E+02
n-Fe056-MT051-Schmidt-22403003-ang-E0011.000.1994               28 2.54000E+01 1.59500E+02
n-Fe056-MT051-Schmidt-22403003-ang-E0011.420.1994               24 2.52000E+01 1.59400E+02
n-Fe056-MT051-Schmidt-22403003-ang-E0011.960.1994               28 2.52000E+01 1.59300E+02
n-Fe056-MT051-Schmidt-22403003-ang-E0012.460.1994               28 2.55000E+01 1.59500E+02
n-Fe056-MT051-Schmidt-22403003-ang-E0013.070.1994               27 2.55000E+01 1.59600E+02
n-Fe056-MT051-Schmidt-22403003-ang-E0013.630.1994               28 2.54000E+01 1.59700E+02
n-Fe056-MT051-Schmidt-22403003-ang-E0014.090.1994               28 2.54000E+01 1.59600E+02
n-Fe056-MT051-Schmidt-22403003-ang-E0014.580.1994               27 2.96000E+01 1.59600E+02
n-Fe056-MT051-Schmidt-22403003-ang-E0015.200.1994               27 2.96000E+01 1.59600E+02
n-Fe056-MT051-Schweitzer-30463023-ang-E0003.400.1978            12 1.57000E+01 1.50100E+02
n-Fe056-MT051-Stelson-11711003-ang-E0001.870.1952                1 8.90000E+01 8.90000E+01
n-Fe056-MT051-Tomita-20008019-ang-E0001.426.1973                13 3.03000E+01 1.46400E+02
n-Fe056-MT051-Tomita-20008020-ang-E0001.470.1973                13 3.03000E+01 1.46400E+02
n-Fe056-MT051-Tomita-20008021-ang-E0001.556.1973                13 3.03000E+01 1.46300E+02
n-Fe056-MT051-Tomita-20008022-ang-E0001.596.1973                13 3.02000E+01 1.46300E+02
n-Fe056-MT051-Tomita-20008023-ang-E0001.648.1973                13 3.02000E+01 1.46300E+02
n-Fe056-MT051-Tomita-20008024-ang-E0001.691.1973                13 3.02000E+01 1.46300E+02
n-Fe056-MT051-Tomita-20008025-ang-E0001.733.1973                13 3.02000E+01 1.46300E+02
n-Fe056-MT051-Tomita-20008026-ang-E0001.770.1973                13 3.02000E+01 1.46300E+02
n-Fe056-MT051-Tomita-20008027-ang-E0001.831.1973                13 3.02000E+01 1.46700E+02
n-Fe056-MT051-Tomita-20008028-ang-E0001.873.1973                13 3.02000E+01 1.46700E+02
n-Fe056-MT051-Tomita-20008029-ang-E0001.915.1973                13 3.02000E+01 1.46700E+02
n-Fe056-MT051-Tomita-20008030-ang-E0001.940.1973                14 2.01000E+01 1.46300E+02
n-Fe056-MT051-Tomita-20008031-ang-E0001.982.1973                14 2.01000E+01 1.46300E+02
n-Fe056-MT051-Tomita-20008032-ang-E0002.038.1973                13 3.02000E+01 1.46700E+02
n-Fe056-MT051-Tomita-20008033-ang-E0002.067.1973                14 2.01000E+01 1.46300E+02
n-Fe056-MT051-Tomita-20008034-ang-E0002.110.1973                13 3.02000E+01 1.46100E+02
n-Fe056-MT051-Tomita-20008035-ang-E0002.152.1973                14 2.01000E+01 1.46100E+02
n-Fe056-MT051-Tsukada-20304004-ang-E0001.370.1969               10 3.03000E+01 1.40400E+02
n-Fe056-MT051-Tsukada-20304004-ang-E0001.710.1969               11 3.02000E+01 1.50200E+02
n-Fe056-MT051-Tsukada-20304004-ang-E0002.010.1969               12 3.01000E+01 1.40200E+02
n-Fe056-MT051-Tsukada-20304004-ang-E0002.650.1969               12 3.01000E+01 1.40100E+02
n-Fe056-MT051-Tsukada-20304007-ang-E0001.370.1969               16 9.00000E+01 9.00000E+01
n-Fe056-MT051-Weddell-11694004-ang-E0006.500.1956                2 9.00000E+01 9.00000E+01
