#              Filename                                         N    min         max
n-Ni000-MT102-Belanova-40374008.1958                             3 2.50000E-02 8.30000E-01
n-Ni000-MT102-Belanova-40717003.1966                             1 2.40000E-02 2.40000E-02
n-Ni000-MT102-Carre-20658010.1966                                1 2.53000E-08 2.53000E-08
n-Ni000-MT102-Diven-11616006.1960                                7 1.75000E-01 1.00000E+00
n-Ni000-MT102-Gibbons-11329013.1961                              2 3.00000E-02 6.50000E-02
n-Ni000-MT102-Kapchigashev-40663009.1963                        69 3.00000E-05 3.20000E-02
n-Ni000-MT102-Lerigoleur-20557006.1973                         279 7.52500E-02 5.37500E-01
n-Ni000-MT102-Lerigoleur-20557007.1973                          26 7.75000E-02 4.87500E-01
n-Ni000-MT102-Lerigoleur-20572009.1976                         200 1.51300E-02 6.48800E-02
n-Ni000-MT102-Lerigoleur-20572010.1976                          10 1.75000E-02 6.25000E-02
n-Ni000-MT102-Macklin-11679004.1967                              3 1.25000E-01 1.82000E-01
n-Ni000-MT102-Malik-10501014.1970                                4 3.30000E-08 2.70000E-07
n-Ni000-MT102-Malik-10501014A001.1970                            4 3.30000E-08 2.70000E-07
n-Ni000-MT102-Poenitz-12670003.1975                             65 4.25600E-01 7.42100E-01
n-Ni000-MT102-Poenitz-12670007.1975                            216 5.02600E-02 2.74700E-01
n-Ni000-MT102-Poenitz-12670008.1975                             13 5.00500E-01 2.97300E+00
n-Ni000-MT102-Spitz-30114002.1968                               30 8.12000E-03 5.02000E-02
n-Ni000-MT102-Spitz-30114003.1968                                7 9.90000E-03 1.12500E-01
n-Ni000-MT102-Stavisskij-40641003.1961                          13 3.50000E-02 9.50000E-01
n-Ni000-MT102-Tattersall-20638013.1960                           1 2.53000E-08 2.53000E-08
