#              Filename                                         N    min         max
n-As075-MT151-Camarda-10765002.1974                              1 3.00500E-01 3.00500E-01
n-As075-MT151-Camarda-10765002A001.1974                          1 3.00500E-01 3.00500E-01
n-As075-MT151-Cote-11641027.1958                                 1 3.75000E-06 3.75000E-06
n-As075-MT151-Cote-116410281.1958                                8 4.70000E-05 7.46000E-04
n-As075-MT151-Cote-116410283.1958                                3 4.70000E-05 2.54000E-04
n-As075-MT151-Cote-116410284.1958                                8 4.70000E-05 7.46000E-04
n-As075-MT151-Cote-116410285.1958                                8 4.70000E-05 7.46000E-04
n-As075-MT151-Garg-11824003.1964                                 2 5.00000E-03 5.00000E-03
n-As075-MT151-Garg-118240041.1964                               18 2.52700E-04 1.90390E-03
n-As075-MT151-Garg-118240042.1964                               14 3.18600E-04 1.90390E-03
n-As075-MT151-Garg-118240043.1964                               12 3.18600E-04 1.90390E-03
n-As075-MT151-Garg-118240044.1964                               18 2.52700E-04 1.90390E-03
n-As075-MT151-Garg-118240061.1964                              134 2.52700E-04 6.42300E-02
n-As075-MT151-Garg-118240062.1964                              134 2.52700E-04 6.42300E-02
n-As075-MT151-Garg-118240063.1964                               23 3.18600E-04 3.99800E-03
n-As075-MT151-Garg-11824008.1964                                 1 5.00000E-03 5.00000E-03
n-As075-MT151-Julien-206760091.1968                             56 4.70000E-05 3.99300E-03
n-As075-MT151-Julien-206760092.1968                             27 3.19000E-04 3.99300E-03
n-As075-MT151-Julien-206760093.1968                             27 3.19000E-04 3.99300E-03
n-As075-MT151-Julien-206760094.1968                             27 3.19000E-04 3.99300E-03
n-As075-MT151-Julien-206760095.1968                             27 3.19000E-04 3.99300E-03
n-As075-MT151-Julien-206760096.1968                             27 3.19000E-04 3.99300E-03
n-As075-MT151-Julien-206760097.1968                             40 4.70000E-05 3.99300E-03
n-As075-MT151-Julien-20676011.1968                               1 2.00000E-03 2.00000E-03
n-As075-MT151-Kalebin-412650021.1964                             4 4.80000E-05 5.28000E-04
n-As075-MT151-Kalebin-412650022.1964                             4 4.80000E-05 5.28000E-04
n-As075-MT151-Kalebin-412650023.1964                             4 4.80000E-05 5.28000E-04
n-As075-MT151-Kalebin-412650024.1964                             4 4.80000E-05 5.28000E-04
n-As075-MT151-Kalebin-412650025.1964                             4 4.80000E-05 5.28000E-04
n-As075-MT151-Macklin-131110051.1988                           206 2.67600E-03 1.19600E-02
n-As075-MT151-Macklin-131110053.1988                            62 2.73400E-03 1.18500E-02
n-As075-MT151-Rosen-118280021.1959                               8 2.53000E-04 8.96000E-04
n-As075-MT151-Rosen-118280022.1959                               8 2.53000E-04 8.96000E-04
n-As075-MT151-Rosen-118280031.1959                               2 4.70000E-05 9.22000E-05
n-As075-MT151-Rosen-118280032.1959                               2 4.70000E-05 9.22000E-05
n-As075-MT151-Rosen-118280033.1959                               1 9.22000E-05 9.22000E-05
n-As075-MT151-Seth-11665007.1964                                 2 3.26500E-01 3.26500E-01
n-As075-MT151-Vladimirskii-40394005.1958                         2 4.68000E-05 9.70000E-05
n-As075-MT151-Vladimirskii-40394006.1958                         2 4.68000E-05 9.70000E-05
n-As075-MT151-Vladimirskii-40394007.1958                         2 4.68000E-05 9.70000E-05
