#              Filename                                         N    min         max
n-W000-MT102-Belanova-40072013.1965                              1 2.40000E-02 2.40000E-02
n-W000-MT102-Belanova-400720311.1965                             1 2.40000E-02 2.40000E-02
n-W000-MT102-Belanova-400720312.1965                             1 2.40000E-02 2.40000E-02
n-W000-MT102-Belanova-400720313.1965                             1 2.40000E-02 2.40000E-02
n-W000-MT102-Belanova-400720314.1965                             1 2.40000E-02 2.40000E-02
n-W000-MT102-Belanova-40374017.1958                              3 2.50000E-02 8.30000E-01
n-W000-MT102-Bergqvist-20024004.1963                             8 1.85000E-02 3.00000E-01
n-W000-MT102-Block-11935022.1961                                42 1.98000E-04 8.00000E-03
n-W000-MT102-Bokhovko-40925007.1986                             57 5.50000E-03 3.90000E-01
n-W000-MT102-Budnar-30532050.1979                                1 1.41000E+01 1.41000E+01
n-W000-MT102-Diven-11616025.1960                                 7 1.75000E-01 1.00000E+00
n-W000-MT102-Fricke-10049005.1970                               92 1.00500E-03 6.42300E-01
n-W000-MT102-Fricke-10049005A001.1970                           92 1.00500E-03 6.42300E-01
n-W000-MT102-Friesenhahn-12167002.1966                           1 2.53000E-08 2.53000E-08
n-W000-MT102-Friesenhahn-12167010.1966                          35 1.00000E-08 1.00000E-05
n-W000-MT102-Gibbons-11329062.1961                               2 3.00000E-02 6.50000E-02
n-W000-MT102-Gibbons-11329063.1961                              55 1.24000E-02 1.81000E-01
n-W000-MT102-Grigoriev-41426013.2002                             5 7.38000E-04 1.57070E-02
n-W000-MT102-Kapchigashev-40663006.1963                        122 6.90000E-07 5.00000E-02
n-W000-MT102-Kapchigashev-40663007.1963                         98 2.60000E-06 1.55000E-03
n-W000-MT102-Kimball-13028006.1953                               1 2.40000E-02 2.40000E-02
n-W000-MT102-Kompe-20358029.1969                                68 1.22000E-02 1.53000E-01
n-W000-MT102-Kononov-40076004.1965                              16 3.30000E-02 1.68000E-01
n-W000-MT102-Leipunskiy-40244119.1958                            1 2.00000E-01 2.00000E-01
n-W000-MT102-Macklin-10999014.1983                              34 3.50000E-03 1.95000E+00
n-W000-MT102-Macklin-10999014A001.1983                          34 3.50000E-03 1.95000E+00
n-W000-MT102-Macklin-11380011.1963                               1 3.00000E-02 3.00000E-02
n-W000-MT102-Macklin-11679022.1967                               4 1.25000E-01 2.20000E-01
n-W000-MT102-Mughabghab-V10023971.2006                           1 2.53000E-08 2.53000E-08
n-W000-MT102-Poenitz-12832013.1982                              12 5.00000E-01 4.00000E+00
n-W000-MT102-Schmunk-11634008.1960                               1 2.53000E-08 2.53000E-08
n-W000-MT102-Stavisski-41241003.1961                            13 5.00000E-02 1.12000E+00
n-W000-MT102-Stavisski-41241005.1961                             1 2.00000E-01 2.00000E-01
n-W000-MT102-Tattersall-20638058.1960                            1 2.53000E-08 2.53000E-08
n-W000-MT102-Voignier-22006017.1992                              3 5.00000E-01 2.50000E+00
n-W000-MT102-XiaYijunn-309980022.1991                           20 1.12000E-02 9.99000E-02
n-W000-MT102-XiangZhengyuu-32507002.1988                         6 5.60000E-01 1.61000E+00
