#              Filename                                         N    min         max
n-Na023-MT004-Bakov-40131002-E0001.000.1970                      2 9.00000E+01 9.00000E+01
n-Na023-MT004-Buchanan-14125004-E0001.000.1971                   1 9.00000E+01 9.00000E+01
n-Na023-MT004-Buchanan-14125005-E0014.800.1971                  12 9.00000E+01 9.00000E+01
n-Na023-MT004-Dabylova-41745017-E0014.100.2021                  32 1.60000E+01 1.31000E+02
n-Na023-MT004-Donati-10706002-E0000.520.1977                   212 1.25000E+02 1.25000E+02
n-Na023-MT004-Donati-10706004-E0000.730.1977                    97 2.50000E+01 1.35000E+02
n-Na023-MT004-Lachkar-20478002-E0006.300.1973                  254 2.00004E+01 1.27000E+02
n-Na023-MT004-Lind-11188003-E0000.440.1961                      89 9.40000E+01 9.40000E+01
n-Na023-MT004-Rouki-23137002-E0000.459.2012                   2942 1.10000E+02 1.50000E+02
n-Na023-MT004-Rouki-23137003-E0002.168.2012                    540 1.10000E+02 1.50000E+02
n-Na023-MT004-Rouki-23137004-E0002.504.2012                    398 1.10000E+02 1.50000E+02
n-Na023-MT004-Rouki-23137005-E0002.756.2012                    156 1.10000E+02 1.50000E+02
n-Na023-MT004-Rouki-23137006-E0002.833.2012                    284 1.10000E+02 1.50000E+02
n-Na023-MT004-Rouki-23137007-E0003.131.2012                    100 1.10000E+02 1.50000E+02
n-Na023-MT004-Smith-10239015-E0000.750.1971                     50 9.00000E+01 9.00000E+01
n-Na023-MT004-Smith-106490022-E0000.500.1977                    37 5.50000E+01 5.50000E+01
n-Na023-MT004-Smith-10649003-E0000.644.1977                     81 3.01173E+01 1.34507E+02
n-Na023-MT004-Tucker-12688002-E0000.800.1968                    11 5.50000E+01 5.50000E+01
n-Na023-MT004-Tucker-12688003-E0001.000.1968                     4 3.00000E+01 9.00000E+01
n-Na023-MT004-Tucker-12688004-E0004.000.1968                    26 5.50000E+01 5.50000E+01
n-Na023-MT004-Yamamoto-21304004-E0014.800.1978                   2 1.25000E+02 1.25000E+02
