#              Filename                                         N    min         max
a-F019-MT600-Cseh-D0325003-E0001.497.1984                      426 1.70000E+02 1.70000E+02
a-F019-MT600-Kondo-E2226005-E0022.200.1961                      21 1.50000E+01 1.65000E+02
a-F019-MT600-Schier-F1061004-E0002.538.1976                     28 2.16000E+01 1.62100E+02
a-F019-MT600-Schier-F1061005-E0002.639.1976                     28 1.65000E+01 1.61900E+02
a-F019-MT600-Schier-F1061005-E0003.266.1976                     31 1.65000E+01 1.66800E+02
a-F019-MT600-Schier-F1061005-E0003.548.1976                     31 1.66000E+01 1.66900E+02
a-F019-MT600-Schier-F1061006-E0002.742.1976                     23 1.58000E+01 1.61800E+02
a-F019-MT600-Schier-F1061006-E0003.735.1976                     31 1.29000E+01 1.67000E+02
a-F019-MT600-Schier-F1061006-E0003.870.1976                     31 1.29000E+01 1.68900E+02
a-F019-MT600-Schier-F1061007-E0003.036.1976                     30 1.55000E+01 1.67100E+02
a-F019-MT600-Schier-F1061008-E0003.165.1976                     31 1.56000E+01 1.67200E+02
a-F019-MT600-Schier-F1061009-E0003.308.1976                     31 1.53000E+01 1.67000E+02
a-F019-MT600-Schier-F1061010-E0003.361.1976                     30 1.54000E+01 1.67500E+02
a-F019-MT600-Schier-F1061010-E0004.115.1976                     31 1.54000E+01 1.66100E+02
a-F019-MT600-Schier-F1061011-E0003.647.1976                     31 1.64000E+01 1.68400E+02
a-F019-MT600-Schier-F1061012-E0004.186.1976                     31 1.59000E+01 1.67700E+02
a-F019-MT600-Schier-F1061013-E0004.344.1976                     31 1.38000E+01 1.67900E+02
a-F019-MT600-Schier-F1061013-E0004.895.1976                     31 1.38000E+01 1.65600E+02
a-F019-MT600-Schier-F1061014-E0004.500.1976                     30 1.50000E+01 1.67400E+02
a-F019-MT600-Schier-F1061015-E0004.616.1976                     31 1.52000E+01 1.67100E+02
a-F019-MT600-Schier-F1061015-E0004.684.1976                     31 1.52000E+01 1.66500E+02
a-F019-MT600-Schier-F1061016-E0004.704.1976                     31 1.49000E+01 1.67200E+02
a-F019-MT600-Schier-F1061017-E0004.825.1976                     30 2.01000E+01 1.64400E+02
