#              Filename                                         N    min         max
a-N014-MT002-Abele-D0146006-ang-E0048.700.1987                 124 1.19000E+01 1.64900E+02
a-N014-MT002-Abele-D0146006-ang-E0054.100.1987                 109 1.19000E+01 1.62200E+02
a-N014-MT002-Artigalas-D0399002-ang-E0005.207.1992              44 1.72000E+02 1.72000E+02
a-N014-MT002-Berky-O10230022-ang-E0007.475.2002                 38 1.71000E+02 1.71000E+02
a-N014-MT002-Bolta-D0074002-ang-E0020.100.1967                  50 9.49999E+00 1.46900E+02
a-N014-MT002-Bolta-D0074002-ang-E0021.900.1967                  59 1.30000E+01 1.68700E+02
a-N014-MT002-Bolta-D0074002-ang-E0023.300.1967                  48 1.33000E+01 1.68800E+02
a-N014-MT002-Bolta-D0074003-ang-E0020.790.1967                   5 1.74400E+02 1.74400E+02
a-N014-MT002-Burtebayev-D08420021-ang-E0048.200.2016            72 1.00000E+01 1.69900E+02
a-N014-MT002-England-F0356003-ang-E0019.800.1977                67 9.69998E+00 1.79700E+02
a-N014-MT002-England-F0356003-ang-E0021.700.1977                56 1.08000E+01 1.69200E+02
a-N014-MT002-England-F0356003-ang-E0022.500.1977                57 1.12000E+01 1.68700E+02
a-N014-MT002-England-F0356003-ang-E0023.100.1977                47 1.12000E+01 1.71300E+02
a-N014-MT002-Feofilov-F0483003-ang-E0023.700.1976               61 1.58000E+01 1.69100E+02
a-N014-MT002-Ferrero-D0311002-ang-E0019.840.1969                64 1.10000E+01 1.71600E+02
a-N014-MT002-Ferrero-D0311003-ang-E0019.840.1969                34 8.75000E+01 1.69800E+02
a-N014-MT002-Ferrero-D0311003-ang-E0020.480.1969                19 1.09500E+02 1.69900E+02
a-N014-MT002-Ferrero-D0311003-ang-E0020.790.1969                20 1.09500E+02 1.69500E+02
a-N014-MT002-Ferrero-D0311006-ang-E0019.851.1969                 8 1.70000E+02 1.70000E+02
a-N014-MT002-Gurbich-D0587002-ang-E0002.544.2011                 2 1.18000E+02 1.65000E+02
a-N014-MT002-Gurbich-D0587002-ang-E0002.544A001.2011             1 1.18000E+02 1.65000E+02
a-N014-MT002-Gurbich-D0587002-ang-E0002.594.2011                 2 1.18000E+02 1.65000E+02
a-N014-MT002-Gurbich-D0587002-ang-E0002.594A001.2011             1 1.18000E+02 1.65000E+02
a-N014-MT002-Gurbich-D0587002-ang-E0002.644.2011                 2 1.18000E+02 1.65000E+02
a-N014-MT002-Gurbich-D0587002-ang-E0002.644A001.2011             2 1.65000E+02 1.65000E+02
a-N014-MT002-Hauser-D0216006-ang-E0104.000.1969                 82 4.50002E+00 8.99000E+01
a-N014-MT002-He-C1518008-ang-E0005.625.1998                      1 1.67000E+02 1.67000E+02
a-N014-MT002-Herring-C1363002-ang-E0002.003.1958                 1 1.27500E+02 1.67200E+02
a-N014-MT002-Herring-C1363002-ang-E0002.005.1958                 1 1.27500E+02 1.67200E+02
a-N014-MT002-Herring-C1363002-ang-E0002.009.1958                 1 1.67200E+02 1.67200E+02
a-N014-MT002-Herring-C1363004-ang-E0002.325.1958                 1 1.09600E+02 1.27500E+02
a-N014-MT002-Herring-C1363004-ang-E0002.325A001.1958             1 1.09600E+02 1.09600E+02
a-N014-MT002-Heydenburg-F1036004-ang-E0001.515.1953             37 1.47500E+02 1.47500E+02
a-N014-MT002-Ignatenko-F1343006-ang-E0030.300.1994              36 2.05000E+01 1.64800E+02
a-N014-MT002-Jodogne-O2256013-ang-E0014.860.1962                32 1.74400E+02 1.74400E+02
a-N014-MT002-Kashy-C1032002-ang-E0002.681.1958                 321 1.63800E+02 1.63800E+02
a-N014-MT002-Kashy-C1032004-ang-E0002.698.1958                 167 4.34000E+01 4.34000E+01
a-N014-MT002-Kieser-T0410002-ang-E0002.339.1979                 70 1.80000E+02 1.80000E+02
a-N014-MT002-Kuznetsov-F0505004-ang-E0026.600.1972              40 5.68000E+01 1.76900E+02
a-N014-MT002-Qui-C1535002-ang-E0009.092.1992                    24 1.77000E+02 1.77000E+02
a-N014-MT002-Silverstein-C1008002-ang-E0000.923.1961           674 1.66000E+02 1.66000E+02
a-N014-MT002-Silverstein-C1008003-ang-E0001.503.1961           519 1.66000E+02 1.66000E+02
a-N014-MT002-Terwagne-D0565002-ang-E0003.415.2008              121 1.65000E+02 1.65000E+02
