#              Filename                                         N    min         max
p-C013-MT800-Abdelkariem-F0534002-E0018.000.1988                29 7.30001E+00 1.68500E+02
p-C013-MT800-Abdelkariem-F0534002-E0022.500.1988                33 7.30001E+00 1.71100E+02
p-C013-MT800-Abdelkariem-F0534004-E0027.000.1988                30 1.02000E+01 1.66500E+02
p-C013-MT800-Abdelkariem-F0534004-E0031.000.1988                29 1.16000E+01 1.61800E+02
p-C013-MT800-Abdelkariem-F0534004-E0036.000.1988                30 1.00000E+01 1.61200E+02
p-C013-MT800-Abdelkariem-F0534004-E0041.000.1988                28 1.00000E+01 1.64800E+02
p-C013-MT800-Abdelkariem-F0534004-E0045.000.1988                27 1.14000E+01 1.64100E+02
p-C013-MT800-Barbadoro-O2390003-E0030.950.1988                 297 4.19997E+00 8.82000E+01
p-C013-MT800-Kammuri-E0251002-E0065.000.1980                    13 1.43800E+01 8.96000E+01
p-C013-MT800-Oberg-C2711002-E0005.500.1975                     474 4.00000E+01 4.00000E+01
p-C013-MT800-Oberg-C2711003-E0005.800.1975                      11 1.10170E+01 1.10962E+02
p-C013-MT800-Oberg-C2711003-E0006.150.1975                      13 1.07320E+01 1.30062E+02
p-C013-MT800-Oberg-C2711003-E0006.650.1975                      17 1.07320E+01 1.70680E+02
p-C013-MT800-Oberg-C2711003-E0007.150.1975                      17 1.07540E+01 1.70406E+02
p-C013-MT800-Oberg-C2711003-E0007.400.1975                      11 1.95840E+01 1.68769E+02
p-C013-MT800-Oberg-C2711003-E0007.950.1975                      13 9.23201E+00 1.69356E+02
p-C013-MT800-Oberg-C2711003-E0008.400.1975                      14 9.23201E+00 1.69147E+02
p-C013-MT800-Oberg-C2711003-E0008.700.1975                      15 1.04070E+01 1.69882E+02
p-C013-MT800-Oberg-C2711003-E0009.400.1975                      17 1.04070E+01 1.69690E+02
p-C013-MT800-Oberg-C2711003-E0010.200.1975                      15 2.72000E+01 1.69291E+02
p-C013-MT800-Oberg-C2711003-E0010.900.1975                      15 7.96203E+00 1.67820E+02
p-C013-MT800-Oberg-C2711003-E0011.400.1975                      16 7.96203E+00 1.68003E+02
p-C013-MT800-Oberg-C2711003-E0012.000.1975                      17 8.52901E+00 1.68358E+02
p-C013-MT800-Oberg-C2711003-E0013.150.1975                      17 7.97703E+00 1.68912E+02
p-C013-MT800-Oberg-C2711003-E0014.000.1975                      17 7.41204E+00 1.67954E+02
p-C013-MT800-Oberg-C2711003-E0015.000.1975                      17 7.39799E+00 1.66841E+02
p-C013-MT800-Oberg-C2711003-E0016.000.1975                      17 7.39799E+00 1.66646E+02
p-C013-MT800-Oberg-C2711003-E0017.000.1975                      17 6.39697E+00 1.66107E+02
p-C013-MT800-Oberg-C2711003-E0018.000.1975                      17 6.39697E+00 1.65876E+02
