#              Filename                                         N    min         max
n-Fe054-MT051-Boschung-10037033-ang-E0004.040.1971              29 2.51000E+01 1.48300E+02
n-Fe054-MT051-Boschung-10037036-ang-E0004.040.1971              30 2.51000E+01 1.48300E+02
n-Fe054-MT051-Boschung-10037039-ang-E0004.040.1971              30 2.51000E+01 1.48300E+02
n-Fe054-MT051-Boschung-10037045-ang-E0005.060.1971              18 2.52000E+01 1.25400E+02
n-Fe054-MT051-Elkadi-10958003-ang-E0007.960.1982               104 3.01800E+01 1.54700E+02
n-Fe054-MT051-Fedorov-40286009-ang-E0002.900.1973                8 2.95000E+01 1.34200E+02
n-Fe054-MT051-Kinney-10469004-ang-E0005.500.1974                18 2.76000E+01 1.33600E+02
n-Fe054-MT051-Kinney-10469004-ang-E0005.500A001.1974            18 2.76000E+01 1.33600E+02
n-Fe054-MT051-Kinney-10469004-ang-E0006.000.1974                18 8.26000E+01 9.76000E+01
n-Fe054-MT051-Kinney-10469008-ang-E0005.500.1974                18 2.78000E+01 1.33900E+02
n-Fe054-MT051-Kinney-10469008-ang-E0005.500A001.1974            18 2.78000E+01 1.33900E+02
n-Fe054-MT051-Kinney-10469008-ang-E0006.000.1974                 3 8.29000E+01 9.80000E+01
n-Fe054-MT051-Kinney-10469008-ang-E0006.000A001.1974             3 8.29000E+01 9.80000E+01
n-Fe054-MT051-Kinney-10469008-ang-E0006.490.1974                 3 2.77000E+01 9.79000E+01
n-Fe054-MT051-Kinney-10469008-ang-E0006.490A001.1974             3 2.77000E+01 9.79000E+01
n-Fe054-MT051-Kinney-10469008-ang-E0007.000.1974                17 2.77000E+01 1.33800E+02
n-Fe054-MT051-Kinney-10469008-ang-E0007.000A001.1974            17 2.77000E+01 1.33800E+02
n-Fe054-MT051-Kinney-10469008-ang-E0007.500.1974                17 8.28000E+01 9.78000E+01
n-Fe054-MT051-Kinney-10469010-ang-E0005.500.1974                 1 8.30000E+01 8.31000E+01
n-Fe054-MT051-Kinney-10469010-ang-E0005.500A001.1974             1 8.30000E+01 8.31000E+01
n-Fe054-MT051-Kinney-10469010-ang-E0006.000.1974                 3 8.29000E+01 9.80000E+01
n-Fe054-MT051-Kinney-10469010-ang-E0006.000A001.1974             3 8.29000E+01 9.80000E+01
n-Fe054-MT051-Kinney-10469010-ang-E0006.490.1974                 3 8.29000E+01 9.79000E+01
n-Fe054-MT051-Kinney-10469010-ang-E0006.490A001.1974             3 8.29000E+01 9.79000E+01
n-Fe054-MT051-Kinney-10469010-ang-E0007.000.1974                 2 9.04000E+01 9.79000E+01
n-Fe054-MT051-Kinney-10469010-ang-E0007.000A001.1974             2 9.04000E+01 9.79000E+01
n-Fe054-MT051-Kinney-10469011-ang-E0005.500.1974                 2 9.07000E+01 9.81000E+01
n-Fe054-MT051-Kinney-10469011-ang-E0005.500A001.1974             2 9.07000E+01 9.81000E+01
n-Fe054-MT051-Kinney-10469013-ang-E0005.500.1974                16 3.56000E+01 1.26900E+02
n-Fe054-MT051-Kinney-10469013-ang-E0005.500A001.1974            16 3.56000E+01 1.26900E+02
n-Fe054-MT051-Kinney-10469013-ang-E0006.000.1974                 3 8.32000E+01 9.83000E+01
n-Fe054-MT051-Kinney-10469013-ang-E0006.000A001.1974             3 8.32000E+01 9.83000E+01
n-Fe054-MT051-Kinney-10469013-ang-E0006.490.1974                 3 2.78000E+01 9.82000E+01
n-Fe054-MT051-Kinney-10469013-ang-E0006.490A001.1974             3 2.78000E+01 9.82000E+01
n-Fe054-MT051-Kinney-10469013-ang-E0007.000.1974                17 2.78000E+01 1.34000E+02
n-Fe054-MT051-Kinney-10469013-ang-E0007.000A001.1974            17 2.78000E+01 1.34000E+02
n-Fe054-MT051-Kinney-10469013-ang-E0007.500.1974                17 8.30000E+01 9.80000E+01
n-Fe054-MT051-Kinney-10469014-ang-E0005.500.1974                 3 8.33000E+01 9.86000E+01
n-Fe054-MT051-Kinney-10469014-ang-E0005.500A001.1974             3 8.33000E+01 9.86000E+01
n-Fe054-MT051-Kinney-10469014-ang-E0006.000.1974                 3 8.32000E+01 9.83000E+01
n-Fe054-MT051-Kinney-10469014-ang-E0006.000A001.1974             3 8.32000E+01 9.83000E+01
n-Fe054-MT051-Kinney-10469014-ang-E0006.490.1974                 3 8.31000E+01 9.82000E+01
n-Fe054-MT051-Kinney-10469014-ang-E0006.490A001.1974             3 8.31000E+01 9.82000E+01
n-Fe054-MT051-Kinney-10469014-ang-E0007.000.1974                 3 8.30000E+01 9.81000E+01
n-Fe054-MT051-Kinney-10469014-ang-E0007.000A001.1974             3 8.30000E+01 9.81000E+01
n-Fe054-MT051-Kinney-10469014-ang-E0007.490.1974                 3 8.30000E+01 9.80000E+01
n-Fe054-MT051-Kinney-10469015-ang-E0005.500.1974                 3 8.34000E+01 9.87000E+01
n-Fe054-MT051-Kinney-10469015-ang-E0005.500A001.1974             3 8.34000E+01 9.87000E+01
n-Fe054-MT051-Kinney-10469015-ang-E0006.000.1974                 3 8.33000E+01 9.84000E+01
n-Fe054-MT051-Kinney-10469015-ang-E0006.000A001.1974             3 8.33000E+01 9.84000E+01
n-Fe054-MT051-Kinney-10469015-ang-E0006.490.1974                 3 8.32000E+01 9.83000E+01
n-Fe054-MT051-Kinney-10469015-ang-E0006.490A001.1974             3 8.32000E+01 9.83000E+01
n-Fe054-MT051-Kinney-10469015-ang-E0007.000.1974                 3 8.31000E+01 9.81000E+01
n-Fe054-MT051-Kinney-10469015-ang-E0007.000A001.1974             3 8.31000E+01 9.81000E+01
n-Fe054-MT051-Kinney-10469015-ang-E0007.500.1974                 3 8.30000E+01 9.81000E+01
n-Fe054-MT051-Kinney-10469015-ang-E0007.500A001.1974             3 8.30000E+01 9.81000E+01
n-Fe054-MT051-Kinney-10469015-ang-E0008.010.1974                 3 8.30000E+01 9.80000E+01
n-Fe054-MT051-Kinney-10469015-ang-E0008.010A001.1974             3 8.30000E+01 9.80000E+01
n-Fe054-MT051-Korzh-32230005-ang-E0005.000.1987                 13 2.00000E+01 1.50000E+02
n-Fe054-MT051-Korzh-32230006-ang-E0006.000.1987                 13 2.00000E+01 1.50000E+02
n-Fe054-MT051-Korzh-32230007-ang-E0007.000.1987                 13 2.00000E+01 1.50000E+02
n-Fe054-MT051-Korzh-32230008-ang-E0005.000.1987                 13 2.00000E+01 1.50000E+02
n-Fe054-MT051-Korzh-32230009-ang-E0006.000.1987                 13 2.00000E+01 1.50000E+02
n-Fe054-MT051-Korzh-32230010-ang-E0007.000.1987                 13 2.00000E+01 1.50000E+02
n-Fe054-MT051-Korzh-40532007-ang-E0002.000.1977                 27 2.00000E+01 1.50000E+02
n-Fe054-MT051-Mellema-12873002-ang-E0011.000.1986              523 1.00000E+01 1.59400E+02
n-Fe054-MT051-Pedroni-12997003-ang-E0016.929.1988               25 2.04000E+01 1.59600E+02
n-Fe054-MT051-Rodgers-11276006-ang-E0002.330.1967                5 3.03000E+01 1.10600E+02
n-Fe054-MT051-Tsukada-20304003-ang-E0002.650.1969               12 3.02000E+01 1.40300E+02
n-Fe054-MT051-Tsukada-20304003-ang-E0003.260.1969               10 5.03000E+01 1.40300E+02
n-Fe054-MT051-Vanhoy-14451006-ang-E0002.250.2018                14 3.00000E+01 1.50400E+02
n-Fe054-MT051-Vanhoy-14451006-ang-E0002.500.2018                14 3.00000E+01 1.50000E+02
n-Fe054-MT051-Vanhoy-14451007-ang-E0004.000.2018                41 3.00000E+01 1.53000E+02
