#              Filename                                         N    min         max
n-K041-MT151-Good-106180071.1974                                 6 2.83400E-02 7.04500E-02
n-K041-MT151-Good-106180071A001.1974                             6 2.83400E-02 7.04500E-02
n-K041-MT151-Good-106180072.1974                                 5 4.23600E-02 7.04500E-02
n-K041-MT151-Good-106180072A001.1974                             5 4.23600E-02 7.04500E-02
n-K041-MT151-Good-106180073.1974                                 5 4.23600E-02 7.04500E-02
n-K041-MT151-Good-106180073A001.1974                             5 4.23600E-02 7.04500E-02
n-K041-MT151-Good-106180074.1974                                 5 4.23600E-02 7.04500E-02
n-K041-MT151-Good-106180074A001.1974                             5 4.23600E-02 7.04500E-02
n-K041-MT151-Good-114020081.1958                                 2 5.40000E-03 1.62000E-02
n-K041-MT151-Good-114020082.1958                                 2 5.40000E-03 1.62000E-02
n-K041-MT151-Macklin-129200031.1984                            108 8.97500E-04 1.50400E-01
n-K041-MT151-Macklin-129200033.1984                             10 2.03100E-03 7.05200E-02
n-K041-MT151-Macklin-129200034.1984                             23 2.03100E-03 1.16900E-01
n-K041-MT151-Macklin-129200035.1984                             16 1.09400E-02 1.16900E-01
n-K041-MT151-Singh-10508003.1973                                 2 4.00000E-02 1.02000E-01
n-K041-MT151-Singh-10508003A001.1973                             2 4.00000E-02 1.02000E-01
n-K041-MT151-Singh-105080051.1973                               28 2.02870E-03 1.20700E-01
n-K041-MT151-Singh-105080051A001.1973                           28 2.02870E-03 1.20700E-01
n-K041-MT151-Singh-105080052.1973                               19 2.02870E-03 1.20700E-01
n-K041-MT151-Singh-105080052A001.1973                           19 2.02870E-03 1.20700E-01
n-K041-MT151-Singh-105080053.1973                               19 2.02870E-03 1.20700E-01
n-K041-MT151-Singh-105080053A001.1973                           19 2.02870E-03 1.20700E-01
n-K041-MT151-Singh-105080054.1973                                8 2.02870E-03 3.85600E-02
n-K041-MT151-Singh-105080054A001.1973                            8 2.02870E-03 3.85600E-02
