#              Filename                                         N    min         max
h-Li007-MT601-Baddou-C0637005-E0004.580.1995                    29 3.00000E+01 1.70000E+02
h-Li007-MT601-Baddou-C0637006-E0004.580.1995                    29 3.02000E+01 1.70100E+02
h-Li007-MT601-Lru-O1035002-E0001.798.1972                       52 1.20000E+02 1.20000E+02
h-Li007-MT601-Lru-O1035003-E0002.200.1972                       15 1.74000E+01 1.61200E+02
h-Li007-MT601-Lru-O1035003-E0002.200A001.1972                   15 2.06000E+01 1.57600E+02
h-Li007-MT601-Lru-O1035003-E0002.200A002.1972                   15 2.00000E+01 1.54500E+02
h-Li007-MT601-Lru-O1035003-E0002.200A003.1972                   15 2.05000E+01 1.60300E+02
h-Li007-MT601-Lru-O1035003-E0002.600.1972                       15 1.74000E+01 1.59300E+02
h-Li007-MT601-Lru-O1035003-E0002.600A001.1972                   15 1.98000E+01 1.58100E+02
h-Li007-MT601-Lru-O1035003-E0002.600A002.1972                   15 2.06000E+01 1.56800E+02
h-Li007-MT601-Lru-O1035003-E0002.600A003.1972                   15 1.84000E+01 1.59000E+02
h-Li007-MT601-Lru-O1035003-E0003.000.1972                       15 1.81000E+01 1.59800E+02
h-Li007-MT601-Lru-O1035003-E0003.000A001.1972                   15 1.73000E+01 1.57300E+02
h-Li007-MT601-Lru-O1035003-E0003.000A002.1972                   15 1.75000E+01 1.62600E+02
h-Li007-MT601-Lru-O1035003-E0003.000A003.1972                   15 1.64000E+01 1.63100E+02
h-Li007-MT601-Lru-O1035003-E0003.200.1972                       15 1.81000E+01 1.66300E+02
h-Li007-MT601-Lru-O1035003-E0003.200A001.1972                   15 1.73000E+01 1.60100E+02
h-Li007-MT601-Lru-O1035003-E0003.200A002.1972                   15 1.75000E+01 1.53600E+02
h-Li007-MT601-Lru-O1035003-E0003.200A003.1972                   15 1.64000E+01 1.61400E+02
h-Li007-MT601-Sanada-E2271002-E0003.000.1969                    58 1.97000E+01 1.60200E+02
