#              Filename                                         N    min         max
n-Li006-MT051-Abbondanno-20494004-ang-E0014.200.1970            12 2.58340E+01 1.32999E+02
n-Li006-MT051-Baba-22188015-ang-E0014.100.1990                  48 2.03000E+01 1.52100E+02
n-Li006-MT051-Batchelor-21147012-ang-E0003.350.1963              5 4.35000E+01 1.00600E+02
n-Li006-MT051-Batchelor-21147017-ang-E0004.000.1963              9 3.28000E+01 1.41900E+02
n-Li006-MT051-Batchelor-21147017-ang-E0004.830.1963              5 3.17000E+01 1.39800E+02
n-Li006-MT051-Batchelor-21147017-ang-E0005.150.1963              8 3.13000E+01 1.40000E+02
n-Li006-MT051-Batchelor-21147017-ang-E0006.360.1963              8 3.09000E+01 1.39100E+02
n-Li006-MT051-Batchelor-21147017-ang-E0007.540.1963              8 3.09000E+01 1.38600E+02
n-Li006-MT051-Cance-21276003-ang-E0006.000.1971                 10 1.99000E+01 1.09900E+02
n-Li006-MT051-Chiba-21986033-ang-E0004.200.1985                  8 3.17000E+01 1.39600E+02
n-Li006-MT051-Chiba-21986033-ang-E0005.400.1985                  8 3.17000E+01 1.37800E+02
n-Li006-MT051-Chiba-21986035-ang-E0014.200.1985                 10 3.04000E+01 1.50600E+02
n-Li006-MT051-Cookson-21162004-ang-E0010.000.1967               10 2.75000E+01 1.51000E+02
n-Li006-MT051-Cookson-21162005-ang-E0010.000.1967               10 2.82000E+01 1.51800E+02
n-Li006-MT051-Cookson-21162006-ang-E0010.000.1967               10 2.75000E+01 1.51000E+02
n-Li006-MT051-GuochangChenn-32711005-ang-E0008.170.2009         12 3.19000E+01 1.50900E+02
n-Li006-MT051-GuochangChenn-32711005-ang-E0010.270.2009          9 3.58000E+01 1.21200E+02
n-Li006-MT051-Hansen-13161003-ang-E0024.000.1988                21 1.51000E+01 1.40400E+02
n-Li006-MT051-Hogue-10707005-ang-E0007.470.1979                 21 2.59000E+01 1.36500E+02
n-Li006-MT051-Hogue-10707005-ang-E0007.470A001.1979             21 2.59000E+01 1.36500E+02
n-Li006-MT051-Hogue-10707005-ang-E0008.964.1979                 21 2.59000E+01 1.60100E+02
n-Li006-MT051-Hopkins-11153009-ang-E0004.830.1968                6 3.15000E+01 1.38500E+02
n-Li006-MT051-Hopkins-11153009-ang-E0004.830A001.1968            6 3.15000E+01 1.38500E+02
n-Li006-MT051-Hopkins-11153009-ang-E0005.740.1968                8 3.15000E+01 1.36700E+02
n-Li006-MT051-Hopkins-11153009-ang-E0005.740A001.1968            8 3.15000E+01 1.36700E+02
n-Li006-MT051-Hopkins-11153009-ang-E0007.500.1968                6 4.02000E+01 1.36800E+02
n-Li006-MT051-Hopkins-11153009-ang-E0007.500A001.1968            6 4.02000E+01 1.36800E+02
n-Li006-MT051-Hyakutake-20268003-ang-E0014.100.1968             15 3.04000E+01 1.63700E+02
n-Li006-MT051-Ibaraki-22359003-ang-E0011.500.1998               13 2.02000E+01 1.50700E+02
n-Li006-MT051-Ibaraki-22359003-ang-E0018.000.1998               13 2.02000E+01 1.50400E+02
n-Li006-MT051-Lisowski-10854003-ang-E0005.960.1980              10 2.50000E+01 1.44000E+02
n-Li006-MT051-Lisowski-10854003-ang-E0005.960A001.1980          10 2.50000E+01 1.44000E+02
n-Li006-MT051-Lisowski-10854003-ang-E0009.830.1980              10 2.50000E+01 1.44000E+02
n-Li006-MT051-Merchez-21177004-ang-E0014.100.1966               12 2.03000E+01 1.40600E+02
n-Li006-MT051-Sadowski-12900002-ang-E0004.828.1982               9 2.12000E+01 1.61800E+02
n-Li006-MT051-Sadowski-12900002-ang-E0004.998.1982              11 2.11000E+01 1.61700E+02
n-Li006-MT051-Sadowski-12900002-ang-E0005.248.1982               9 2.10000E+01 1.61600E+02
n-Li006-MT051-Sadowski-12900002-ang-E0005.748.1982              10 2.08000E+01 1.61300E+02
n-Li006-MT051-Sadowski-12900002-ang-E0006.399.1982               9 2.08000E+01 1.61100E+02
n-Li006-MT051-Schmidt-32001006-ang-E0007.750.1987                7 2.05000E+01 1.60800E+02
n-Li006-MT051-Schmidt-32001006-ang-E0008.900.1987                8 2.05000E+01 1.60700E+02
n-Li006-MT051-Takahashi-22773004-ang-E0014.100.1992              9 1.50000E+01 1.30000E+02
n-Li006-MT051-Wong-11022005-ang-E0014.000.1962                   8 6.04000E+01 1.28800E+02
n-Li006-MT051-Wong-11022005-ang-E0014.000A001.1962               8 6.04000E+01 1.28800E+02
