#              Filename                                         N    min         max
n-S000-MT002-Clarke-11286017.1964                                1 1.41000E+01 1.41000E+01
n-S000-MT002-Holmqvist-20019019.1969                             8 2.47000E+00 8.05000E+00
n-S000-MT002-Koester-20857015.1979                               1 5.10000E-10 5.10000E-10
n-S000-MT002-Koester-20857024.1979                               1 5.10000E-10 5.10000E-10
n-S000-MT002-Lambert-11538005.1966                               1 3.15000E+00 3.15000E+00
n-S000-MT002-Langsdorfjr-11224017.1957                          22 6.00000E-02 1.80000E+00
n-S000-MT002-Langsdorfjr-11224017A001.1957                      22 6.00000E-02 1.80000E+00
n-S000-MT002-Maayouf-30466004.1968                               1 1.95085E-07 1.95085E-07
n-S000-MT002-Machwe-11572003.1959                                1 3.66000E+00 3.66000E+00
n-S000-MT002-Mitchell-14700005.1936                              1 2.53000E-08 2.53000E-08
n-S000-MT002-Mughabghab-V10010922.2006                           1 2.53000E-08 2.53000E-08
n-S000-MT002-Obst-10306004.1973                                  1 9.80000E+00 9.80000E+00
n-S000-MT002-Obst-10306004A001.1973                              1 9.80000E+00 9.80000E+00
n-S000-MT002-Olsson-22048009.1987                                1 2.16000E+01 2.16000E+01
n-S000-MT002-Perey-10108073.1970                                 4 5.50000E+00 8.52000E+00
n-S000-MT002-Perey-10108073A001.1970                             4 5.50000E+00 8.52000E+00
n-S000-MT002-Petitt-10235004.1966                                5 2.45000E+00 5.80000E+00
n-S000-MT002-Petitt-10235004A001.1966                            5 2.45000E+00 5.80000E+00
n-S000-MT002-Pierre-11486006.1959                                1 1.40000E+01 1.40000E+01
n-S000-MT002-Schmidt-32001020.1987                               5 7.00000E+00 1.10000E+01
n-S000-MT002-Tesch-21663011.1962                                 1 1.41000E+01 1.41000E+01
n-S000-MT002-Tsukada-20341021.1961                               5 3.50000E+00 4.80000E+00
n-S000-MT002-Vertebnyi-40615006.1982                            75 2.50000E-08 2.07000E-06
