#              Filename                                         N    min         max
n-Rh103-MT151-Arbo-10968003.1973                               119 1.25700E-06 2.10830E-03
n-Rh103-MT151-Arbo-10968003A001.1973                           119 1.25700E-06 2.10830E-03
n-Rh103-MT151-Bolotin-119390031.1960                            12 4.38000E-05 3.26000E-04
n-Rh103-MT151-Borst-11756003.1946                                1 1.30000E-06 1.30000E-06
n-Rh103-MT151-Brockhouse-116530031.1953                          1 1.26000E-06 1.26000E-06
n-Rh103-MT151-Brockhouse-116530033.1953                          1 1.26000E-06 1.26000E-06
n-Rh103-MT151-Brusegan-229060021.2004                           10-1.61000E-05 2.89810E-04
n-Rh103-MT151-Brusegan-229060022.2004                           10-1.61000E-05 2.89810E-04
n-Rh103-MT151-Brusegan-22906004.2004                             1 3.00000E-04 3.00000E-04
n-Rh103-MT151-Camarda-10765005.1974                              1 3.00500E-01 3.00500E-01
n-Rh103-MT151-Camarda-10765005A001.1974                          1 3.00500E-01 3.00500E-01
n-Rh103-MT151-Carlson-102110031.1971                            64 1.25900E-06 9.88900E-04
n-Rh103-MT151-Carlson-102110031A001.1971                        64 1.25900E-06 9.88900E-04
n-Rh103-MT151-Carlson-102110033.1971                            25 1.25900E-06 9.28300E-04
n-Rh103-MT151-Carlson-102110033A001.1971                        25 1.25900E-06 9.28300E-04
n-Rh103-MT151-Carlson-102110034.1971                            15 1.54300E-04 9.28300E-04
n-Rh103-MT151-Carlson-102110034A001.1971                        15 1.54300E-04 9.28300E-04
n-Rh103-MT151-Carlson-10211006.1971                              2 1.21500E-02 1.21500E-02
n-Rh103-MT151-Carlson-10211006A001.1971                          2 1.21500E-02 1.21500E-02
n-Rh103-MT151-Dilg-20583033.1972                                 1 2.70000E-03 2.70000E-03
n-Rh103-MT151-Fleck-207470021.1970                               1 1.25700E-06 1.25700E-06
n-Rh103-MT151-Haste-207080021.1975                              30 1.30000E-06 1.27240E-03
n-Rh103-MT151-Haste-207080022.1975                              30 1.30000E-06 1.27240E-03
n-Rh103-MT151-Hockenbury-104350121.1975                          1 1.51827E-01 1.51827E-01
n-Rh103-MT151-Hockenbury-104350121A001.1975                      1 1.51827E-01 1.51827E-01
n-Rh103-MT151-Hockenbury-104350122.1975                          1 1.51827E-01 1.51827E-01
n-Rh103-MT151-Hockenbury-104350122A001.1975                      1 1.51827E-01 1.51827E-01
n-Rh103-MT151-Hockenbury-10435013.1975                           2 1.51827E-01 1.51827E-01
n-Rh103-MT151-Hockenbury-10435013A001.1975                       2 1.51827E-01 1.51827E-01
n-Rh103-MT151-Hornbostel-146720022.1940                          1 1.25900E-06 1.25900E-06
n-Rh103-MT151-Hornbostel-146720023.1940                          1 1.25900E-06 1.25900E-06
n-Rh103-MT151-Kapchigashev-40778036.1966                         1 2.50000E-02 2.50000E-02
n-Rh103-MT151-King-100400021.1969                                7 1.54400E-04 5.55000E-04
n-Rh103-MT151-King-100400021A001.1969                            7 1.54400E-04 5.55000E-04
n-Rh103-MT151-King-100400022.1969                                7 1.54400E-04 5.55000E-04
n-Rh103-MT151-King-100400022A001.1969                            7 1.54400E-04 5.55000E-04
n-Rh103-MT151-King-100400023.1969                                7 1.54400E-04 5.55000E-04
n-Rh103-MT151-King-100400023A001.1969                            7 1.54400E-04 5.55000E-04
n-Rh103-MT151-King-100400024.1969                                7 1.54400E-04 5.55000E-04
n-Rh103-MT151-King-100400024A001.1969                            7 1.54400E-04 5.55000E-04
n-Rh103-MT151-Macklin-108750091.1980                             3 3.45350E-03 3.45350E-03
n-Rh103-MT151-Macklin-108750091A001.1980                         3 3.45350E-03 3.45350E-03
n-Rh103-MT151-Manley-146710022.1939                              1 2.00000E-06 2.00000E-06
n-Rh103-MT151-Manley-146710023.1939                              1 2.00000E-06 2.00000E-06
n-Rh103-MT151-Mihailescu-229860042.2007                          1 5.10000E-02 5.10000E-02
n-Rh103-MT151-Mihailescu-229860044.2007                          1 5.10000E-02 5.10000E-02
n-Rh103-MT151-Moxon-209140031.1968                               6 1.84500E-04 2.85200E-04
n-Rh103-MT151-Moxon-209140032.1968                               9 9.47000E-05 2.67800E-04
n-Rh103-MT151-Pattenden-20912003.1963                            1 1.59355E-04 1.59355E-04
n-Rh103-MT151-Pattenden-20912004.1963                            1 1.59355E-04 1.59355E-04
n-Rh103-MT151-Pattenden-20912005.1963                            1 1.59355E-04 1.59355E-04
n-Rh103-MT151-Pattenden-209120062.1963                          14 3.44000E-05 2.90000E-04
n-Rh103-MT151-Pattenden-215230021.1958                           1 1.25500E-06 1.25500E-06
n-Rh103-MT151-Popov-40934040.1985                                1 1.27400E-04 1.27400E-04
n-Rh103-MT151-Popov-40934051.1985                                2 1.27400E-04 1.27400E-04
n-Rh103-MT151-Ramakrishna-30094006.1968                          1 1.25300E-06 1.25300E-06
n-Rh103-MT151-Ramakrishna-30094007.1968                          1 1.25300E-06 1.25300E-06
n-Rh103-MT151-Ribon-20146002.1970                              123 3.44100E-05 4.14030E-03
n-Rh103-MT151-Ribon-20146003.1970                                1 2.07060E-03 2.07060E-03
n-Rh103-MT151-Ribon-20146005.1970                              123 3.44100E-05 4.14030E-03
n-Rh103-MT151-Ribon-20146006.1970                               64 4.68500E-05 4.14030E-03
n-Rh103-MT151-Ribon-20146007.1970                              118 3.44100E-05 4.14030E-03
n-Rh103-MT151-Ribon-20146009.1970                                1 2.07060E-03 2.07060E-03
n-Rh103-MT151-Ribon-20146010.1970                                2 2.07060E-03 2.07060E-03
n-Rh103-MT151-Ribon-20146011.1970                                2 2.07060E-03 2.07060E-03
n-Rh103-MT151-Ribon-20146012.1970                                3 3.67000E-04 1.02500E-03
n-Rh103-MT151-Ribon-20146013.1970                                1 2.07060E-03 2.07060E-03
n-Rh103-MT151-Rimawi-100770021.1970                              1 9.56000E-05 9.56000E-05
n-Rh103-MT151-Rimawi-100770021A001.1970                          1 9.56000E-05 9.56000E-05
n-Rh103-MT151-Sailor-119320021.1953                              1 1.26000E-06 1.26000E-06
n-Rh103-MT151-Sailor-119320023.1953                              1 1.26000E-06 1.26000E-06
n-Rh103-MT151-Sailor-119320024.1953                              1 1.26000E-06 1.26000E-06
n-Rh103-MT151-Seth-11665016.1964                                 2 3.26500E-01 3.26500E-01
n-Rh103-MT151-Smith-142850021.1999                             155 3.44600E-05 2.01940E-03
n-Rh103-MT151-Smith-142850022.1999                              40 4.68400E-05 2.01940E-03
n-Rh103-MT151-Smith-142850023.1999                             155 3.44600E-05 2.01940E-03
n-Rh103-MT151-Smith-142850024.1999                             142 3.44600E-05 2.01940E-03
n-Rh103-MT151-Smith-142850025.1999                              15 3.44600E-05 1.98080E-03
n-Rh103-MT151-Smith-142850026.1999                             155 3.44600E-05 2.01940E-03
n-Rh103-MT151-Sturm-12136002.1947                                1 1.28000E-06 1.28000E-06
n-Rh103-MT151-Uttley-21088012.1966                               3 5.00050E-01 5.00050E-01
n-Rh103-MT151-WANNAYYAN'''-413470021.1963                       26 3.44000E-05 8.43000E-04
n-Rh103-MT151-WANNAYYAN'''-413470022.1963                       17 3.44000E-05 3.20700E-04
n-Rh103-MT151-WANNAYYAN'''-413470023.1963                        9 4.67000E-05 3.20700E-04
n-Rh103-MT151-WANNAYYAN'''-413470024.1963                        8 9.55000E-05 3.20700E-04
n-Rh103-MT151-WANNAYYAN'''-413470025.1963                        9 4.67000E-05 3.20700E-04
n-Rh103-MT151-WANNAYYAN'''-413470026.1963                       17 3.44000E-05 3.20700E-04
n-Rh103-MT151-WANNAYYAN'''-41347004.1963                         1 1.77550E-04 1.77550E-04
n-Rh103-MT151-WANNAYYAN'''-41347005.1963                         2 1.77550E-04 1.77550E-04
