#              Filename                                         N    min         max
n-Fe000-MT004-Bakov-40131007-E0001.000.1970                      6 9.00000E+01 9.00000E+01
n-Fe000-MT004-Benjamin-11704005-E0000.950.1966                  34 9.00000E+01 9.00000E+01
n-Fe000-MT004-Bostrom-11341004-E0001.060.1959                   13 3.00000E+01 1.40000E+02
n-Fe000-MT004-Bostrom-11341004-E0004.700.1959                   10 4.00000E+01 1.40000E+02
n-Fe000-MT004-Bostrom-11341007-E0001.000.1959                   20 7.70000E+01 7.70000E+01
n-Fe000-MT004-Day-11218018-E0002.560.1956                        6 9.50000E+01 9.50000E+01
n-Fe000-MT004-Degtyarev-40505005-E0014.800.1977                 23 9.00000E+01 9.00000E+01
n-Fe000-MT004-Engesser-14325015-E0002.800.1965                   1 9.00000E+01 9.00000E+01
n-Fe000-MT004-Habbani-20667010-E0003.290.1976                    2 9.00000E+01 9.00000E+01
n-Fe000-MT004-Kinney-10682002-E0000.851.1977                   650 1.25000E+02 1.25000E+02
n-Fe000-MT004-Kinney-10682005-E0000.852.1977                   551 9.00000E+01 9.00000E+01
n-Fe000-MT004-Mckinney-13034007-E0014.400.1972                   1 9.00000E+01 9.00000E+01
n-Fe000-MT004-Morgan-11397005-E0003.300.1956                    14 1.00000E+02 1.00000E+02
n-Fe000-MT004-Morgan-11397006-E0003.700.1956                     6 1.00000E+02 1.00000E+02
n-Fe000-MT004-Muehlhause-11316005-E0001.660.1956                11 3.06834E+01 1.29792E+02
n-Fe000-MT004-Nellis-13001003-E0014.800.1962                    21 9.00000E+01 9.00000E+01
n-Fe000-MT004-Nishimura-20290002-E0003.110.1961                 55 1.00000E+02 1.00000E+02
n-Fe000-MT004-Perkin-20941008-E0003.500.1964                    48 9.00000E+01 9.00000E+01
n-Fe000-MT004-Prudhomme-11183008-E0015.000.1960                  4 6.69833E+01 9.00000E+01
n-Fe000-MT004-Rothman-11478004-E0003.700.1955                    2 9.00000E+01 9.00000E+01
n-Fe000-MT004-Scherrer-11500005-E0002.500.1955                   3 9.00000E+01 9.00000E+01
n-Fe000-MT004-Smith-106130022-E0000.887.1976                    10 8.79000E+01 8.79000E+01
n-Fe000-MT004-Smith-106130032-E0000.879.1976                    33 5.29000E+01 5.29000E+01
n-Fe000-MT004-Smith-10613004-E0000.930.1976                    127 2.88958E+01 1.33797E+02
n-Fe000-MT004-Smith-106130062-E0001.470.1976                    14 5.40000E+01 5.40000E+01
n-Fe000-MT004-Sukhanov-40041005-E0014.000.1970                   7 9.00000E+01 9.00000E+01
n-Fe000-MT004-Williams-12690004-E0004.210.1968                  24 5.50000E+01 5.50000E+01
n-Fe000-MT004-Yamamoto-21304016-E0014.800.1978                  11 1.25000E+02 1.25000E+02
