#              Filename                                         N    min         max
p-Ca040-MT651-Abegg-O0052004-E0200.000.1989                     18 3.89998E+00 2.05000E+01
p-Ca040-MT651-Bachelier-O0556003-E0156.000.1969                 24 2.50006E+00 3.47000E+01
p-Ca040-MT651-Bachelier-O0556004-E0156.000.1969                  8 2.50006E+00 3.47000E+01
p-Ca040-MT651-Ejiri-E1947002-E0055.000.1966                     24 3.00003E+00 6.31000E+01
p-Ca040-MT651-Ejiri-E1947003-E0055.000.1966                     26 3.00003E+00 6.31000E+01
p-Ca040-MT651-Ejiri-E1947004-E0055.000.1966                     25 3.00003E+00 6.32000E+01
p-Ca040-MT651-Ejiri-E1947005-E0055.000.1966                     24 3.00003E+00 6.32000E+01
p-Ca040-MT651-Ejiri-E1947006-E0055.000.1966                     25 3.00003E+00 6.33000E+01
p-Ca040-MT651-Ejiri-E1947007-E0055.000.1966                     22 3.00003E+00 5.74000E+01
p-Ca040-MT651-Hosono-E0247028-E0065.000.1980                    15 1.50000E+01 9.51000E+01
p-Ca040-MT651-Matoba-E1556003-E0065.000.1993                    14 5.67395E+00 4.64000E+01
p-Ca040-MT651-Matoba-E1556005-E0065.000.1993                    14 4.59197E+00 4.57700E+01
p-Ca040-MT651-Matoba-E1556007-E0065.000.1993                    14 3.66399E+00 4.65100E+01
p-Ca040-MT651-Matoba-E1556009-E0065.000.1993                    13 9.52299E+00 4.72800E+01
p-Ca040-MT651-Matoba-E1556011-E0065.000.1993                    14 4.43301E+00 4.63700E+01
p-Ca040-MT651-Matoba-E1556013-E0065.000.1993                    11 7.18100E+00 4.53000E+01
p-Ca040-MT651-Matoba-E1556014-E0065.000.1993                    13 3.56398E+00 4.56200E+01
p-Ca040-MT651-Matoba-E1556015-E0065.000.1993                    11 3.67498E+00 4.58500E+01
p-Ca040-MT651-Matoba-E1556019-E0065.000.1993                    12 7.68901E+00 4.64900E+01
p-Ca040-MT651-Matoba-E1556020-E0065.000.1993                    12 1.13700E+01 4.72000E+01
p-Ca040-MT651-Matoba-E1556021-E0065.000.1993                    13 4.33101E+00 4.62400E+01
p-Ca040-MT651-Matoba-E1556022-E0065.000.1993                    10 3.91302E+00 4.62200E+01
p-Ca040-MT651-Matoba-E1556027-E0065.000.1993                    14 4.97098E+00 4.64400E+01
p-Ca040-MT651-Matoba-E1556028-E0065.000.1993                    14 5.03003E+00 4.65800E+01
p-Ca040-MT651-Matoba-E1556029-E0065.000.1993                    13 4.36794E+00 4.58600E+01
p-Ca040-MT651-Matoba-E1556030-E0065.000.1993                    12 4.03299E+00 4.21300E+01
p-Ca040-MT651-Matoba-E1556031-E0065.000.1993                    13 4.13304E+00 4.55900E+01
p-Ca040-MT651-Matoba-E1556032-E0065.000.1993                    13 4.84501E+00 4.60000E+01
p-Ca040-MT651-Matoba-E1556033-E0065.000.1993                    14 5.51200E+00 4.61900E+01
p-Ca040-MT651-Matoba-E1556034-E0065.000.1993                    13 5.34504E+00 4.23200E+01
p-Ca040-MT651-Matoba-E1556035-E0065.000.1993                    14 5.24800E+00 4.62500E+01
p-Ca040-MT651-Ohnuma-E0120018-E0051.930.1980                    30 5.90000E+00 8.51000E+01
p-Ca040-MT651-Ohnuma-E0120019-E0051.930.1980                    27 5.69997E+00 8.48000E+01
p-Ca040-MT651-Smith-O0039029-E0800.000.1984                     21 5.69997E+00 2.18000E+01
