#              Filename                                         N    min         max
n-W182-MT151-Bartolome-100020171.1969                           33 2.26000E-04 2.38100E-03
n-W182-MT151-Bartolome-100020171A001.1969                       33 2.26000E-04 2.38100E-03
n-W182-MT151-Bartolome-100020172.1969                           33 2.26000E-04 2.38100E-03
n-W182-MT151-Bartolome-100020172A001.1969                       33 2.26000E-04 2.38100E-03
n-W182-MT151-Bartolome-100020173.1969                           19 1.00600E-03 2.38100E-03
n-W182-MT151-Bartolome-100020173A001.1969                       19 1.00600E-03 2.38100E-03
n-W182-MT151-Bartolome-100020251.1969                            2 1.29650E-03 1.29650E-03
n-W182-MT151-Bartolome-100020251A001.1969                        2 1.29650E-03 1.29650E-03
n-W182-MT151-Beer-12232002.1968                                  7 7.00000E-06 1.01000E-04
n-W182-MT151-Bird-21458002.1958                                  6 7.60000E-06 1.02000E-04
n-W182-MT151-Block-114580021.1966                               26 4.14000E-06 1.17000E-03
n-W182-MT151-Block-114580022.1966                               23 9.80000E-05 1.17000E-03
n-W182-MT151-Block-114580023.1966                               23 9.80000E-05 1.17000E-03
n-W182-MT151-Block-114580024.1966                               13 1.14700E-04 1.17000E-03
n-W182-MT151-Block-114580101.1966                                1 1.20000E-03 1.20000E-03
n-W182-MT151-Bowey-21117012.1957                                 3 2.11000E-05 2.59800E-04
n-W182-MT151-Camarda-105070022.1973                              1 6.62650E-03 6.62650E-03
n-W182-MT151-Camarda-105070022A001.1973                          1 6.62650E-03 6.62650E-03
n-W182-MT151-Camarda-105070061.1973                            141 4.16000E-06 1.32530E-02
n-W182-MT151-Camarda-105070061A001.1973                        141 4.16000E-06 1.32530E-02
n-W182-MT151-Camarda-105070062.1973                            140 4.16000E-06 1.32530E-02
n-W182-MT151-Camarda-105070062A001.1973                        140 4.16000E-06 1.32530E-02
n-W182-MT151-Firk-213160071.1959                                 1 1.14000E-04 1.14000E-04
n-W182-MT151-Firk-213160072.1959                                 1 1.14000E-04 1.14000E-04
n-W182-MT151-Firk-213160073.1959                                 1 1.14000E-04 1.14000E-04
n-W182-MT151-Friesenhahn-121670121.1966                          1-3.07000E-05 0.00000E+00
n-W182-MT151-Friesenhahn-121670122.1966                          1-3.07000E-05 0.00000E+00
n-W182-MT151-Friesenhahn-121670123.1966                          1-3.07000E-05 0.00000E+00
n-W182-MT151-Huynh-20677002.1959                                 1 2.12000E-05 2.12000E-05
n-W182-MT151-Ideno-20267002.1967                                 1 4.15000E-06 4.15000E-06
n-W182-MT151-Ideno-20267003.1967                                 1 4.15000E-06 4.15000E-06
n-W182-MT151-Kononov-40977014.1987                               2 2.02500E-01 2.02500E-01
n-W182-MT151-Landon-121780031.1955                               1 4.14000E-06 4.14000E-06
n-W182-MT151-Landon-121780033.1955                               1 4.14000E-06 4.14000E-06
n-W182-MT151-Landon-121780034.1955                               1 4.14000E-06 4.14000E-06
n-W182-MT151-Landon-121780035.1955                               1 4.14000E-06 4.14000E-06
n-W182-MT151-Macklin-109990021.1983                            175 2.70900E-03 9.07400E-03
n-W182-MT151-Macklin-109990021A001.1983                        175 2.70900E-03 9.07400E-03
n-W182-MT151-Macklin-109990022.1983                             29 2.79400E-03 8.73100E-03
n-W182-MT151-Macklin-109990022A001.1983                         29 2.79400E-03 8.73100E-03
n-W182-MT151-Macklin-109990023.1983                             67 2.79400E-03 9.01300E-03
n-W182-MT151-Macklin-109990023A001.1983                         67 2.79400E-03 9.01300E-03
n-W182-MT151-Paya-112380021.1964                                 2 4.17000E-06 2.10800E-05
n-W182-MT151-Paya-112380022.1964                                 2 4.17000E-06 2.10800E-05
n-W182-MT151-Paya-112380023.1964                                 2 4.17000E-06 2.10800E-05
n-W182-MT151-Paya-112380024.1964                                 2 4.17000E-06 2.10800E-05
n-W182-MT151-Paya-112380051.1964                                 2 4.16000E-06 2.10900E-05
n-W182-MT151-Paya-112380052.1964                                 2 4.16000E-06 2.10900E-05
n-W182-MT151-Paya-112380053.1964                                 2 4.16000E-06 2.10900E-05
n-W182-MT151-Paya-112380054.1964                                 2 4.16000E-06 2.10900E-05
n-W182-MT151-Schwartz-121520031.1956                             7 4.14000E-06 3.84000E-04
n-W182-MT151-Schwartz-121520032.1956                             2 4.14000E-06 2.12000E-05
n-W182-MT151-Schwartz-121520033.1956                             4 4.14000E-06 2.53000E-04
n-W182-MT151-Selove-121680072.1951                               1 4.00000E-06 4.00000E-06
n-W182-MT151-Vorona-322220041.2008                               2 4.14000E-06 2.10300E-05
n-W182-MT151-Vorona-322220042.2008                               2 4.14000E-06 2.10300E-05
n-W182-MT151-Vorona-322220043.2008                               2 4.14000E-06 2.10300E-05
n-W182-MT151-Waters-213170021.1959                               3 4.14000E-06 1.14000E-04
n-W182-MT151-Waters-213170022.1959                               3 4.14000E-06 1.14000E-04
n-W182-MT151-Waters-213170023.1959                               3 4.14000E-06 1.14000E-04
