#              Filename                                         N    min         max
p-Se074-MT002-Shibuya-E1033002-ang-E0002.858.1984               33 9.00000E+01 9.00000E+01
p-Se074-MT002-Shibuya-E1033003-ang-E0002.858.1984               36 1.25000E+02 1.25000E+02
p-Se074-MT002-Shibuya-E1033004-ang-E0002.857.1984               36 1.65000E+02 1.65000E+02
p-Se074-MT002-Shibuya-E1033005-ang-E0003.182.1984               35 9.00000E+01 9.00000E+01
p-Se074-MT002-Shibuya-E1033006-ang-E0003.182.1984               37 1.25000E+02 1.25000E+02
p-Se074-MT002-Shibuya-E1033007-ang-E0003.181.1984               44 1.65000E+02 1.65000E+02
p-Se074-MT002-Shibuya-E1033008-ang-E0003.722.1984               29 9.00000E+01 9.00000E+01
p-Se074-MT002-Shibuya-E1033009-ang-E0003.722.1984               32 1.25000E+02 1.25000E+02
p-Se074-MT002-Shibuya-E1033010-ang-E0003.720.1984               36 1.65000E+02 1.65000E+02
p-Se074-MT002-Shibuya-E1033011-ang-E0003.831.1984               30 9.00000E+01 9.00000E+01
p-Se074-MT002-Shibuya-E1033012-ang-E0003.831.1984               34 1.25000E+02 1.25000E+02
p-Se074-MT002-Shibuya-E1033013-ang-E0003.831.1984               36 1.65000E+02 1.65000E+02
p-Se074-MT002-Shibuya-E1033014-ang-E0003.922.1984               35 9.00000E+01 9.00000E+01
p-Se074-MT002-Shibuya-E1033015-ang-E0003.931.1984               39 1.25000E+02 1.25000E+02
p-Se074-MT002-Shibuya-E1033016-ang-E0003.921.1984               49 1.65000E+02 1.65000E+02
p-Se074-MT002-Shibuya-E1033017-ang-E0004.140.1984               48 9.00000E+01 9.00000E+01
p-Se074-MT002-Shibuya-E1033018-ang-E0004.141.1984               34 1.25000E+02 1.25000E+02
p-Se074-MT002-Shibuya-E1033019-ang-E0004.141.1984               50 1.65000E+02 1.65000E+02
p-Se074-MT002-Shibuya-E1033020-ang-E0004.357.1984               31 9.00000E+01 9.00000E+01
p-Se074-MT002-Shibuya-E1033021-ang-E0004.356.1984               24 1.25000E+02 1.25000E+02
p-Se074-MT002-Shibuya-E1033022-ang-E0004.352.1984               47 1.65000E+02 1.65000E+02
