#              Filename                                         N    min         max
d-N014-MT800-Amsel-D0127003-E0000.597.1969                     185 1.50000E+02 1.50000E+02
d-N014-MT800-Boehle-F0719005-E0002.002.1967                     54 9.00000E+01 9.00000E+01
d-N014-MT800-Debras-D0144004-E0000.604.1977                    209 1.35000E+02 1.35000E+02
d-N014-MT800-Dragunov-F0388003-E0011.300.1966                   12 1.45000E+01 1.33000E+02
d-N014-MT800-Dragunov-F0388003-E0012.600.1966                   15 1.34000E+01 1.59000E+02
d-N014-MT800-Dragunov-F0388005-E0007.398.1966                    1 4.00000E+01 9.00000E+01
d-N014-MT800-Dragunov-F0388005-E0007.435.1966                    1 4.00000E+01 4.00000E+01
d-N014-MT800-Gomesporto-F0718005-E0001.033.1969                  1 4.87000E+01 1.18300E+02
d-N014-MT800-Gomesporto-F0718005-E0001.048.1969                  1 1.18300E+02 1.67600E+02
d-N014-MT800-Gomesporto-F0718005-E0001.056.1969                  1 8.20000E+01 1.67600E+02
d-N014-MT800-Gomesporto-F0718005-E0001.064.1969                  1 8.20000E+01 1.67600E+02
d-N014-MT800-Gomesporto-F0718005-E0001.073.1969                  1 1.18300E+02 1.67600E+02
d-N014-MT800-Gomesporto-F0718005-E0001.075.1969                  1 4.87000E+01 1.18300E+02
d-N014-MT800-Gomesporto-F0718005-E0001.081.1969                  1 4.87000E+01 8.20000E+01
d-N014-MT800-Gomesporto-F0718005-E0001.086.1969                  1 8.20000E+01 1.67600E+02
d-N014-MT800-Gomesporto-F0718005-E0001.088.1969                  1 1.18300E+02 1.67600E+02
d-N014-MT800-Gomesporto-F0718005-E0001.093.1969                  1 1.18300E+02 1.67600E+02
d-N014-MT800-Gomesporto-F0718005-E0001.096.1969                  1 4.87000E+01 1.67600E+02
d-N014-MT800-Gomesporto-F0718005-E0001.104.1969                  1 4.87000E+01 1.67600E+02
d-N014-MT800-Gomesporto-F0718005-E0001.105.1969                  1 1.67600E+02 1.67600E+02
d-N014-MT800-Gurbich-D0448002-E0000.700.2008                   145 1.50000E+02 1.50000E+02
d-N014-MT800-Hu-E2220007-E0010.900.1960                         12 1.99000E+01 1.29400E+02
d-N014-MT800-Hu-E2220008-E0011.100.1960                         11 2.01000E+01 1.20200E+02
d-N014-MT800-Hu-E2220009-E0011.400.1960                         13 1.97000E+01 1.29700E+02
d-N014-MT800-Ignatenko-F0836002-E0015.400.1999                  32 1.77000E+01 1.61800E+02
d-N014-MT800-Ignatenko-F0836003-E0010.774.1999                   1 9.00000E+01 1.55000E+02
d-N014-MT800-Ignatenko-F0836003-E0010.827.1999                   1 3.50000E+01 9.00000E+01
d-N014-MT800-Ignatenko-F0836003-E0011.034.1999                   1 3.50000E+01 9.00000E+01
d-N014-MT800-Ignatenko-F0836003-E0011.114.1999                   2 3.50000E+01 1.55000E+02
d-N014-MT800-Ignatenko-F0836003-E0011.374.1999                   1 3.50000E+01 9.00000E+01
d-N014-MT800-Ignatenko-F0836003-E0011.454.1999                   2 3.50000E+01 1.55000E+02
d-N014-MT800-Ignatenko-F0836003-E0011.688.1999                   1 3.50000E+01 9.00000E+01
d-N014-MT800-Ignatenko-F0836003-E0011.794.1999                   2 3.50000E+01 1.55000E+02
d-N014-MT800-Ignatenko-F0836003-E0012.028.1999                   1 3.50000E+01 1.55000E+02
d-N014-MT800-Ignatenko-F0836003-E0012.108.1999                   1 9.00000E+01 1.55000E+02
d-N014-MT800-Ignatenko-F0836003-E0012.160.1999                   1 3.50000E+01 9.00000E+01
d-N014-MT800-Ignatenko-F0836003-E0012.342.1999                   1 3.50000E+01 1.55000E+02
d-N014-MT800-Ignatenko-F0836003-E0012.422.1999                   1 9.00000E+01 1.55000E+02
d-N014-MT800-Ignatenko-F0836003-E0012.448.1999                   1 3.50000E+01 9.00000E+01
d-N014-MT800-Ignatenko-F0836003-E0012.656.1999                   1 3.50000E+01 1.55000E+02
d-N014-MT800-Ignatenko-F0836003-E0012.709.1999                   1 9.00000E+01 1.55000E+02
d-N014-MT800-Ignatenko-F0836003-E0012.762.1999                   1 3.50000E+01 9.00000E+01
d-N014-MT800-Ignatenko-F0836003-E0012.943.1999                   1 3.50000E+01 1.55000E+02
d-N014-MT800-Ignatenko-F0836003-E0013.023.1999                   1 9.00000E+01 1.55000E+02
d-N014-MT800-Ignatenko-F0836003-E0013.049.1999                   1 3.50000E+01 9.00000E+01
d-N014-MT800-Ignatenko-F0836003-E0013.257.1999                   1 3.50000E+01 1.55000E+02
d-N014-MT800-Ignatenko-F0836003-E0013.337.1999                   1 3.50000E+01 1.55000E+02
d-N014-MT800-Ignatenko-F0836003-E0013.388.1999                   1 3.50000E+01 9.00000E+01
d-N014-MT800-Ignatenko-F0836003-E0013.389.1999                   1 3.50000E+01 9.00000E+01
d-N014-MT800-Ignatenko-F0836003-E0013.571.1999                   1 3.50000E+01 1.55000E+02
d-N014-MT800-Ignatenko-F0836003-E0013.650.1999                   1 9.00000E+01 1.55000E+02
d-N014-MT800-Ignatenko-F0836003-E0013.677.1999                   1 3.50000E+01 9.00000E+01
d-N014-MT800-Ignatenko-F0836003-E0013.702.1999                   1 3.50000E+01 3.50000E+01
d-N014-MT800-Ishimatsu-E1977002-E0001.102.1962                  67 9.00000E+01 9.00000E+01
d-N014-MT800-Ishimatsu-E2227002-E0001.480.1961                  10 1.54000E+01 1.50400E+02
d-N014-MT800-Ishimatsu-E2227003-E0001.730.1961                  10 1.48000E+01 1.50400E+02
d-N014-MT800-Ishimatsu-E2227004-E0001.940.1961                  10 1.47000E+01 1.49100E+02
d-N014-MT800-Ishimatsu-E2227005-E0002.230.1961                  10 1.39000E+01 1.49500E+02
d-N014-MT800-Ishimatsu-E2227006-E0002.490.1961                  10 1.45000E+01 1.49000E+02
d-N014-MT800-Ishimatsu-E2227007-E0002.740.1961                  10 1.46000E+01 1.49400E+02
d-N014-MT800-Ishimatsu-E2227008-E0003.020.1961                  10 1.45000E+01 1.49300E+02
d-N014-MT800-Ishimatsu-E2227009-E0001.480.1961                  13 3.00000E+01 3.00000E+01
d-N014-MT800-Kawai-E2219002-E0001.430.1960                       8 1.49000E+01 1.17700E+02
d-N014-MT800-Kawai-E2219003-E0001.710.1960                       7 1.45000E+01 1.17800E+02
d-N014-MT800-Kawai-E2219004-E0001.930.1960                       8 1.43000E+01 1.17100E+02
d-N014-MT800-Kawai-E2219005-E0002.220.1960                       7 1.41000E+01 1.02900E+02
d-N014-MT800-Kawai-E2219006-E0002.490.1960                       7 1.34000E+01 1.02000E+02
d-N014-MT800-Kawai-E2219007-E0002.620.1960                       7 1.37000E+01 1.01400E+02
d-N014-MT800-Kawai-E2219008-E0002.740.1960                       7 1.39000E+01 1.02700E+02
d-N014-MT800-Kawai-E2219009-E0002.900.1960                       7 1.41000E+01 1.02600E+02
d-N014-MT800-Koenig-D0395002-E0002.620.1977                    552 6.00000E+01 6.00000E+01
d-N014-MT800-Koenig-D0395004-E0002.616.1977                    524 9.00000E+01 9.00000E+01
d-N014-MT800-Koenig-D0395006-E0000.532.1977                     83 6.00000E+01 6.00000E+01
d-N014-MT800-Koenig-D0395008-E0000.621.1977                     65 9.00000E+01 9.00000E+01
d-N014-MT800-Koenig-D0395010-E0000.681.1977                    532 1.20000E+02 1.20000E+02
d-N014-MT800-Koenig-D0395012-E0000.900.1977                    431 1.50000E+02 1.50000E+02
d-N014-MT800-Koenig-D0395014-E0002.700.1977                     12 6.05000E+01 1.64800E+02
d-N014-MT800-Koenig-D0395014-E0002.720.1977                     11 6.02000E+01 1.65800E+02
d-N014-MT800-Koenig-D0395014-E0002.740.1977                     12 6.01000E+01 1.65500E+02
d-N014-MT800-Koenig-D0395014-E0002.760.1977                     11 6.01000E+01 1.65600E+02
d-N014-MT800-Mansour-F1057002-E0001.103.1964                    14 9.00000E+01 9.00000E+01
d-N014-MT800-Mansour-F1057007-E0001.010.1964                    26 2.00000E+01 2.00000E+01
d-N014-MT800-Mansour-F1057008-E0001.100.1964                    16 1.77000E+01 1.50000E+02
d-N014-MT800-Mansour-F1057008-E0001.200.1964                    16 1.77000E+01 1.49300E+02
d-N014-MT800-Mansour-F1057008-E0001.300.1964                    16 1.79000E+01 1.49400E+02
d-N014-MT800-Mansour-F1057008-E0001.400.1964                    16 1.79000E+01 1.48100E+02
d-N014-MT800-Mansour-F1057008-E0001.500.1964                    16 1.82000E+01 1.48500E+02
d-N014-MT800-Pellegrino-O1196002-E0000.500.2004                 35 1.50000E+02 1.50000E+02
d-N014-MT800-Yanabu-E2230003-E0014.700.1961                     16 2.16000E+01 1.60400E+02
