#              Filename                                         N    min         max
p-C012-MT002-ANZhuu-S0046002-ang-E0022.000.2003                 24 3.00000E+01 1.15000E+02
p-C012-MT002-Abriola-O1909002-ang-E0002.693.2011               244 1.50000E+02 1.70000E+02
p-C012-MT002-Alekseev-O0267002-ang-E0005.350.1974               44 1.24700E+02 1.24700E+02
p-C012-MT002-Alekseev-O0267004-ang-E0005.550.1974                8 4.81000E+01 1.51800E+02
p-C012-MT002-Alekseev-O0267004-ang-E0005.650.1974                8 4.81000E+01 1.51600E+02
p-C012-MT002-Alekseev-O0267004-ang-E0005.750.1974                9 4.90000E+01 1.51700E+02
p-C012-MT002-Alekseev-O0267004-ang-E0005.950.1974                9 4.84000E+01 1.51400E+02
p-C012-MT002-Alekseev-O0267004-ang-E0006.050.1974                9 4.82000E+01 1.50300E+02
p-C012-MT002-Alekseev-O0267004-ang-E0006.150.1974                9 4.82000E+01 1.50700E+02
p-C012-MT002-Alkhazov-F0690002-ang-E1000.000.1972               31 8.80000E+00 2.70000E+01
p-C012-MT002-Alkhazov-F0690004-ang-E1000.000.1972               45 4.90001E+00 2.39000E+01
p-C012-MT002-Amirikas-D0107002-ang-E0000.996.1993              229 1.10000E+02 1.70000E+02
p-C012-MT002-Armstrong-F1072002-ang-E0001.482.1966              59 2.31000E+01 2.31000E+01
p-C012-MT002-Armstrong-F1072003-ang-E0001.482.1966              63 3.24000E+01 3.24000E+01
p-C012-MT002-Armstrong-F1072004-ang-E0001.481.1966              57 4.18000E+01 4.18000E+01
p-C012-MT002-Armstrong-F1072005-ang-E0001.480.1966              60 5.10000E+01 5.10000E+01
p-C012-MT002-Armstrong-F1072006-ang-E0001.482.1966              51 6.56000E+01 6.56000E+01
p-C012-MT002-Armstrong-F1072007-ang-E0001.483.1966               1 7.53000E+01 8.52000E+01
p-C012-MT002-Armstrong-F1072007-ang-E0001.484.1966               1 7.53000E+01 8.52000E+01
p-C012-MT002-Armstrong-F1072007-ang-E0001.502.1966               2 7.53000E+01 1.21100E+02
p-C012-MT002-Armstrong-F1072007-ang-E0001.502A001.1966           1 7.53000E+01 8.52000E+01
p-C012-MT002-Armstrong-F1072007-ang-E0001.521.1966               1 7.53000E+01 8.52000E+01
p-C012-MT002-Armstrong-F1072007-ang-E0001.523.1966               1 7.53000E+01 1.21100E+02
p-C012-MT002-Armstrong-F1072007-ang-E0001.541.1966               1 8.52000E+01 1.21100E+02
p-C012-MT002-Armstrong-F1072007-ang-E0001.541A001.1966           1 7.53000E+01 8.52000E+01
p-C012-MT002-Armstrong-F1072007-ang-E0001.543.1966               1 7.53000E+01 8.52000E+01
p-C012-MT002-Armstrong-F1072007-ang-E0001.560.1966               1 7.53000E+01 8.52000E+01
p-C012-MT002-Armstrong-F1072007-ang-E0001.562.1966               1 7.53000E+01 8.52000E+01
p-C012-MT002-Armstrong-F1072007-ang-E0001.580.1966               1 7.53000E+01 8.52000E+01
p-C012-MT002-Armstrong-F1072007-ang-E0001.583.1966               1 7.53000E+01 1.21100E+02
p-C012-MT002-Armstrong-F1072007-ang-E0001.585.1966               1 7.53000E+01 1.21100E+02
p-C012-MT002-Armstrong-F1072007-ang-E0001.597.1966               1 7.53000E+01 8.52000E+01
p-C012-MT002-Armstrong-F1072007-ang-E0001.601.1966               1 8.52000E+01 8.52000E+01
p-C012-MT002-Armstrong-F1072008-ang-E0001.585.1966               1 2.31000E+01 1.21100E+02
p-C012-MT002-Armstrong-F1072008-ang-E0001.600.1966               1 2.31000E+01 8.52000E+01
p-C012-MT002-Armstrong-F1072009-ang-E0001.603.1966               1 5.10000E+01 6.56000E+01
p-C012-MT002-Armstrong-F1072009-ang-E0001.615.1966               1 4.18000E+01 5.10000E+01
p-C012-MT002-Armstrong-F1072009-ang-E0001.632.1966               1 3.24000E+01 4.18000E+01
p-C012-MT002-Armstrong-F1072009-ang-E0001.662.1966               1 2.31000E+01 3.24000E+01
p-C012-MT002-Armstrong-F1072009-ang-E0001.688.1966               1 2.31000E+01 1.21100E+02
p-C012-MT002-Armstrong-F1072009-ang-E0001.695.1966               1 8.52000E+01 1.21100E+02
p-C012-MT002-Armstrong-F1072009-ang-E0001.725.1966               2 7.53000E+01 8.52000E+01
p-C012-MT002-Armstrong-F1072010-ang-E0001.692.1966               1 6.56000E+01 7.53000E+01
p-C012-MT002-Armstrong-F1072010-ang-E0001.698.1966               1 5.10000E+01 6.56000E+01
p-C012-MT002-Armstrong-F1072010-ang-E0001.710.1966               1 4.18000E+01 5.10000E+01
p-C012-MT002-Armstrong-F1072010-ang-E0001.738.1966               1 3.24000E+01 4.18000E+01
p-C012-MT002-Armstrong-F1072010-ang-E0001.747.1966               1 3.24000E+01 1.21100E+02
p-C012-MT002-Armstrong-F1072010-ang-E0001.755.1966               1 2.31000E+01 1.21100E+02
p-C012-MT002-Armstrong-F1072010-ang-E0001.766.1966               2 2.31000E+01 8.52000E+01
p-C012-MT002-Azhgirey-F0989003-ang-E0660.000.1963               12 1.79100E+00 8.97599E+00
p-C012-MT002-Barnard-O0256002-ang-E0002.390.1966                19 3.87000E+01 1.57300E+02
p-C012-MT002-Barnard-O0256003-ang-E0002.970.1966                19 2.85000E+01 1.57300E+02
p-C012-MT002-Barnard-O0256004-ang-E0003.970.1966                21 3.01000E+01 1.57300E+02
p-C012-MT002-Barnard-O0256005-ang-E0004.990.1966                18 2.15000E+01 1.57300E+02
p-C012-MT002-Barnard-O0256006-ang-E0005.660.1966                16 3.01000E+01 1.51900E+02
p-C012-MT002-Barnard-O0256007-ang-E0006.180.1966                17 2.15000E+01 1.52800E+02
p-C012-MT002-Barnard-O0256008-ang-E0006.650.1966                16 2.93000E+01 1.52800E+02
p-C012-MT002-Barnard-O0256009-ang-E0006.770.1966                22 2.62000E+01 1.58200E+02
p-C012-MT002-Barnard-O0256010-ang-E0008.070.1966                17 2.39000E+01 1.62800E+02
p-C012-MT002-Barnard-O0256011-ang-E0008.390.1966                12 2.32000E+01 1.42900E+02
p-C012-MT002-Barnard-O0256012-ang-E0008.960.1966                17 2.24000E+01 1.53700E+02
p-C012-MT002-Barnard-O0256013-ang-E0009.390.1966                 9 3.17000E+01 1.42000E+02
p-C012-MT002-Barnard-O0256014-ang-E0009.810.1966                23 1.92000E+01 1.59100E+02
p-C012-MT002-Barnard-O0256015-ang-E0011.600.1966                22 1.87000E+01 1.58200E+02
p-C012-MT002-Batty-D0301002-ang-E0970.000.1959                  15 1.50011E+00 4.99999E+00
p-C012-MT002-Bertrand-C0925012-ang-E0029.000.1973                2 1.21000E+01 4.84000E+01
p-C012-MT002-Bertrand-C0925012-ang-E0039.000.1973                3 1.30000E+01 9.50000E+01
p-C012-MT002-Bertrand-C0925012-ang-E0061.000.1973               19 1.30000E+01 1.61700E+02
p-C012-MT002-Blanpied-C0065002-ang-E0800.000.1981               92 3.60000E+00 6.29000E+01
p-C012-MT002-Blanpied-C0071002-ang-E0800.000.1978              142 2.39988E+00 3.74000E+01
p-C012-MT002-Caciolli-O1409003-ang-E0003.005.2006              163 1.50000E+02 1.50000E+02
p-C012-MT002-Clarke-O0480002-ang-E0049.500.1970                 26 1.07300E+02 1.74300E+02
p-C012-MT002-Comfort-C0585002-ang-E0121.800.1980                25 6.10002E+00 5.64000E+01
p-C012-MT002-Comfort-C0585003-ang-E0122.000.1980                14 1.85000E+01 5.41000E+01
p-C012-MT002-Comparat-O0049002-ang-E0156.000.1974               34 3.10009E+00 6.04000E+01
p-C012-MT002-Daehnick-D0511002-ang-E0013.600.1964                5 7.01000E+01 1.30100E+02
p-C012-MT002-Daehnick-D0511002-ang-E0013.800.1964                5 7.01000E+01 1.60100E+02
p-C012-MT002-Darrigo-F0531003-ang-E0000.002.1993                49 7.53000E+01 7.53000E+01
p-C012-MT002-Dayton-O0262003-ang-E0018.428.1956                 35 1.51000E+01 1.72100E+02
p-C012-MT002-Drigo-F0904002-ang-E0004.491.1964                  45 5.01000E+01 1.30200E+02
p-C012-MT002-Duvanov-F0565002-ang-E0001.650.1996                31 1.70000E+02 1.70000E+02
p-C012-MT002-Eremin-F0533002-ang-E0001.570.1990                 67 1.47400E+02 1.47400E+02
p-C012-MT002-Fabre-F0202002-ang-E0001.604.1994                  74 8.70000E+01 1.62000E+02
p-C012-MT002-Fabrici-O1198010-ang-E0035.200.1980                23 1.50000E+01 1.65000E+02
p-C012-MT002-Fannon-O0056002-ang-E0049.480.1967                 54 1.00000E+01 1.44100E+02
p-C012-MT002-Fujisawa-E1406011-ang-E0028.700.1981               12 3.01000E+01 1.57600E+02
p-C012-MT002-Fujisawa-E1406012-ang-E0026.200.1981                9 4.51000E+01 1.45000E+02
p-C012-MT002-Fujisawa-E1406013-ang-E0024.100.1981               17 3.01000E+01 1.65100E+02
p-C012-MT002-Fujisawa-E1406064-ang-E0022.050.1981                8 1.50000E+02 1.50000E+02
p-C012-MT002-Fujisawa-E1406065-ang-E0022.050.1981               13 1.35000E+02 1.35000E+02
p-C012-MT002-Fujisawa-E1406066-ang-E0022.050.1981                8 1.20000E+02 1.20000E+02
p-C012-MT002-Fujisawa-E1406067-ang-E0022.050.1981               13 1.05000E+02 1.05000E+02
p-C012-MT002-Fujisawa-E1406068-ang-E0022.050.1981               13 7.50000E+01 7.50000E+01
p-C012-MT002-Fujisawa-E1406069-ang-E0022.050.1981                8 6.00000E+01 6.00000E+01
p-C012-MT002-Fujisawa-E1406070-ang-E0022.050.1981               13 4.50000E+01 4.50000E+01
p-C012-MT002-Garron-O0360002-ang-E0155.000.1960                  4 1.50000E+01 3.00000E+01
p-C012-MT002-Generalov-F1449002-ang-E0003.980.2017              75 1.60000E+02 1.60000E+02
p-C012-MT002-Geramb-F0740002-ang-E0019.972.1975                  1 6.00000E+01 1.35000E+02
p-C012-MT002-Geramb-F0740002-ang-E0020.011.1975                  1 6.00000E+01 1.35000E+02
p-C012-MT002-Geramb-F0740002-ang-E0020.518.1975                  1 1.35000E+02 1.35000E+02
p-C012-MT002-Gerke-F1090007-ang-E0001.365.1966                  32 1.02000E+01 1.65600E+02
p-C012-MT002-Gerke-F1090007-ang-E0001.548.1966                  32 1.04000E+01 1.65300E+02
p-C012-MT002-Gerke-F1090007-ang-E0001.734.1966                  32 1.07000E+01 1.66700E+02
p-C012-MT002-Gerke-F1090007-ang-E0001.917.1966                  32 1.06000E+01 1.65000E+02
p-C012-MT002-Gerke-F1090007-ang-E0002.195.1966                  32 1.06000E+01 1.65200E+02
p-C012-MT002-Girod-F0471003-ang-E0019.900.1970                  19 2.07000E+01 1.42400E+02
p-C012-MT002-Girod-F0471003-ang-E0021.200.1970                  25 2.19000E+01 1.52500E+02
p-C012-MT002-Girod-F0471003-ang-E0022.650.1970                  23 2.06000E+01 1.52800E+02
p-C012-MT002-Girod-F0471003-ang-E0024.100.1970                  24 2.06000E+01 1.55900E+02
p-C012-MT002-Girod-F0471003-ang-E0024.400.1970                  25 2.09000E+01 1.48300E+02
p-C012-MT002-Girod-F0471003-ang-E0026.100.1970                  29 2.15000E+01 1.59400E+02
p-C012-MT002-Girod-F0471003-ang-E0027.000.1970                  25 2.65000E+01 1.53400E+02
p-C012-MT002-Girod-F0471003-ang-E0028.850.1970                  34 2.65000E+01 1.70400E+02
p-C012-MT002-Grantsev-A0192004-ang-E0048.500.1983               81 7.60001E+00 8.64000E+01
p-C012-MT002-Greaves-O0473002-ang-E0030.400.1972                30 1.95000E+01 1.65500E+02
p-C012-MT002-Gul-D0655005-ang-E0001.000.2011                   133 1.10000E+02 1.10000E+02
p-C012-MT002-Guratzsch-O1242003-ang-E0007.000.1969              29 1.18000E+01 1.62600E+02
p-C012-MT002-Hannen-O1177003-ang-E0150.000.2003                 19 3.30002E+00 2.58000E+01
p-C012-MT002-Harada-E1761103-ang-E0026.000.1999                 14 2.01000E+01 1.49800E+02
p-C012-MT002-Heiberg-O04550021-ang-E0424.000.1957               14 5.69997E+00 2.00000E+01
p-C012-MT002-Heiberg-O04550022-ang-E0424.000.1957               14 5.69997E+00 2.00000E+01
p-C012-MT002-Hoffmann-C0140002-ang-E0494.000.1990              114 4.59998E+00 3.40000E+01
p-C012-MT002-Ieiri-E2076002-ang-E0021.100.1987                  24 2.26000E+01 8.01000E+01
p-C012-MT002-Ieiri-E2076004-ang-E0022.300.1987                  23 2.26000E+01 7.76000E+01
p-C012-MT002-Ieiri-E2076006-ang-E0023.500.1987                  23 2.26000E+01 7.76000E+01
p-C012-MT002-Ieiri-E2076008-ang-E0024.600.1987                  24 2.26000E+01 8.01000E+01
p-C012-MT002-Ieiri-E2076010-ang-E0026.400.1987                  23 2.26000E+01 7.76000E+01
p-C012-MT002-Ieiri-E2076012-ang-E0028.100.1987                  23 2.26000E+01 8.02000E+01
p-C012-MT002-Ieiri-E2076014-ang-E0029.700.1987                  24 2.26000E+01 8.02000E+01
p-C012-MT002-Ieiri-E2076016-ang-E0032.700.1987                  23 2.26000E+01 7.76000E+01
p-C012-MT002-Ieiri-E2076018-ang-E0034.500.1987                  27 1.51000E+01 8.02000E+01
p-C012-MT002-Ieiri-E2076020-ang-E0039.600.1987                  27 1.51000E+01 8.02000E+01
p-C012-MT002-Ieiri-E2076022-ang-E0044.700.1987                  27 1.51000E+01 8.02000E+01
p-C012-MT002-Ieiri-E2076024-ang-E0049.600.1987                  28 1.51000E+01 8.27000E+01
p-C012-MT002-Ieiri-E2076026-ang-E0054.400.1987                  24 1.51000E+01 7.52000E+01
p-C012-MT002-Ieiri-E2076028-ang-E0059.500.1987                  26 1.51000E+01 7.78000E+01
p-C012-MT002-Ieiri-E2076030-ang-E0064.900.1987                  26 1.51000E+01 7.78000E+01
p-C012-MT002-Ieiri-E2076032-ang-E0069.500.1987                  27 1.51000E+01 8.03000E+01
p-C012-MT002-Ieiri-E2076034-ang-E0074.800.1987                  28 1.51000E+01 8.04000E+01
p-C012-MT002-Ieiri-E2076036-ang-E0079.800.1987                  28 1.01000E+01 8.04000E+01
p-C012-MT002-Ieiri-E2076038-ang-E0083.800.1987                  29 1.01000E+01 8.04000E+01
p-C012-MT002-Ieiri-F0566002-ang-E0021.100.1987                 484 2.25000E+01 8.00000E+01
p-C012-MT002-Jackson-C0848002-ang-E0000.376.1953                 1 1.46200E+02 1.68200E+02
p-C012-MT002-Jackson-C0848002-ang-E0000.386.1953                 1 1.46200E+02 1.68200E+02
p-C012-MT002-Jackson-C0848002-ang-E0000.390.1953                 1 1.46200E+02 1.68200E+02
p-C012-MT002-Jackson-C0848002-ang-E0000.394.1953                 1 1.68200E+02 1.68200E+02
p-C012-MT002-Johansson-O0365006-ang-E0177.100.1961               6 6.31000E+00 8.02900E+01
p-C012-MT002-Johansson-O0365006-ang-E0182.870.1961              36 6.31000E+00 5.52600E+01
p-C012-MT002-Kato-E0243004-ang-E0065.000.1980                   32 1.53000E+01 1.15000E+02
p-C012-MT002-Kato-E0926002-ang-E0065.000.1985                   23 1.55000E+01 1.15000E+02
p-C012-MT002-Kirkdickens-O0212002-ang-E0020.000.1963            26 1.38000E+01 1.53700E+02
p-C012-MT002-Kirkdickens-O0212002-ang-E0021.600.1963            29 1.54000E+01 1.56000E+02
p-C012-MT002-Kirkdickens-O0212002-ang-E0024.100.1963            27 1.54000E+01 1.50600E+02
p-C012-MT002-Kirkdickens-O0212002-ang-E0026.100.1963            30 1.02000E+01 1.55900E+02
p-C012-MT002-Kirkdickens-O0212002-ang-E0027.800.1963            28 1.02000E+01 1.55400E+02
p-C012-MT002-Kirkdickens-O0212007-ang-E0017.600.1963            14 4.34000E+01 4.34000E+01
p-C012-MT002-Kirkdickens-O0212008-ang-E0017.600.1963            33 5.66000E+01 5.66000E+01
p-C012-MT002-Kirkdickens-O0212009-ang-E0017.600.1963            15 1.31400E+02 1.31400E+02
p-C012-MT002-Kirkdickens-O0212010-ang-E0017.600.1963            34 1.42000E+02 1.42000E+02
p-C012-MT002-Kirkdickens-O0331002-ang-E0031.100.1963            47 9.20003E+00 1.58200E+02
p-C012-MT002-Kobayashi-E1414010-ang-E0012.664.1970               8 4.86600E+01 1.61400E+02
p-C012-MT002-Kobayashi-E1414012-ang-E0013.099.1970              14 5.08400E+01 1.59800E+02
p-C012-MT002-Kobayashi-E1414014-ang-E0012.990.1970               6 5.93900E+01 1.60400E+02
p-C012-MT002-Kobayashi-E1414016-ang-E0013.173.1970              13 5.07600E+01 1.63900E+02
p-C012-MT002-Kobayashi-E1414019-ang-E0011.980.1970              14 9.00000E+01 9.00000E+01
p-C012-MT002-Kobayashi-E1414021-ang-E0012.260.1970              12 1.65000E+02 1.65000E+02
p-C012-MT002-Lebedev-F0747002-ang-E0007.500.2006                19 2.00000E+01 1.60000E+02
p-C012-MT002-Liu-C1358002-ang-E0000.450.1993                    30 1.55000E+02 1.55000E+02
p-C012-MT002-Mazzoni-O0852002-ang-E0000.343.1998              1845 1.00000E+02 1.70000E+02
p-C012-MT002-Mckenna-D0934002-ang-E0005.435.1961                 1 7.49000E+01 1.46800E+02
p-C012-MT002-Mckenna-D0934002-ang-E0006.140.1961                 1 1.46800E+02 1.46800E+02
p-C012-MT002-Meyer-C0055002-ang-E0122.000.1983                  55 6.29999E+00 1.54200E+02
p-C012-MT002-Meyer-C0055002-ang-E0160.000.1983                  44 7.10001E+00 1.54300E+02
p-C012-MT002-Meyer-C0057002-ang-E0200.000.1981                  49 6.20005E+00 1.55400E+02
p-C012-MT002-Meyer-C1420002-ang-E0250.000.1988                 101 3.10009E+00 9.71000E+01
p-C012-MT002-Meyer-C1421002-ang-E0300.000.1985                  57 1.65000E+01 1.31000E+02
p-C012-MT002-Meyer-D01250021-ang-E0000.297.1976                  1 8.43000E+01 1.44100E+02
p-C012-MT002-Meyer-D01250021-ang-E0000.337.1976                  1 8.43000E+01 1.44100E+02
p-C012-MT002-Nikolic-C2362006-ang-E0004.361.1963               127 6.57000E+01 6.57000E+01
p-C012-MT002-Nikolic-C2362007-ang-E0004.370.1963               132 8.52000E+01 8.52000E+01
p-C012-MT002-Nikolic-C2362008-ang-E0004.357.1963               124 1.21200E+02 1.21200E+02
p-C012-MT002-Nikolic-C2362009-ang-E0004.400.1963               118 1.37600E+02 1.37600E+02
p-C012-MT002-Nikolic-C2362010-ang-E0004.352.1963               148 1.65200E+02 1.65200E+02
p-C012-MT002-Nonaka-E2237005-ang-E0057.000.1962                 23 1.59000E+01 1.57400E+02
p-C012-MT002-Okamoto-E2160002-ang-E0300.000.2010                31 4.50002E+00 4.13000E+01
p-C012-MT002-Ottewell-C0789003-ang-E0300.000.1984                5 8.52000E+01 8.52000E+01
p-C012-MT002-Palevsky-O0745006-ang-E1000.000.1967               31 5.50000E+00 1.67000E+01
p-C012-MT002-Peelle-O0550002-ang-E0014.000.1957                312 1.88000E+01 1.70800E+02
p-C012-MT002-Ramos-D00780032-ang-E0000.493.2002                122 1.40000E+02 1.78000E+02
p-C012-MT002-Reich-O0226002-ang-E0004.114.1956                  37 1.21100E+02 1.21100E+02
p-C012-MT002-Reich-O0226003-ang-E0004.113.1956                  33 1.37500E+02 1.37500E+02
p-C012-MT002-Reich-O0226004-ang-E0004.117.1956                  35 5.10000E+01 5.10000E+01
p-C012-MT002-Reich-O0226005-ang-E0004.113.1956                  39 8.52000E+01 8.52000E+01
p-C012-MT002-Reich-O0226006-ang-E0004.624.1956                  28 1.27600E+02 1.27600E+02
p-C012-MT002-Reich-O0226007-ang-E0004.628.1956                  23 1.33500E+02 1.33500E+02
p-C012-MT002-Reich-O0226008-ang-E0004.117.1956                  38 1.46800E+02 1.46800E+02
p-C012-MT002-Reich-O0226009-ang-E0004.807.1956                  27 5.10000E+01 5.10000E+01
p-C012-MT002-Reich-O0226010-ang-E0004.827.1956                  25 1.21100E+02 1.21100E+02
p-C012-MT002-Reich-O0226011-ang-E0004.813.1956                  28 8.52000E+01 8.52000E+01
p-C012-MT002-Reich-O0226012-ang-E0004.818.1956                  25 1.62600E+02 1.62600E+02
p-C012-MT002-Reich-O0226013-ang-E0001.560.1956                 101 5.10000E+01 5.10000E+01
p-C012-MT002-Reich-O0226014-ang-E0001.593.1956                  92 8.52000E+01 8.52000E+01
p-C012-MT002-Reich-O0226015-ang-E0004.613.1956                  29 4.41000E+01 1.59500E+02
p-C012-MT002-Reich-O0226016-ang-E0005.574.1956                  13 4.96000E+01 1.60700E+02
p-C012-MT002-Reich-O0226017-ang-E0004.964.1956                  24 4.47000E+01 1.62100E+02
p-C012-MT002-Rolland-O0553002-ang-E0150.000.1966                24 4.99999E+00 6.91000E+01
p-C012-MT002-Rolland-O0553008-ang-E0075.000.1966                20 9.40003E+00 4.04000E+01
p-C012-MT002-Rush-O0551005-ang-E0050.000.1971                   56 5.90000E+00 1.42700E+02
p-C012-MT002-Salomonovic-F0571003-ang-E0001.600.1993           132 1.20000E+02 1.70000E+02
p-C012-MT002-Swint-O0252004-ang-E0004.707.1966                 420 1.59500E+02 1.59500E+02
p-C012-MT002-Swint-O0252005-ang-E0004.662.1966                 320 2.55000E+01 2.55000E+01
p-C012-MT002-Swint-O0252006-ang-E0004.667.1966                 369 1.05200E+02 1.05200E+02
p-C012-MT002-Swint-O0252007-ang-E0004.665.1966                 305 1.37500E+02 1.37500E+02
p-C012-MT002-Sydow-A0511002-ang-E0006.200.1993                   2 6.00000E+01 1.10000E+02
p-C012-MT002-Sydow-A0511002-ang-E0007.200.1993                   2 9.00000E+01 1.10000E+02
p-C012-MT002-Sydow-A05110032-ang-E0003.500.1993                 35 3.24000E+01 1.52400E+02
p-C012-MT002-Sydow-A05110032-ang-E0003.900.1993                 33 3.24000E+01 1.52400E+02
p-C012-MT002-Sydow-A05110032-ang-E0004.100.1993                 33 3.24000E+01 1.47800E+02
p-C012-MT002-Tesmer-O0079002-ang-E0020.000.1972                 21 3.05000E+01 1.66500E+02
p-C012-MT002-Thompson-C1177002-ang-E0014.226.1980              108 6.00000E+01 1.60000E+02
p-C012-MT002-Tosaki-E1831002-ang-E0004.000.2000                 55 1.79200E+02 1.79200E+02
p-C012-MT002-Wienhard-O1367002-ang-E0009.938.1972                1 1.10000E+02 1.50000E+02
p-C012-MT002-Wienhard-O1367002-ang-E0009.940.1972                1 5.00000E+01 1.10000E+02
p-C012-MT002-Wienhard-O1367002-ang-E0009.943.1972                2 5.00000E+01 9.00000E+01
p-C012-MT002-Wienhard-O1367002-ang-E0009.946.1972                1 7.00000E+01 1.30000E+02
p-C012-MT002-Wienhard-O1367002-ang-E0009.949.1972                1 1.10000E+02 1.30000E+02
p-C012-MT002-Wienhard-O1367002-ang-E0009.989.1972                1 7.00000E+01 1.10000E+02
p-C012-MT002-Wienhard-O1367002-ang-E0009.995.1972                2 5.00000E+01 9.00000E+01
p-C012-MT002-Wienhard-O1367002-ang-E0009.996.1972                1 5.00000E+01 1.30000E+02
p-C012-MT002-Wienhard-O1367002-ang-E0010.000.1972                2 9.00000E+01 1.50000E+02
p-C012-MT002-Wienhard-O1367002-ang-E0010.090.1972                2 5.00000E+01 1.10000E+02
p-C012-MT002-Wienhard-O1367002-ang-E0010.100.1972                3 5.00000E+01 1.50000E+02
p-C012-MT002-Wienhard-O1367002-ang-E0010.110.1972                1 5.00000E+01 1.50000E+02
p-C012-MT002-Wienhard-O1367002-ang-E0010.140.1972                4 5.00000E+01 1.30000E+02
p-C012-MT002-Wienhard-O1367002-ang-E0010.150.1972                2 5.00000E+01 1.50000E+02
p-C012-MT002-Wienhard-O1367002-ang-E0010.190.1972                4 5.00000E+01 1.50000E+02
p-C012-MT002-Wienhard-O1367002-ang-E0010.200.1972                2 5.00000E+01 1.30000E+02
p-C012-MT002-Wienhard-O1367002-ang-E0010.240.1972                3 5.00000E+01 1.50000E+02
p-C012-MT002-Wienhard-O1367002-ang-E0010.250.1972                2 7.00000E+01 1.10000E+02
p-C012-MT002-Wienhard-O1367002-ang-E0010.260.1972                1 5.00000E+01 1.10000E+02
p-C012-MT002-Wienhard-O1367002-ang-E0010.280.1972                1 5.00000E+01 1.30000E+02
p-C012-MT002-Wienhard-O1367002-ang-E0010.290.1972                1 5.00000E+01 1.30000E+02
p-C012-MT002-Wienhard-O1367002-ang-E0010.300.1972                5 5.00000E+01 1.50000E+02
p-C012-MT002-Wienhard-O1367002-ang-E0010.310.1972                1 7.00000E+01 9.00000E+01
p-C012-MT002-Wienhard-O1367002-ang-E0010.320.1972                3 7.00000E+01 1.50000E+02
p-C012-MT002-Wienhard-O1367002-ang-E0010.330.1972                1 5.00000E+01 1.30000E+02
p-C012-MT002-Wienhard-O1367002-ang-E0010.340.1972                2 5.00000E+01 1.10000E+02
p-C012-MT002-Wienhard-O1367002-ang-E0010.350.1972                3 5.00000E+01 1.50000E+02
p-C012-MT002-Wienhard-O1367002-ang-E0010.360.1972                2 5.00000E+01 1.10000E+02
p-C012-MT002-Wienhard-O1367002-ang-E0010.370.1972                3 7.00000E+01 1.50000E+02
p-C012-MT002-Wienhard-O1367002-ang-E0010.380.1972                1 5.00000E+01 9.00000E+01
p-C012-MT002-Wienhard-O1367002-ang-E0010.390.1972                2 5.00000E+01 1.30000E+02
p-C012-MT002-Wienhard-O1367002-ang-E0010.400.1972                2 9.00000E+01 1.50000E+02
p-C012-MT002-Wienhard-O1367002-ang-E0010.410.1972                1 7.00000E+01 1.50000E+02
p-C012-MT002-Wienhard-O1367002-ang-E0010.420.1972                2 5.00000E+01 9.00000E+01
p-C012-MT002-Wienhard-O1367002-ang-E0010.430.1972                3 5.00000E+01 1.30000E+02
p-C012-MT002-Wienhard-O1367002-ang-E0010.440.1972                4 5.00000E+01 1.50000E+02
p-C012-MT002-Wienhard-O1367002-ang-E0010.450.1972                2 5.00000E+01 9.00000E+01
p-C012-MT002-Wienhard-O1367002-ang-E0010.470.1972                2 5.00000E+01 1.10000E+02
p-C012-MT002-Wienhard-O1367002-ang-E0010.480.1972                4 5.00000E+01 1.50000E+02
p-C012-MT002-Wienhard-O1367002-ang-E0010.490.1972                1 5.00000E+01 7.00000E+01
p-C012-MT002-Wienhard-O1367002-ang-E0010.500.1972                5 5.00000E+01 1.50000E+02
p-C012-MT002-Wienhard-O1367002-ang-E0010.510.1972                1 7.00000E+01 1.50000E+02
p-C012-MT002-Wienhard-O1367002-ang-E0010.520.1972                3 5.00000E+01 1.10000E+02
p-C012-MT002-Wienhard-O1367002-ang-E0010.530.1972                3 5.00000E+01 1.30000E+02
p-C012-MT002-Wienhard-O1367004-ang-E0009.950.1972               16 2.94000E+01 1.60000E+02
p-C012-MT002-Wienhard-O1367004-ang-E0010.250.1972               16 3.01000E+01 1.59300E+02
p-C012-MT002-Wienhard-O1367004-ang-E0010.700.1972               16 3.01000E+01 1.61300E+02
p-C012-MT002-Yu-C0579002-ang-E0200.000.1996                      8 1.64700E+02 1.80000E+02
p-C012-MT002-ZHENGMINLIUU-F0573002-ang-E0000.301.1993           74 1.70000E+02 1.70000E+02
