#              Filename                                         N    min         max
n-Ta181-MT151-Belanova-403710051.1975                           16 4.28000E-06 6.32200E-05
n-Ta181-MT151-Belanova-403710052.1975                           10 1.03700E-05 3.92000E-05
n-Ta181-MT151-Belanova-404300021.1975                           16 4.28000E-06 6.32200E-05
n-Ta181-MT151-Belanova-404300022.1975                           10 1.03700E-05 3.92000E-05
n-Ta181-MT151-Belanova-404300023.1975                           15 4.28000E-06 6.32200E-05
n-Ta181-MT151-Belanova-404300024.1975                           15 4.28000E-06 6.32200E-05
n-Ta181-MT151-Belanova-40430006.1975                             1 3.60000E-05 3.60000E-05
n-Ta181-MT151-Belanova-40430007.1975                             1 3.60000E-05 3.60000E-05
n-Ta181-MT151-Bokhovko-41177074.1991                             2 2.27500E-01 2.27500E-01
n-Ta181-MT151-Byoun-105770401.1973                               2 5.50000E-02 5.50000E-02
n-Ta181-MT151-Byoun-105770401A001.1973                           2 5.50000E-02 5.50000E-02
n-Ta181-MT151-Byoun-105770402.1973                               2 5.50000E-02 5.50000E-02
n-Ta181-MT151-Byoun-105770402A001.1973                           2 5.50000E-02 5.50000E-02
n-Ta181-MT151-Byoun-105770403.1973                               2 5.50000E-02 5.50000E-02
n-Ta181-MT151-Byoun-105770403A001.1973                           2 5.50000E-02 5.50000E-02
n-Ta181-MT151-Chandramoleswar-304080051.1966                     1 4.28000E-06 4.28000E-06
n-Ta181-MT151-Chandramoleswar-304080053.1966                     1 4.28000E-06 4.28000E-06
n-Ta181-MT151-Desjardins-119480081.1960                         62 7.69000E-05 3.29500E-04
n-Ta181-MT151-Desjardins-119480083.1960                         13 7.69000E-05 2.22500E-04
n-Ta181-MT151-Desjardins-119480084.1960                         57 7.69000E-05 3.29500E-04
n-Ta181-MT151-Desjardins-11948011.1960                           1 0.00000E+00 0.00000E+00
n-Ta181-MT151-Evans-211200021.1958                               9 4.28000E-06 6.29000E-05
n-Ta181-MT151-Evans-211200022.1958                               9 4.28000E-06 6.29000E-05
n-Ta181-MT151-Evans-211200023.1958                               4 1.04000E-05 3.90000E-05
n-Ta181-MT151-Firk-210150051.1958                               13 2.02000E-05 9.88000E-05
n-Ta181-MT151-Firk-210150052.1958                               13 2.02000E-05 9.88000E-05
n-Ta181-MT151-Firk-210150053.1958                               13 2.02000E-05 9.88000E-05
n-Ta181-MT151-Firk-21015008.1958                                 1 5.95000E-05 5.95000E-05
n-Ta181-MT151-Fluharty-119460101.1956                           23 1.40000E-05 1.47000E-04
n-Ta181-MT151-Fluharty-119460103.1956                           23 1.40000E-05 1.47000E-04
n-Ta181-MT151-Fluharty-119460104.1956                            4 1.40000E-05 3.93000E-05
n-Ta181-MT151-Fluharty-119460105.1956                           23 1.40000E-05 1.47000E-04
n-Ta181-MT151-Gaerttner-116590101.1954                           7 1.00000E-05 3.85000E-05
n-Ta181-MT151-Hacken-106730021.1978                            431 2.02900E-05 2.02320E-03
n-Ta181-MT151-Hacken-106730021A001.1978                        431 2.02900E-05 2.02320E-03
n-Ta181-MT151-Hacken-106730022.1978                            431 2.02900E-05 2.02320E-03
n-Ta181-MT151-Hacken-106730022A001.1978                        431 2.02900E-05 2.02320E-03
n-Ta181-MT151-Hacken-106730031.1978                              1 1.01400E-03 1.01400E-03
n-Ta181-MT151-Hacken-106730031A001.1978                          1 1.01400E-03 1.01400E-03
n-Ta181-MT151-Hacken-106730032.1978                              1 1.01400E-03 1.01400E-03
n-Ta181-MT151-Hacken-106730032A001.1978                          1 1.01400E-03 1.01400E-03
n-Ta181-MT151-Harvey-119120611.1955                             19 1.03800E-05 1.27000E-04
n-Ta181-MT151-Harvey-119120612.1955                             19 1.03800E-05 1.27000E-04
n-Ta181-MT151-Harvey-119120613.1955                             19 1.03800E-05 1.27000E-04
n-Ta181-MT151-Havensjr-121840041.1947                            7 4.10000E-06 3.00000E-04
n-Ta181-MT151-Kapchigashev-40778084.1966                         1 2.50000E-02 2.50000E-02
n-Ta181-MT151-Kononov-405130031.1977                             2 1.77500E-01 1.77500E-01
n-Ta181-MT151-Kuznetsova-40981014.1987                           1 4.00000E-01 4.00000E-01
n-Ta181-MT151-Kuznetsova-40981015.1987                           2 4.00000E-01 4.00000E-01
n-Ta181-MT151-Macklin-128200041.1984                           189 2.62620E-03 3.99500E-03
n-Ta181-MT151-Macklin-128200043.1984                           138 2.62620E-03 3.99500E-03
n-Ta181-MT151-Macklin-128200044.1984                            61 2.64680E-03 3.96700E-03
n-Ta181-MT151-Mcdermott-14473003.2017                            6 3.10000E-01 3.10000E-01
n-Ta181-MT151-Mcdermott-14473004.2017                            6 3.10000E-01 3.10000E-01
n-Ta181-MT151-Meaze-315750031.2006                              18 4.31270E-06 7.84992E-05
n-Ta181-MT151-Meaze-315750032.2006                              18 4.31270E-06 7.84992E-05
n-Ta181-MT151-Meaze-315750033.2006                              18 4.31270E-06 7.84992E-05
n-Ta181-MT151-Meaze-315750034.2006                              18 4.31270E-06 7.84992E-05
n-Ta181-MT151-Navalkar-310980051.1968                            1 4.28000E+00 4.28000E+00
n-Ta181-MT151-Poortmans-20213009.1967                            1 2.41000E-05 2.41000E-05
n-Ta181-MT151-Radkevich-403820471.1956                           6 1.02000E-05 2.37000E-05
n-Ta181-MT151-Radkevich-403820472.1956                           4 1.02000E-05 2.37000E-05
n-Ta181-MT151-Radkevich-403820481.1956                          29 1.02000E-05 1.97000E-04
n-Ta181-MT151-Radkevich-403820482.1956                          29 1.02000E-05 1.97000E-04
n-Ta181-MT151-Radkevich-403820483.1956                          29 1.02000E-05 1.97000E-04
n-Ta181-MT151-Radkevich-403820491.1956                           1 3.65000E-05 3.65000E-05
n-Ta181-MT151-Radkevich-403820492.1956                           1 3.65000E-05 3.65000E-05
n-Ta181-MT151-Riehs-20473002.1972                               25 4.30000E-06 2.00000E-04
n-Ta181-MT151-Shorin-41330006.1975                               1 4.25000E-02 4.25000E-02
n-Ta181-MT151-Shorin-41330010.1975                               1 4.25000E-02 4.25000E-02
n-Ta181-MT151-Stolovy-119950031.1967                             2 4.28000E-06 1.03400E-05
n-Ta181-MT151-Stolovy-119950032.1967                             2 4.28000E-06 1.03400E-05
n-Ta181-MT151-Tsubone-21813006.1984                              3 4.86750E-01 4.86750E-01
n-Ta181-MT151-Tsubone-221090021.1987                           692 1.03570E-04 4.31090E-03
n-Ta181-MT151-Tsubone-22109003.1987                              4 8.50000E-04 3.85000E-03
n-Ta181-MT151-Tsubone-22109004.1987                              1 8.50000E-04 8.50000E-04
n-Ta181-MT151-Vertebnyj-408810023.1983                           1 2.00000E-03 2.00000E-03
n-Ta181-MT151-Vertebnyy-40839017.1980                            1 2.45000E-02 2.45000E-02
n-Ta181-MT151-Wood-119470041.1956                                1 4.28200E-06 4.28200E-06
n-Ta181-MT151-Wood-119470043.1956                                1 4.28200E-06 4.28200E-06
n-Ta181-MT151-Wood-119470044.1956                                1 4.28200E-06 4.28200E-06
n-Ta181-MT151-Wood-119470045.1956                                1 4.28200E-06 4.28200E-06
