#              Filename                                         N    min         max
p-Cr052-MT002-Bjerregaard-F1038002-ang-E0003.619.1964           24 1.45000E+02 1.45000E+02
p-Cr052-MT002-Kossanyidemay-D0286014-ang-E0018.600.1967         15 3.03280E+01 1.13780E+02
p-Cr052-MT002-Leach-O2309004-ang-E0024.000.2019                 10 1.50000E+01 8.52000E+01
p-Cr052-MT002-Noro-E0249018-ang-E0065.000.1981                  29 1.40000E+01 7.01000E+01
p-Cr052-MT002-Ozawa-F1060002-ang-E0003.201.1985               3395 9.00000E+01 9.00000E+01
p-Cr052-MT002-Ozawa-F1060003-ang-E0003.201.1985                  1 1.20000E+02 1.35000E+02
p-Cr052-MT002-Ozawa-F1060003-ang-E0003.201A001.1985              2 1.20000E+02 1.60000E+02
p-Cr052-MT002-Ozawa-F1060003-ang-E0003.201A002.1985              2 1.35000E+02 1.60000E+02
p-Cr052-MT002-Perey-C2165004-ang-E0011.000.1968                 33 1.50000E+01 1.65000E+02
p-Cr052-MT002-Romanovskii-F0978003-ang-E0005.981.1977            1 1.20000E+02 1.50000E+02
p-Cr052-MT002-Romanovskii-F0978003-ang-E0005.987.1977            1 9.00000E+01 1.50000E+02
p-Cr052-MT002-Romanovskii-F0978003-ang-E0005.992.1977            1 9.00000E+01 1.30000E+02
p-Cr052-MT002-Romanovskii-F0978003-ang-E0005.998.1977            1 1.00000E+02 1.30000E+02
p-Cr052-MT002-Romanovskii-F0978003-ang-E0006.000.1977            1 1.00000E+02 1.60000E+02
p-Cr052-MT002-Romanovskii-F0978003-ang-E0006.001.1977            1 1.10000E+02 1.60000E+02
p-Cr052-MT002-Romanovskii-F0978003-ang-E0006.007.1977            1 1.10000E+02 1.41000E+02
p-Cr052-MT002-Romanovskii-F0978003-ang-E0006.013.1977            1 1.20000E+02 1.41000E+02
p-Cr052-MT002-Romanovskii-F0978003-ang-E0006.017.1977            1 1.20000E+02 1.50000E+02
p-Cr052-MT002-Romanovskii-F0978003-ang-E0006.029.1977            1 9.00000E+01 1.50000E+02
p-Cr052-MT002-Romanovskii-F0978003-ang-E0006.030.1977            1 9.00000E+01 1.00000E+02
p-Cr052-MT002-Romanovskii-F0978003-ang-E0006.037.1977            1 1.00000E+02 1.30000E+02
p-Cr052-MT002-Romanovskii-F0978003-ang-E0006.038.1977            1 1.30000E+02 1.60000E+02
p-Cr052-MT002-Romanovskii-F0978003-ang-E0006.041.1977            1 1.10000E+02 1.60000E+02
p-Cr052-MT002-Romanovskii-F0978003-ang-E0006.042.1977            1 1.10000E+02 1.20000E+02
p-Cr052-MT002-Romanovskii-F0978003-ang-E0006.054.1977            1 1.20000E+02 1.41000E+02
p-Cr052-MT002-Romanovskii-F0978003-ang-E0006.055.1977            1 9.00000E+01 1.41000E+02
p-Cr052-MT002-Romanovskii-F0978003-ang-E0006.061.1977            1 9.00000E+01 1.50000E+02
p-Cr052-MT002-Romanovskii-F0978003-ang-E0006.065.1977            1 1.00000E+02 1.50000E+02
p-Cr052-MT002-Romanovskii-F0978003-ang-E0006.066.1977            1 1.00000E+02 1.10000E+02
p-Cr052-MT002-Romanovskii-F0978003-ang-E0006.076.1977            2 1.10000E+02 1.60000E+02
p-Cr052-MT002-Romanovskii-F0978003-ang-E0006.079.1977            1 1.41000E+02 1.60000E+02
p-Cr052-MT002-Romanovskii-F0978003-ang-E0006.090.1977            1 1.20000E+02 1.41000E+02
p-Cr052-MT002-Romanovskii-F0978003-ang-E0006.091.1977            1 9.00000E+01 1.20000E+02
p-Cr052-MT002-Romanovskii-F0978003-ang-E0006.092.1977            1 9.00000E+01 1.00000E+02
p-Cr052-MT002-Romanovskii-F0978003-ang-E0006.100.1977            1 1.00000E+02 1.50000E+02
p-Cr052-MT002-Romanovskii-F0978003-ang-E0006.105.1977            1 1.30000E+02 1.50000E+02
p-Cr052-MT002-Romanovskii-F0978003-ang-E0006.111.1977            1 1.10000E+02 1.30000E+02
p-Cr052-MT002-Romanovskii-F0978003-ang-E0006.115.1977            1 1.10000E+02 1.60000E+02
p-Cr052-MT002-Romanovskii-F0978003-ang-E0006.116.1977            1 9.00000E+01 1.60000E+02
p-Cr052-MT002-Romanovskii-F0978003-ang-E0006.121.1977            1 9.00000E+01 1.41000E+02
p-Cr052-MT002-Romanovskii-F0978003-ang-E0006.129.1977            1 1.20000E+02 1.41000E+02
p-Cr052-MT002-Romanovskii-F0978003-ang-E0006.131.1977            1 1.00000E+02 1.20000E+02
p-Cr052-MT002-Romanovskii-F0978003-ang-E0006.137.1977            1 1.00000E+02 1.50000E+02
p-Cr052-MT002-Romanovskii-F0978003-ang-E0006.143.1977            1 1.30000E+02 1.50000E+02
p-Cr052-MT002-Romanovskii-F0978003-ang-E0006.149.1977            1 1.10000E+02 1.30000E+02
p-Cr052-MT002-Romanovskii-F0978003-ang-E0006.151.1977            1 9.00000E+01 1.10000E+02
p-Cr052-MT002-Romanovskii-F0978003-ang-E0006.157.1977            2 9.00000E+01 1.60000E+02
p-Cr052-MT002-Romanovskii-F0978003-ang-E0006.166.1977            1 1.20000E+02 1.41000E+02
p-Cr052-MT002-Romanovskii-F0978003-ang-E0006.167.1977            1 1.00000E+02 1.41000E+02
p-Cr052-MT002-Romanovskii-F0978003-ang-E0006.169.1977            1 1.00000E+02 1.50000E+02
p-Cr052-MT002-Romanovskii-F0978003-ang-E0006.179.1977            1 1.10000E+02 1.50000E+02
p-Cr052-MT002-Romanovskii-F0978003-ang-E0006.183.1977            1 9.00000E+01 1.10000E+02
p-Cr052-MT002-Romanovskii-F0978003-ang-E0006.187.1977            2 9.00000E+01 1.60000E+02
p-Cr052-MT002-Romanovskii-F0978003-ang-E0006.189.1977            1 1.00000E+02 1.60000E+02
p-Cr052-MT002-Romanovskii-F0978003-ang-E0006.199.1977            1 1.00000E+02 1.20000E+02
p-Cr052-MT002-Romanovskii-F0978003-ang-E0006.204.1977            1 1.20000E+02 1.41000E+02
p-Cr052-MT002-Romanovskii-F0978003-ang-E0006.208.1977            1 1.41000E+02 1.60000E+02
p-Cr052-MT002-Romanovskii-F0978003-ang-E0006.217.1977            1 9.00000E+01 1.60000E+02
p-Cr052-MT002-Romanovskii-F0978003-ang-E0006.218.1977            1 9.00000E+01 1.30000E+02
p-Cr052-MT002-Romanovskii-F0978003-ang-E0006.221.1977            2 1.30000E+02 1.50000E+02
p-Cr052-MT002-Ruh-F0905003-ang-E0005.000.1970                    2 1.20000E+02 1.50000E+02
p-Cr052-MT002-Ruh-F0905003-ang-E0005.002.1970                    1 1.05000E+02 1.50000E+02
p-Cr052-MT002-Ruh-F0905003-ang-E0005.004.1970                    1 9.00000E+01 1.05000E+02
p-Cr052-MT002-Ruh-F0905003-ang-E0005.006.1970                    1 9.00000E+01 1.05000E+02
p-Cr052-MT002-Ruh-F0905003-ang-E0005.022.1970                    1 1.05000E+02 1.50000E+02
p-Cr052-MT002-Ruh-F0905003-ang-E0005.022A001.1970                1 1.35000E+02 1.50000E+02
p-Cr052-MT002-Ruh-F0905003-ang-E0005.023.1970                    1 9.00000E+01 1.35000E+02
p-Cr052-MT002-Ruh-F0905003-ang-E0005.026.1970                    1 9.00000E+01 1.20000E+02
p-Cr052-MT002-Ruh-F0905003-ang-E0005.029.1970                    1 1.20000E+02 1.20000E+02
