#              Filename                                         N    min         max     
p-Fe000-rp024048-Brodzinski-C02720081.1971                       3 1.20000E+02 5.85000E+02
p-Fe000-rp024048-Michel-O00780174.1989                           1 6.00000E+02 6.00000E+02
p-Fe000-rp024048-Michel-A01000076.1985                          26 4.93000E+01 1.99800E+02
p-Fe000-rp024048-Aleksandrov-A0501041.1990                       1 1.00000E+03 1.00000E+03
p-Fe000-rp024048-Cline-B00850193.1971                            1 5.90000E+02 5.90000E+02
p-Fe000-rp024048-Graves-C2243016.2016                           10 4.76000E+01 9.02000E+01
p-Fe000-rp024048-Rayudu-O0077006.1968                            5 5.00000E+02 2.90000E+03
p-Fe000-rp024048-Michel-O0276078.1997                           16 5.48000E+01 1.77000E+02
p-Fe000-rp024048-Michel-O0277116.1995                            4 8.00000E+02 2.60000E+03
p-Fe000-rp024048-Lavrukhina-O0283028.1963                        1 1.50000E+02 1.50000E+02
p-Fe000-rp024048-Schiekel-O0284062.1996                          6 2.36000E+02 3.99000E+02
p-Fe000-rp024048-Lavrukhina-O0299028.1963                        1 6.60000E+02 6.60000E+02
p-Fe000-rp024048-Barashenkov-O0339030.1990                       1 1.10000E+03 1.10000E+03
p-Fe000-rp024048-Aleksandrov-O0376010.1989                       1 1.00000E+03 1.00000E+03
p-Fe000-rp024048-Fassbender-O0728008.1999                       16 8.67000E+01 3.52700E+02
p-Fe000-rp024048-Gloris-O1881016.1998                           26 8.43000E+01 2.53000E+03
p-Fe000-rp024048-Neumann-O1882017.1999                           4 2.78000E+02 2.60000E+03
p-Fe000-rp024048-Orth-T0131008.1976                              1 5.90000E+02 5.90000E+02
