#              Filename                                         N    min         max
d-Na023-MT802-Elbehay-D0080004-E0002.000.1965                    7 8.90910E+01 1.48940E+02
d-Na023-MT802-Elbehay-D0080004-E0002.100.1965                    7 8.87150E+01 1.49240E+02
d-Na023-MT802-Elbehay-D0080004-E0002.200.1965                    7 8.87150E+01 1.49870E+02
d-Na023-MT802-Elbehay-D0080004-E0002.300.1965                    7 8.84050E+01 1.48950E+02
d-Na023-MT802-Elbehay-D0080004-E0002.400.1965                    7 8.84050E+01 1.49340E+02
d-Na023-MT802-Elbehay-D0080004-E0002.500.1965                    6 8.90940E+01 1.48910E+02
d-Na023-MT802-Vysotskij-F0984002-E0002.327.1970                  1 4.00000E+01 1.70000E+02
d-Na023-MT802-Vysotskij-F0984002-E0002.339.1970                  1 1.40000E+02 1.70000E+02
d-Na023-MT802-Vysotskij-F0984002-E0002.341.1970                  1 4.00000E+01 1.40000E+02
d-Na023-MT802-Vysotskij-F0984002-E0002.374.1970                  1 4.00000E+01 1.40000E+02
d-Na023-MT802-Vysotskij-F0984002-E0002.387.1970                  1 1.40000E+02 1.70000E+02
d-Na023-MT802-Vysotskij-F0984002-E0002.394.1970                  1 4.00000E+01 1.70000E+02
d-Na023-MT802-Vysotskij-F0984002-E0002.424.1970                  1 4.00000E+01 1.40000E+02
d-Na023-MT802-Vysotskij-F0984002-E0002.430.1970                  1 1.40000E+02 1.70000E+02
d-Na023-MT802-Vysotskij-F0984002-E0002.448.1970                  1 4.00000E+01 1.70000E+02
d-Na023-MT802-Vysotskij-F0984002-E0002.478.1970                  1 4.00000E+01 1.40000E+02
d-Na023-MT802-Vysotskij-F0984002-E0002.488.1970                  1 1.40000E+02 1.70000E+02
d-Na023-MT802-Vysotskij-F0984002-E0002.494.1970                  1 4.00000E+01 1.70000E+02
d-Na023-MT802-Vysotskij-F0984002-E0002.525.1970                  1 4.00000E+01 1.40000E+02
d-Na023-MT802-Vysotskij-F0984002-E0002.539.1970                  1 1.40000E+02 1.70000E+02
d-Na023-MT802-Vysotskij-F0984002-E0002.541.1970                  1 4.00000E+01 1.70000E+02
d-Na023-MT802-Vysotskij-F0984002-E0002.571.1970                  1 4.00000E+01 1.40000E+02
d-Na023-MT802-Vysotskij-F0984002-E0002.589.1970                  1 1.40000E+02 1.70000E+02
d-Na023-MT802-Vysotskij-F0984002-E0002.595.1970                  1 4.00000E+01 1.70000E+02
d-Na023-MT802-Vysotskij-F0984002-E0002.626.1970                  1 4.00000E+01 1.70000E+02
d-Na023-MT802-Vysotskij-F0984002-E0002.638.1970                  1 4.00000E+01 1.70000E+02
d-Na023-MT802-Vysotskij-F0984002-E0002.676.1970                  1 4.00000E+01 1.70000E+02
d-Na023-MT802-Vysotskij-F0984002-E0002.688.1970                  1 1.40000E+02 1.70000E+02
d-Na023-MT802-Vysotskij-F0984002-E0002.690.1970                  1 4.00000E+01 1.40000E+02
d-Na023-MT802-Vysotskij-F0984002-E0002.722.1970                  1 4.00000E+01 1.40000E+02
d-Na023-MT802-Vysotskij-F0984002-E0002.740.1970                  1 1.40000E+02 1.70000E+02
d-Na023-MT802-Vysotskij-F0984002-E0002.746.1970                  1 4.00000E+01 1.70000E+02
d-Na023-MT802-Vysotskij-F0984002-E0002.773.1970                  1 4.00000E+01 1.40000E+02
d-Na023-MT802-Vysotskij-F0984002-E0002.790.1970                  1 1.40000E+02 1.70000E+02
d-Na023-MT802-Vysotskij-F0984002-E0002.793.1970                  1 4.00000E+01 1.70000E+02
d-Na023-MT802-Vysotskij-F0984002-E0002.827.1970                  1 4.00000E+01 1.40000E+02
d-Na023-MT802-Vysotskij-F0984002-E0002.837.1970                  1 1.40000E+02 1.70000E+02
d-Na023-MT802-Vysotskij-F0984002-E0002.843.1970                  1 4.00000E+01 1.70000E+02
d-Na023-MT802-Vysotskij-F0984002-E0002.873.1970                  1 4.00000E+01 1.40000E+02
d-Na023-MT802-Vysotskij-F0984002-E0002.883.1970                  1 1.40000E+02 1.60000E+02
d-Na023-MT802-Vysotskij-F0984002-E0002.890.1970                  1 9.00000E+01 1.60000E+02
d-Na023-MT802-Vysotskij-F0984002-E0002.892.1970                  1 9.00000E+01 1.70000E+02
d-Na023-MT802-Vysotskij-F0984002-E0002.894.1970                  1 4.00000E+01 1.70000E+02
d-Na023-MT802-Vysotskij-F0984002-E0002.916.1970                  1 4.00000E+01 1.60000E+02
d-Na023-MT802-Vysotskij-F0984002-E0002.936.1970                  1 1.40000E+02 1.60000E+02
d-Na023-MT802-Vysotskij-F0984002-E0002.938.1970                  1 9.00000E+01 1.40000E+02
d-Na023-MT802-Vysotskij-F0984002-E0002.938A001.1970              1 9.00000E+01 1.70000E+02
d-Na023-MT802-Vysotskij-F0984002-E0002.940.1970                  1 4.00000E+01 1.70000E+02
d-Na023-MT802-Vysotskij-F0984002-E0002.974.1970                  1 4.00000E+01 1.60000E+02
d-Na023-MT802-Vysotskij-F0984002-E0002.987.1970                  1 9.00000E+01 1.60000E+02
d-Na023-MT802-Vysotskij-F0984002-E0002.989.1970                  1 9.00000E+01 1.70000E+02
d-Na023-MT802-Vysotskij-F0984002-E0002.991.1970                  1 4.00000E+01 1.70000E+02
d-Na023-MT802-Vysotskij-F0984002-E0003.020.1970                  1 4.00000E+01 9.00000E+01
d-Na023-MT802-Vysotskij-F0984002-E0003.031.1970                  1 9.00000E+01 1.60000E+02
d-Na023-MT802-Vysotskij-F0984002-E0003.037.1970                  1 1.60000E+02 1.70000E+02
d-Na023-MT802-Vysotskij-F0984002-E0003.041.1970                  1 1.40000E+02 1.70000E+02
d-Na023-MT802-Vysotskij-F0984002-E0003.046.1970                  1 4.00000E+01 1.40000E+02
d-Na023-MT802-Vysotskij-F0984002-E0003.067.1970                  1 4.00000E+01 1.60000E+02
d-Na023-MT802-Vysotskij-F0984002-E0003.087.1970                  1 9.00000E+01 1.60000E+02
d-Na023-MT802-Vysotskij-F0984002-E0003.090.1970                  1 9.00000E+01 1.70000E+02
d-Na023-MT802-Vysotskij-F0984002-E0003.091.1970                  1 4.00000E+01 1.70000E+02
d-Na023-MT802-Vysotskij-F0984002-E0003.121.1970                  1 4.00000E+01 9.00000E+01
d-Na023-MT802-Vysotskij-F0984002-E0003.132.1970                  1 9.00000E+01 1.60000E+02
d-Na023-MT802-Vysotskij-F0984002-E0003.138.1970                  1 1.60000E+02 1.70000E+02
d-Na023-MT802-Vysotskij-F0984002-E0003.145.1970                  1 9.00000E+01 1.70000E+02
d-Na023-MT802-Vysotskij-F0984002-E0003.175.1970                  1 4.00000E+01 9.00000E+01
d-Na023-MT802-Vysotskij-F0984002-E0003.176.1970                  1 4.00000E+01 1.70000E+02
d-Na023-MT802-Vysotskij-F0984002-E0003.184.1970                  1 1.40000E+02 1.70000E+02
d-Na023-MT802-Vysotskij-F0984002-E0003.186.1970                  1 1.40000E+02 1.60000E+02
d-Na023-MT802-Vysotskij-F0984002-E0003.188.1970                  1 4.00000E+01 1.60000E+02
d-Na023-MT802-Vysotskij-F0984002-E0003.222.1970                  1 4.00000E+01 9.00000E+01
d-Na023-MT802-Vysotskij-F0984002-E0003.233.1970                  1 9.00000E+01 1.60000E+02
d-Na023-MT802-Vysotskij-F0984002-E0003.235.1970                  1 1.60000E+02 1.70000E+02
d-Na023-MT802-Vysotskij-F0984002-E0003.239.1970                  1 1.40000E+02 1.70000E+02
d-Na023-MT802-Vysotskij-F0984002-E0003.240.1970                  1 4.00000E+01 1.40000E+02
d-Na023-MT802-Vysotskij-F0984002-E0003.269.1970                  1 4.00000E+01 9.00000E+01
d-Na023-MT802-Vysotskij-F0984002-E0003.280.1970                  1 9.00000E+01 1.40000E+02
d-Na023-MT802-Vysotskij-F0984002-E0003.283.1970                  1 1.40000E+02 1.60000E+02
d-Na023-MT802-Vysotskij-F0984002-E0003.285.1970                  1 1.60000E+02 1.70000E+02
d-Na023-MT802-Vysotskij-F0984002-E0003.285A001.1970              1 4.00000E+01 1.70000E+02
d-Na023-MT802-Vysotskij-F0984002-E0003.311.1970                  1 4.00000E+01 9.00000E+01
d-Na023-MT802-Vysotskij-F0984002-E0003.330.1970                  1 9.00000E+01 1.60000E+02
d-Na023-MT802-Vysotskij-F0984002-E0003.335.1970                  1 1.40000E+02 1.60000E+02
d-Na023-MT802-Vysotskij-F0984002-E0003.337.1970                  1 1.40000E+02 1.70000E+02
d-Na023-MT802-Vysotskij-F0984002-E0003.339.1970                  1 4.00000E+01 1.70000E+02
d-Na023-MT802-Vysotskij-F0984002-E0003.373.1970                  1 4.00000E+01 1.60000E+02
d-Na023-MT802-Vysotskij-F0984002-E0003.382.1970                  1 1.60000E+02 1.70000E+02
d-Na023-MT802-Vysotskij-F0984002-E0003.386.1970                  1 9.00000E+01 1.70000E+02
d-Na023-MT802-Vysotskij-F0984002-E0003.388.1970                  1 9.00000E+01 1.40000E+02
d-Na023-MT802-Vysotskij-F0984002-E0003.391.1970                  1 4.00000E+01 1.40000E+02
d-Na023-MT802-Vysotskij-F0984002-E0003.416.1970                  1 4.00000E+01 1.40000E+02
d-Na023-MT802-Vysotskij-F0984002-E0003.434.1970                  1 9.00000E+01 1.40000E+02
d-Na023-MT802-Vysotskij-F0984002-E0003.435.1970                  1 9.00000E+01 1.70000E+02
d-Na023-MT802-Vysotskij-F0984002-E0003.436.1970                  1 1.60000E+02 1.70000E+02
d-Na023-MT802-Vysotskij-F0984002-E0003.440.1970                  1 4.00000E+01 1.60000E+02
d-Na023-MT802-Vysotskij-F0984002-E0003.462.1970                  1 4.00000E+01 1.70000E+02
d-Na023-MT802-Vysotskij-F0984002-E0003.479.1970                  1 1.40000E+02 1.70000E+02
d-Na023-MT802-Vysotskij-F0984002-E0003.480.1970                  1 9.00000E+01 1.40000E+02
d-Na023-MT802-Vysotskij-F0984002-E0003.481.1970                  1 9.00000E+01 1.60000E+02
d-Na023-MT802-Vysotskij-F0984002-E0003.483.1970                  1 4.00000E+01 1.60000E+02
d-Na023-MT802-Vysotskij-F0984002-E0003.521.1970                  1 4.00000E+01 1.40000E+02
d-Na023-MT802-Vysotskij-F0984002-E0003.531.1970                  1 9.00000E+01 1.40000E+02
d-Na023-MT802-Vysotskij-F0984002-E0003.532.1970                  1 9.00000E+01 1.60000E+02
d-Na023-MT802-Vysotskij-F0984002-E0003.537.1970                  1 1.60000E+02 1.70000E+02
d-Na023-MT802-Vysotskij-F0984002-E0003.541.1970                  1 4.00000E+01 1.70000E+02
d-Na023-MT802-Vysotskij-F0984002-E0003.563.1970                  1 4.00000E+01 1.40000E+02
d-Na023-MT802-Vysotskij-F0984002-E0003.581.1970                  1 9.00000E+01 1.40000E+02
d-Na023-MT802-Vysotskij-F0984002-E0003.582.1970                  1 9.00000E+01 1.60000E+02
d-Na023-MT802-Vysotskij-F0984002-E0003.591.1970                  1 1.60000E+02 1.70000E+02
d-Na023-MT802-Vysotskij-F0984002-E0003.599.1970                  1 4.00000E+01 1.70000E+02
d-Na023-MT802-Vysotskij-F0984002-E0003.614.1970                  1 4.00000E+01 1.40000E+02
d-Na023-MT802-Vysotskij-F0984002-E0003.632.1970                  1 9.00000E+01 1.40000E+02
d-Na023-MT802-Vysotskij-F0984002-E0003.632A001.1970              1 9.00000E+01 1.60000E+02
d-Na023-MT802-Vysotskij-F0984002-E0003.634.1970                  1 1.60000E+02 1.70000E+02
d-Na023-MT802-Vysotskij-F0984002-E0003.638.1970                  1 4.00000E+01 1.70000E+02
d-Na023-MT802-Vysotskij-F0984002-E0003.668.1970                  1 4.00000E+01 1.40000E+02
d-Na023-MT802-Vysotskij-F0984002-E0003.682.1970                  1 9.00000E+01 1.40000E+02
d-Na023-MT802-Vysotskij-F0984002-E0003.683.1970                  1 9.00000E+01 1.60000E+02
d-Na023-MT802-Vysotskij-F0984002-E0003.688.1970                  1 1.60000E+02 1.70000E+02
d-Na023-MT802-Vysotskij-F0984002-E0003.692.1970                  1 4.00000E+01 1.70000E+02
d-Na023-MT802-Vysotskij-F0984002-E0003.711.1970                  1 4.00000E+01 1.70000E+02
d-Na023-MT802-Vysotskij-F0984002-E0003.735.1970                  1 9.00000E+01 1.70000E+02
d-Na023-MT802-Vysotskij-F0984002-E0003.737.1970                  1 9.00000E+01 1.60000E+02
d-Na023-MT802-Vysotskij-F0984002-E0003.739.1970                  1 1.40000E+02 1.60000E+02
d-Na023-MT802-Vysotskij-F0984002-E0003.740.1970                  1 4.00000E+01 1.40000E+02
d-Na023-MT802-Vysotskij-F0984002-E0003.765.1970                  1 4.00000E+01 1.70000E+02
d-Na023-MT802-Vysotskij-F0984002-E0003.785.1970                  1 1.40000E+02 1.70000E+02
d-Na023-MT802-Vysotskij-F0984002-E0003.787.1970                  1 9.00000E+01 1.40000E+02
d-Na023-MT802-Vysotskij-F0984002-E0003.787A001.1970              1 9.00000E+01 1.60000E+02
d-Na023-MT802-Vysotskij-F0984002-E0003.789.1970                  1 4.00000E+01 1.60000E+02
d-Na023-MT802-Vysotskij-F0984002-E0003.823.1970                  1 4.00000E+01 1.40000E+02
d-Na023-MT802-Vysotskij-F0984002-E0003.841.1970                  1 9.00000E+01 1.40000E+02
d-Na023-MT802-Vysotskij-F0984002-E0003.841A001.1970              1 9.00000E+01 1.70000E+02
d-Na023-MT802-Vysotskij-F0984002-E0003.843.1970                  1 4.00000E+01 1.70000E+02
d-Na023-MT802-Vysotskij-F0984002-E0003.862.1970                  1 4.00000E+01 1.40000E+02
d-Na023-MT802-Vysotskij-F0984002-E0003.887.1970                  1 9.00000E+01 1.40000E+02
d-Na023-MT802-Vysotskij-F0984002-E0003.888.1970                  1 9.00000E+01 1.60000E+02
d-Na023-MT802-Vysotskij-F0984002-E0003.890.1970                  1 1.60000E+02 1.70000E+02
d-Na023-MT802-Vysotskij-F0984002-E0003.894.1970                  1 4.00000E+01 1.70000E+02
d-Na023-MT802-Vysotskij-F0984002-E0003.920.1970                  1 4.00000E+01 1.60000E+02
d-Na023-MT802-Vysotskij-F0984002-E0003.940.1970                  1 9.00000E+01 1.60000E+02
d-Na023-MT802-Vysotskij-F0984002-E0003.942.1970                  1 9.00000E+01 1.40000E+02
d-Na023-MT802-Vysotskij-F0984002-E0003.945.1970                  1 1.40000E+02 1.70000E+02
d-Na023-MT802-Vysotskij-F0984002-E0003.948.1970                  1 9.00000E+01 1.70000E+02
d-Na023-MT802-Vysotskij-F0984002-E0003.985.1970                  1 9.00000E+01 1.60000E+02
d-Na023-MT802-Vysotskij-F0984002-E0003.987.1970                  1 1.40000E+02 1.60000E+02
d-Na023-MT802-Vysotskij-F0984002-E0003.988.1970                  1 1.40000E+02 1.70000E+02
d-Na023-MT802-Vysotskij-F0984002-E0003.991.1970                  1 4.00000E+01 1.70000E+02
d-Na023-MT802-Vysotskij-F0984002-E0004.009.1970                  1 4.00000E+01 9.00000E+01
d-Na023-MT802-Vysotskij-F0984002-E0004.035.1970                  1 9.00000E+01 1.60000E+02
d-Na023-MT802-Vysotskij-F0984002-E0004.037.1970                  1 1.40000E+02 1.60000E+02
d-Na023-MT802-Vysotskij-F0984002-E0004.038.1970                  2 1.40000E+02 1.70000E+02
d-Na023-MT802-Vysotskij-F0984004-E0002.300.1970                 14 3.95930E+01 1.69050E+02
d-Na023-MT802-Vysotskij-F0984004-E0002.500.1970                 14 4.10320E+01 1.68920E+02
d-Na023-MT802-Vysotskij-F0984004-E0002.800.1970                  8 4.09820E+01 1.70200E+02
d-Na023-MT802-Vysotskij-F0984004-E0003.000.1970                 14 4.02430E+01 1.70570E+02
d-Na023-MT802-Vysotskij-F0984004-E0003.350.1970                 14 4.02430E+01 1.69190E+02
d-Na023-MT802-Vysotskij-F0984004-E0003.500.1970                 14 4.13440E+01 1.70440E+02
d-Na023-MT802-Vysotskij-F0984004-E0003.650.1970                 14 4.13440E+01 1.71140E+02
d-Na023-MT802-Vysotskij-F0984004-E0003.800.1970                 14 4.26540E+01 1.71570E+02
d-Na023-MT802-Vysotskij-F0984004-E0004.000.1970                 14 4.37330E+01 1.72240E+02
