#              Filename                                         N    min         max
n-Mg000-MT002-Adelfawzy-30613003-ang-E0007.000.1985             45 2.00000E+01 1.60000E+02
n-Mg000-MT002-Clarke-11286009-ang-E0014.100.1964                13 3.37000E+01 1.50800E+02
n-Mg000-MT002-Cox-12664002-ang-E0000.591.1967                  264 1.99988E+01 1.60001E+02
n-Mg000-MT002-Cross-11465003-ang-E0014.600.1960                 21 7.70001E+00 1.29200E+02
n-Mg000-MT002-Fedorov-40202002-ang-E0002.860.1970                8 2.89000E+01 1.33300E+02
n-Mg000-MT002-Ferrer-10633002-ang-E0011.010.1977                29 1.50000E+01 1.55000E+02
n-Mg000-MT002-Ferrer-10633002-ang-E0011.010A001.1977            29 1.50000E+01 1.55000E+02
n-Mg000-MT002-Kinney-10105006-ang-E0005.440.1970                22 1.50000E+01 1.14000E+02
n-Mg000-MT002-Kinney-10105006-ang-E0005.440A001.1970            22 1.50000E+01 1.14000E+02
n-Mg000-MT002-Kinney-10105006-ang-E0006.440.1970                22 1.50000E+01 1.34500E+02
n-Mg000-MT002-Korzh-32206002-ang-E0002.000.1994                 68 2.00000E+01 1.50000E+02
n-Mg000-MT002-Korzh-40685007-ang-E0000.500.1964                 16 3.00029E+01 1.39996E+02
n-Mg000-MT002-Korzh-40763005-ang-E0000.300.1963                  8 3.00029E+01 1.39996E+02
n-Mg000-MT002-Mittler-11455002-ang-E0007.970.1971               13 3.00000E+01 1.45000E+02
n-Mg000-MT002-Olsson-22048002-ang-E0021.600.1987                40 1.00000E+01 1.62000E+02
n-Mg000-MT002-Stelson-11527002-ang-E0014.000.1965               11 1.92000E+01 1.33500E+02
n-Mg000-MT002-Takahashi-22075198-ang-E0014.100.1987             15 2.00000E+01 1.60000E+02
n-Mg000-MT002-Thomson-11493004-ang-E0001.968.1962               40 2.00000E+01 1.50000E+02
