#              Filename                                         N    min         max
p-Cd112-MT002-Koike-E1950006-ang-E0014.702.1967                 13 2.00000E+01 1.40000E+02
p-Cd112-MT002-Mistry-C2688003-ang-E0006.563.1970                 1 9.00000E+01 1.50000E+02
p-Cd112-MT002-Mistry-C2688003-ang-E0006.564.1970                 1 9.00000E+01 1.70000E+02
p-Cd112-MT002-Mistry-C2688003-ang-E0006.567.1970                 1 1.20000E+02 1.70000E+02
p-Cd112-MT002-Mistry-C2688003-ang-E0006.573.1970                 1 9.00000E+01 1.20000E+02
p-Cd112-MT002-Mistry-C2688003-ang-E0006.580.1970                 2 9.00000E+01 1.50000E+02
p-Cd112-MT002-Mistry-C2688003-ang-E0006.586.1970                 2 9.00000E+01 1.70000E+02
p-Cd112-MT002-Mistry-C2688003-ang-E0006.594.1970                 2 9.00000E+01 1.70000E+02
p-Cd112-MT002-Mistry-C2688003-ang-E0006.600.1970                 1 1.20000E+02 1.70000E+02
p-Cd112-MT002-Mistry-C2688003-ang-E0006.604.1970                 1 9.00000E+01 1.20000E+02
p-Cd112-MT002-Mistry-C2688003-ang-E0006.610.1970                 2 9.00000E+01 1.70000E+02
p-Cd112-MT002-Mistry-C2688003-ang-E0006.611.1970                 1 1.20000E+02 1.70000E+02
p-Cd112-MT002-Mistry-C2688003-ang-E0006.614.1970                 1 1.20000E+02 1.50000E+02
p-Cd112-MT002-Mistry-C2688003-ang-E0006.623.1970                 1 9.00000E+01 1.50000E+02
p-Cd112-MT002-Mistry-C2688003-ang-E0006.624.1970                 1 9.00000E+01 1.70000E+02
p-Cd112-MT002-Mistry-C2688003-ang-E0006.627.1970                 1 1.20000E+02 1.70000E+02
p-Cd112-MT002-Mistry-C2688003-ang-E0006.629.1970                 1 1.20000E+02 1.50000E+02
p-Cd112-MT002-Mistry-C2688003-ang-E0006.636.1970                 1 9.00000E+01 1.50000E+02
p-Cd112-MT002-Mistry-C2688003-ang-E0006.639.1970                 1 9.00000E+01 1.20000E+02
p-Cd112-MT002-Mistry-C2688003-ang-E0006.643.1970                 2 9.00000E+01 1.70000E+02
p-Cd112-MT002-Mistry-C2688003-ang-E0006.651.1970                 1 9.00000E+01 1.50000E+02
p-Cd112-MT002-Mistry-C2688003-ang-E0006.654.1970                 1 1.20000E+02 1.50000E+02
p-Cd112-MT002-Mistry-C2688003-ang-E0006.659.1970                 2 9.00000E+01 1.70000E+02
p-Cd112-MT002-Mistry-C2688003-ang-E0006.668.1970                 1 9.00000E+01 1.50000E+02
p-Cd112-MT002-Mistry-C2688003-ang-E0006.669.1970                 1 1.20000E+02 1.50000E+02
p-Cd112-MT002-Mistry-C2688003-ang-E0006.672.1970                 2 9.00000E+01 1.70000E+02
p-Cd112-MT002-Mistry-C2688003-ang-E0006.681.1970                 1 9.00000E+01 1.50000E+02
p-Cd112-MT002-Mistry-C2688003-ang-E0006.683.1970                 1 1.50000E+02 1.70000E+02
p-Cd112-MT002-Mistry-C2688003-ang-E0006.685.1970                 1 1.20000E+02 1.70000E+02
p-Cd112-MT002-Mistry-C2688003-ang-E0006.689.1970                 1 1.20000E+02 1.50000E+02
p-Cd112-MT002-Mistry-C2688003-ang-E0006.693.1970                 1 9.00000E+01 1.50000E+02
p-Cd112-MT002-Mistry-C2688003-ang-E0006.694.1970                 1 9.00000E+01 1.70000E+02
p-Cd112-MT002-Mistry-C2688003-ang-E0006.699.1970                 1 1.20000E+02 1.70000E+02
p-Cd112-MT002-Mistry-C2688003-ang-E0006.703.1970                 1 1.20000E+02 1.50000E+02
p-Cd112-MT002-Mistry-C2688003-ang-E0006.708.1970                 1 9.00000E+01 1.50000E+02
p-Cd112-MT002-Mistry-C2688003-ang-E0006.712.1970                 1 9.00000E+01 1.70000E+02
p-Cd112-MT002-Mistry-C2688003-ang-E0006.714.1970                 1 1.20000E+02 1.70000E+02
p-Cd112-MT002-Mistry-C2688003-ang-E0006.716.1970                 1 1.20000E+02 1.50000E+02
p-Cd112-MT002-Mistry-C2688003-ang-E0006.724.1970                 1 9.00000E+01 1.50000E+02
p-Cd112-MT002-Mistry-C2688003-ang-E0006.725.1970                 1 9.00000E+01 1.20000E+02
p-Cd112-MT002-Mistry-C2688003-ang-E0006.730.1970                 2 1.20000E+02 1.70000E+02
p-Cd112-MT002-Mistry-C2688003-ang-E0006.737.1970                 1 9.00000E+01 1.50000E+02
p-Cd112-MT002-Mistry-C2688003-ang-E0006.740.1970                 1 9.00000E+01 1.70000E+02
p-Cd112-MT002-Mistry-C2688003-ang-E0006.744.1970                 1 1.20000E+02 1.70000E+02
p-Cd112-MT002-Mistry-C2688003-ang-E0006.747.1970                 1 1.20000E+02 1.50000E+02
p-Cd112-MT002-Mistry-C2688003-ang-E0006.753.1970                 1 9.00000E+01 1.50000E+02
p-Cd112-MT002-Mistry-C2688003-ang-E0006.755.1970                 1 9.00000E+01 1.20000E+02
p-Cd112-MT002-Mistry-C2688003-ang-E0006.757.1970                 1 1.20000E+02 1.70000E+02
p-Cd112-MT002-Mistry-C2688003-ang-E0006.758.1970                 1 9.00000E+01 1.70000E+02
p-Cd112-MT002-Mistry-C2688003-ang-E0006.769.1970                 1 9.00000E+01 1.50000E+02
p-Cd112-MT002-Mistry-C2688003-ang-E0006.770.1970                 1 1.20000E+02 1.50000E+02
p-Cd112-MT002-Mistry-C2688003-ang-E0006.773.1970                 1 1.20000E+02 1.70000E+02
p-Cd112-MT002-Mistry-C2688003-ang-E0006.774.1970                 1 9.00000E+01 1.70000E+02
p-Cd112-MT002-Mistry-C2688003-ang-E0006.785.1970                 1 9.00000E+01 1.20000E+02
p-Cd112-MT002-Mistry-C2688003-ang-E0006.787.1970                 1 1.20000E+02 1.50000E+02
p-Cd112-MT002-Mistry-C2688003-ang-E0006.789.1970                 1 1.50000E+02 1.70000E+02
p-Cd112-MT002-Mistry-C2688003-ang-E0006.790.1970                 1 9.00000E+01 1.70000E+02
p-Cd112-MT002-Mistry-C2688003-ang-E0006.798.1970                 1 9.00000E+01 1.50000E+02
p-Cd112-MT002-Mistry-C2688003-ang-E0006.799.1970                 1 1.20000E+02 1.50000E+02
p-Cd112-MT002-Mistry-C2688003-ang-E0006.802.1970                 1 1.20000E+02 1.70000E+02
p-Cd112-MT002-Mistry-C2688003-ang-E0006.804.1970                 1 1.50000E+02 1.70000E+02
p-Cd112-MT002-Mistry-C2688003-ang-E0006.813.1970                 1 9.00000E+01 1.50000E+02
p-Cd112-MT002-Mistry-C2688003-ang-E0006.814.1970                 1 9.00000E+01 1.70000E+02
p-Cd112-MT002-Mistry-C2688003-ang-E0006.816.1970                 1 1.20000E+02 1.70000E+02
p-Cd112-MT002-Mistry-C2688003-ang-E0006.819.1970                 1 1.20000E+02 1.50000E+02
p-Cd112-MT002-Mistry-C2688003-ang-E0006.830.1970                 1 9.00000E+01 1.50000E+02
p-Cd112-MT002-Mistry-C2688003-ang-E0006.831.1970                 1 9.00000E+01 1.20000E+02
p-Cd112-MT002-Mistry-C2688003-ang-E0006.833.1970                 1 1.20000E+02 1.70000E+02
p-Cd112-MT002-Mistry-C2688003-ang-E0006.834.1970                 1 9.00000E+01 1.70000E+02
p-Cd112-MT002-Mistry-C2688003-ang-E0006.842.1970                 2 9.00000E+01 1.50000E+02
p-Cd112-MT002-Mistry-C2688003-ang-E0006.844.1970                 1 1.20000E+02 1.70000E+02
p-Cd112-MT002-Mistry-C2688003-ang-E0006.846.1970                 1 9.00000E+01 1.70000E+02
p-Cd112-MT002-Mistry-C2688003-ang-E0006.857.1970                 1 9.00000E+01 1.50000E+02
p-Cd112-MT002-Mistry-C2688003-ang-E0006.858.1970                 1 1.50000E+02 1.70000E+02
p-Cd112-MT002-Mistry-C2688003-ang-E0006.859.1970                 1 1.20000E+02 1.70000E+02
p-Cd112-MT002-Mistry-C2688003-ang-E0006.861.1970                 1 9.00000E+01 1.20000E+02
p-Cd112-MT002-Mistry-C2688003-ang-E0006.864.1970                 1 9.00000E+01 1.50000E+02
p-Cd112-MT002-Mistry-C2688003-ang-E0006.865.1970                 1 1.50000E+02 1.70000E+02
p-Cd112-MT002-Mistry-C2688003-ang-E0006.868.1970                 1 1.20000E+02 1.70000E+02
p-Cd112-MT002-Mistry-C2688003-ang-E0006.869.1970                 1 9.00000E+01 1.20000E+02
p-Cd112-MT002-Mistry-C2688003-ang-E0006.872.1970                 2 9.00000E+01 1.50000E+02
p-Cd112-MT002-Mistry-C2688003-ang-E0006.874.1970                 1 1.20000E+02 1.70000E+02
p-Cd112-MT002-Mistry-C2688003-ang-E0006.875.1970                 1 1.50000E+02 1.70000E+02
p-Cd112-MT002-Mistry-C2688003-ang-E0006.877.1970                 1 1.20000E+02 1.50000E+02
p-Cd112-MT002-Mistry-C2688003-ang-E0006.882.1970                 1 1.20000E+02 1.50000E+02
p-Cd112-MT002-Mistry-C2688003-ang-E0006.884.1970                 1 9.00000E+01 1.50000E+02
p-Cd112-MT002-Mistry-C2688003-ang-E0006.885.1970                 1 9.00000E+01 1.20000E+02
p-Cd112-MT002-Mistry-C2688003-ang-E0006.889.1970                 2 9.00000E+01 1.70000E+02
p-Cd112-MT002-Mistry-C2688003-ang-E0006.894.1970                 2 9.00000E+01 1.70000E+02
p-Cd112-MT002-Mistry-C2688003-ang-E0006.897.1970                 1 1.20000E+02 1.70000E+02
p-Cd112-MT002-Mistry-C2688003-ang-E0006.899.1970                 1 9.00000E+01 1.20000E+02
p-Cd112-MT002-Mistry-C2688003-ang-E0006.903.1970                 2 9.00000E+01 1.50000E+02
p-Cd112-MT002-Mistry-C2688003-ang-E0006.904.1970                 1 1.20000E+02 1.70000E+02
p-Cd112-MT002-Mistry-C2688003-ang-E0006.906.1970                 1 9.00000E+01 1.70000E+02
p-Cd112-MT002-Mistry-C2688003-ang-E0006.910.1970                 1 9.00000E+01 1.50000E+02
p-Cd112-MT002-Mistry-C2688003-ang-E0006.912.1970                 1 1.20000E+02 1.50000E+02
p-Cd112-MT002-Mistry-C2688003-ang-E0006.913.1970                 1 9.00000E+01 1.20000E+02
p-Cd112-MT002-Mistry-C2688003-ang-E0006.916.1970                 1 9.00000E+01 1.50000E+02
p-Cd112-MT002-Mistry-C2688003-ang-E0006.917.1970                 2 1.20000E+02 1.70000E+02
p-Cd112-MT002-Mistry-C2688003-ang-E0006.920.1970                 1 1.20000E+02 1.70000E+02
p-Cd112-MT002-Mistry-C2688003-ang-E0006.921.1970                 1 9.00000E+01 1.70000E+02
p-Cd112-MT002-Mistry-C2688003-ang-E0006.924.1970                 1 9.00000E+01 1.50000E+02
