#              Filename                                         N    min         max     
p-Fe000-rp011022-Dittrich-A0408005.1988                          1 6.00000E+02 6.00000E+02
p-Fe000-rp011022-Honda-C0235020.1960                             1 7.30000E+02 7.30000E+02
p-Fe000-rp011022-Korteling-C0253026.1970                         3 1.00000E+02 3.00000E+02
p-Fe000-rp011022-Brodzinski-C02720181.1971                       1 5.85000E+02 5.85000E+02
p-Fe000-rp011022-Raisbeck-O00940102.1975                         1 1.00000E+03 1.00000E+03
p-Fe000-rp011022-Raisbeck-O00940112.1975                         1 2.00000E+03 2.00000E+03
p-Fe000-rp011022-Raisbeck-O00940122.1975                         1 3.00000E+03 3.00000E+03
p-Fe000-rp011022-Raisbeck-O00940132.1975                         1 2.30000E+04 2.30000E+04
p-Fe000-rp011022-Aleksandrov-A0501053.1990                       1 1.00000E+03 1.00000E+03
p-Fe000-rp011022-Porile-C0270006.1964                            1 2.90000E+04 2.90000E+04
p-Fe000-rp011022-Michel-O00780162.1989                           1 6.00000E+02 6.00000E+02
p-Fe000-rp011022-Perron-O0085014.1976                            1 2.10000E+04 2.10000E+04
p-Fe000-rp011022-Michel-O0277101.1995                            4 8.00000E+02 2.60000E+03
p-Fe000-rp011022-Lavrukhina-O0283005.1963                        1 1.50000E+02 1.50000E+02
p-Fe000-rp011022-Schiekel-O0284053.1996                          8 2.60000E+02 3.99000E+02
p-Fe000-rp011022-Lavrukhina-O0299005.1963                        1 6.60000E+02 6.60000E+02
p-Fe000-rp011022-Aleksandrov-O0376020.1989                       1 1.00000E+03 1.00000E+03
p-Fe000-rp011022-Korteling-O0412050.1967                         1 4.00000E+02 4.00000E+02
p-Fe000-rp011022-Gloris-O1881003.1998                           25 3.25000E+02 2.53000E+03
p-Fe000-rp011022-Neumann-O1882003.1999                           4 2.78000E+02 2.60000E+03
p-Fe000-rp011022-Orth-T0131018.1976                              1 5.90000E+02 5.90000E+02
