#              Filename                                         N    min         max
n-Ca040-MT151-Abdelkawi-304670051.1972                           1-6.06000E-06 0.00000E+00
n-Ca040-MT151-Abdelkawi-304670052.1972                           1-6.06000E-06 0.00000E+00
n-Ca040-MT151-Bilpuch-115990031.1961                             6 8.80000E-02 2.50000E-01
n-Ca040-MT151-Bilpuch-115990032.1961                             6 8.80000E-02 2.50000E-01
n-Ca040-MT151-Bilpuch-115990033.1961                             6 8.80000E-02 2.50000E-01
n-Ca040-MT151-Bilpuch-115990041.1961                             1 1.40000E-01 1.40000E-01
n-Ca040-MT151-Bilpuch-115990042.1961                             1 1.40000E-01 1.40000E-01
n-Ca040-MT151-Bowman-116000031.1962                             10 2.16000E-01 6.76000E-01
n-Ca040-MT151-Bowman-116000032.1962                             10 2.16000E-01 6.76000E-01
n-Ca040-MT151-Bowman-116000033.1962                             10 2.16000E-01 6.76000E-01
n-Ca040-MT151-Bowman-11600004.1962                              96 1.48000E-01 6.70000E-01
n-Ca040-MT151-Chan-31475002.1971                                 8 1.00000E-02 1.00000E-01
n-Ca040-MT151-Johnson-10721004.1973                              4 5.25000E-01 5.25000E-01
n-Ca040-MT151-Johnson-10721004A001.1973                          4 5.25000E-01 5.25000E-01
n-Ca040-MT151-Musgrove-303950021.1976                           61 2.88100E-03 2.96000E-01
n-Ca040-MT151-Musgrove-303950022.1976                           58 2.88100E-03 2.96000E-01
n-Ca040-MT151-Musgrove-303950024.1976                           36 3.02600E-03 2.96000E-01
n-Ca040-MT151-Musgrove-303950031.1976                           51 2.88100E-03 2.96000E-01
n-Ca040-MT151-Musgrove-303950032.1976                            5 2.04300E-02 1.70000E-01
n-Ca040-MT151-Musgrove-303950033.1976                           12 2.88100E-03 1.27600E-01
n-Ca040-MT151-Musgrove-303950034.1976                           30 1.08350E-02 2.96000E-01
n-Ca040-MT151-Musgrove-303950061.1976                            1 1.51250E-01 1.51250E-01
n-Ca040-MT151-Musgrove-303950062.1976                            2 1.51250E-01 1.51250E-01
n-Ca040-MT151-Musgrove-303950063.1976                            3 1.51250E-01 1.51250E-01
n-Ca040-MT151-Nebe-20157005.1972                                55 5.70000E-01 1.43300E+00
n-Ca040-MT151-Nebe-20157008.1972                                10 6.52000E-01 1.51500E+00
n-Ca040-MT151-Nebe-20157009.1972                                72 5.59000E-01 1.53000E+00
n-Ca040-MT151-Nebe-20157010.1972                                78 5.59000E-01 1.53000E+00
n-Ca040-MT151-Nebe-20157011.1972                                 3 6.50000E-01 6.50000E-01
n-Ca040-MT151-Nebe-20157012.1972                                 4 6.50000E-01 6.50000E-01
n-Ca040-MT151-Nebe-20157013.1972                                 3 6.50000E-01 6.50000E-01
n-Ca040-MT151-Nebe-20157014.1972                                 4 6.50000E-01 6.50000E-01
n-Ca040-MT151-Nebe-20157015.1972                                 3 6.50000E-01 6.50000E-01
n-Ca040-MT151-Singh-104980021.1974                              18 1.08270E-02 5.35400E-01
n-Ca040-MT151-Singh-104980021A001.1974                          18 1.08270E-02 5.35400E-01
n-Ca040-MT151-Singh-104980023.1974                               3 2.04040E-02 8.87500E-02
n-Ca040-MT151-Singh-104980023A001.1974                           3 2.04040E-02 8.87500E-02
n-Ca040-MT151-Singh-104980061.1974                               9 1.31600E-01 5.01500E-01
n-Ca040-MT151-Singh-104980061A001.1974                           9 1.31600E-01 5.01500E-01
n-Ca040-MT151-Singh-104980062.1974                               9 1.31600E-01 5.01500E-01
n-Ca040-MT151-Singh-104980062A001.1974                           9 1.31600E-01 5.01500E-01
n-Ca040-MT151-Singh-10498011.1974                                1 2.95125E-01 2.95125E-01
n-Ca040-MT151-Singh-10498011A001.1974                            1 2.95125E-01 2.95125E-01
n-Ca040-MT151-Toepke-205740031.1974                            130 1.00390E+00 2.50050E+00
n-Ca040-MT151-Toepke-205740032.1974                             69 1.00390E+00 2.44800E+00
n-Ca040-MT151-Toepke-205740033.1974                             97 1.00390E+00 2.44800E+00
n-Ca040-MT151-Toepke-205740034.1974                            103 1.00390E+00 2.50050E+00
n-Ca040-MT151-Toepke-20574004.1974                               7 1.29000E+00 1.29000E+00
n-Ca040-MT151-Wilenzick-113270041.1961                           7 2.54000E-01 5.95000E-01
n-Ca040-MT151-Wilenzick-113270042.1961                           7 2.54000E-01 5.95000E-01
n-Ca040-MT151-Wilenzick-113270043.1961                           7 2.54000E-01 5.95000E-01
n-Ca040-MT151-Wilenzick-113270044.1961                           7 2.54000E-01 5.95000E-01
