#              Filename                                         N    min         max
d-Ca048-MT600-Brown-F0910027-E0010.000.1970                      8 1.25000E+01 2.82000E+01
d-Ca048-MT600-Roy-F0919005-E0002.500.1971                       14 2.98000E+01 1.66000E+02
d-Ca048-MT600-Roy-F0919005-E0003.000.1971                       15 2.55000E+01 1.65100E+02
d-Ca048-MT600-Roy-F0919005-E0003.500.1971                       28 1.87000E+01 1.64600E+02
d-Ca048-MT600-Roy-F0919005-E0004.000.1971                       27 1.20000E+01 1.69500E+02
d-Ca048-MT600-Roy-F0919005-E0004.500.1971                       32 1.17000E+01 1.67200E+02
d-Ca048-MT600-Roy-F0919005-E0005.000.1971                       32 1.17000E+01 1.67800E+02
d-Ca048-MT600-Roy-F0919005-E0005.500.1971                       32 1.34000E+01 1.69700E+02
d-Ca048-MT600-Roy-F0919006-E0002.297.1971                        1 6.50000E+01 1.65000E+02
d-Ca048-MT600-Roy-F0919006-E0002.300.1971                        1 6.50000E+01 9.00000E+01
d-Ca048-MT600-Roy-F0919006-E0002.310.1971                        1 9.00000E+01 1.45000E+02
d-Ca048-MT600-Roy-F0919006-E0002.316.1971                        1 1.15000E+02 1.45000E+02
d-Ca048-MT600-Roy-F0919006-E0002.316A001.1971                    1 1.15000E+02 1.65000E+02
d-Ca048-MT600-Roy-F0919006-E0002.348.1971                        1 6.50000E+01 1.65000E+02
d-Ca048-MT600-Roy-F0919006-E0002.351.1971                        1 6.50000E+01 9.00000E+01
d-Ca048-MT600-Roy-F0919006-E0002.361.1971                        1 9.00000E+01 1.15000E+02
d-Ca048-MT600-Roy-F0919006-E0002.364.1971                        1 1.15000E+02 1.45000E+02
d-Ca048-MT600-Roy-F0919006-E0002.367.1971                        1 6.50000E+01 1.45000E+02
d-Ca048-MT600-Roy-F0919006-E0002.396.1971                        1 6.50000E+01 1.65000E+02
d-Ca048-MT600-Roy-F0919006-E0002.399.1971                        1 9.00000E+01 1.65000E+02
d-Ca048-MT600-Roy-F0919006-E0002.411.1971                        1 9.00000E+01 1.15000E+02
d-Ca048-MT600-Roy-F0919006-E0002.414.1971                        1 1.15000E+02 1.45000E+02
d-Ca048-MT600-Roy-F0919006-E0002.418.1971                        1 6.50000E+01 1.45000E+02
d-Ca048-MT600-Roy-F0919006-E0002.446.1971                        2 6.50000E+01 1.65000E+02
d-Ca048-MT600-Roy-F0919006-E0002.459.1971                        1 9.00000E+01 1.15000E+02
d-Ca048-MT600-Roy-F0919006-E0002.465.1971                        2 1.15000E+02 1.65000E+02
d-Ca048-MT600-Roy-F0919006-E0002.497.1971                        1 6.50000E+01 1.65000E+02
d-Ca048-MT600-Roy-F0919006-E0002.500.1971                        1 6.50000E+01 9.00000E+01
d-Ca048-MT600-Roy-F0919006-E0002.507.1971                        1 9.00000E+01 1.15000E+02
d-Ca048-MT600-Roy-F0919006-E0002.513.1971                        1 1.15000E+02 1.45000E+02
d-Ca048-MT600-Roy-F0919006-E0002.516.1971                        1 1.45000E+02 1.65000E+02
d-Ca048-MT600-Roy-F0919006-E0002.535.1971                        1 6.50000E+01 1.65000E+02
d-Ca048-MT600-Roy-F0919006-E0002.542.1971                        1 6.50000E+01 9.00000E+01
d-Ca048-MT600-Roy-F0919006-E0002.548.1971                        1 9.00000E+01 1.45000E+02
d-Ca048-MT600-Roy-F0919006-E0002.554.1971                        1 1.15000E+02 1.45000E+02
d-Ca048-MT600-Roy-F0919006-E0002.557.1971                        1 1.15000E+02 1.65000E+02
d-Ca048-MT600-Roy-F0919006-E0002.577.1971                        1 6.50000E+01 1.65000E+02
d-Ca048-MT600-Roy-F0919006-E0002.580.1971                        1 6.50000E+01 9.00000E+01
d-Ca048-MT600-Roy-F0919006-E0002.589.1971                        2 9.00000E+01 1.45000E+02
d-Ca048-MT600-Roy-F0919006-E0002.595.1971                        1 6.50000E+01 1.45000E+02
d-Ca048-MT600-Roy-F0919006-E0002.618.1971                        2 6.50000E+01 1.65000E+02
d-Ca048-MT600-Roy-F0919006-E0002.627.1971                        1 9.00000E+01 1.15000E+02
d-Ca048-MT600-Roy-F0919006-E0002.634.1971                        1 1.15000E+02 1.45000E+02
d-Ca048-MT600-Roy-F0919006-E0002.637.1971                        1 6.50000E+01 1.45000E+02
d-Ca048-MT600-Roy-F0919006-E0002.656.1971                        2 6.50000E+01 1.65000E+02
d-Ca048-MT600-Roy-F0919006-E0002.669.1971                        1 9.00000E+01 1.15000E+02
d-Ca048-MT600-Roy-F0919006-E0002.675.1971                        1 1.15000E+02 1.45000E+02
d-Ca048-MT600-Roy-F0919006-E0002.678.1971                        1 1.45000E+02 1.65000E+02
d-Ca048-MT600-Roy-F0919006-E0002.694.1971                        1 6.50000E+01 1.65000E+02
d-Ca048-MT600-Roy-F0919006-E0002.697.1971                        1 6.50000E+01 9.00000E+01
d-Ca048-MT600-Roy-F0919006-E0002.707.1971                        1 9.00000E+01 1.15000E+02
d-Ca048-MT600-Roy-F0919006-E0002.713.1971                        2 1.15000E+02 1.65000E+02
d-Ca048-MT600-Roy-F0919006-E0002.716.1971                        1 6.50000E+01 1.65000E+02
d-Ca048-MT600-Roy-F0919006-E0002.720.1971                        1 6.50000E+01 9.00000E+01
d-Ca048-MT600-Roy-F0919006-E0002.729.1971                        1 9.00000E+01 1.15000E+02
d-Ca048-MT600-Roy-F0919006-E0002.732.1971                        1 1.15000E+02 1.45000E+02
d-Ca048-MT600-Roy-F0919006-E0002.735.1971                        1 1.45000E+02 1.65000E+02
d-Ca048-MT600-Roy-F0919006-E0002.735A001.1971                    1 6.50000E+01 1.65000E+02
d-Ca048-MT600-Roy-F0919006-E0002.739.1971                        1 6.50000E+01 9.00000E+01
d-Ca048-MT600-Roy-F0919006-E0002.751.1971                        2 9.00000E+01 1.45000E+02
d-Ca048-MT600-Roy-F0919006-E0002.754.1971                        1 1.45000E+02 1.65000E+02
d-Ca048-MT600-Roy-F0919006-E0002.758.1971                        1 6.50000E+01 1.65000E+02
d-Ca048-MT600-Roy-F0919006-E0002.761.1971                        1 6.50000E+01 9.00000E+01
d-Ca048-MT600-Roy-F0919006-E0002.770.1971                        2 9.00000E+01 1.45000E+02
d-Ca048-MT600-Roy-F0919006-E0002.776.1971                        1 1.45000E+02 1.65000E+02
d-Ca048-MT600-Roy-F0919006-E0002.777.1971                        1 6.50000E+01 1.65000E+02
d-Ca048-MT600-Roy-F0919006-E0002.780.1971                        1 6.50000E+01 9.00000E+01
d-Ca048-MT600-Roy-F0919006-E0002.786.1971                        1 9.00000E+01 1.45000E+02
d-Ca048-MT600-Roy-F0919006-E0002.796.1971                        1 1.15000E+02 1.45000E+02
d-Ca048-MT600-Roy-F0919006-E0002.796A001.1971                    1 1.15000E+02 1.65000E+02
d-Ca048-MT600-Roy-F0919006-E0002.796A002.1971                    1 6.50000E+01 1.65000E+02
d-Ca048-MT600-Roy-F0919006-E0002.802.1971                        1 6.50000E+01 9.00000E+01
d-Ca048-MT600-Roy-F0919006-E0002.808.1971                        1 9.00000E+01 1.45000E+02
d-Ca048-MT600-Roy-F0919006-E0002.815.1971                        1 1.15000E+02 1.45000E+02
d-Ca048-MT600-Roy-F0919006-E0002.815A001.1971                    1 1.15000E+02 1.65000E+02
d-Ca048-MT600-Roy-F0919006-E0002.815A002.1971                    1 6.50000E+01 1.65000E+02
d-Ca048-MT600-Roy-F0919006-E0002.821.1971                        1 6.50000E+01 9.00000E+01
d-Ca048-MT600-Roy-F0919006-E0002.827.1971                        1 9.00000E+01 1.15000E+02
d-Ca048-MT600-Roy-F0919006-E0002.834.1971                        1 1.15000E+02 1.65000E+02
d-Ca048-MT600-Roy-F0919006-E0002.834A001.1971                    1 1.45000E+02 1.65000E+02
d-Ca048-MT600-Roy-F0919006-E0002.837.1971                        1 6.50000E+01 1.45000E+02
d-Ca048-MT600-Roy-F0919006-E0002.840.1971                        1 6.50000E+01 9.00000E+01
d-Ca048-MT600-Roy-F0919006-E0002.850.1971                        1 9.00000E+01 1.15000E+02
d-Ca048-MT600-Roy-F0919006-E0002.853.1971                        1 1.15000E+02 1.45000E+02
d-Ca048-MT600-Roy-F0919006-E0002.856.1971                        1 1.45000E+02 1.65000E+02
d-Ca048-MT600-Roy-F0919006-E0002.856A001.1971                    1 6.50000E+01 1.65000E+02
d-Ca048-MT600-Roy-F0919006-E0002.859.1971                        1 6.50000E+01 9.00000E+01
d-Ca048-MT600-Roy-F0919006-E0002.869.1971                        1 9.00000E+01 1.15000E+02
d-Ca048-MT600-Roy-F0919006-E0002.872.1971                        1 1.15000E+02 1.45000E+02
d-Ca048-MT600-Roy-F0919006-E0002.875.1971                        1 6.50000E+01 1.45000E+02
d-Ca048-MT600-Roy-F0919006-E0002.878.1971                        2 6.50000E+01 1.65000E+02
d-Ca048-MT600-Roy-F0919006-E0002.888.1971                        1 9.00000E+01 1.15000E+02
d-Ca048-MT600-Roy-F0919006-E0002.891.1971                        1 1.15000E+02 1.45000E+02
d-Ca048-MT600-Roy-F0919006-E0002.894.1971                        1 1.45000E+02 1.65000E+02
d-Ca048-MT600-Roy-F0919006-E0002.894A001.1971                    1 6.50000E+01 1.65000E+02
d-Ca048-MT600-Roy-F0919006-E0002.897.1971                        1 6.50000E+01 9.00000E+01
d-Ca048-MT600-Roy-F0919006-E0002.907.1971                        1 9.00000E+01 1.15000E+02
d-Ca048-MT600-Roy-F0919006-E0002.913.1971                        1 1.15000E+02 1.45000E+02
d-Ca048-MT600-Roy-F0919006-E0002.916.1971                        1 1.45000E+02 1.65000E+02
d-Ca048-MT600-Roy-F0919006-E0002.916A001.1971                    1 6.50000E+01 1.65000E+02
d-Ca048-MT600-Roy-F0919006-E0002.920.1971                        1 6.50000E+01 9.00000E+01
d-Ca048-MT600-Roy-F0919006-E0002.926.1971                        1 9.00000E+01 1.15000E+02
d-Ca048-MT600-Roy-F0919006-E0002.932.1971                        1 1.15000E+02 1.45000E+02
d-Ca048-MT600-Roy-F0919006-E0002.935.1971                        1 6.50000E+01 1.45000E+02
d-Ca048-MT600-Roy-F0919006-E0002.939.1971                        2 6.50000E+01 1.65000E+02
d-Ca048-MT600-Roy-F0919006-E0002.948.1971                        1 9.00000E+01 1.45000E+02
d-Ca048-MT600-Roy-F0919006-E0002.954.1971                        1 1.15000E+02 1.45000E+02
d-Ca048-MT600-Roy-F0919006-E0002.954A001.1971                    1 6.50000E+01 1.15000E+02
d-Ca048-MT600-Roy-F0919006-E0002.958.1971                        2 6.50000E+01 1.65000E+02
d-Ca048-MT600-Roy-F0919006-E0002.967.1971                        1 9.00000E+01 1.15000E+02
d-Ca048-MT600-Roy-F0919006-E0002.970.1971                        1 1.15000E+02 1.45000E+02
d-Ca048-MT600-Roy-F0919006-E0002.977.1971                        1 6.50000E+01 1.45000E+02
d-Ca048-MT600-Roy-F0919006-E0002.977A001.1971                    2 6.50000E+01 1.65000E+02
d-Ca048-MT600-Roy-F0919006-E0002.986.1971                        1 9.00000E+01 1.15000E+02
d-Ca048-MT600-Roy-F0919006-E0002.993.1971                        1 1.15000E+02 1.45000E+02
d-Ca048-MT600-Roy-F0919006-E0002.996.1971                        1 6.50000E+01 1.45000E+02
d-Ca048-MT600-Roy-F0919006-E0002.999.1971                        2 6.50000E+01 1.65000E+02
d-Ca048-MT600-Roy-F0919006-E0003.005.1971                        1 9.00000E+01 1.15000E+02
d-Ca048-MT600-Roy-F0919006-E0003.011.1971                        1 1.15000E+02 1.45000E+02
d-Ca048-MT600-Roy-F0919006-E0003.015.1971                        1 6.50000E+01 1.45000E+02
d-Ca048-MT600-Roy-F0919006-E0003.018.1971                        2 6.50000E+01 1.65000E+02
d-Ca048-MT600-Roy-F0919006-E0003.024.1971                        1 9.00000E+01 1.15000E+02
d-Ca048-MT600-Roy-F0919006-E0003.034.1971                        1 1.15000E+02 1.45000E+02
d-Ca048-MT600-Roy-F0919006-E0003.037.1971                        1 1.45000E+02 1.65000E+02
d-Ca048-MT600-Roy-F0919006-E0003.037A001.1971                    1 6.50000E+01 1.65000E+02
d-Ca048-MT600-Roy-F0919006-E0003.040.1971                        1 6.50000E+01 9.00000E+01
d-Ca048-MT600-Roy-F0919006-E0003.046.1971                        1 9.00000E+01 1.45000E+02
d-Ca048-MT600-Roy-F0919006-E0003.053.1971                        1 1.15000E+02 1.45000E+02
d-Ca048-MT600-Roy-F0919006-E0003.053A001.1971                    1 6.50000E+01 1.15000E+02
d-Ca048-MT600-Roy-F0919006-E0003.056.1971                        2 6.50000E+01 1.65000E+02
d-Ca048-MT600-Roy-F0919006-E0003.069.1971                        1 9.00000E+01 1.15000E+02
d-Ca048-MT600-Roy-F0919006-E0003.072.1971                        1 1.15000E+02 1.45000E+02
d-Ca048-MT600-Roy-F0919006-E0003.075.1971                        1 1.45000E+02 1.65000E+02
d-Ca048-MT600-Roy-F0919006-E0003.075A001.1971                    1 6.50000E+01 1.65000E+02
d-Ca048-MT600-Roy-F0919006-E0003.078.1971                        1 6.50000E+01 9.00000E+01
d-Ca048-MT600-Roy-F0919006-E0003.088.1971                        1 9.00000E+01 1.15000E+02
d-Ca048-MT600-Roy-F0919006-E0003.091.1971                        1 1.15000E+02 1.45000E+02
d-Ca048-MT600-Roy-F0919006-E0003.094.1971                        1 1.45000E+02 1.65000E+02
d-Ca048-MT600-Roy-F0919006-E0003.094A001.1971                    1 6.50000E+01 1.65000E+02
d-Ca048-MT600-Roy-F0919006-E0003.097.1971                        1 6.50000E+01 9.00000E+01
d-Ca048-MT600-Roy-F0919006-E0003.107.1971                        1 9.00000E+01 1.45000E+02
d-Ca048-MT600-Roy-F0919006-E0003.113.1971                        1 1.15000E+02 1.45000E+02
d-Ca048-MT600-Roy-F0919006-E0003.113A001.1971                    1 1.15000E+02 1.65000E+02
d-Ca048-MT600-Roy-F0919006-E0003.116.1971                        1 6.50000E+01 1.65000E+02
d-Ca048-MT600-Roy-F0919006-E0003.120.1971                        1 6.50000E+01 9.00000E+01
d-Ca048-MT600-Roy-F0919006-E0003.129.1971                        1 9.00000E+01 1.45000E+02
d-Ca048-MT600-Roy-F0919006-E0003.132.1971                        1 1.15000E+02 1.45000E+02
d-Ca048-MT600-Roy-F0919006-E0003.132A001.1971                    1 1.15000E+02 1.65000E+02
d-Ca048-MT600-Roy-F0919006-E0003.135.1971                        1 6.50000E+01 1.65000E+02
d-Ca048-MT600-Roy-F0919006-E0003.139.1971                        1 6.50000E+01 9.00000E+01
d-Ca048-MT600-Roy-F0919006-E0003.142.1971                        1 9.00000E+01 1.15000E+02
d-Ca048-MT600-Roy-F0919006-E0003.151.1971                        1 1.15000E+02 1.45000E+02
d-Ca048-MT600-Roy-F0919006-E0003.154.1971                        1 1.45000E+02 1.65000E+02
d-Ca048-MT600-Roy-F0919006-E0003.158.1971                        1 6.50000E+01 1.65000E+02
d-Ca048-MT600-Roy-F0919006-E0003.161.1971                        1 6.50000E+01 9.00000E+01
d-Ca048-MT600-Roy-F0919006-E0003.167.1971                        1 9.00000E+01 1.15000E+02
d-Ca048-MT600-Roy-F0919006-E0003.170.1971                        1 1.15000E+02 1.45000E+02
d-Ca048-MT600-Roy-F0919006-E0003.173.1971                        1 6.50000E+01 1.45000E+02
d-Ca048-MT600-Roy-F0919006-E0003.177.1971                        2 6.50000E+01 1.65000E+02
d-Ca048-MT600-Roy-F0919006-E0003.186.1971                        1 9.00000E+01 1.15000E+02
d-Ca048-MT600-Roy-F0919006-E0003.189.1971                        1 1.15000E+02 1.45000E+02
d-Ca048-MT600-Roy-F0919006-E0003.196.1971                        1 1.45000E+02 1.65000E+02
d-Ca048-MT600-Roy-F0919006-E0003.196A001.1971                    1 6.50000E+01 1.65000E+02
d-Ca048-MT600-Roy-F0919006-E0003.199.1971                        1 6.50000E+01 9.00000E+01
d-Ca048-MT600-Roy-F0919006-E0003.208.1971                        2 9.00000E+01 1.45000E+02
d-Ca048-MT600-Roy-F0919006-E0003.215.1971                        1 6.50000E+01 1.45000E+02
d-Ca048-MT600-Roy-F0919006-E0003.218.1971                        2 6.50000E+01 1.65000E+02
d-Ca048-MT600-Roy-F0919006-E0003.227.1971                        1 9.00000E+01 1.15000E+02
d-Ca048-MT600-Roy-F0919006-E0003.234.1971                        2 6.50000E+01 1.45000E+02
d-Ca048-MT600-Roy-F0919006-E0003.237.1971                        2 6.50000E+01 1.65000E+02
d-Ca048-MT600-Roy-F0919006-E0003.247.1971                        1 9.00000E+01 1.15000E+02
d-Ca048-MT600-Roy-F0919006-E0003.253.1971                        1 1.15000E+02 1.45000E+02
d-Ca048-MT600-Roy-F0919006-E0003.256.1971                        1 1.45000E+02 1.65000E+02
d-Ca048-MT600-Roy-F0919006-E0003.256A001.1971                    1 6.50000E+01 1.65000E+02
d-Ca048-MT600-Roy-F0919006-E0003.259.1971                        1 6.50000E+01 1.45000E+02
d-Ca048-MT600-Roy-F0919006-E0003.266.1971                        1 9.00000E+01 1.45000E+02
d-Ca048-MT600-Roy-F0919006-E0003.266A001.1971                    1 9.00000E+01 1.15000E+02
d-Ca048-MT600-Roy-F0919006-E0003.272.1971                        2 1.15000E+02 1.65000E+02
d-Ca048-MT600-Roy-F0919006-E0003.275.1971                        1 6.50000E+01 1.65000E+02
d-Ca048-MT600-Roy-F0919006-E0003.278.1971                        1 6.50000E+01 9.00000E+01
d-Ca048-MT600-Roy-F0919006-E0003.288.1971                        1 9.00000E+01 1.45000E+02
d-Ca048-MT600-Roy-F0919006-E0003.291.1971                        1 1.15000E+02 1.45000E+02
d-Ca048-MT600-Roy-F0919006-E0003.291A001.1971                    1 1.15000E+02 1.65000E+02
d-Ca048-MT600-Roy-F0919006-E0003.294.1971                        1 6.50000E+01 1.65000E+02
d-Ca048-MT600-Roy-F0919006-E0003.301.1971                        1 6.50000E+01 9.00000E+01
d-Ca048-MT600-Roy-F0919006-E0003.307.1971                        1 9.00000E+01 1.15000E+02
d-Ca048-MT600-Roy-F0919006-E0003.310.1971                        1 1.15000E+02 1.45000E+02
d-Ca048-MT600-Roy-F0919006-E0003.313.1971                        1 1.45000E+02 1.65000E+02
d-Ca048-MT600-Roy-F0919006-E0003.313A001.1971                    1 6.50000E+01 1.65000E+02
d-Ca048-MT600-Roy-F0919006-E0003.320.1971                        1 6.50000E+01 9.00000E+01
d-Ca048-MT600-Roy-F0919006-E0003.326.1971                        1 9.00000E+01 1.45000E+02
d-Ca048-MT600-Roy-F0919006-E0003.332.1971                        1 1.15000E+02 1.45000E+02
d-Ca048-MT600-Roy-F0919006-E0003.332A001.1971                    1 1.15000E+02 1.65000E+02
d-Ca048-MT600-Roy-F0919006-E0003.336.1971                        1 6.50000E+01 1.65000E+02
d-Ca048-MT600-Roy-F0919006-E0003.339.1971                        1 6.50000E+01 9.00000E+01
d-Ca048-MT600-Roy-F0919006-E0003.345.1971                        1 9.00000E+01 1.15000E+02
d-Ca048-MT600-Roy-F0919006-E0003.351.1971                        1 1.15000E+02 1.45000E+02
d-Ca048-MT600-Roy-F0919006-E0003.354.1971                        1 1.45000E+02 1.65000E+02
d-Ca048-MT600-Roy-F0919006-E0003.358.1971                        1 6.50000E+01 1.65000E+02
d-Ca048-MT600-Roy-F0919006-E0003.361.1971                        1 6.50000E+01 9.00000E+01
d-Ca048-MT600-Roy-F0919006-E0003.367.1971                        1 9.00000E+01 1.45000E+02
d-Ca048-MT600-Roy-F0919006-E0003.370.1971                        1 1.15000E+02 1.45000E+02
d-Ca048-MT600-Roy-F0919006-E0003.370A001.1971                    1 1.15000E+02 1.65000E+02
d-Ca048-MT600-Roy-F0919006-E0003.377.1971                        1 6.50000E+01 1.65000E+02
d-Ca048-MT600-Roy-F0919006-E0003.380.1971                        1 6.50000E+01 9.00000E+01
d-Ca048-MT600-Roy-F0919006-E0003.386.1971                        1 9.00000E+01 1.45000E+02
d-Ca048-MT600-Roy-F0919006-E0003.392.1971                        1 1.15000E+02 1.45000E+02
d-Ca048-MT600-Roy-F0919006-E0003.393.1971                        1 1.15000E+02 1.65000E+02
d-Ca048-MT600-Roy-F0919006-E0003.396.1971                        1 6.50000E+01 1.65000E+02
d-Ca048-MT600-Roy-F0919006-E0003.399.1971                        1 6.50000E+01 9.00000E+01
d-Ca048-MT600-Roy-F0919006-E0003.408.1971                        1 9.00000E+01 1.15000E+02
d-Ca048-MT600-Roy-F0919006-E0003.412.1971                        2 1.15000E+02 1.65000E+02
d-Ca048-MT600-Roy-F0919006-E0003.415.1971                        1 6.50000E+01 1.65000E+02
d-Ca048-MT600-Roy-F0919006-E0003.418.1971                        1 6.50000E+01 9.00000E+01
d-Ca048-MT600-Roy-F0919006-E0003.428.1971                        1 9.00000E+01 1.45000E+02
d-Ca048-MT600-Roy-F0919006-E0003.431.1971                        1 1.15000E+02 1.45000E+02
d-Ca048-MT600-Roy-F0919006-E0003.431A001.1971                    1 1.15000E+02 1.65000E+02
d-Ca048-MT600-Roy-F0919006-E0003.437.1971                        1 6.50000E+01 1.65000E+02
d-Ca048-MT600-Roy-F0919006-E0003.437A001.1971                    1 6.50000E+01 9.00000E+01
d-Ca048-MT600-Roy-F0919006-E0003.450.1971                        1 9.00000E+01 1.15000E+02
d-Ca048-MT600-Roy-F0919006-E0003.450A001.1971                    1 1.15000E+02 1.45000E+02
d-Ca048-MT600-Roy-F0919006-E0003.453.1971                        1 1.45000E+02 1.65000E+02
d-Ca048-MT600-Roy-F0919006-E0003.453A001.1971                    1 6.50000E+01 1.65000E+02
d-Ca048-MT600-Roy-F0919006-E0003.459.1971                        1 6.50000E+01 9.00000E+01
d-Ca048-MT600-Roy-F0919006-E0003.466.1971                        1 9.00000E+01 1.15000E+02
d-Ca048-MT600-Roy-F0919006-E0003.469.1971                        1 1.15000E+02 1.45000E+02
d-Ca048-MT600-Roy-F0919006-E0003.472.1971                        1 1.45000E+02 1.65000E+02
d-Ca048-MT600-Roy-F0919006-E0003.475.1971                        1 6.50000E+01 1.65000E+02
d-Ca048-MT600-Roy-F0919006-E0003.478.1971                        1 6.50000E+01 9.00000E+01
d-Ca048-MT600-Roy-F0919006-E0003.488.1971                        1 9.00000E+01 1.45000E+02
d-Ca048-MT600-Roy-F0919006-E0003.491.1971                        1 1.15000E+02 1.45000E+02
d-Ca048-MT600-Roy-F0919006-E0003.494.1971                        1 1.15000E+02 1.65000E+02
d-Ca048-MT600-Roy-F0919006-E0003.494A001.1971                    1 6.50000E+01 1.65000E+02
d-Ca048-MT600-Roy-F0919006-E0003.501.1971                        1 6.50000E+01 9.00000E+01
d-Ca048-MT600-Roy-F0919006-E0003.507.1971                        1 9.00000E+01 1.45000E+02
d-Ca048-MT600-Roy-F0919006-E0003.510.1971                        1 1.15000E+02 1.45000E+02
d-Ca048-MT600-Roy-F0919006-E0003.510A001.1971                    1 1.15000E+02 1.65000E+02
d-Ca048-MT600-Roy-F0919006-E0003.516.1971                        1 6.50000E+01 1.65000E+02
d-Ca048-MT600-Roy-F0919006-E0003.520.1971                        1 6.50000E+01 9.00000E+01
d-Ca048-MT600-Roy-F0919006-E0003.526.1971                        1 9.00000E+01 1.15000E+02
d-Ca048-MT600-Roy-F0919006-E0003.532.1971                        2 1.15000E+02 1.65000E+02
d-Ca048-MT600-Roy-F0919006-E0003.539.1971                        1 6.50000E+01 1.65000E+02
d-Ca048-MT600-Roy-F0919006-E0003.542.1971                        1 6.50000E+01 9.00000E+01
d-Ca048-MT600-Roy-F0919006-E0003.548.1971                        1 9.00000E+01 1.45000E+02
d-Ca048-MT600-Roy-F0919006-E0003.551.1971                        1 1.15000E+02 1.45000E+02
d-Ca048-MT600-Roy-F0919006-E0003.551A001.1971                    1 1.15000E+02 1.65000E+02
d-Ca048-MT600-Roy-F0919006-E0003.555.1971                        1 6.50000E+01 1.65000E+02
d-Ca048-MT600-Roy-F0919006-E0003.561.1971                        1 6.50000E+01 9.00000E+01
d-Ca048-MT600-Roy-F0919006-E0003.567.1971                        1 9.00000E+01 1.15000E+02
d-Ca048-MT600-Roy-F0919006-E0003.570.1971                        2 1.15000E+02 1.65000E+02
d-Ca048-MT600-Roy-F0919006-E0003.574.1971                        1 6.50000E+01 1.65000E+02
d-Ca048-MT600-Roy-F0919006-E0003.583.1971                        1 6.50000E+01 9.00000E+01
d-Ca048-MT600-Roy-F0919006-E0003.586.1971                        1 9.00000E+01 1.45000E+02
d-Ca048-MT600-Roy-F0919006-E0003.589.1971                        1 1.15000E+02 1.45000E+02
d-Ca048-MT600-Roy-F0919006-E0003.589A001.1971                    1 1.15000E+02 1.65000E+02
d-Ca048-MT600-Roy-F0919006-E0003.596.1971                        1 6.50000E+01 1.65000E+02
d-Ca048-MT600-Roy-F0919006-E0003.602.1971                        1 6.50000E+01 9.00000E+01
d-Ca048-MT600-Roy-F0919006-E0003.609.1971                        2 9.00000E+01 1.45000E+02
d-Ca048-MT600-Roy-F0919006-E0003.612.1971                        1 1.45000E+02 1.65000E+02
d-Ca048-MT600-Roy-F0919006-E0003.615.1971                        1 6.50000E+01 1.65000E+02
d-Ca048-MT600-Roy-F0919006-E0003.618.1971                        1 6.50000E+01 9.00000E+01
d-Ca048-MT600-Roy-F0919006-E0003.624.1971                        1 9.00000E+01 1.45000E+02
d-Ca048-MT600-Roy-F0919006-E0003.631.1971                        1 1.15000E+02 1.45000E+02
d-Ca048-MT600-Roy-F0919006-E0003.631A001.1971                    1 1.15000E+02 1.65000E+02
d-Ca048-MT600-Roy-F0919006-E0003.634.1971                        1 6.50000E+01 1.65000E+02
d-Ca048-MT600-Roy-F0919006-E0003.640.1971                        1 6.50000E+01 9.00000E+01
d-Ca048-MT600-Roy-F0919006-E0003.647.1971                        1 9.00000E+01 1.15000E+02
d-Ca048-MT600-Roy-F0919006-E0003.650.1971                        2 1.15000E+02 1.65000E+02
d-Ca048-MT600-Roy-F0919006-E0003.653.1971                        1 6.50000E+01 1.65000E+02
d-Ca048-MT600-Roy-F0919006-E0003.659.1971                        1 6.50000E+01 9.00000E+01
d-Ca048-MT600-Roy-F0919006-E0003.666.1971                        1 9.00000E+01 1.45000E+02
d-Ca048-MT600-Roy-F0919006-E0003.669.1971                        1 1.15000E+02 1.45000E+02
d-Ca048-MT600-Roy-F0919006-E0003.672.1971                        1 1.15000E+02 1.65000E+02
d-Ca048-MT600-Roy-F0919006-E0003.675.1971                        1 6.50000E+01 1.65000E+02
d-Ca048-MT600-Roy-F0919006-E0003.678.1971                        1 6.50000E+01 9.00000E+01
d-Ca048-MT600-Roy-F0919006-E0003.685.1971                        1 9.00000E+01 1.45000E+02
d-Ca048-MT600-Roy-F0919006-E0003.688.1971                        1 1.15000E+02 1.45000E+02
d-Ca048-MT600-Roy-F0919006-E0003.694.1971                        2 6.50000E+01 1.65000E+02
d-Ca048-MT600-Roy-F0919006-E0003.698.1971                        1 6.50000E+01 1.45000E+02
d-Ca048-MT600-Roy-F0919006-E0003.707.1971                        1 9.00000E+01 1.45000E+02
d-Ca048-MT600-Roy-F0919006-E0003.707A001.1971                    1 9.00000E+01 1.15000E+02
d-Ca048-MT600-Roy-F0919006-E0003.710.1971                        1 1.15000E+02 1.65000E+02
d-Ca048-MT600-Roy-F0919006-E0003.713.1971                        1 6.50000E+01 1.65000E+02
d-Ca048-MT600-Roy-F0919006-E0003.723.1971                        1 6.50000E+01 1.45000E+02
d-Ca048-MT600-Roy-F0919006-E0003.729.1971                        1 9.00000E+01 1.45000E+02
d-Ca048-MT600-Roy-F0919006-E0003.729A001.1971                    2 9.00000E+01 1.65000E+02
d-Ca048-MT600-Roy-F0919006-E0003.732.1971                        1 6.50000E+01 1.65000E+02
d-Ca048-MT600-Roy-F0919006-E0003.739.1971                        1 6.50000E+01 9.00000E+01
d-Ca048-MT600-Roy-F0919006-E0003.745.1971                        2 6.50000E+01 1.65000E+02
d-Ca048-MT600-Roy-F0919006-E0003.751.1971                        1 6.50000E+01 1.15000E+02
d-Ca048-MT600-Roy-F0919006-E0003.755.1971                        1 1.15000E+02 1.65000E+02
d-Ca048-MT600-Roy-F0919006-E0003.755A001.1971                    1 9.00000E+01 1.65000E+02
d-Ca048-MT600-Roy-F0919006-E0003.758.1971                        1 6.50000E+01 9.00000E+01
d-Ca048-MT600-Roy-F0919006-E0003.761.1971                        1 6.50000E+01 1.15000E+02
d-Ca048-MT600-Roy-F0919006-E0003.764.1971                        1 1.15000E+02 1.65000E+02
d-Ca048-MT600-Roy-F0919006-E0003.764A001.1971                    1 9.00000E+01 1.65000E+02
d-Ca048-MT600-Roy-F0919006-E0003.770.1971                        1 6.50000E+01 9.00000E+01
d-Ca048-MT600-Roy-F0919006-E0003.771.1971                        1 6.50000E+01 1.15000E+02
d-Ca048-MT600-Roy-F0919006-E0003.774.1971                        1 1.15000E+02 1.65000E+02
d-Ca048-MT600-Roy-F0919006-E0003.777.1971                        1 9.00000E+01 1.65000E+02
d-Ca048-MT600-Roy-F0919006-E0003.780.1971                        1 6.50000E+01 9.00000E+01
d-Ca048-MT600-Roy-F0919006-E0003.780A001.1971                    1 6.50000E+01 1.15000E+02
d-Ca048-MT600-Roy-F0919006-E0003.783.1971                        1 1.15000E+02 1.65000E+02
d-Ca048-MT600-Roy-F0919006-E0003.786.1971                        1 6.50000E+01 1.65000E+02
d-Ca048-MT600-Roy-F0919006-E0003.790.1971                        1 6.50000E+01 9.00000E+01
d-Ca048-MT600-Roy-F0919006-E0003.793.1971                        2 9.00000E+01 1.65000E+02
d-Ca048-MT600-Roy-F0919006-E0003.793A001.1971                    1 6.50000E+01 1.65000E+02
d-Ca048-MT600-Roy-F0919006-E0003.799.1971                        1 6.50000E+01 1.15000E+02
d-Ca048-MT600-Roy-F0919006-E0003.802.1971                        1 1.15000E+02 1.65000E+02
d-Ca048-MT600-Roy-F0919006-E0003.802A001.1971                    1 9.00000E+01 1.65000E+02
d-Ca048-MT600-Roy-F0919006-E0003.812.1971                        2 6.50000E+01 1.65000E+02
d-Ca048-MT600-Roy-F0919006-E0003.812A001.1971                    1 6.50000E+01 1.15000E+02
d-Ca048-MT600-Roy-F0919006-E0003.815.1971                        1 9.00000E+01 1.15000E+02
d-Ca048-MT600-Roy-F0919006-E0003.818.1971                        1 9.00000E+01 1.15000E+02
d-Ca048-MT600-Roy-F0919006-E0003.821.1971                        1 1.15000E+02 1.65000E+02
d-Ca048-MT600-Roy-F0919006-E0003.825.1971                        1 6.50000E+01 1.65000E+02
d-Ca048-MT600-Roy-F0919006-E0003.825A001.1971                    1 6.50000E+01 9.00000E+01
d-Ca048-MT600-Roy-F0919006-E0003.831.1971                        2 9.00000E+01 1.65000E+02
d-Ca048-MT600-Roy-F0919006-E0003.834.1971                        1 9.00000E+01 1.65000E+02
d-Ca048-MT600-Roy-F0919006-E0003.840.1971                        1 9.00000E+01 1.15000E+02
d-Ca048-MT600-Roy-F0919006-E0003.840A001.1971                    1 6.50000E+01 1.15000E+02
d-Ca048-MT600-Roy-F0919006-E0003.840A002.1971                    1 6.50000E+01 1.65000E+02
d-Ca048-MT600-Roy-F0919006-E0003.844.1971                        1 9.00000E+01 1.65000E+02
d-Ca048-MT600-Roy-F0919006-E0003.850.1971                        1 6.50000E+01 9.00000E+01
d-Ca048-MT600-Roy-F0919006-E0003.850A001.1971                    1 6.50000E+01 1.15000E+02
d-Ca048-MT600-Roy-F0919006-E0003.853.1971                        2 9.00000E+01 1.65000E+02
d-Ca048-MT600-Roy-F0919006-E0003.863.1971                        3 6.50000E+01 1.65000E+02
d-Ca048-MT600-Roy-F0919006-E0003.863A001.1971                    1 6.50000E+01 9.00000E+01
d-Ca048-MT600-Roy-F0919006-E0003.872.1971                        2 6.50000E+01 1.15000E+02
d-Ca048-MT600-Roy-F0919006-E0003.872A001.1971                    2 6.50000E+01 1.65000E+02
d-Ca048-MT600-Roy-F0919006-E0003.878.1971                        1 9.00000E+01 1.15000E+02
d-Ca048-MT600-Roy-F0919006-E0003.882.1971                        1 1.15000E+02 1.65000E+02
d-Ca048-MT600-Roy-F0919006-E0003.882A001.1971                    1 1.45000E+02 1.65000E+02
d-Ca048-MT600-Roy-F0919006-E0003.885.1971                        1 6.50000E+01 1.45000E+02
d-Ca048-MT600-Roy-F0919006-E0003.885A001.1971                    1 6.50000E+01 1.65000E+02
d-Ca048-MT600-Roy-F0919006-E0003.888.1971                        1 9.00000E+01 1.65000E+02
d-Ca048-MT600-Roy-F0919006-E0003.894.1971                        3 6.50000E+01 1.45000E+02
d-Ca048-MT600-Roy-F0919006-E0003.898.1971                        2 6.50000E+01 1.65000E+02
d-Ca048-MT600-Roy-F0919006-E0003.904.1971                        1 6.50000E+01 1.15000E+02
d-Ca048-MT600-Roy-F0919006-E0003.904A001.1971                    1 6.50000E+01 9.00000E+01
d-Ca048-MT600-Roy-F0919006-E0003.907.1971                        1 9.00000E+01 1.65000E+02
d-Ca048-MT600-Roy-F0919006-E0003.907A001.1971                    1 1.45000E+02 1.65000E+02
d-Ca048-MT600-Roy-F0919006-E0003.910.1971                        1 6.50000E+01 1.45000E+02
d-Ca048-MT600-Roy-F0919006-E0003.910A001.1971                    1 6.50000E+01 1.15000E+02
d-Ca048-MT600-Roy-F0919006-E0003.913.1971                        1 1.15000E+02 1.45000E+02
d-Ca048-MT600-Roy-F0919006-E0003.917.1971                        1 1.45000E+02 1.65000E+02
d-Ca048-MT600-Roy-F0919006-E0003.917A001.1971                    1 9.00000E+01 1.65000E+02
d-Ca048-MT600-Roy-F0919006-E0003.920.1971                        1 6.50000E+01 9.00000E+01
d-Ca048-MT600-Roy-F0919006-E0003.923.1971                        1 6.50000E+01 1.45000E+02
d-Ca048-MT600-Roy-F0919006-E0003.926.1971                        1 1.15000E+02 1.45000E+02
d-Ca048-MT600-Roy-F0919006-E0003.926A001.1971                    2 9.00000E+01 1.65000E+02
d-Ca048-MT600-Roy-F0919006-E0003.929.1971                        1 6.50000E+01 9.00000E+01
d-Ca048-MT600-Roy-F0919006-E0003.929A001.1971                    1 6.50000E+01 1.65000E+02
d-Ca048-MT600-Roy-F0919006-E0003.932.1971                        1 1.15000E+02 1.65000E+02
d-Ca048-MT600-Roy-F0919006-E0003.936.1971                        1 1.15000E+02 1.45000E+02
d-Ca048-MT600-Roy-F0919006-E0003.939.1971                        1 9.00000E+01 1.45000E+02
d-Ca048-MT600-Roy-F0919006-E0003.939A001.1971                    1 6.50000E+01 9.00000E+01
d-Ca048-MT600-Roy-F0919006-E0003.939A002.1971                    1 6.50000E+01 1.15000E+02
d-Ca048-MT600-Roy-F0919006-E0003.942.1971                        2 1.15000E+02 1.65000E+02
d-Ca048-MT600-Roy-F0919006-E0003.945.1971                        1 9.00000E+01 1.45000E+02
d-Ca048-MT600-Roy-F0919006-E0003.948.1971                        1 6.50000E+01 9.00000E+01
d-Ca048-MT600-Roy-F0919006-E0003.948A001.1971                    1 6.50000E+01 1.15000E+02
d-Ca048-MT600-Roy-F0919006-E0003.955.1971                        2 6.50000E+01 1.65000E+02
d-Ca048-MT600-Roy-F0919006-E0003.955A001.1971                    1 6.50000E+01 1.45000E+02
d-Ca048-MT600-Roy-F0919006-E0003.958.1971                        1 9.00000E+01 1.45000E+02
d-Ca048-MT600-Roy-F0919006-E0003.961.1971                        1 9.00000E+01 1.15000E+02
d-Ca048-MT600-Roy-F0919006-E0003.964.1971                        2 6.50000E+01 1.65000E+02
d-Ca048-MT600-Roy-F0919006-E0003.964A001.1971                    1 6.50000E+01 1.45000E+02
d-Ca048-MT600-Roy-F0919006-E0003.967.1971                        1 1.15000E+02 1.45000E+02
d-Ca048-MT600-Roy-F0919006-E0003.970.1971                        1 9.00000E+01 1.15000E+02
d-Ca048-MT600-Roy-F0919006-E0003.974.1971                        1 6.50000E+01 9.00000E+01
d-Ca048-MT600-Roy-F0919006-E0003.974A001.1971                    1 6.50000E+01 1.45000E+02
d-Ca048-MT600-Roy-F0919006-E0003.977.1971                        1 1.45000E+02 1.65000E+02
d-Ca048-MT600-Roy-F0919006-E0003.977A001.1971                    1 1.15000E+02 1.65000E+02
d-Ca048-MT600-Roy-F0919006-E0003.980.1971                        1 6.50000E+01 1.15000E+02
d-Ca048-MT600-Roy-F0919006-E0003.980A001.1971                    1 6.50000E+01 9.00000E+01
d-Ca048-MT600-Roy-F0919006-E0003.983.1971                        1 9.00000E+01 1.65000E+02
d-Ca048-MT600-Roy-F0919006-E0003.983A001.1971                    1 1.45000E+02 1.65000E+02
d-Ca048-MT600-Roy-F0919006-E0003.986.1971                        1 1.15000E+02 1.45000E+02
d-Ca048-MT600-Roy-F0919006-E0003.993.1971                        2 6.50000E+01 1.65000E+02
d-Ca048-MT600-Roy-F0919006-E0003.993A001.1971                    1 6.50000E+01 9.00000E+01
d-Ca048-MT600-Roy-F0919006-E0003.996.1971                        1 9.00000E+01 1.45000E+02
d-Ca048-MT600-Roy-F0919006-E0003.999.1971                        1 6.50000E+01 1.45000E+02
d-Ca048-MT600-Roy-F0919006-E0003.999A001.1971                    1 6.50000E+01 1.15000E+02
d-Ca048-MT600-Roy-F0919006-E0004.002.1971                        2 9.00000E+01 1.65000E+02
d-Ca048-MT600-Roy-F0919006-E0004.005.1971                        1 9.00000E+01 1.45000E+02
d-Ca048-MT600-Roy-F0919006-E0004.009.1971                        1 6.50000E+01 1.45000E+02
d-Ca048-MT600-Roy-F0919006-E0004.009A001.1971                    1 6.50000E+01 1.65000E+02
d-Ca048-MT600-Roy-F0919006-E0004.012.1971                        1 1.15000E+02 1.65000E+02
d-Ca048-MT600-Roy-F0919006-E0004.015.1971                        1 9.00000E+01 1.15000E+02
d-Ca048-MT600-Roy-F0919006-E0004.018.1971                        1 6.50000E+01 9.00000E+01
d-Ca048-MT600-Roy-F0919006-E0004.018A001.1971                    1 6.50000E+01 1.15000E+02
d-Ca048-MT600-Roy-F0919006-E0004.021.1971                        1 1.15000E+02 1.45000E+02
d-Ca048-MT600-Roy-F0919006-E0004.024.1971                        1 1.45000E+02 1.65000E+02
d-Ca048-MT600-Roy-F0919006-E0004.025.1971                        1 9.00000E+01 1.65000E+02
d-Ca048-MT600-Roy-F0919006-E0004.028.1971                        1 9.00000E+01 1.45000E+02
d-Ca048-MT600-Roy-F0919006-E0004.031.1971                        1 6.50000E+01 1.45000E+02
d-Ca048-MT600-Roy-F0919006-E0004.031A001.1971                    1 6.50000E+01 1.15000E+02
d-Ca048-MT600-Roy-F0919006-E0004.034.1971                        1 1.15000E+02 1.65000E+02
d-Ca048-MT600-Roy-F0919006-E0004.037.1971                        1 9.00000E+01 1.65000E+02
d-Ca048-MT600-Roy-F0919006-E0004.040.1971                        1 9.00000E+01 1.45000E+02
d-Ca048-MT600-Roy-F0919006-E0004.043.1971                        1 1.45000E+02 1.65000E+02
d-Ca048-MT600-Roy-F0919006-E0004.044.1971                        1 6.50000E+01 1.65000E+02
d-Ca048-MT600-Roy-F0919006-E0004.044A001.1971                    1 6.50000E+01 1.15000E+02
d-Ca048-MT600-Roy-F0919006-E0004.047.1971                        1 9.00000E+01 1.15000E+02
d-Ca048-MT600-Roy-F0919006-E0004.050.1971                        1 9.00000E+01 1.45000E+02
d-Ca048-MT600-Roy-F0919006-E0004.053.1971                        1 1.15000E+02 1.45000E+02
d-Ca048-MT600-Roy-F0919006-E0004.056.1971                        2 6.50000E+01 1.65000E+02
d-Ca048-MT600-Roy-F0919006-E0004.056A001.1971                    1 6.50000E+01 9.00000E+01
d-Ca048-MT600-Roy-F0919006-E0004.059.1971                        1 9.00000E+01 1.45000E+02
d-Ca048-MT600-Roy-F0919006-E0004.066.1971                        1 1.15000E+02 1.45000E+02
d-Ca048-MT600-Roy-F0919006-E0004.069.1971                        2 6.50000E+01 1.65000E+02
d-Ca048-MT600-Roy-F0919006-E0004.069A001.1971                    1 6.50000E+01 9.00000E+01
d-Ca048-MT600-Roy-F0919006-E0004.072.1971                        1 9.00000E+01 1.45000E+02
d-Ca048-MT600-Roy-F0919006-E0004.075.1971                        1 1.15000E+02 1.45000E+02
d-Ca048-MT600-Roy-F0919006-E0004.078.1971                        1 6.50000E+01 1.15000E+02
d-Ca048-MT600-Roy-F0919006-E0004.079.1971                        2 6.50000E+01 1.65000E+02
d-Ca048-MT600-Roy-F0919006-E0004.085.1971                        1 9.00000E+01 1.45000E+02
d-Ca048-MT600-Roy-F0919006-E0004.085A001.1971                    2 9.00000E+01 1.65000E+02
d-Ca048-MT600-Roy-F0919006-E0004.088.1971                        1 6.50000E+01 1.65000E+02
d-Ca048-MT600-Roy-F0919006-E0004.091.1971                        1 6.50000E+01 1.15000E+02
d-Ca048-MT600-Roy-F0919006-E0004.094.1971                        1 1.15000E+02 1.45000E+02
d-Ca048-MT600-Roy-F0919006-E0004.097.1971                        1 9.00000E+01 1.45000E+02
d-Ca048-MT600-Roy-F0919006-E0004.098.1971                        2 9.00000E+01 1.65000E+02
d-Ca048-MT600-Roy-F0919006-E0004.101.1971                        1 1.15000E+02 1.45000E+02
d-Ca048-MT600-Roy-F0919006-E0004.104.1971                        1 6.50000E+01 1.45000E+02
d-Ca048-MT600-Roy-F0919006-E0004.104A001.1971                    1 6.50000E+01 1.65000E+02
d-Ca048-MT600-Roy-F0919006-E0004.107.1971                        1 9.00000E+01 1.65000E+02
d-Ca048-MT600-Roy-F0919006-E0004.110.1971                        1 9.00000E+01 1.15000E+02
d-Ca048-MT600-Roy-F0919006-E0004.113.1971                        2 6.50000E+01 1.45000E+02
d-Ca048-MT600-Roy-F0919006-E0004.117.1971                        2 6.50000E+01 1.65000E+02
d-Ca048-MT600-Roy-F0919006-E0004.120.1971                        1 9.00000E+01 1.15000E+02
d-Ca048-MT600-Roy-F0919006-E0004.123.1971                        1 1.15000E+02 1.45000E+02
d-Ca048-MT600-Roy-F0919006-E0004.126.1971                        1 1.45000E+02 1.65000E+02
d-Ca048-MT600-Roy-F0919006-E0004.126A001.1971                    1 9.00000E+01 1.65000E+02
d-Ca048-MT600-Roy-F0919006-E0004.129.1971                        1 9.00000E+01 1.15000E+02
d-Ca048-MT600-Roy-F0919006-E0004.133.1971                        2 6.50000E+01 1.65000E+02
d-Ca048-MT600-Roy-F0919006-E0004.133A001.1971                    1 6.50000E+01 1.45000E+02
d-Ca048-MT600-Roy-F0919006-E0004.136.1971                        1 6.50000E+01 1.45000E+02
d-Ca048-MT600-Roy-F0919006-E0004.139.1971                        1 6.50000E+01 9.00000E+01
d-Ca048-MT600-Roy-F0919006-E0004.142.1971                        1 9.00000E+01 1.45000E+02
d-Ca048-MT600-Roy-F0919006-E0004.145.1971                        1 1.15000E+02 1.45000E+02
d-Ca048-MT600-Roy-F0919006-E0004.145A001.1971                    2 6.50000E+01 1.65000E+02
d-Ca048-MT600-Roy-F0919006-E0004.148.1971                        1 6.50000E+01 1.45000E+02
d-Ca048-MT600-Roy-F0919006-E0004.152.1971                        1 9.00000E+01 1.45000E+02
d-Ca048-MT600-Roy-F0919006-E0004.155.1971                        2 9.00000E+01 1.65000E+02
d-Ca048-MT600-Roy-F0919006-E0004.158.1971                        1 1.45000E+02 1.65000E+02
d-Ca048-MT600-Roy-F0919006-E0004.161.1971                        1 6.50000E+01 1.45000E+02
d-Ca048-MT600-Roy-F0919006-E0004.161A001.1971                    1 6.50000E+01 1.15000E+02
d-Ca048-MT600-Roy-F0919006-E0004.164.1971                        1 9.00000E+01 1.15000E+02
d-Ca048-MT600-Roy-F0919006-E0004.167.1971                        1 9.00000E+01 1.65000E+02
d-Ca048-MT600-Roy-F0919006-E0004.168.1971                        1 1.15000E+02 1.65000E+02
d-Ca048-MT600-Roy-F0919006-E0004.174.1971                        2 6.50000E+01 1.65000E+02
d-Ca048-MT600-Roy-F0919006-E0004.174A001.1971                    1 6.50000E+01 1.45000E+02
d-Ca048-MT600-Roy-F0919006-E0004.177.1971                        1 9.00000E+01 1.45000E+02
d-Ca048-MT600-Roy-F0919006-E0004.180.1971                        1 9.00000E+01 1.45000E+02
d-Ca048-MT600-Roy-F0919006-E0004.183.1971                        1 1.15000E+02 1.45000E+02
d-Ca048-MT600-Roy-F0919006-E0004.187.1971                        2 6.50000E+01 1.65000E+02
d-Ca048-MT600-Roy-F0919006-E0004.187A001.1971                    1 6.50000E+01 9.00000E+01
d-Ca048-MT600-Roy-F0919006-E0004.193.1971                        1 9.00000E+01 1.45000E+02
d-Ca048-MT600-Roy-F0919006-E0004.196.1971                        1 1.15000E+02 1.45000E+02
d-Ca048-MT600-Roy-F0919006-E0004.199.1971                        2 6.50000E+01 1.65000E+02
d-Ca048-MT600-Roy-F0919006-E0004.199A001.1971                    1 6.50000E+01 9.00000E+01
d-Ca048-MT600-Roy-F0919006-E0004.202.1971                        1 6.50000E+01 9.00000E+01
d-Ca048-MT600-Roy-F0919006-E0004.202A001.1971                    1 6.50000E+01 1.45000E+02
d-Ca048-MT600-Roy-F0919006-E0004.206.1971                        1 1.45000E+02 1.65000E+02
d-Ca048-MT600-Roy-F0919006-E0004.209.1971                        1 1.45000E+02 1.65000E+02
d-Ca048-MT600-Roy-F0919006-E0004.212.1971                        1 9.00000E+01 1.45000E+02
d-Ca048-MT600-Roy-F0919006-E0004.212A001.1971                    2 6.50000E+01 1.15000E+02
d-Ca048-MT600-Roy-F0919006-E0004.212A002.1971                    1 6.50000E+01 1.65000E+02
d-Ca048-MT600-Roy-F0919006-E0004.218.1971                        1 9.00000E+01 1.65000E+02
d-Ca048-MT600-Roy-F0919006-E0004.221.1971                        2 6.50000E+01 1.45000E+02
d-Ca048-MT600-Roy-F0919006-E0004.221A001.1971                    1 6.50000E+01 1.15000E+02
d-Ca048-MT600-Roy-F0919006-E0004.225.1971                        1 1.15000E+02 1.45000E+02
d-Ca048-MT600-Roy-F0919006-E0004.228.1971                        1 1.45000E+02 1.65000E+02
d-Ca048-MT600-Roy-F0919006-E0004.228A001.1971                    1 9.00000E+01 1.65000E+02
d-Ca048-MT600-Roy-F0919006-E0004.231.1971                        2 9.00000E+01 1.45000E+02
d-Ca048-MT600-Roy-F0919006-E0004.234.1971                        1 6.50000E+01 1.45000E+02
d-Ca048-MT600-Roy-F0919006-E0004.234A001.1971                    1 6.50000E+01 1.65000E+02
d-Ca048-MT600-Roy-F0919006-E0004.237.1971                        1 1.45000E+02 1.65000E+02
d-Ca048-MT600-Roy-F0919006-E0004.244.1971                        1 6.50000E+01 1.45000E+02
d-Ca048-MT600-Roy-F0919006-E0004.244A001.1971                    1 6.50000E+01 9.00000E+01
d-Ca048-MT600-Roy-F0919006-E0004.247.1971                        3 9.00000E+01 1.65000E+02
d-Ca048-MT600-Roy-F0919006-E0004.253.1971                        1 6.50000E+01 1.45000E+02
d-Ca048-MT600-Roy-F0919006-E0004.253A001.1971                    2 6.50000E+01 1.15000E+02
d-Ca048-MT600-Roy-F0919006-E0004.256.1971                        2 1.15000E+02 1.65000E+02
d-Ca048-MT600-Roy-F0919006-E0004.263.1971                        1 6.50000E+01 1.45000E+02
d-Ca048-MT600-Roy-F0919006-E0004.263A001.1971                    1 6.50000E+01 9.00000E+01
d-Ca048-MT600-Roy-F0919006-E0004.266.1971                        2 9.00000E+01 1.65000E+02
d-Ca048-MT600-Roy-F0919006-E0004.269.1971                        1 6.50000E+01 1.15000E+02
d-Ca048-MT600-Roy-F0919006-E0004.272.1971                        1 6.50000E+01 1.45000E+02
d-Ca048-MT600-Roy-F0919006-E0004.275.1971                        1 9.00000E+01 1.45000E+02
d-Ca048-MT600-Roy-F0919006-E0004.279.1971                        2 9.00000E+01 1.65000E+02
d-Ca048-MT600-Roy-F0919006-E0004.282.1971                        2 1.15000E+02 1.65000E+02
d-Ca048-MT600-Roy-F0919006-E0004.282A001.1971                    1 6.50000E+01 1.65000E+02
d-Ca048-MT600-Roy-F0919006-E0004.285.1971                        1 6.50000E+01 6.50000E+01
