#              Filename                                         N    min         max
p-Se076-MT648-Ogino-E1193046-ang-E0064.800.1986                 13 1.37000E+01 6.17000E+01
p-Se076-MT648-Ogino-E1193047-ang-E0064.800.1986                 13 8.99997E+00 6.06000E+01
p-Se076-MT648-Ogino-E1193048-ang-E0064.800.1986                 13 8.39997E+00 6.03000E+01
p-Se076-MT648-Ogino-E1193049-ang-E0064.800.1986                 12 1.23000E+01 6.00000E+01
p-Se076-MT648-Ogino-E1193050-ang-E0064.800.1986                 12 1.20000E+01 5.64000E+01
p-Se076-MT648-Ogino-E1193051-ang-E0064.800.1986                  8 1.64000E+01 4.48000E+01
p-Se076-MT648-Ogino-E1193052-ang-E0064.800.1986                  9 1.27000E+01 4.87000E+01
p-Se076-MT648-Ogino-E1193053-ang-E0064.800.1986                  9 1.33000E+01 4.94000E+01
p-Se076-MT648-Ogino-E1193054-ang-E0064.800.1986                 13 1.38000E+01 6.18000E+01
p-Se076-MT648-Ogino-E1193055-ang-E0064.800.1986                 13 1.39000E+01 6.17000E+01
p-Se076-MT648-Ogino-E1193056-ang-E0064.800.1986                 14 9.40003E+00 6.06000E+01
p-Se076-MT648-Ogino-E1193057-ang-E0064.800.1986                 12 1.18000E+01 5.59000E+01
p-Se076-MT648-Ogino-E1193063-ang-E0064.800.1986                 14 7.89998E+00 6.02000E+01
p-Se076-MT648-Ogino-E1193064-ang-E0064.800.1986                 13 1.24000E+01 5.99000E+01
p-Se076-MT648-Ogino-E1193065-ang-E0064.800.1986                 13 1.17000E+01 5.96000E+01
p-Se076-MT648-Ogino-E1193066-ang-E0064.800.1986                 12 1.60000E+01 6.01000E+01
p-Se076-MT648-Ogino-E1193067-ang-E0064.800.1986                 12 1.62000E+01 6.03000E+01
p-Se076-MT648-Ogino-E1193068-ang-E0064.800.1986                 13 1.22000E+01 6.04000E+01
p-Se076-MT648-Ogino-E1193069-ang-E0064.800.1986                 13 1.26000E+01 6.00000E+01
p-Se076-MT648-Ogino-E1193070-ang-E0064.800.1986                 13 1.20000E+01 5.94000E+01
p-Se076-MT648-Ogino-E1193071-ang-E0064.800.1986                 14 7.99998E+00 5.96000E+01
p-Se076-MT648-Ogino-E1193072-ang-E0064.800.1986                 13 1.01000E+01 5.80000E+01
p-Se076-MT648-Ogino-E1193073-ang-E0064.800.1986                 12 1.14000E+01 5.95000E+01
p-Se076-MT648-Ogino-E1193074-ang-E0064.800.1986                 11 1.51000E+01 5.48000E+01
p-Se076-MT648-Ogino-E1193076-ang-E0064.800.1986                 12 1.61000E+01 6.00000E+01
p-Se076-MT648-Ogino-E1193080-ang-E0064.800.1986                 14 8.59999E+00 6.00000E+01
p-Se076-MT648-Ogino-E1193081-ang-E0064.800.1986                 13 1.22000E+01 6.01000E+01
p-Se076-MT648-Ogino-E1193082-ang-E0064.800.1986                 14 8.30000E+00 6.00000E+01
p-Se076-MT648-Ogino-E1193083-ang-E0064.800.1986                 11 1.27000E+01 5.25000E+01
p-Se076-MT648-Ogino-E1193084-ang-E0064.800.1986                 13 1.28000E+01 6.01000E+01
p-Se076-MT648-Ogino-E1193085-ang-E0064.800.1986                 12 1.27000E+01 6.11000E+01
p-Se076-MT648-Ogino-E1193086-ang-E0064.800.1986                 13 1.24000E+01 6.00000E+01
p-Se076-MT648-Ogino-E1193087-ang-E0064.800.1986                 11 1.21000E+01 5.94000E+01
p-Se076-MT648-Ogino-E1193088-ang-E0064.800.1986                 13 1.22000E+01 5.97000E+01
p-Se076-MT648-Ogino-E1193089-ang-E0064.800.1986                 12 1.19000E+01 5.57000E+01
