#              Filename                                         N    min         max
d-B010-MT600-Arena-F0456003-E0000.656.1972                       1 3.00000E+01 6.00000E+01
d-B010-MT600-Arena-F0456003-E0000.687.1972                       1 6.00000E+01 9.00000E+01
d-B010-MT600-Arena-F0456003-E0000.699.1972                       1 9.00000E+01 1.50000E+02
d-B010-MT600-Arena-F0456003-E0000.723.1972                       1 3.00000E+01 1.50000E+02
d-B010-MT600-Arena-F0456003-E0000.736.1972                       1 3.00000E+01 9.00000E+01
d-B010-MT600-Arena-F0456003-E0000.746.1972                       1 6.00000E+01 9.00000E+01
d-B010-MT600-Arena-F0456003-E0000.767.1972                       1 6.00000E+01 1.50000E+02
d-B010-MT600-Arena-F0456003-E0000.771.1972                       1 3.00000E+01 1.50000E+02
d-B010-MT600-Arena-F0456003-E0000.783.1972                       1 3.00000E+01 9.00000E+01
d-B010-MT600-Arena-F0456003-E0000.793.1972                       1 6.00000E+01 9.00000E+01
d-B010-MT600-Arena-F0456003-E0000.797.1972                       1 6.00000E+01 1.50000E+02
d-B010-MT600-Arena-F0456003-E0000.818.1972                       1 3.00000E+01 1.50000E+02
d-B010-MT600-Arena-F0456003-E0000.831.1972                       1 3.00000E+01 9.00000E+01
d-B010-MT600-Arena-F0456003-E0000.841.1972                       1 6.00000E+01 9.00000E+01
d-B010-MT600-Arena-F0456003-E0000.844.1972                       1 6.00000E+01 1.50000E+02
d-B010-MT600-Arena-F0456003-E0000.850.1972                       1 3.00000E+01 1.50000E+02
d-B010-MT600-Arena-F0456003-E0000.878.1972                       1 3.00000E+01 9.00000E+01
d-B010-MT600-Arena-F0456003-E0000.904.1972                       1 6.00000E+01 9.00000E+01
d-B010-MT600-Arena-F0456003-E0000.908.1972                       1 6.00000E+01 1.50000E+02
d-B010-MT600-Arena-F0456003-E0000.914.1972                       1 3.00000E+01 1.50000E+02
d-B010-MT600-Arena-F0456003-E0000.926.1972                       1 3.00000E+01 6.00000E+01
d-B010-MT600-Arena-F0456003-E0000.940.1972                       1 6.00000E+01 9.00000E+01
d-B010-MT600-Arena-F0456003-E0000.952.1972                       1 9.00000E+01 1.50000E+02
d-B010-MT600-Arena-F0456003-E0000.978.1972                       1 3.00000E+01 1.50000E+02
d-B010-MT600-Arena-F0456003-E0000.990.1972                       1 3.00000E+01 9.00000E+01
d-B010-MT600-Arena-F0456003-E0000.999.1972                       1 6.00000E+01 9.00000E+01
d-B010-MT600-Arena-F0456003-E0001.004.1972                       1 6.00000E+01 1.50000E+02
d-B010-MT600-Arena-F0456003-E0001.010.1972                       1 3.00000E+01 1.50000E+02
d-B010-MT600-Arena-F0456003-E0001.022.1972                       1 3.00000E+01 9.00000E+01
d-B010-MT600-Arena-F0456003-E0001.047.1972                       1 6.00000E+01 9.00000E+01
d-B010-MT600-Arena-F0456003-E0001.051.1972                       1 6.00000E+01 1.50000E+02
d-B010-MT600-Arena-F0456003-E0001.058.1972                       1 3.00000E+01 1.50000E+02
d-B010-MT600-Arena-F0456003-E0001.070.1972                       1 3.00000E+01 6.00000E+01
d-B010-MT600-Arena-F0456003-E0001.099.1972                       1 6.00000E+01 9.00000E+01
d-B010-MT600-Arena-F0456003-E0001.110.1972                       1 9.00000E+01 1.50000E+02
d-B010-MT600-Arena-F0456003-E0001.123.1972                       1 6.00000E+01 1.50000E+02
d-B010-MT600-Arena-F0456003-E0001.131.1972                       1 3.00000E+01 6.00000E+01
d-B010-MT600-Arena-F0456003-E0001.135.1972                       1 3.00000E+01 9.00000E+01
d-B010-MT600-Arena-F0456003-E0001.158.1972                       1 3.00000E+01 9.00000E+01
d-B010-MT600-Arena-F0456003-E0001.165.1972                       1 3.00000E+01 1.50000E+02
d-B010-MT600-Arena-F0456003-E0001.172.1972                       1 6.00000E+01 1.50000E+02
d-B010-MT600-Arena-F0456003-E0001.177.1972                       1 6.00000E+01 1.50000E+02
d-B010-MT600-Arena-F0456003-E0001.204.1972                       1 9.00000E+01 1.50000E+02
d-B010-MT600-Arena-F0456003-E0001.206.1972                       1 3.00000E+01 9.00000E+01
d-B010-MT600-Arena-F0456003-E0001.228.1972                       1 3.00000E+01 9.00000E+01
d-B010-MT600-Arena-F0456003-E0001.237.1972                       1 6.00000E+01 9.00000E+01
d-B010-MT600-Arena-F0456003-E0001.241.1972                       1 3.00000E+01 6.00000E+01
d-B010-MT600-Arena-F0456003-E0001.257.1972                       1 3.00000E+01 1.50000E+02
d-B010-MT600-Arena-F0456003-E0001.269.1972                       1 6.00000E+01 1.50000E+02
d-B010-MT600-Arena-F0456003-E0001.287.1972                       1 6.00000E+01 9.00000E+01
d-B010-MT600-Arena-F0456003-E0001.300.1972                       1 9.00000E+01 1.50000E+02
d-B010-MT600-Arena-F0456003-E0001.317.1972                       1 3.00000E+01 1.50000E+02
d-B010-MT600-Arena-F0456003-E0001.321.1972                       1 3.00000E+01 6.00000E+01
d-B010-MT600-Arena-F0456003-E0001.334.1972                       1 6.00000E+01 9.00000E+01
d-B010-MT600-Arena-F0456003-E0001.348.1972                       1 9.00000E+01 1.50000E+02
d-B010-MT600-Arena-F0456003-E0001.365.1972                       1 3.00000E+01 1.50000E+02
d-B010-MT600-Arena-F0456003-E0001.367.1972                       1 3.00000E+01 9.00000E+01
d-B010-MT600-Arena-F0456003-E0001.395.1972                       1 6.00000E+01 9.00000E+01
d-B010-MT600-Arena-F0456003-E0001.397.1972                       1 6.00000E+01 1.50000E+02
d-B010-MT600-Arena-F0456003-E0001.413.1972                       1 3.00000E+01 1.50000E+02
d-B010-MT600-Arena-F0456003-E0001.429.1972                       1 3.00000E+01 6.00000E+01
d-B010-MT600-Arena-F0456003-E0001.443.1972                       1 6.00000E+01 9.00000E+01
d-B010-MT600-Arena-F0456003-E0001.457.1972                       1 9.00000E+01 1.50000E+02
d-B010-MT600-Arena-F0456003-E0001.461.1972                       1 3.00000E+01 1.50000E+02
d-B010-MT600-Arena-F0456003-E0001.479.1972                       1 3.00000E+01 6.00000E+01
d-B010-MT600-Arena-F0456003-E0001.488.1972                       1 6.00000E+01 9.00000E+01
d-B010-MT600-Arena-F0456003-E0001.489.1972                       1 3.00000E+01 9.00000E+01
d-B010-MT600-Arena-F0456003-E0001.523.1972                       1 3.00000E+01 1.50000E+02
d-B010-MT600-Arena-F0456003-E0001.524.1972                       1 6.00000E+01 1.50000E+02
d-B010-MT600-Arena-F0456003-E0001.551.1972                       1 6.00000E+01 9.00000E+01
d-B010-MT600-Arena-F0456003-E0001.552.1972                       1 9.00000E+01 1.50000E+02
d-B010-MT600-Arena-F0456003-E0001.555.1972                       1 3.00000E+01 1.50000E+02
d-B010-MT600-Arena-F0456003-E0001.568.1972                       1 3.00000E+01 6.00000E+01
d-B010-MT600-Arena-F0456003-E0001.583.1972                       2 6.00000E+01 1.50000E+02
d-B010-MT600-Arena-F0456003-E0001.602.1972                       1 3.00000E+01 1.50000E+02
d-B010-MT600-Arena-F0456003-E0001.615.1972                       1 3.00000E+01 9.00000E+01
d-B010-MT600-Arena-F0456003-E0001.648.1972                       1 9.00000E+01 1.50000E+02
d-B010-MT600-Arena-F0456003-E0001.651.1972                       1 6.00000E+01 1.50000E+02
d-B010-MT600-Arena-F0456003-E0001.665.1972                       1 3.00000E+01 6.00000E+01
d-B010-MT600-Arena-F0456003-E0001.693.1972                       1 3.00000E+01 6.00000E+01
d-B010-MT600-Arena-F0456003-E0001.694.1972                       1 6.00000E+01 9.00000E+01
d-B010-MT600-Arena-F0456003-E0001.696.1972                       1 9.00000E+01 1.50000E+02
d-B010-MT600-Arena-F0456003-E0001.715.1972                       1 3.00000E+01 1.50000E+02
d-B010-MT600-Arena-F0456003-E0001.752.1972                       1 3.00000E+01 6.00000E+01
d-B010-MT600-Arena-F0456003-E0001.754.1972                       1 6.00000E+01 9.00000E+01
d-B010-MT600-Arena-F0456003-E0001.760.1972                       1 9.00000E+01 1.50000E+02
d-B010-MT600-Arena-F0456003-E0001.763.1972                       1 3.00000E+01 1.50000E+02
d-B010-MT600-Arena-F0456003-E0001.784.1972                       1 3.00000E+01 6.00000E+01
d-B010-MT600-Arena-F0456003-E0001.802.1972                       1 6.00000E+01 9.00000E+01
d-B010-MT600-Arena-F0456003-E0001.808.1972                       1 9.00000E+01 1.50000E+02
d-B010-MT600-Arena-F0456003-E0001.824.1972                       1 6.00000E+01 1.50000E+02
d-B010-MT600-Arena-F0456003-E0001.834.1972                       1 6.00000E+01 9.00000E+01
d-B010-MT600-Arena-F0456003-E0001.839.1972                       1 3.00000E+01 9.00000E+01
d-B010-MT600-Arena-F0456003-E0001.845.1972                       1 3.00000E+01 1.50000E+02
d-B010-MT600-Arena-F0456003-E0001.858.1972                       1 3.00000E+01 1.50000E+02
d-B010-MT600-Arena-F0456003-E0001.877.1972                       1 3.00000E+01 6.00000E+01
d-B010-MT600-Arena-F0456003-E0001.897.1972                       1 6.00000E+01 9.00000E+01
d-B010-MT600-Arena-F0456003-E0001.903.1972                       1 9.00000E+01 1.50000E+02
d-B010-MT600-Arena-F0456003-E0001.905.1972                       1 3.00000E+01 1.50000E+02
d-B010-MT600-Arena-F0456003-E0001.940.1972                       1 3.00000E+01 6.00000E+01
d-B010-MT600-Arena-F0456003-E0001.945.1972                       1 6.00000E+01 9.00000E+01
d-B010-MT600-Arena-F0456003-E0001.951.1972                       1 9.00000E+01 1.50000E+02
d-B010-MT600-Arena-F0456003-E0001.969.1972                       1 3.00000E+01 1.50000E+02
d-B010-MT600-Arena-F0456003-E0001.986.1972                       1 3.00000E+01 9.00000E+01
d-B010-MT600-Arena-F0456003-E0001.998.1972                       1 6.00000E+01 9.00000E+01
d-B010-MT600-Arena-F0456003-E0002.009.1972                       1 6.00000E+01 1.50000E+02
d-B010-MT600-Arena-F0456003-E0002.033.1972                       1 6.00000E+01 1.50000E+02
d-B010-MT600-Arena-F0456003-E0002.043.1972                       1 6.00000E+01 9.00000E+01
d-B010-MT600-Arena-F0456003-E0002.046.1972                       1 3.00000E+01 9.00000E+01
d-B010-MT600-Arena-F0456003-E0002.052.1972                       1 3.00000E+01 1.50000E+02
d-B010-MT600-Arena-F0456003-E0002.081.1972                       1 3.00000E+01 1.50000E+02
d-B010-MT600-Arena-F0456003-E0002.087.1972                       1 3.00000E+01 9.00000E+01
d-B010-MT600-Arena-F0456003-E0002.094.1972                       1 6.00000E+01 9.00000E+01
d-B010-MT600-Arena-F0456003-E0002.110.1972                       1 6.00000E+01 1.50000E+02
d-B010-MT600-Arena-F0456003-E0002.114.1972                       1 3.00000E+01 1.50000E+02
d-B010-MT600-Arena-F0456003-E0002.135.1972                       1 3.00000E+01 6.00000E+01
d-B010-MT600-Arena-F0456003-E0002.141.1972                       1 6.00000E+01 9.00000E+01
d-B010-MT600-Arena-F0456003-E0002.142.1972                       1 9.00000E+01 1.50000E+02
d-B010-MT600-Arena-F0456003-E0002.162.1972                       1 9.00000E+01 1.50000E+02
d-B010-MT600-Arena-F0456003-E0002.190.1972                       1 6.00000E+01 9.00000E+01
d-B010-MT600-Arena-F0456003-E0002.193.1972                       1 6.00000E+01 1.50000E+02
d-B010-MT600-Arena-F0456003-E0002.212.1972                       1 3.00000E+01 1.50000E+02
d-B010-MT600-Arena-F0456003-E0002.217.1972                       1 3.00000E+01 1.50000E+02
d-B010-MT600-Arena-F0456003-E0002.245.1972                       1 3.00000E+01 1.50000E+02
d-B010-MT600-Arena-F0456003-E0002.248.1972                       1 3.00000E+01 9.00000E+01
d-B010-MT600-Arena-F0456003-E0002.254.1972                       1 6.00000E+01 9.00000E+01
d-B010-MT600-Arena-F0456003-E0002.256.1972                       1 6.00000E+01 6.00000E+01
d-B010-MT600-Barz-F0336002-E0013.500.1965                       39 0.00000E+00 1.50200E+02
d-B010-MT600-Cecil-C0762004-E0000.091.1981                      11 1.50000E+02 1.50000E+02
d-B010-MT600-Comsan-F0287002-E0001.007.1978                      1 5.00000E+01 1.20000E+02
d-B010-MT600-Comsan-F0287002-E0001.009.1978                      1 5.00000E+01 1.20000E+02
d-B010-MT600-Comsan-F0287002-E0001.057.1978                      1 5.00000E+01 1.20000E+02
d-B010-MT600-Comsan-F0287002-E0001.063.1978                      1 5.00000E+01 5.00000E+01
d-B010-MT600-Comsan-F0287003-E0000.800.1978                     16 1.53000E+01 1.50900E+02
d-B010-MT600-Comsan-F0287003-E0001.200.1978                     22 1.47000E+01 1.50700E+02
d-B010-MT600-Comsan-F0287003-E0001.600.1978                     22 1.46000E+01 1.49900E+02
d-B010-MT600-Comsan-F0287003-E0002.000.1978                     22 1.46000E+01 1.49700E+02
d-B010-MT600-Comsan-F0287003-E0002.400.1978                     22 1.45000E+01 1.49500E+02
d-B010-MT600-Galanina-F0761002-E0015.300.2005                   87 2.00000E+01 1.60300E+02
d-B010-MT600-Galanina-F0761003-E0011.340.2005                   84 5.00000E+01 5.00000E+01
d-B010-MT600-Harrison-F0348002-E0000.140.1960                   11 8.00153E-01 1.38200E+02
d-B010-MT600-Harrison-F0348002-E0000.172.1960                    8 0.00000E+00 1.37700E+02
d-B010-MT600-Harrison-F0348002-E0000.216.1960                   18 0.00000E+00 1.36400E+02
d-B010-MT600-Harrison-F0348002-E0000.249.1960                   13 5.00068E-01 1.36600E+02
d-B010-MT600-Hinds-F0335002-E0010.100.1962                     275 3.20008E+00 1.77700E+02
d-B010-MT600-Kokkoris-D0439003-E0000.894.2007                  366 1.35000E+02 1.70000E+02
d-B010-MT600-Marion-F0246002-E0001.000.1956                    214 9.40003E+00 1.61100E+02
d-B010-MT600-Marion-F0246005-E0000.900.1956                      2 4.50000E+01 1.50000E+02
d-B010-MT600-Marion-F0246005-E0000.902.1956                      1 4.50000E+01 1.50000E+02
d-B010-MT600-Marion-F0246005-E0000.923.1956                      1 9.00000E+01 1.50000E+02
d-B010-MT600-Marion-F0246005-E0000.925.1956                      1 4.50000E+01 9.00000E+01
d-B010-MT600-Marion-F0246005-E0000.928.1956                      1 4.50000E+01 1.50000E+02
d-B010-MT600-Marion-F0246005-E0000.944.1956                      1 9.00000E+01 1.50000E+02
d-B010-MT600-Marion-F0246005-E0000.948.1956                      1 4.50000E+01 9.00000E+01
d-B010-MT600-Marion-F0246005-E0000.949.1956                      1 4.50000E+01 1.50000E+02
d-B010-MT600-Marion-F0246005-E0000.969.1956                      1 9.00000E+01 1.50000E+02
d-B010-MT600-Marion-F0246005-E0000.971.1956                      1 4.50000E+01 9.00000E+01
d-B010-MT600-Marion-F0246005-E0000.972.1956                      1 4.50000E+01 9.00000E+01
d-B010-MT600-Marion-F0246005-E0000.993.1956                      2 4.50000E+01 1.50000E+02
d-B010-MT600-Marion-F0246005-E0000.995.1956                      2 4.50000E+01 4.50000E+01
d-B010-MT600-Powell-A1432004-E0004.500.1970                     16 1.49000E+01 1.54800E+02
d-B010-MT600-Powell-A1432004-E0004.750.1970                     15 1.49000E+01 1.54800E+02
d-B010-MT600-Powell-A1432004-E0005.000.1970                     17 1.98000E+01 1.54800E+02
d-B010-MT600-Powell-A1432004-E0005.250.1970                     15 1.98000E+01 1.34900E+02
d-B010-MT600-Powell-A1432004-E0005.500.1970                     17 1.91000E+01 1.55000E+02
