#              Filename                                         N    min         max
n-Y089-MT151-Agrawal-137370021.1989                            144 2.59800E-03 7.28066E-01
n-Y089-MT151-Agrawal-137370022.1989                            144 2.59800E-03 7.28066E-01
n-Y089-MT151-Agrawal-137370023.1989                            144 2.59800E-03 7.28066E-01
n-Y089-MT151-Agrawal-137370031.1989                            524 2.60900E-03 7.36800E-01
n-Y089-MT151-Agrawal-137370032.1989                            524 2.60900E-03 7.36800E-01
n-Y089-MT151-Agrawal-137370033.1989                            524 2.60900E-03 7.36800E-01
n-Y089-MT151-Bilpuch-11599031.1961                               7 2.50000E-03 1.30000E-02
n-Y089-MT151-Bilpuch-11599032.1961                               8 2.50000E-03 1.30000E-02
n-Y089-MT151-Bilpuch-11599033.1961                               7 2.50000E-03 1.30000E-02
n-Y089-MT151-Bilpuch-11599034.1961                               7 2.50000E-03 1.30000E-02
n-Y089-MT151-Bilpuch-11599035.1961                               8 2.50000E-03 1.30000E-02
n-Y089-MT151-Camarda-106670021.1977                             37 2.96200E-02 2.32210E-01
n-Y089-MT151-Camarda-106670021A001.1977                         37 2.96200E-02 2.32210E-01
n-Y089-MT151-Camarda-106670022.1977                             37 2.96200E-02 2.32210E-01
n-Y089-MT151-Camarda-106670022A001.1977                         37 2.96200E-02 2.32210E-01
n-Y089-MT151-Camarda-106670023.1977                             27 2.96200E-02 2.32210E-01
n-Y089-MT151-Camarda-106670023A001.1977                         27 2.96200E-02 2.32210E-01
n-Y089-MT151-Camarda-106670024.1977                             37 2.96200E-02 2.32210E-01
n-Y089-MT151-Camarda-106670024A001.1977                         37 2.96200E-02 2.32210E-01
n-Y089-MT151-Camarda-106670031.1977                            124 2.81960E-02 2.40300E-01
n-Y089-MT151-Camarda-106670031A001.1977                        124 2.81960E-02 2.40300E-01
n-Y089-MT151-Camarda-106670032.1977                            124 2.81960E-02 2.40300E-01
n-Y089-MT151-Camarda-106670032A001.1977                        124 2.81960E-02 2.40300E-01
n-Y089-MT151-Camarda-106670033.1977                              4 1.67650E-01 2.40300E-01
n-Y089-MT151-Camarda-106670033A001.1977                          4 1.67650E-01 2.40300E-01
n-Y089-MT151-Camarda-106670034.1977                            124 2.81960E-02 2.40300E-01
n-Y089-MT151-Camarda-106670034A001.1977                        124 2.81960E-02 2.40300E-01
n-Y089-MT151-Camarda-106670041.1977                              2 1.20150E-01 1.20150E-01
n-Y089-MT151-Camarda-106670041A001.1977                          2 1.20150E-01 1.20150E-01
n-Y089-MT151-Good-114020231.1958                                 5 2.50000E-03 1.70000E-02
n-Y089-MT151-Morgenstern-206840101.1969                         27 2.59800E-03 3.00500E-02
n-Y089-MT151-Morgenstern-206840102.1969                         17 2.59800E-03 3.00500E-02
n-Y089-MT151-Morgenstern-206840103.1969                         27 2.59800E-03 3.00500E-02
n-Y089-MT151-Morgenstern-206840104.1969                         27 2.59800E-03 3.00500E-02
n-Y089-MT151-Morgenstern-206840105.1969                         10 2.59800E-03 2.63800E-02
n-Y089-MT151-Morgenstern-20684012.1969                           2 1.50000E-02 1.50000E-02
n-Y089-MT151-Nikolenko-404010041.1976                            5 3.38100E-03 1.29900E-02
n-Y089-MT151-Nikolenko-404010051.1976                            2 2.60300E-03 2.24150E-02
n-Y089-MT151-Raman-109280031.1981                               11 2.60000E-03 9.74300E-03
n-Y089-MT151-Raman-109280031A001.1981                           11 2.60000E-03 9.74300E-03
n-Y089-MT151-Raman-109280032.1981                               11 2.60000E-03 9.74300E-03
n-Y089-MT151-Raman-109280032A001.1981                           11 2.60000E-03 9.74300E-03
n-Y089-MT151-Raman-109280033.1981                                6 2.60000E-03 9.74300E-03
n-Y089-MT151-Raman-109280033A001.1981                            6 2.60000E-03 9.74300E-03
n-Y089-MT151-Raman-109280034.1981                               10 2.60000E-03 9.74300E-03
n-Y089-MT151-Raman-109280034A001.1981                           10 2.60000E-03 9.74300E-03
n-Y089-MT151-Raman-109280035.1981                               10 2.60000E-03 9.74300E-03
n-Y089-MT151-Raman-109280035A001.1981                           10 2.60000E-03 9.74300E-03
n-Y089-MT151-Seth-11665008.1964                                  2 3.26500E-01 3.26500E-01
n-Y089-MT151-Seth-117880371.1958                                 1-3.00000E-04 0.00000E+00
n-Y089-MT151-Seth-117880372.1958                                 1-3.00000E-04 0.00000E+00
