#              Filename                                         N    min         max
n-Sn118-MT151-Adamchuk-400860041.1966                           12 4.57500E-05 4.72500E-03
n-Sn118-MT151-Adamchuk-400860042.1966                           12 4.57500E-05 4.72500E-03
n-Sn118-MT151-Adamchuk-400860043.1966                           12 4.57500E-05 4.72500E-03
n-Sn118-MT151-Adamchuk-400860051.1966                            1 2.38500E-03 2.38500E-03
n-Sn118-MT151-Adamchuk-400860052.1966                            1 2.38500E-03 2.38500E-03
n-Sn118-MT151-Adamchuk-40086026.1966                             1 2.75000E-03 2.75000E-03
n-Sn118-MT151-Bhat-11976003.1968                                 2 4.58000E-05 3.59000E-04
n-Sn118-MT151-Fuketa-119620121.1963                             10 4.57500E-05 3.45000E-03
n-Sn118-MT151-Fuketa-119620122.1963                             10 4.57500E-05 3.45000E-03
n-Sn118-MT151-Harvey-119120201.1955                              2 4.63000E-05 3.68000E-04
n-Sn118-MT151-Harvey-119120202.1955                              2 4.63000E-05 3.68000E-04
n-Sn118-MT151-Harvey-119120203.1955                              2 4.63000E-05 3.68000E-04
n-Sn118-MT151-Harvey-11912023.1955                               1 1.85000E-04 1.85000E-04
n-Sn118-MT151-Harvey-12252003.1965                               7 4.58000E-05 7.40000E-03
n-Sn118-MT151-Julien-206870311.1969                              1 4.58000E-05 4.58000E-05
n-Sn118-MT151-Julien-206870312.1969                              1 4.58000E-05 4.58000E-05
n-Sn118-MT151-Julien-206870313.1969                              1 4.58000E-05 4.58000E-05
n-Sn118-MT151-Julien-206870315.1969                              1 4.58000E-05 4.58000E-05
n-Sn118-MT151-Julien-206870316.1969                              1 4.58000E-05 4.58000E-05
n-Sn118-MT151-Julien-206870317.1969                              1 4.58000E-05 4.58000E-05
n-Sn118-MT151-Kimura-23262003.2014                              13 4.57500E-05 2.23300E-03
n-Sn118-MT151-Popov-40934015.1985                                1 4.50000E-04 4.50000E-04
n-Sn118-MT151-Popov-40934023.1985                                1 1.25900E-04 1.25900E-04
n-Sn118-MT151-Popov-40934068.1985                                2 1.27400E-04 1.27400E-04
n-Sn118-MT151-Raman-10762002.1978                                6 3.04000E-04 1.70000E-03
n-Sn118-MT151-Raman-10762002A001.1978                            6 3.04000E-04 1.70000E-03
n-Sn118-MT151-Slaughter-126280021.1966                           1 4.58000E-05 4.58000E-05
n-Sn118-MT151-Timokhov-40960038.1988                             2 3.10000E-01 3.10000E-01
n-Sn118-MT151-Timokhov-409600582.1988                            1 7.10000E-01 7.10000E-01
n-Sn118-MT151-Wisshak-223870031.1996                            67 2.90200E-03 1.99000E-02
