#              Filename                                         N    min         max
n-Zr091-MT151-Bartolome-100020221.1969                          28 1.81000E-04 4.26600E-03
n-Zr091-MT151-Bartolome-100020221A001.1969                      28 1.81000E-04 4.26600E-03
n-Zr091-MT151-Bartolome-100020222.1969                          28 1.81000E-04 4.26600E-03
n-Zr091-MT151-Bartolome-100020222A001.1969                      28 1.81000E-04 4.26600E-03
n-Zr091-MT151-Bartolome-100020223.1969                           8 2.91000E-04 3.98900E-03
n-Zr091-MT151-Bartolome-100020223A001.1969                       8 2.91000E-04 3.98900E-03
n-Zr091-MT151-Bartolome-100020301.1969                           2 2.22350E-03 2.22350E-03
n-Zr091-MT151-Bartolome-100020301A001.1969                       2 2.22350E-03 2.22350E-03
n-Zr091-MT151-Bartolome-100020302.1969                           2 2.22350E-03 2.22350E-03
n-Zr091-MT151-Bartolome-100020302A001.1969                       2 2.22350E-03 2.22350E-03
n-Zr091-MT151-Block-118940031.1963                              11 1.82200E-04 5.60000E-03
n-Zr091-MT151-Block-118940033.1963                               6 2.93000E-04 5.60000E-03
n-Zr091-MT151-Block-118940034.1963                               6 2.93000E-04 5.60000E-03
n-Zr091-MT151-Block-12074005.1964                               28 1.60000E-04 9.87000E-03
n-Zr091-MT151-Boldeman-303520021.1976                          119 3.16200E-03 3.00600E-02
n-Zr091-MT151-Boldeman-303520022.1976                           11 4.33300E-03 2.42400E-02
n-Zr091-MT151-Boldeman-30352003.1976                             1 1.65000E-02 1.65000E-02
n-Zr091-MT151-Brusegan-208590021.1978                           79 1.59400E-04 1.81310E-02
n-Zr091-MT151-Brusegan-20859003.1978                            64 1.81730E-04 1.45740E-02
n-Zr091-MT151-Brusegan-208590041.1978                           39 1.59400E-04 1.42290E-02
n-Zr091-MT151-Brusegan-208590042.1978                           16 2.92410E-04 1.40730E-02
n-Zr091-MT151-Brusegan-208590051.1978                           59 1.59400E-04 1.45740E-02
n-Zr091-MT151-Brusegan-208590052.1978                           10 1.81730E-04 1.45740E-02
n-Zr091-MT151-Brusegan-20859006.1978                            16 1.48320E-02 1.98030E-02
n-Zr091-MT151-Brusegan-20859007.1978                             1 7.37950E-03 7.37950E-03
n-Zr091-MT151-Brusegan-20859008.1978                             1 7.37950E-03 7.37950E-03
n-Zr091-MT151-Gledenov-413980021.1988                            6 1.81100E-01 2.47420E+00
n-Zr091-MT151-Gledenov-413980031.1988                            3 1.81100E-01 4.49400E-01
n-Zr091-MT151-Harvey-120120021.1958                              1 2.98000E-04 2.98000E-04
n-Zr091-MT151-Jackson-11837002.1963                              7 1.82000E-04 2.05000E-03
n-Zr091-MT151-Kapchigashev-400340151.1965                        1 8.80000E-04 8.80000E-04
n-Zr091-MT151-Kapchigashev-400340153.1965                        1 8.80000E-04 8.80000E-04
n-Zr091-MT151-Kapchigashev-40778018.1966                         1 2.50000E-02 2.50000E-02
n-Zr091-MT151-Leinweber-137440131.2000                           5 1.81900E-04 2.47400E-03
n-Zr091-MT151-Leinweber-137440132.2000                           5 1.81900E-04 2.47400E-03
n-Zr091-MT151-Leinweber-137440133.2000                           5 1.81900E-04 2.47400E-03
n-Zr091-MT151-Leinweber-137440134.2000                           5 1.81900E-04 2.47400E-03
n-Zr091-MT151-Leinweber-137440135.2000                           5 1.81900E-04 2.47400E-03
n-Zr091-MT151-Lopez-118930021.1968                               3 2.92000E-04 1.53700E-03
n-Zr091-MT151-Lopez-118930022.1968                               3 2.92000E-04 1.53700E-03
n-Zr091-MT151-Lopez-118930023.1968                               3 2.92000E-04 1.53700E-03
n-Zr091-MT151-Lopez-118930024.1968                               3 2.92000E-04 1.53700E-03
n-Zr091-MT151-Lopez-118930031.1968                               9 2.41000E-04 1.72000E-03
n-Zr091-MT151-Lopez-118930041.1968                               4 1.96000E-03 3.66400E-03
n-Zr091-MT151-Lopez-118930042.1968                               4 1.96000E-03 3.66400E-03
n-Zr091-MT151-Lopez-11893005.1968                                7 1.59000E-04 3.89000E-03
n-Zr091-MT151-Macklin-106280021.1977                             1 2.92360E-04 2.92360E-04
n-Zr091-MT151-Macklin-106280021A001.1977                         1 2.92360E-04 2.92360E-04
n-Zr091-MT151-Macklin-106280022.1977                             1 2.92360E-04 2.92360E-04
n-Zr091-MT151-Macklin-106280022A001.1977                         1 2.92360E-04 2.92360E-04
n-Zr091-MT151-Macklin-106280023.1977                             1 2.92360E-04 2.92360E-04
n-Zr091-MT151-Macklin-106280023A001.1977                         1 2.92360E-04 2.92360E-04
n-Zr091-MT151-Morgenstern-20684014.1969                          2 1.00000E-03 1.00000E-03
n-Zr091-MT151-Morgenstern-206840151.1969                        10 1.81720E-04 2.00780E-03
n-Zr091-MT151-Morgenstern-206840152.1969                        10 1.81720E-04 2.00780E-03
n-Zr091-MT151-Morgenstern-206840153.1969                         3 2.92370E-04 1.53010E-03
n-Zr091-MT151-Morgenstern-206840154.1969                         9 1.81720E-04 2.00780E-03
n-Zr091-MT151-Morgenstern-206840155.1969                         3 2.92370E-04 1.53010E-03
n-Zr091-MT151-Morgenstern-206840156.1969                         8 1.81720E-04 2.00780E-03
n-Zr091-MT151-Morgenstern-206840157.1969                         4 1.81720E-04 6.80700E-04
n-Zr091-MT151-Morgenstern-20684017.1969                          2 1.00000E-03 1.00000E-03
n-Zr091-MT151-Moskalev-40758004.1964                             1 2.89000E-03 2.89000E-03
n-Zr091-MT151-Moskalev-40758005.1964                            11 1.82500E-04 5.60000E-03
n-Zr091-MT151-Moskalev-40758013.1964                             1 2.89000E-03 2.89000E-03
n-Zr091-MT151-Moskalev-40758016.1964                             1 2.93300E-04 2.93300E-04
n-Zr091-MT151-Mughabghab-107400021.1972                          7 1.82000E-04 1.54000E-03
n-Zr091-MT151-Mughabghab-107400021A001.1972                      7 1.82000E-04 1.54000E-03
n-Zr091-MT151-Mughabghab-107400022.1972                          3 2.40000E-04 8.90000E-04
n-Zr091-MT151-Mughabghab-107400022A001.1972                      3 2.40000E-04 8.90000E-04
n-Zr091-MT151-Muradyan-41665003.1965                             3 1.82000E-04 2.93000E-04
n-Zr091-MT151-Musgrove-304230021.1977                           91 1.59400E-04 1.97910E-02
n-Zr091-MT151-Musgrove-304230022.1977                           89 1.59400E-04 1.97470E-02
n-Zr091-MT151-Musgrove-304230023.1977                           22 1.81800E-04 1.86340E-02
n-Zr091-MT151-Musgrove-304230024.1977                           22 1.81800E-04 1.86340E-02
n-Zr091-MT151-Musgrove-304230026.1977                           14 3.15600E-03 1.86340E-02
n-Zr091-MT151-Musgrove-304230027.1977                           55 3.60900E-03 1.97470E-02
n-Zr091-MT151-Musgrove-304230031.1977                            2 1.01500E-01 1.01500E-01
n-Zr091-MT151-Musgrove-304230032.1977                            2 1.01500E-01 1.01500E-01
n-Zr091-MT151-Musgrove-30423004.1977                             2 1.01500E-01 1.01500E-01
n-Zr091-MT151-Olsen-118430021.1961                               1 6.85000E-04 6.85000E-04
n-Zr091-MT151-Olsen-118430022.1961                               1 6.85000E-04 6.85000E-04
n-Zr091-MT151-Olsen-118430024.1961                               1 6.85000E-04 6.85000E-04
n-Zr091-MT151-Olsen-118430031.1961                               4 1.82000E-04 2.48000E-03
n-Zr091-MT151-Rimawi-118890021.1969                              5 1.82300E-04 8.85000E-04
n-Zr091-MT151-Rimawi-118890022.1969                              5 1.82300E-04 8.85000E-04
n-Zr091-MT151-Rimawi-118890023.1969                              4 1.82300E-04 8.85000E-04
n-Zr091-MT151-Salah-129400021.1985                               1 2.92400E-04 2.92400E-04
n-Zr091-MT151-Salah-129400022.1985                               1 2.92400E-04 2.92400E-04
n-Zr091-MT151-Salah-129400023.1985                               1 2.92400E-04 2.92400E-04
n-Zr091-MT151-Salah-129400024.1985                               1 2.92400E-04 2.92400E-04
n-Zr091-MT151-Stolovy-118660041.1957                             1 2.96000E-04 2.96000E-04
n-Zr091-MT151-Stolovy-118660042.1957                             1 2.96000E-04 2.96000E-04
n-Zr091-MT151-Tagliente-230440021.2008                         157 1.59430E-04 2.61260E-02
n-Zr091-MT151-Tagliente-230440031.2008                           2 1.31427E-02 1.31427E-02
n-Zr091-MT151-Tagliente-230440032.2008                           2 1.31427E-02 1.31427E-02
n-Zr091-MT151-Tagliente-231940041.2013                           5 1.59500E-04 4.49800E-04
