#              Filename                                         N    min         max
n-Se000-MT001-Bally-30205004.1962                               21 2.72200E-09 9.46800E-09
n-Se000-MT001-Bollinger-11690005.1955                          155 2.12000E-06 9.48000E-03
n-Se000-MT001-Coon-12524028.1952                                 1 1.41200E+01 1.41200E+01
n-Se000-MT001-Cote-11836002.1964                               536 1.01500E-04 5.18600E-03
n-Se000-MT001-Egelstaff-21278007.1953                           87 1.05000E-09 9.80000E-06
n-Se000-MT001-Fosterjr-10047040.1971                           228 2.46500E+00 1.49000E+01
n-Se000-MT001-Fosterjr-10047040A001.1971                       228 2.46500E+00 1.49000E+01
n-Se000-MT001-Good-11402012.1958                                36 3.70000E-03 8.90000E-03
n-Se000-MT001-Harvey-13770005.1980                            8348 6.12960E-06 1.78010E-01
n-Se000-MT001-Hibdon-11261021.1949                               2 1.20000E-04 3.45000E-04
n-Se000-MT001-Johnson-11292004.1953                             41 3.35000E-01 3.31000E+00
n-Se000-MT001-Kent-11617018.1962                                 1 3.66000E+00 3.66000E+00
n-Se000-MT001-Koester-21653011.1980                              3 5.10000E-10 5.19000E-06
n-Se000-MT001-Leblanc-11833002.1959                            264 2.51800E-05 1.70200E-02
n-Se000-MT001-Musaelyan-40843016.1983                           38 6.25000E-01 1.32600E+00
n-Se000-MT001-Nereson-11308012.1954                             29 2.80400E+00 1.31490E+01
n-Se000-MT001-Newson-11834002.1956                             100 8.00000E-04 7.98000E-02
n-Se000-MT001-Pineo-10542010.1974                               69 3.74900E-02 6.38500E-01
n-Se000-MT001-Pineo-10542010A001.1974                           69 3.74900E-02 6.38500E-01
n-Se000-MT001-Walt-11746004.1953                                18 9.90000E-02 2.98000E+00
n-Se000-MT001-Zinn-11136020.1939                                 1 2.88000E+00 2.88000E+00
n-Se000-MT001-Zinn-11136020A001.1939                             1 2.88000E+00 2.88000E+00
n-Se000-MT001-Zucker-11822004.1956                              13 6.00000E-02 6.25000E-01
