#              Filename                                         N    min         max
n-Sn000-MT001-Adair-11636005.1950                               18 3.20000E-02 1.40100E+00
n-Sn000-MT001-Ashmore-21680008.1957                              1 3.51200E+02 3.51200E+02
n-Sn000-MT001-Atkinson-11112014.1961                             1 5.00000E+03 5.00000E+03
n-Sn000-MT001-Atkinson-11112014A001.1961                         1 5.00000E+03 5.00000E+03
n-Sn000-MT001-Beyster-11220025.1956                             52 3.20000E-02 1.40120E+01
n-Sn000-MT001-Beyster-11220025A001.1956                         52 3.20000E-02 1.40120E+01
n-Sn000-MT001-Bratenahl-11155024.1958                            7 6.83000E+00 1.40300E+01
n-Sn000-MT001-Bratenahl-11155024A001.1958                        7 6.83000E+00 1.40300E+01
n-Sn000-MT001-Carlson-11497021.1967                             61 4.53100E+00 7.56400E+00
n-Sn000-MT001-Cook-11146013.1949                                 1 8.30000E+01 8.30000E+01
n-Sn000-MT001-Cook-11146013A001.1949                             1 8.30000E+01 8.30000E+01
n-Sn000-MT001-Coon-12524038.1952                                 1 1.41200E+01 1.41200E+01
n-Sn000-MT001-Coor-11087013.1955                                 1 1.40000E+03 1.40000E+03
n-Sn000-MT001-Coor-11087013A001.1955                             1 1.40000E+03 1.40000E+03
n-Sn000-MT001-Dejuren-11174013.1950                              1 9.50000E+01 9.50000E+01
n-Sn000-MT001-Dejuren-11174013A001.1950                          1 9.50000E+01 9.50000E+01
n-Sn000-MT001-Dejuren-11176008.1950                              1 2.70000E+02 2.70000E+02
n-Sn000-MT001-Dejuren-11176008A001.1950                          1 2.70000E+02 2.70000E+02
n-Sn000-MT001-Dejuren-11177006.1951                              1 1.90000E+02 1.90000E+02
n-Sn000-MT001-Dejuren-11177006A001.1951                          1 1.90000E+02 1.90000E+02
n-Sn000-MT001-Dilg-20583007.1972                                 1 2.70000E-03 2.70000E-03
n-Sn000-MT001-Dukarevich-40813046.1967                           1 1.42000E+01 1.42000E+01
n-Sn000-MT001-Dzhelepov-41261010.1955                            1 5.90000E+02 5.90000E+02
n-Sn000-MT001-Fields-11260019.1947                               6 2.40000E-02 8.30000E-01
n-Sn000-MT001-Finlay-13569014.1993                             474 5.29253E+00 5.99640E+02
n-Sn000-MT001-Fosterjr-10047055.1971                           241 2.27300E+00 1.47920E+01
n-Sn000-MT001-Fosterjr-10047055A001.1971                       241 2.27300E+00 1.47920E+01
n-Sn000-MT001-Fox-11175010.1950                                  1 2.70000E+02 2.70000E+02
n-Sn000-MT001-Fox-11175010A001.1950                              1 2.70000E+02 2.70000E+02
n-Sn000-MT001-Goodman-11057017.1952                              1 1.40000E+01 1.40000E+01
n-Sn000-MT001-Goodman-11057017A001.1952                          1 1.40000E+01 1.40000E+01
n-Sn000-MT001-Gorlov-403070191.1968                              1 4.00000E+00 4.00000E+00
n-Sn000-MT001-Hanstein-12589010.1941                             1 9.00000E-07 9.00000E-07
n-Sn000-MT001-Harvey-11912012.1955                             250 2.74000E-05 6.95000E-04
n-Sn000-MT001-Harvey-14194002.1998                           32411 8.13370E-03 5.02420E+03
n-Sn000-MT001-Havensjr-11795003.1948                            52 1.05000E-08 3.52000E-05
n-Sn000-MT001-Hildebrand-11039025.1950                           1 4.20000E+01 4.20000E+01
n-Sn000-MT001-Hildebrand-11039025A001.1950                       1 4.20000E+01 4.20000E+01
n-Sn000-MT001-Khaletskij-40709008.1956                           1 1.48000E+01 1.48000E+01
n-Sn000-MT001-Knopf-22451016.1997                                3 5.53000E-10 5.53000E-10
n-Sn000-MT001-Knopf-224510181.1997                               1 5.53000E-10 5.53000E-10
n-Sn000-MT001-Knopf-224510182.1997                               1 5.53000E-10 5.53000E-10
n-Sn000-MT001-Knopf-224510183.1997                               1 5.53000E-10 5.53000E-10
n-Sn000-MT001-Knopf-224510184.1997                               1 5.53000E-10 5.53000E-10
n-Sn000-MT001-Knopf-224510185.1997                               1 5.53000E-10 5.53000E-10
n-Sn000-MT001-Knopf-22451020.1997                                1 5.53000E-10 5.53000E-10
n-Sn000-MT001-Knopf-22451023.1997                                4 1.26000E-06 1.28000E-04
n-Sn000-MT001-Larson-12882013.1980                             345 1.99340E+00 7.98980E+01
n-Sn000-MT001-Mazari-30037011.1955                               7 1.30000E+01 1.62000E+01
n-Sn000-MT001-Mccallum-21122008.1960                            13 1.23700E+01 2.02000E+01
n-Sn000-MT001-Miller-11712013.1952                              16 1.00200E+00 3.21000E+00
n-Sn000-MT001-Minor-11505005.1969                                1 8.94000E+00 8.94000E+00
n-Sn000-MT001-Nereson-11308017.1954                             30 2.78800E+00 1.31590E+01
n-Sn000-MT001-Pantuev-41208008.1962                              1 8.30000E+03 8.30000E+03
n-Sn000-MT001-Peterson-11108031.1960                             4 1.73000E+01 2.88000E+01
n-Sn000-MT001-Peterson-11108031A001.1960                         4 1.73000E+01 2.88000E+01
n-Sn000-MT001-Poenitz-12853041.1983                              8 4.70000E-02 1.97000E-01
n-Sn000-MT001-Poenitz-12853042.1983                             20 2.15000E-01 1.60000E+00
n-Sn000-MT001-Poenitz-12853043.1983                             66 1.81700E+00 1.88300E+01
n-Sn000-MT001-Pruitt-14661002.2020                             500 3.00567E+00 4.83080E+02
n-Sn000-MT001-Rapaport-10817020.1980                            21 5.04900E+00 2.60000E+01
n-Sn000-MT001-Rapaport-10817020A001.1980                        21 5.04900E+00 2.60000E+01
n-Sn000-MT001-Schimmerling-10082010.1973                        15 3.79000E+02 1.73100E+03
n-Sn000-MT001-Schimmerling-10082010A001.1973                    15 3.79000E+02 1.73100E+03
n-Sn000-MT001-Seth-11781013.1965                                79 1.50000E-02 6.40000E-01
n-Sn000-MT001-Seth-11788013.1958                                33 1.70000E-05 8.16000E-05
n-Sn000-MT001-Snowdon-11965007.1954                              1 3.70000E+00 3.70000E+00
n-Sn000-MT001-Tutubalin-40559004.1977                            1 1.47000E+01 1.47000E+01
n-Sn000-MT001-Walt-11215036.1955                                 1 4.10000E+00 4.10000E+00
n-Sn000-MT001-Walt-11215036A001.1955                             1 4.10000E+00 4.10000E+00
n-Sn000-MT001-Whalen-11540007.1966                             541 1.00100E-01 6.48900E-01
n-Sn000-MT001-Zinn-11136022.1939                                 1 2.88000E+00 2.88000E+00
n-Sn000-MT001-Zinn-11136022A001.1939                             1 2.88000E+00 2.88000E+00
