#              Filename                                         N    min         max
p-Ni060-MT651-Ejiri-E1947017-E0055.000.1966                     15 3.00003E+00 4.81000E+01
p-Ni060-MT651-Ejiri-E1947018-E0055.000.1966                     15 3.00003E+00 4.81000E+01
p-Ni060-MT651-Ejiri-E1947019-E0055.000.1966                     15 3.00003E+00 4.81000E+01
p-Ni060-MT651-Ejiri-E1947020-E0055.000.1966                     14 3.00003E+00 4.31000E+01
p-Ni060-MT651-Ejiri-E1947021-E0055.000.1966                     14 3.00003E+00 4.31000E+01
p-Ni060-MT651-Ejiri-E1947022-E0055.000.1966                     14 3.00003E+00 4.31000E+01
p-Ni060-MT651-Ejiri-E1947023-E0055.000.1966                     12 3.00003E+00 3.31000E+01
p-Ni060-MT651-Iida-E0970016-E0000.022.1984                      25 5.19999E+00 5.19999E+00
p-Ni060-MT651-Iida-E0970018-E0000.022.1984                      25 5.19999E+00 5.19999E+00
p-Ni060-MT651-Matoba-E1568002-E0065.000.1995                    11 4.59998E+00 3.74000E+01
p-Ni060-MT651-Matoba-E1568003-E0065.000.1995                    11 4.40002E+00 3.76000E+01
p-Ni060-MT651-Matoba-E1568006-E0065.000.1995                    11 4.19997E+00 3.78000E+01
p-Ni060-MT651-Matoba-E1568007-E0065.000.1995                    11 4.40002E+00 3.78000E+01
p-Ni060-MT651-Matoba-E1568010-E0065.000.1995                    11 5.60000E+00 3.81000E+01
p-Ni060-MT651-Matoba-E1568011-E0065.000.1995                    11 5.39997E+00 3.83000E+01
p-Ni060-MT651-Matoba-E1568012-E0065.000.1995                    11 4.79996E+00 3.78000E+01
p-Ni060-MT651-Matoba-E1568016-E0065.000.1995                    11 3.69999E+00 3.69000E+01
p-Ni060-MT651-Matoba-E1568017-E0065.000.1995                    11 4.19997E+00 3.72000E+01
p-Ni060-MT651-Matoba-E1568018-E0065.000.1995                    11 4.09997E+00 3.73000E+01
p-Ni060-MT651-Matoba-E1568019-E0065.000.1995                    11 4.40002E+00 3.71000E+01
p-Ni060-MT651-Matoba-E1568020-E0065.000.1995                    11 4.40002E+00 3.71000E+01
p-Ni060-MT651-Matoba-E1568021-E0065.000.1995                    11 4.30002E+00 3.71000E+01
p-Ni060-MT651-Matoba-E1568022-E0065.000.1995                    10 4.90001E+00 3.49000E+01
p-Ni060-MT651-Matoba-E1568023-E0065.000.1995                    11 4.90001E+00 3.79000E+01
p-Ni060-MT651-Matoba-E1568032-E0065.000.1995                    11 6.49999E+00 3.95000E+01
p-Ni060-MT651-Matoba-E1568033-E0065.000.1995                    11 6.69999E+00 3.95000E+01
p-Ni060-MT651-Matoba-E1568034-E0065.000.1995                    11 5.90000E+00 3.86000E+01
p-Ni060-MT651-Matoba-E1568035-E0065.000.1995                    11 5.09997E+00 3.84000E+01
p-Ni060-MT651-Matoba-E1568036-E0065.000.1995                    11 4.99999E+00 3.83000E+01
p-Ni060-MT651-Matoba-E1568037-E0065.000.1995                     8 5.69997E+00 2.93000E+01
p-Ni060-MT651-Matoba-E1568038-E0065.000.1995                     8 5.99999E+00 2.91000E+01
p-Ni060-MT651-Matoba-E1568046-E0065.000.1995                     8 3.79999E+00 2.45000E+01
p-Ni060-MT651-Matoba-E1568047-E0065.000.1995                     7 3.99998E+00 2.18000E+01
p-Ni060-MT651-Matoba-E1568048-E0065.000.1995                     6 4.19997E+00 1.97000E+01
p-Ni060-MT651-Matoba-E1568049-E0065.000.1995                     8 4.79996E+00 2.46000E+01
p-Ni060-MT651-Matoba-E1568050-E0065.000.1995                     8 4.40002E+00 2.46000E+01
p-Ni060-MT651-Matoba-E1568051-E0065.000.1995                     8 4.79996E+00 2.46000E+01
p-Ni060-MT651-Matoba-E1568052-E0065.000.1995                     8 4.09997E+00 2.45000E+01
p-Ni060-MT651-Matoba-E1568060-E0065.000.1995                     8 4.79996E+00 2.67000E+01
p-Ni060-MT651-Matoba-E1568061-E0065.000.1995                     8 5.09997E+00 2.65000E+01
p-Ni060-MT651-Matoba-E1568062-E0065.000.1995                     8 4.30002E+00 2.53000E+01
p-Ni060-MT651-Matoba-E1568066-E0065.000.1995                     8 6.10002E+00 2.70000E+01
p-Ni060-MT651-Matoba-E1568067-E0065.000.1995                     8 4.40002E+00 2.52000E+01
p-Ni060-MT651-Matoba-E1568068-E0065.000.1995                     8 4.69999E+00 2.58000E+01
p-Ni060-MT651-Matoba-E1568072-E0065.000.1995                     8 5.60000E+00 2.61000E+01
p-Ni060-MT651-Matoba-E1568073-E0065.000.1995                     8 3.79999E+00 2.48000E+01
p-Ni060-MT651-Nann-O0171002-E0094.000.1983                      17 7.79996E+00 4.78000E+01
p-Ni060-MT651-Nann-O0171004-E0094.000.1983                      17 6.10002E+00 4.54000E+01
p-Ni060-MT651-Nann-O0171007-E0094.000.1983                      17 3.69999E+00 4.55000E+01
p-Ni060-MT651-Nann-O0171009-E0094.000.1983                      17 6.40000E+00 4.59000E+01
p-Ni060-MT651-Nann-O0171011-E0094.000.1983                      17 8.19997E+00 4.62000E+01
p-Ni060-MT651-Nann-O0171013-E0094.000.1983                      17 5.90000E+00 4.62000E+01
p-Ni060-MT651-Nann-O0171015-E0094.000.1983                      17 5.30001E+00 4.54000E+01
p-Ni060-MT651-Nann-O0171017-E0094.000.1983                      17 8.59999E+00 4.62000E+01
p-Ni060-MT651-Nann-O0171019-E0094.000.1983                      17 6.29999E+00 4.55000E+01
p-Ni060-MT651-Nann-O0171021-E0094.000.1983                      17 4.99999E+00 4.59000E+01
p-Ni060-MT651-Nann-O0171023-E0094.000.1983                      17 6.29999E+00 4.68000E+01
p-Ni060-MT651-Nann-O0171025-E0094.000.1983                      17 6.49999E+00 4.55000E+01
p-Ni060-MT651-Nann-O0171027-E0094.000.1983                      17 8.39997E+00 4.59000E+01
p-Ni060-MT651-Nann-O0171029-E0094.000.1983                      17 6.90001E+00 4.48000E+01
p-Ni060-MT651-Nann-O0171031-E0094.000.1983                      17 5.30001E+00 4.59000E+01
p-Ni060-MT651-Schiffer-C1991007-E0028.000.2013                  30 1.00000E+01 2.50000E+01
