#              Filename                                         N    min         max
d-N014-MT601-Amsel-D0127002-E0000.604.1969                     327 1.50000E+02 1.50000E+02
d-N014-MT601-Boehle-F0719007-E0002.003.1967                     18 9.00000E+01 9.00000E+01
d-N014-MT601-Boehle-F0719011-E0002.000.1967                      2 9.00000E+01 9.00000E+01
d-N014-MT601-Gomesporto-F0718002-E0001.053.1969                  1 1.18300E+02 1.67600E+02
d-N014-MT601-Gomesporto-F0718002-E0001.061.1969                  1 1.18300E+02 1.67600E+02
d-N014-MT601-Gomesporto-F0718002-E0001.063.1969                  1 8.20000E+01 1.67600E+02
d-N014-MT601-Gomesporto-F0718002-E0001.063A001.1969              1 8.20000E+01 1.67600E+02
d-N014-MT601-Gomesporto-F0718002-E0001.077.1969                  1 1.18300E+02 1.67600E+02
d-N014-MT601-Gomesporto-F0718002-E0001.079.1969                  1 8.20000E+01 1.18300E+02
d-N014-MT601-Gomesporto-F0718002-E0001.083.1969                  1 8.20000E+01 1.67600E+02
d-N014-MT601-Gomesporto-F0718002-E0001.090.1969                  1 1.18300E+02 1.67600E+02
d-N014-MT601-Gomesporto-F0718002-E0001.095.1969                  1 1.18300E+02 1.67600E+02
d-N014-MT601-Gomesporto-F0718002-E0001.102.1969                  1 1.67600E+02 1.67600E+02
d-N014-MT601-Gomesporto-F0718006-E0001.060.1969                 13 4.90001E+00 1.67500E+02
d-N014-MT601-Gomesporto-F0718006-E0001.235.1969                 14 4.90001E+00 1.66800E+02
d-N014-MT601-Gomesporto-F0718006-E0001.680.1969                 14 4.90001E+00 1.69000E+02
d-N014-MT601-Gomesporto-F0718006-E0001.786.1969                 13 5.19999E+00 1.67500E+02
d-N014-MT601-Gomesporto-F0718006-E0001.871.1969                 13 6.10002E+00 1.67700E+02
d-N014-MT601-Gurbich-D0448005-E0000.700.2008                   129 1.50000E+02 1.50000E+02
d-N014-MT601-Kawai-E2222011-E0001.420.1961                       8 1.43000E+01 1.20900E+02
d-N014-MT601-Kawai-E2222012-E0001.700.1961                      11 1.46000E+01 1.65200E+02
d-N014-MT601-Kawai-E2222013-E0001.920.1961                      11 1.43000E+01 1.65700E+02
d-N014-MT601-Kawai-E2222014-E0002.220.1961                      11 1.48000E+01 1.65100E+02
d-N014-MT601-Kawai-E2222015-E0002.510.1961                       7 1.47000E+01 1.06300E+02
d-N014-MT601-Kawai-E2222016-E0002.620.1961                      11 1.55000E+01 1.65100E+02
d-N014-MT601-Kawai-E2222017-E0002.730.1961                       7 1.53000E+01 1.05900E+02
d-N014-MT601-Kawai-E2222018-E0002.900.1961                      11 1.46000E+01 1.65300E+02
d-N014-MT601-Kawai-E2222019-E0003.200.1961                      11 1.52000E+01 1.65600E+02
d-N014-MT601-Kokkoris-O2533003-E0000.902.2019                  129 1.45000E+02 1.70000E+02
d-N014-MT601-Mertin-C2161002-E0016.000.2015                     64 1.01000E+01 3.53000E+01
d-N014-MT601-Niiler-C1357002-E0000.342.1980                     45 1.60000E+02 1.60000E+02
d-N014-MT601-Valek-F0706002-E0000.309.1976                      14 9.00000E+01 9.00000E+01
d-N014-MT601-Valek-F0706004-E0000.324.1976                      10 2.02000E+01 1.48600E+02
d-N014-MT601-Valek-F0706004-E0000.374.1976                      10 2.02000E+01 1.48600E+02
d-N014-MT601-Valek-F0706004-E0000.475.1976                      10 2.08000E+01 1.47200E+02
d-N014-MT601-Valek-F0706004-E0000.576.1976                      10 2.13000E+01 1.50300E+02
d-N014-MT601-Valek-F0706004-E0000.626.1976                      10 2.20000E+01 1.48500E+02
