#              Filename                                         N    min         max
d-B010-MT800-Aleksic-F0230002-E0000.800.1964                    17 4.00074E-01 1.58600E+02
d-B010-MT800-Aleksic-F0230002-E0000.950.1964                    17 4.00074E-01 1.57900E+02
d-B010-MT800-Aleksic-F0230002-E0001.100.1964                    17 1.19992E+00 1.57700E+02
d-B010-MT800-Aleksic-F0230002-E0001.250.1964                    17 9.99951E-01 1.59000E+02
d-B010-MT800-Becker-F0365002-E0000.570.1960                     14 9.00000E+01 9.00000E+01
d-B010-MT800-Becker-F0365003-E0000.580.1960                     11 3.97000E+01 1.40900E+02
d-B010-MT800-Becker-F0365003-E0000.700.1960                     11 3.93000E+01 1.41700E+02
d-B010-MT800-Becker-F0365003-E0000.840.1960                     11 3.93000E+01 1.41300E+02
d-B010-MT800-Becker-F0365003-E0000.970.1960                     11 3.92000E+01 1.41100E+02
d-B010-MT800-Becker-F0365003-E0001.130.1960                     11 3.92000E+01 1.41100E+02
d-B010-MT800-Becker-F0365003-E0001.290.1960                     11 3.94000E+01 1.41000E+02
d-B010-MT800-Becker-F0365003-E0001.480.1960                     11 3.94000E+01 1.39100E+02
d-B010-MT800-Buck-F0203002-E0000.800.1978                       21 9.90000E+00 1.56300E+02
d-B010-MT800-Buck-F0203002-E0001.300.1978                       23 9.90000E+00 1.56900E+02
d-B010-MT800-Buck-F0203002-E0001.800.1978                       22 1.03000E+01 1.59100E+02
d-B010-MT800-Buck-F0203002-E0002.400.1978                       23 1.69000E+01 1.61100E+02
d-B010-MT800-Buck-F0203002-E0003.000.1978                       33 1.65000E+01 1.71500E+02
d-B010-MT800-Buck-F0203002-E0004.000.1978                       32 1.65000E+01 1.73600E+02
d-B010-MT800-Buck-F0203002-E0005.000.1978                       32 1.60000E+01 1.69900E+02
d-B010-MT800-Buck-F0203002-E0006.000.1978                       32 1.60000E+01 1.68900E+02
d-B010-MT800-Buck-F0203002-E0007.000.1978                       31 1.76000E+01 1.75400E+02
d-B010-MT800-Buck-F0203002-E0008.000.1978                       29 1.78000E+01 1.67000E+02
d-B010-MT800-Buck-F0203002-E0009.000.1978                       31 1.91000E+01 1.73400E+02
d-B010-MT800-Buck-F0203003-E0000.470.1978                        1 8.73000E+01 1.48600E+02
d-B010-MT800-Buck-F0203003-E0000.490.1978                        1 4.79000E+01 8.73000E+01
d-B010-MT800-Buck-F0203003-E0000.530.1978                        2 4.79000E+01 1.07300E+02
d-B010-MT800-Buck-F0203003-E0000.550.1978                        1 1.07300E+02 1.27700E+02
d-B010-MT800-Buck-F0203003-E0000.560.1978                        1 2.85000E+01 1.27700E+02
d-B010-MT800-Buck-F0203003-E0000.640.1978                        1 2.85000E+01 6.71000E+01
d-B010-MT800-Buck-F0203003-E0000.650.1978                        1 6.71000E+01 1.27500E+02
d-B010-MT800-Buck-F0203003-E0000.680.1978                        1 1.27500E+02 1.48300E+02
d-B010-MT800-Buck-F0203003-E0000.710.1978                        1 8.67000E+01 1.48300E+02
d-B010-MT800-Buck-F0203003-E0000.720.1978                        1 8.67000E+01 1.69400E+02
d-B010-MT800-Buck-F0203003-E0000.730.1978                        1 4.75000E+01 1.69400E+02
d-B010-MT800-Buck-F0203003-E0000.770.1978                        1 4.75000E+01 1.06700E+02
d-B010-MT800-Buck-F0203003-E0000.790.1978                        1 8.65000E+01 1.06700E+02
d-B010-MT800-Buck-F0203003-E0000.840.1978                        1 4.73000E+01 8.65000E+01
d-B010-MT800-Buck-F0203003-E0000.880.1978                        2 4.73000E+01 1.06500E+02
d-B010-MT800-Buck-F0203003-E0000.910.1978                        1 1.06500E+02 1.48000E+02
d-B010-MT800-Buck-F0203003-E0000.950.1978                        1 8.62000E+01 1.48000E+02
d-B010-MT800-Buck-F0203003-E0000.960.1978                        1 8.62000E+01 1.69300E+02
d-B010-MT800-Buck-F0203003-E0000.970.1978                        1 2.82000E+01 1.69300E+02
d-B010-MT800-Buck-F0203003-E0000.980.1978                        1 2.82000E+01 4.72000E+01
d-B010-MT800-Buck-F0203003-E0001.000.1978                        3 4.72000E+01 1.26900E+02
d-B010-MT800-Buck-F0203003-E0001.040.1978                        1 1.26900E+02 1.47900E+02
d-B010-MT800-Buck-F0203003-E0001.070.1978                        1 2.81000E+01 1.47900E+02
d-B010-MT800-Buck-F0203003-E0001.100.1978                        1 2.81000E+01 6.63000E+01
d-B010-MT800-Buck-F0203003-E0001.120.1978                        1 6.63000E+01 1.06100E+02
d-B010-MT800-Buck-F0203003-E0001.150.1978                        2 1.06100E+02 1.47800E+02
d-B010-MT800-Buck-F0203003-E0001.180.1978                        1 8.58000E+01 1.47800E+02
d-B010-MT800-Buck-F0203003-E0001.200.1978                        1 2.80000E+01 8.58000E+01
d-B010-MT800-Buck-F0203003-E0001.210.1978                        2 2.80000E+01 1.69200E+02
d-B010-MT800-Buck-F0203003-E0001.240.1978                        2 2.79000E+01 6.61000E+01
d-B010-MT800-Buck-F0203003-E0001.340.1978                        1 2.79000E+01 1.05700E+02
d-B010-MT800-Buck-F0203003-E0001.380.1978                        1 1.05700E+02 1.05700E+02
d-B010-MT800-Comsan-F0372002-E0000.757.1968                      1 9.00000E+01 1.10000E+02
d-B010-MT800-Comsan-F0372002-E0000.776.1968                      1 1.10000E+02 1.30000E+02
d-B010-MT800-Comsan-F0372002-E0000.785.1968                      1 9.00000E+01 1.30000E+02
d-B010-MT800-Comsan-F0372002-E0000.791.1968                      1 3.00000E+01 9.00000E+01
d-B010-MT800-Comsan-F0372002-E0000.796.1968                      2 3.00000E+01 7.00000E+01
d-B010-MT800-Comsan-F0372002-E0000.799.1968                      1 5.00000E+01 1.10000E+02
d-B010-MT800-Comsan-F0372002-E0000.801.1968                      1 9.00000E+01 1.10000E+02
d-B010-MT800-Comsan-F0372002-E0000.807.1968                      1 9.00000E+01 1.30000E+02
d-B010-MT800-Comsan-F0372002-E0000.814.1968                      1 7.00000E+01 1.30000E+02
d-B010-MT800-Comsan-F0372002-E0000.816.1968                      1 7.00000E+01 1.50000E+02
d-B010-MT800-Comsan-F0372002-E0000.817.1968                      1 5.00000E+01 1.50000E+02
d-B010-MT800-Comsan-F0372002-E0000.821.1968                      1 5.00000E+01 1.10000E+02
d-B010-MT800-Comsan-F0372002-E0000.828.1968                      1 3.00000E+01 1.10000E+02
d-B010-MT800-Comsan-F0372002-E0000.829.1968                      1 3.00000E+01 9.00000E+01
d-B010-MT800-Comsan-F0372002-E0000.835.1968                      2 9.00000E+01 1.50000E+02
d-B010-MT800-Comsan-F0372002-E0000.841.1968                      1 3.00000E+01 1.50000E+02
d-B010-MT800-Comsan-F0372002-E0000.849.1968                      1 3.00000E+01 7.00000E+01
d-B010-MT800-Comsan-F0372002-E0000.850.1968                      1 5.00000E+01 7.00000E+01
d-B010-MT800-Comsan-F0372002-E0000.856.1968                      2 5.00000E+01 1.10000E+02
d-B010-MT800-Comsan-F0372002-E0000.866.1968                      1 9.00000E+01 1.30000E+02
d-B010-MT800-Comsan-F0372002-E0000.867.1968                      1 3.00000E+01 1.30000E+02
d-B010-MT800-Comsan-F0372002-E0000.872.1968                      1 3.00000E+01 7.00000E+01
d-B010-MT800-Comsan-F0372002-E0000.875.1968                      2 7.00000E+01 1.50000E+02
d-B010-MT800-Comsan-F0372002-E0000.879.1968                      2 3.00000E+01 1.10000E+02
d-B010-MT800-Comsan-F0372002-E0000.889.1968                      1 3.00000E+01 5.00000E+01
d-B010-MT800-Comsan-F0372002-E0000.892.1968                      1 5.00000E+01 1.30000E+02
d-B010-MT800-Comsan-F0372002-E0000.896.1968                      1 7.00000E+01 1.30000E+02
d-B010-MT800-Comsan-F0372002-E0000.902.1968                      1 7.00000E+01 1.10000E+02
d-B010-MT800-Comsan-F0372002-E0000.905.1968                      1 1.10000E+02 1.50000E+02
d-B010-MT800-Comsan-F0372002-E0000.907.1968                      1 9.00000E+01 1.50000E+02
d-B010-MT800-Comsan-F0372002-E0000.911.1968                      1 9.00000E+01 1.30000E+02
d-B010-MT800-Comsan-F0372002-E0000.913.1968                      1 5.00000E+01 1.30000E+02
d-B010-MT800-Comsan-F0372002-E0000.915.1968                      1 3.00000E+01 5.00000E+01
d-B010-MT800-Comsan-F0372002-E0000.923.1968                      1 3.00000E+01 7.00000E+01
d-B010-MT800-Comsan-F0372002-E0000.925.1968                      1 7.00000E+01 1.50000E+02
d-B010-MT800-Comsan-F0372002-E0000.926.1968                      1 5.00000E+01 1.50000E+02
d-B010-MT800-Comsan-F0372002-E0000.927.1968                      1 5.00000E+01 1.10000E+02
d-B010-MT800-Comsan-F0372002-E0000.929.1968                      1 1.10000E+02 1.30000E+02
d-B010-MT800-Comsan-F0372002-E0000.932.1968                      1 9.00000E+01 1.30000E+02
d-B010-MT800-Comsan-F0372002-E0000.936.1968                      1 9.00000E+01 1.50000E+02
d-B010-MT800-Comsan-F0372002-E0000.944.1968                      1 3.00000E+01 1.50000E+02
d-B010-MT800-Comsan-F0372002-E0000.948.1968                      1 3.00000E+01 7.00000E+01
d-B010-MT800-Comsan-F0372002-E0000.953.1968                      2 7.00000E+01 1.10000E+02
d-B010-MT800-Comsan-F0372002-E0000.957.1968                      1 5.00000E+01 9.00000E+01
d-B010-MT800-Comsan-F0372002-E0000.958.1968                      1 5.00000E+01 1.30000E+02
d-B010-MT800-Comsan-F0372002-E0000.960.1968                      1 1.30000E+02 1.50000E+02
d-B010-MT800-Comsan-F0372002-E0000.965.1968                      1 1.10000E+02 1.50000E+02
d-B010-MT800-Comsan-F0372002-E0000.972.1968                      1 5.00000E+01 1.10000E+02
d-B010-MT800-Comsan-F0372002-E0000.977.1968                      1 3.00000E+01 5.00000E+01
d-B010-MT800-Comsan-F0372002-E0000.979.1968                      2 3.00000E+01 1.30000E+02
d-B010-MT800-Comsan-F0372002-E0000.984.1968                      1 7.00000E+01 9.00000E+01
d-B010-MT800-Comsan-F0372002-E0000.986.1968                      1 9.00000E+01 1.50000E+02
d-B010-MT800-Comsan-F0372002-E0000.996.1968                      1 3.00000E+01 1.50000E+02
d-B010-MT800-Comsan-F0372002-E0001.001.1968                      3 3.00000E+01 1.10000E+02
d-B010-MT800-Comsan-F0372002-E0001.005.1968                      1 5.00000E+01 7.00000E+01
d-B010-MT800-Comsan-F0372002-E0001.007.1968                      1 5.00000E+01 1.30000E+02
d-B010-MT800-Comsan-F0372002-E0001.008.1968                      1 1.30000E+02 1.50000E+02
d-B010-MT800-Comsan-F0372002-E0001.015.1968                      1 3.00000E+01 1.50000E+02
d-B010-MT800-Comsan-F0372002-E0001.024.1968                      2 3.00000E+01 1.10000E+02
d-B010-MT800-Comsan-F0372002-E0001.026.1968                      1 5.00000E+01 1.10000E+02
d-B010-MT800-Comsan-F0372002-E0001.031.1968                      1 5.00000E+01 1.30000E+02
d-B010-MT800-Comsan-F0372002-E0001.034.1968                      1 9.00000E+01 1.30000E+02
d-B010-MT800-Comsan-F0372002-E0001.035.1968                      1 9.00000E+01 1.50000E+02
d-B010-MT800-Comsan-F0372002-E0001.048.1968                      1 3.00000E+01 1.50000E+02
d-B010-MT800-Comsan-F0372002-E0001.050.1968                      2 3.00000E+01 7.00000E+01
d-B010-MT800-Comsan-F0372002-E0001.055.1968                      2 5.00000E+01 1.10000E+02
d-B010-MT800-Comsan-F0372002-E0001.056.1968                      1 1.10000E+02 1.30000E+02
d-B010-MT800-Comsan-F0372002-E0001.061.1968                      1 1.30000E+02 1.50000E+02
d-B010-MT800-Comsan-F0372002-E0001.068.1968                      1 3.00000E+01 1.50000E+02
d-B010-MT800-Comsan-F0372002-E0001.079.1968                      2 3.00000E+01 1.10000E+02
d-B010-MT800-Comsan-F0372002-E0001.080.1968                      1 7.00000E+01 9.00000E+01
d-B010-MT800-Comsan-F0372002-E0001.084.1968                      1 5.00000E+01 9.00000E+01
d-B010-MT800-Comsan-F0372002-E0001.087.1968                      1 5.00000E+01 1.50000E+02
d-B010-MT800-Comsan-F0372002-E0001.093.1968                      1 1.30000E+02 1.50000E+02
d-B010-MT800-Comsan-F0372002-E0001.094.1968                      1 1.10000E+02 1.30000E+02
d-B010-MT800-Comsan-F0372002-E0001.098.1968                      1 3.00000E+01 1.10000E+02
d-B010-MT800-Comsan-F0372002-E0001.105.1968                      1 3.00000E+01 7.00000E+01
d-B010-MT800-Comsan-F0372002-E0001.106.1968                      1 7.00000E+01 9.00000E+01
d-B010-MT800-Comsan-F0372002-E0001.107.1968                      1 5.00000E+01 9.00000E+01
d-B010-MT800-Comsan-F0372002-E0001.111.1968                      1 5.00000E+01 1.30000E+02
d-B010-MT800-Comsan-F0372002-E0001.113.1968                      1 5.00000E+01 1.30000E+02
d-B010-MT800-Comsan-F0372002-E0001.118.1968                      2 3.00000E+01 1.50000E+02
d-B010-MT800-Comsan-F0372002-E0001.124.1968                      1 3.00000E+01 7.00000E+01
d-B010-MT800-Comsan-F0372002-E0001.128.1968                      2 7.00000E+01 1.10000E+02
d-B010-MT800-Comsan-F0372002-E0001.132.1968                      1 9.00000E+01 1.30000E+02
d-B010-MT800-Comsan-F0372002-E0001.138.1968                      1 1.30000E+02 1.50000E+02
d-B010-MT800-Comsan-F0372002-E0001.146.1968                      1 1.10000E+02 1.50000E+02
d-B010-MT800-Comsan-F0372002-E0001.152.1968                      1 5.00000E+01 1.10000E+02
d-B010-MT800-Comsan-F0372002-E0001.153.1968                      2 3.00000E+01 7.00000E+01
d-B010-MT800-Comsan-F0372002-E0001.154.1968                      1 3.00000E+01 9.00000E+01
d-B010-MT800-Comsan-F0372002-E0001.162.1968                      2 7.00000E+01 1.30000E+02
d-B010-MT800-Comsan-F0372002-E0001.168.1968                      1 7.00000E+01 1.50000E+02
d-B010-MT800-Comsan-F0372002-E0001.170.1968                      1 1.30000E+02 1.50000E+02
d-B010-MT800-Comsan-F0372002-E0001.178.1968                      1 3.00000E+01 1.30000E+02
d-B010-MT800-Comsan-F0372002-E0001.180.1968                      1 3.00000E+01 9.00000E+01
d-B010-MT800-Comsan-F0372002-E0001.181.1968                      1 9.00000E+01 1.10000E+02
d-B010-MT800-Comsan-F0372002-E0001.183.1968                      1 5.00000E+01 1.10000E+02
d-B010-MT800-Comsan-F0372002-E0001.186.1968                      1 5.00000E+01 1.50000E+02
d-B010-MT800-Comsan-F0372002-E0001.191.1968                      1 9.00000E+01 1.50000E+02
d-B010-MT800-Comsan-F0372002-E0001.196.1968                      1 7.00000E+01 9.00000E+01
d-B010-MT800-Comsan-F0372002-E0001.201.1968                      1 7.00000E+01 1.30000E+02
d-B010-MT800-Comsan-F0372002-E0001.202.1968                      1 1.10000E+02 1.30000E+02
d-B010-MT800-Comsan-F0372002-E0001.203.1968                      1 3.00000E+01 1.10000E+02
d-B010-MT800-Comsan-F0372002-E0001.208.1968                      2 3.00000E+01 1.50000E+02
d-B010-MT800-Comsan-F0372002-E0001.213.1968                      1 1.10000E+02 1.50000E+02
d-B010-MT800-Comsan-F0372002-E0001.216.1968                      1 3.00000E+01 1.10000E+02
d-B010-MT800-Comsan-F0372002-E0001.227.1968                      3 3.00000E+01 9.00000E+01
d-B010-MT800-Comsan-F0372002-E0001.234.1968                      1 5.00000E+01 1.30000E+02
d-B010-MT800-Comsan-F0372002-E0001.235.1968                      1 1.30000E+02 1.50000E+02
d-B010-MT800-Comsan-F0372002-E0001.242.1968                      1 1.10000E+02 1.50000E+02
d-B010-MT800-Comsan-F0372002-E0001.245.1968                      1 3.00000E+01 1.10000E+02
d-B010-MT800-Comsan-F0372002-E0001.253.1968                      2 3.00000E+01 7.00000E+01
d-B010-MT800-Comsan-F0372002-E0001.258.1968                      1 5.00000E+01 9.00000E+01
d-B010-MT800-Comsan-F0372002-E0001.259.1968                      2 3.00000E+01 1.30000E+02
d-B010-MT800-Comsan-F0372002-E0001.272.1968                      1 3.00000E+01 1.50000E+02
d-B010-MT800-Comsan-F0372002-E0001.273.1968                      1 7.00000E+01 1.50000E+02
d-B010-MT800-Comsan-F0372002-E0001.274.1968                      1 7.00000E+01 9.00000E+01
d-B010-MT800-Comsan-F0372002-E0001.275.1968                      1 9.00000E+01 1.10000E+02
d-B010-MT800-Comsan-F0372002-E0001.282.1968                      1 5.00000E+01 1.10000E+02
d-B010-MT800-Comsan-F0372002-E0001.286.1968                      1 5.00000E+01 1.30000E+02
d-B010-MT800-Comsan-F0372002-E0001.290.1968                      1 1.30000E+02 1.50000E+02
d-B010-MT800-Comsan-F0372002-E0001.298.1968                      1 9.00000E+01 1.50000E+02
d-B010-MT800-Comsan-F0372002-E0001.301.1968                      1 3.00000E+01 9.00000E+01
d-B010-MT800-Comsan-F0372002-E0001.302.1968                      1 3.00000E+01 1.10000E+02
d-B010-MT800-Comsan-F0372002-E0001.303.1968                      1 7.00000E+01 1.10000E+02
d-B010-MT800-Comsan-F0372002-E0001.304.1968                      1 5.00000E+01 7.00000E+01
d-B010-MT800-Comsan-F0372002-E0001.309.1968                      1 5.00000E+01 1.30000E+02
d-B010-MT800-Comsan-F0372002-E0001.311.1968                      1 3.00000E+01 1.30000E+02
d-B010-MT800-Comsan-F0372002-E0001.314.1968                      1 3.00000E+01 1.50000E+02
d-B010-MT800-Comsan-F0372002-E0001.318.1968                      1 7.00000E+01 1.50000E+02
d-B010-MT800-Comsan-F0372002-E0001.321.1968                      1 7.00000E+01 1.10000E+02
d-B010-MT800-Comsan-F0372002-E0001.323.1968                      1 9.00000E+01 1.10000E+02
d-B010-MT800-Comsan-F0372002-E0001.325.1968                      1 5.00000E+01 9.00000E+01
d-B010-MT800-Comsan-F0372002-E0001.333.1968                      1 5.00000E+01 1.30000E+02
d-B010-MT800-Comsan-F0372002-E0001.335.1968                      1 7.00000E+01 1.30000E+02
d-B010-MT800-Comsan-F0372002-E0001.340.1968                      1 7.00000E+01 1.50000E+02
d-B010-MT800-Comsan-F0372002-E0001.344.1968                      1 3.00000E+01 1.50000E+02
d-B010-MT800-Comsan-F0372002-E0001.348.1968                      1 3.00000E+01 5.00000E+01
d-B010-MT800-Comsan-F0372002-E0001.356.1968                      2 5.00000E+01 1.30000E+02
d-B010-MT800-Comsan-F0372002-E0001.357.1968                      1 9.00000E+01 1.10000E+02
d-B010-MT800-Comsan-F0372002-E0001.358.1968                      1 9.00000E+01 1.10000E+02
d-B010-MT800-Comsan-F0372002-E0001.370.1968                      1 3.00000E+01 1.10000E+02
d-B010-MT800-Comsan-F0372002-E0001.374.1968                      1 3.00000E+01 9.00000E+01
d-B010-MT800-Comsan-F0372002-E0001.375.1968                      1 9.00000E+01 1.50000E+02
d-B010-MT800-Comsan-F0372002-E0001.377.1968                      1 1.30000E+02 1.50000E+02
d-B010-MT800-Comsan-F0372002-E0001.378.1968                      1 7.00000E+01 1.30000E+02
d-B010-MT800-Comsan-F0372002-E0001.379.1968                      1 5.00000E+01 7.00000E+01
d-B010-MT800-Comsan-F0372002-E0001.387.1968                      1 5.00000E+01 1.50000E+02
d-B010-MT800-Comsan-F0372002-E0001.389.1968                      1 7.00000E+01 1.50000E+02
d-B010-MT800-Comsan-F0372002-E0001.394.1968                      1 7.00000E+01 9.00000E+01
d-B010-MT800-Comsan-F0372002-E0001.396.1968                      2 9.00000E+01 1.30000E+02
d-B010-MT800-Comsan-F0372002-E0001.398.1968                      1 3.00000E+01 1.30000E+02
d-B010-MT800-Comsan-F0372002-E0001.404.1968                      1 3.00000E+01 9.00000E+01
d-B010-MT800-Comsan-F0372002-E0001.409.1968                      1 9.00000E+01 1.50000E+02
d-B010-MT800-Comsan-F0372002-E0001.413.1968                      1 5.00000E+01 1.50000E+02
d-B010-MT800-Comsan-F0372002-E0001.414.1968                      2 3.00000E+01 1.30000E+02
d-B010-MT800-Comsan-F0372002-E0001.415.1968                      1 3.00000E+01 7.00000E+01
d-B010-MT800-Comsan-F0372002-E0001.417.1968                      1 7.00000E+01 1.10000E+02
d-B010-MT800-Comsan-F0372002-E0001.418.1968                      1 5.00000E+01 1.10000E+02
d-B010-MT800-Comsan-F0372002-E0001.423.1968                      1 5.00000E+01 9.00000E+01
d-B010-MT800-Comsan-F0372002-E0001.431.1968                      1 3.00000E+01 9.00000E+01
d-B010-MT800-Comsan-F0372002-E0001.432.1968                      1 3.00000E+01 1.30000E+02
d-B010-MT800-Comsan-F0372002-E0001.439.1968                      2 1.10000E+02 1.50000E+02
d-B010-MT800-Comsan-F0372002-E0001.443.1968                      1 5.00000E+01 1.10000E+02
d-B010-MT800-Comsan-F0372002-E0001.447.1968                      1 5.00000E+01 9.00000E+01
d-B010-MT800-Comsan-F0372002-E0001.448.1968                      1 3.00000E+01 9.00000E+01
d-B010-MT800-Comsan-F0372002-E0001.451.1968                      1 3.00000E+01 1.50000E+02
d-B010-MT800-Comsan-F0372002-E0001.452.1968                      1 7.00000E+01 1.50000E+02
d-B010-MT800-Comsan-F0372002-E0001.453.1968                      1 7.00000E+01 1.10000E+02
d-B010-MT800-Comsan-F0372002-E0001.455.1968                      1 1.10000E+02 1.50000E+02
d-B010-MT800-Comsan-F0372002-E0001.462.1968                      1 1.30000E+02 1.50000E+02
d-B010-MT800-Comsan-F0372002-E0001.465.1968                      1 5.00000E+01 1.30000E+02
d-B010-MT800-Comsan-F0372002-E0001.474.1968                      1 5.00000E+01 9.00000E+01
d-B010-MT800-Comsan-F0372002-E0001.477.1968                      2 9.00000E+01 1.30000E+02
d-B010-MT800-Comsan-F0372002-E0001.480.1968                      1 7.00000E+01 1.30000E+02
d-B010-MT800-Comsan-F0372002-E0001.481.1968                      1 3.00000E+01 7.00000E+01
d-B010-MT800-Comsan-F0372002-E0001.482.1968                      2 3.00000E+01 1.50000E+02
d-B010-MT800-Comsan-F0372002-E0001.494.1968                      1 3.00000E+01 1.50000E+02
d-B010-MT800-Comsan-F0372002-E0001.500.1968                      3 3.00000E+01 1.30000E+02
d-B010-MT800-Comsan-F0372002-E0001.504.1968                      1 5.00000E+01 1.30000E+02
d-B010-MT800-Comsan-F0372002-E0001.505.1968                      1 5.00000E+01 7.00000E+01
d-B010-MT800-Comsan-F0372002-E0001.509.1968                      1 7.00000E+01 9.00000E+01
d-B010-MT800-Comsan-F0372002-E0001.515.1968                      2 9.00000E+01 1.50000E+02
d-B010-MT800-Comsan-F0372002-E0001.517.1968                      1 7.00000E+01 1.10000E+02
d-B010-MT800-Comsan-F0372002-E0001.518.1968                      1 3.00000E+01 7.00000E+01
d-B010-MT800-Comsan-F0372002-E0001.522.1968                      1 3.00000E+01 1.30000E+02
d-B010-MT800-Comsan-F0372002-E0001.523.1968                      1 9.00000E+01 1.30000E+02
d-B010-MT800-Comsan-F0372002-E0001.528.1968                      1 5.00000E+01 9.00000E+01
d-B010-MT800-Comsan-F0372002-E0001.531.1968                      1 3.00000E+01 5.00000E+01
d-B010-MT800-Comsan-F0372002-E0001.532.1968                      1 3.00000E+01 1.10000E+02
d-B010-MT800-Comsan-F0372002-E0001.536.1968                      1 1.10000E+02 1.50000E+02
d-B010-MT800-Comsan-F0372002-E0001.537.1968                      1 1.30000E+02 1.50000E+02
d-B010-MT800-Comsan-F0372002-E0001.541.1968                      1 7.00000E+01 1.30000E+02
d-B010-MT800-Comsan-F0372002-E0001.544.1968                      1 5.00000E+01 7.00000E+01
d-B010-MT800-Comsan-F0372002-E0001.550.1968                      1 3.00000E+01 5.00000E+01
d-B010-MT800-Comsan-F0372002-E0001.553.1968                      2 3.00000E+01 1.30000E+02
d-B010-MT800-Comsan-F0372002-E0001.554.1968                      1 3.00000E+01 1.30000E+02
d-B010-MT800-Comsan-F0372002-E0001.557.1968                      2 3.00000E+01 1.50000E+02
d-B010-MT800-Comsan-F0372002-E0001.560.1968                      1 7.00000E+01 1.10000E+02
d-B010-MT800-Comsan-F0372002-E0001.561.1968                      1 5.00000E+01 7.00000E+01
d-B010-MT800-Comsan-F0372002-E0001.571.1968                      1 5.00000E+01 1.50000E+02
d-B010-MT800-Comsan-F0372002-E0001.572.1968                      1 1.10000E+02 1.50000E+02
d-B010-MT800-Comsan-F0372002-E0001.574.1968                      1 9.00000E+01 1.10000E+02
d-B010-MT800-Comsan-F0372002-E0001.575.1968                      1 7.00000E+01 9.00000E+01
d-B010-MT800-Comsan-F0372002-E0001.577.1968                      1 5.00000E+01 7.00000E+01
d-B010-MT800-Comsan-F0372002-E0001.581.1968                      1 3.00000E+01 5.00000E+01
d-B010-MT800-Comsan-F0372002-E0001.582.1968                      1 3.00000E+01 1.10000E+02
d-B010-MT800-Comsan-F0372002-E0001.586.1968                      1 1.10000E+02 1.30000E+02
d-B010-MT800-Comsan-F0372002-E0001.587.1968                      1 1.30000E+02 1.50000E+02
d-B010-MT800-Comsan-F0372002-E0001.590.1968                      1 9.00000E+01 1.50000E+02
d-B010-MT800-Comsan-F0372002-E0001.593.1968                      1 9.00000E+01 1.30000E+02
d-B010-MT800-Comsan-F0372002-E0001.604.1968                      1 7.00000E+01 1.30000E+02
d-B010-MT800-Comsan-F0372002-E0001.606.1968                      1 3.00000E+01 7.00000E+01
d-B010-MT800-Comsan-F0372002-E0001.607.1968                      1 3.00000E+01 9.00000E+01
d-B010-MT800-Comsan-F0372002-E0001.608.1968                      1 9.00000E+01 1.10000E+02
d-B010-MT800-Comsan-F0372002-E0001.611.1968                      1 3.00000E+01 1.10000E+02
d-B010-MT800-Comsan-F0372002-E0001.614.1968                      1 3.00000E+01 7.00000E+01
d-B010-MT800-Comsan-F0372002-E0001.615.1968                      1 7.00000E+01 1.50000E+02
d-B010-MT800-Comsan-F0372002-E0001.618.1968                      1 1.30000E+02 1.50000E+02
d-B010-MT800-Comsan-F0372002-E0001.627.1968                      1 1.30000E+02 1.50000E+02
d-B010-MT800-Comsan-F0372002-E0001.628.1968                      1 5.00000E+01 1.50000E+02
d-B010-MT800-Comsan-F0372002-E0001.630.1968                      1 3.00000E+01 5.00000E+01
d-B010-MT800-Comsan-F0372002-E0001.638.1968                      1 3.00000E+01 7.00000E+01
d-B010-MT800-Comsan-F0372002-E0001.639.1968                      1 7.00000E+01 1.10000E+02
d-B010-MT800-Comsan-F0372002-E0001.640.1968                      1 9.00000E+01 1.10000E+02
d-B010-MT800-Comsan-F0372002-E0001.646.1968                      1 9.00000E+01 1.30000E+02
d-B010-MT800-Comsan-F0372002-E0001.648.1968                      1 5.00000E+01 1.30000E+02
d-B010-MT800-Comsan-F0372002-E0001.649.1968                      1 3.00000E+01 5.00000E+01
d-B010-MT800-Comsan-F0372002-E0001.654.1968                      1 3.00000E+01 7.00000E+01
d-B010-MT800-Comsan-F0372002-E0001.655.1968                      1 7.00000E+01 9.00000E+01
d-B010-MT800-Comsan-F0372002-E0001.656.1968                      1 9.00000E+01 1.50000E+02
d-B010-MT800-Comsan-F0372002-E0001.658.1968                      1 1.10000E+02 1.50000E+02
d-B010-MT800-Comsan-F0372002-E0001.662.1968                      1 1.10000E+02 1.30000E+02
d-B010-MT800-Comsan-F0372002-E0001.666.1968                      1 5.00000E+01 1.30000E+02
d-B010-MT800-Comsan-F0372002-E0001.671.1968                      2 5.00000E+01 1.50000E+02
d-B010-MT800-Comsan-F0372002-E0001.676.1968                      1 7.00000E+01 1.50000E+02
d-B010-MT800-Comsan-F0372002-E0001.677.1968                      1 3.00000E+01 7.00000E+01
d-B010-MT800-Comsan-F0372002-E0001.680.1968                      1 3.00000E+01 9.00000E+01
d-B010-MT800-Comsan-F0372002-E0001.682.1968                      1 5.00000E+01 9.00000E+01
d-B010-MT800-Comsan-F0372002-E0001.687.1968                      1 5.00000E+01 1.30000E+02
d-B010-MT800-Comsan-F0372002-E0001.688.1968                      1 1.10000E+02 1.30000E+02
d-B010-MT800-Comsan-F0372002-E0001.693.1968                      1 9.00000E+01 1.10000E+02
d-B010-MT800-Comsan-F0372002-E0001.694.1968                      1 3.00000E+01 9.00000E+01
d-B010-MT800-Comsan-F0372002-E0001.697.1968                      1 3.00000E+01 7.00000E+01
d-B010-MT800-Comsan-F0372002-E0001.700.1968                      1 7.00000E+01 1.30000E+02
d-B010-MT800-Comsan-F0372002-E0001.701.1968                      1 1.30000E+02 1.50000E+02
d-B010-MT800-Comsan-F0372002-E0001.704.1968                      1 3.00000E+01 1.50000E+02
d-B010-MT800-Comsan-F0372002-E0001.706.1968                      2 3.00000E+01 9.00000E+01
d-B010-MT800-Comsan-F0372002-E0001.714.1968                      1 9.00000E+01 1.50000E+02
d-B010-MT800-Comsan-F0372002-E0001.716.1968                      1 1.10000E+02 1.50000E+02
d-B010-MT800-Comsan-F0372002-E0001.717.1968                      1 7.00000E+01 1.10000E+02
d-B010-MT800-Comsan-F0372002-E0001.719.1968                      1 7.00000E+01 1.30000E+02
d-B010-MT800-Comsan-F0372002-E0001.724.1968                      1 1.10000E+02 1.30000E+02
d-B010-MT800-Comsan-F0372002-E0001.732.1968                      1 3.00000E+01 1.10000E+02
d-B010-MT800-Comsan-F0372002-E0001.735.1968                      4 3.00000E+01 1.50000E+02
d-B010-MT800-Comsan-F0372002-E0001.740.1968                      1 9.00000E+01 1.30000E+02
d-B010-MT800-Comsan-F0372002-E0001.742.1968                      1 5.00000E+01 9.00000E+01
d-B010-MT800-Comsan-F0372002-E0001.749.1968                      1 5.00000E+01 1.10000E+02
d-B010-MT800-Comsan-F0372002-E0001.753.1968                      1 1.10000E+02 1.50000E+02
d-B010-MT800-Comsan-F0372002-E0001.758.1968                      1 1.50000E+02 1.50000E+02
d-B010-MT800-Comsan-F0372004-E0000.800.1968                     15 1.99000E+01 1.58500E+02
d-B010-MT800-Comsan-F0372004-E0001.000.1968                     15 1.65000E+01 1.58200E+02
d-B010-MT800-Comsan-F0372004-E0001.200.1968                     14 1.65000E+01 1.44900E+02
d-B010-MT800-Comsan-F0372004-E0001.400.1968                     15 1.81000E+01 1.57400E+02
d-B010-MT800-Comsan-F0372004-E0001.600.1968                     15 1.78000E+01 1.56400E+02
d-B010-MT800-Comsan-F0372004-E0001.800.1968                     15 1.77000E+01 1.57900E+02
d-B010-MT800-Comsan-F0372004-E0002.000.1968                     15 1.77000E+01 1.58600E+02
d-B010-MT800-Comsan-F0372004-E0002.200.1968                     15 2.05000E+01 1.59800E+02
d-B010-MT800-Comsan-F0372004-E0002.300.1968                     14 2.12000E+01 1.58900E+02
d-B010-MT800-Comsan-F0372004-E0002.400.1968                     15 1.95000E+01 1.58300E+02
d-B010-MT800-Comsan-F0372004-E0002.500.1968                     15 1.82000E+01 1.58300E+02
d-B010-MT800-Debras-D0144002-E0000.505.1977                    185 1.35000E+02 1.35000E+02
d-B010-MT800-Kokkoris-D0439002-E0000.894.2007                  356 1.35000E+02 1.70000E+02
d-B010-MT800-Lattuada-F0457002-E0001.830.1974                   70 4.85000E+01 1.23500E+02
d-B010-MT800-Legge-F0235002-E0000.780.1961                       2 4.50000E+01 4.50000E+01
d-B010-MT800-Marion-F0246003-E0000.912.1956                      1 9.00000E+01 1.50000E+02
d-B010-MT800-Marion-F0246003-E0000.917.1956                      1 4.50000E+01 9.00000E+01
d-B010-MT800-Marion-F0246003-E0000.934.1956                      1 4.50000E+01 1.50000E+02
d-B010-MT800-Marion-F0246003-E0000.950.1956                      1 9.00000E+01 1.50000E+02
d-B010-MT800-Marion-F0246003-E0000.964.1956                      1 4.50000E+01 9.00000E+01
d-B010-MT800-Marion-F0246003-E0000.981.1956                      1 4.50000E+01 9.00000E+01
d-B010-MT800-Marion-F0246003-E0000.992.1956                      1 9.00000E+01 1.50000E+02
d-B010-MT800-Marion-F0246003-E0000.997.1956                      1 4.50000E+01 1.50000E+02
d-B010-MT800-Marion-F0246003-E0001.009.1956                      1 4.50000E+01 9.00000E+01
d-B010-MT800-Marion-F0246003-E0001.011.1956                      1 9.00000E+01 9.00000E+01
d-B010-MT800-Marion-F0246004-E0000.910.1956                     13 3.85000E+01 1.59500E+02
d-B010-MT800-Purser-F0215002-E0000.978.1963                     44 1.56000E+02 1.56000E+02
d-B010-MT800-Purser-F0215003-E0001.000.1963                      4 1.56000E+02 1.56000E+02
d-B010-MT800-Rendic-F0327002-E0005.214.1971                     17 5.00000E+01 5.00000E+01
d-B010-MT800-Roy-F0503003-E0005.000.1975                        30 1.30000E+01 1.29400E+02
d-B010-MT800-Valkovic-F0371002-E0002.490.1975                    1 2.00000E+01 1.50000E+02
d-B010-MT800-Valkovic-F0371002-E0002.500.1975                    2 2.00000E+01 7.00000E+01
d-B010-MT800-Valkovic-F0371002-E0002.520.1975                    2 2.00000E+01 1.30000E+02
d-B010-MT800-Valkovic-F0371002-E0002.550.1975                    1 2.00000E+01 7.00000E+01
d-B010-MT800-Valkovic-F0371002-E0002.560.1975                    3 4.00000E+01 1.50000E+02
d-B010-MT800-Valkovic-F0371002-E0002.570.1975                    1 2.00000E+01 4.00000E+01
d-B010-MT800-Valkovic-F0371002-E0002.590.1975                    2 2.00000E+01 1.30000E+02
d-B010-MT800-Valkovic-F0371002-E0002.600.1975                    2 7.00000E+01 1.50000E+02
d-B010-MT800-Valkovic-F0371002-E0002.610.1975                    1 7.00000E+01 1.50000E+02
d-B010-MT800-Valkovic-F0371002-E0002.650.1975                    1 2.00000E+01 1.50000E+02
d-B010-MT800-Valkovic-F0371002-E0002.660.1975                    3 2.00000E+01 1.30000E+02
d-B010-MT800-Valkovic-F0371002-E0002.670.1975                    1 2.00000E+01 7.00000E+01
d-B010-MT800-Valkovic-F0371002-E0002.700.1975                    4 2.00000E+01 1.50000E+02
d-B010-MT800-Valkovic-F0371002-E0002.710.1975                    1 2.00000E+01 7.00000E+01
d-B010-MT800-Valkovic-F0371002-E0002.740.1975                    2 2.00000E+01 1.50000E+02
d-B010-MT800-Valkovic-F0371002-E0002.750.1975                    2 4.00000E+01 1.30000E+02
d-B010-MT800-Valkovic-F0371002-E0002.760.1975                    1 4.00000E+01 7.00000E+01
d-B010-MT800-Valkovic-F0371002-E0002.790.1975                    2 4.00000E+01 1.30000E+02
d-B010-MT800-Valkovic-F0371002-E0002.800.1975                    2 2.00000E+01 1.50000E+02
d-B010-MT800-Valkovic-F0371002-E0002.810.1975                    2 2.00000E+01 1.50000E+02
d-B010-MT800-Valkovic-F0371002-E0002.820.1975                    1 2.00000E+01 1.50000E+02
d-B010-MT800-Valkovic-F0371002-E0002.850.1975                    4 2.00000E+01 1.50000E+02
d-B010-MT800-Valkovic-F0371002-E0002.880.1975                    1 4.00000E+01 1.50000E+02
d-B010-MT800-Valkovic-F0371002-E0002.890.1975                    2 2.00000E+01 1.30000E+02
d-B010-MT800-Valkovic-F0371002-E0002.900.1975                    1 2.00000E+01 7.00000E+01
d-B010-MT800-Valkovic-F0371002-E0002.910.1975                    1 2.00000E+01 7.00000E+01
d-B010-MT800-Valkovic-F0371002-E0002.940.1975                    3 2.00000E+01 1.50000E+02
d-B010-MT800-Valkovic-F0371002-E0002.950.1975                    1 4.00000E+01 7.00000E+01
d-B010-MT800-Valkovic-F0371002-E0002.960.1975                    1 4.00000E+01 1.30000E+02
d-B010-MT800-Valkovic-F0371002-E0002.980.1975                    2 2.00000E+01 1.50000E+02
d-B010-MT800-Valkovic-F0371002-E0002.990.1975                    1 2.00000E+01 7.00000E+01
d-B010-MT800-Valkovic-F0371002-E0003.000.1975                    1 4.00000E+01 7.00000E+01
d-B010-MT800-Valkovic-F0371002-E0003.010.1975                    1 4.00000E+01 1.30000E+02
d-B010-MT800-Valkovic-F0371002-E0003.020.1975                    1 7.00000E+01 1.30000E+02
d-B010-MT800-Valkovic-F0371002-E0003.040.1975                    2 2.00000E+01 1.50000E+02
d-B010-MT800-Valkovic-F0371002-E0003.050.1975                    2 2.00000E+01 1.30000E+02
d-B010-MT800-Valkovic-F0371002-E0003.080.1975                    1 2.00000E+01 1.30000E+02
d-B010-MT800-Valkovic-F0371002-E0003.090.1975                    3 2.00000E+01 1.50000E+02
d-B010-MT800-Valkovic-F0371002-E0003.110.1975                    1 2.00000E+01 7.00000E+01
d-B010-MT800-Valkovic-F0371002-E0003.140.1975                    4 2.00000E+01 1.50000E+02
d-B010-MT800-Valkovic-F0371002-E0003.150.1975                    4 7.00000E+01 7.00000E+01
d-B010-MT800-Yanabu-F0185007-E0014.000.1964                     17 2.11000E+01 1.60600E+02
