#              Filename                                         N    min         max
d-Li006-MT600-Andre-A1523002-E0001.570.1960                     14 1.46000E+01 1.20600E+02
d-Li006-MT600-Bertrand-A1513003-E0000.300.1968                  16 1.05000E+01 1.58500E+02
d-Li006-MT600-Bertrand-A1513003-E0000.400.1968                  15 1.05000E+01 1.58400E+02
d-Li006-MT600-Bertrand-A1513003-E0000.500.1968                  16 1.04000E+01 1.57700E+02
d-Li006-MT600-Bertrand-A1513003-E0000.600.1968                  16 1.03000E+01 1.58700E+02
d-Li006-MT600-Bertrand-A1513003-E0000.700.1968                  16 1.03000E+01 1.58100E+02
d-Li006-MT600-Cecil-C0762002-E0000.036.1981                     13 1.50000E+02 1.50000E+02
d-Li006-MT600-Elwyn-T0134004-E0000.118.1977                    370 1.50000E+01 1.65000E+02
d-Li006-MT600-Generalov-F1476002-E0004.500.2022                540 2.00000E+01 1.60000E+02
d-Li006-MT600-HuangBingyinn-C0201002-E0003.700.1974             20 1.50000E+01 1.59900E+02
d-Li006-MT600-Levine-F0040012-E0014.400.1955                     3 1.04000E+01 1.53000E+01
d-Li006-MT600-MaoZhenlinn-S0003002-E0005.030.1972               20 1.50000E+01 1.65000E+02
d-Li006-MT600-Mcclenahan-A1414008-E0000.488.1975                17 1.35000E+01 1.65500E+02
d-Li006-MT600-Mcclenahan-A1414008-E0000.954.1975                17 1.89000E+01 1.69300E+02
d-Li006-MT600-Mcclenahan-A1414008-E0001.454.1975                17 1.89000E+01 1.65800E+02
d-Li006-MT600-Mcclenahan-A1414008-E0001.951.1975                17 1.93000E+01 1.69600E+02
d-Li006-MT600-Mcclenahan-A1414008-E0002.446.1975                17 1.93000E+01 1.79000E+02
d-Li006-MT600-Mcclenahan-A1414008-E0002.940.1975                17 1.34000E+01 1.69900E+02
d-Li006-MT600-Mcclenahan-A1414008-E0003.435.1975                17 1.34000E+01 1.65200E+02
d-Li006-MT600-Powell-A1432002-E0004.500.1970                    29 1.31000E+01 1.65200E+02
d-Li006-MT600-Powell-A1432002-E0004.800.1970                    33 1.31000E+01 1.65100E+02
d-Li006-MT600-Powell-A1432002-E0005.000.1970                    31 1.33000E+01 1.65100E+02
d-Li006-MT600-Powell-A1432002-E0005.300.1970                    31 1.35000E+01 1.65400E+02
d-Li006-MT600-Rout-F0060002-E0002.000.1962                       3 0.00000E+00 9.00000E+01
d-Li006-MT600-Whaling-A1362003-E0000.271.1950                   66 0.00000E+00 0.00000E+00
d-Li006-MT600-YuanRongfangg-S0004002-E0009.050.1981             21 7.00003E+00 1.49900E+02
