#              Filename                                         N    min         max
n-Ca000-MT002-Alarcon-13127002-ang-E0019.000.1987               33 1.30000E+01 1.59800E+02
n-Ca000-MT002-Alarcon-13127002-ang-E0021.700.1987               39 1.30000E+01 1.58400E+02
n-Ca000-MT002-Alarcon-13127002-ang-E0025.500.1987               39 1.80000E+01 1.59300E+02
n-Ca000-MT002-Becker-11511004-ang-E0003.200.1966                12 2.04955E+01 1.31102E+02
n-Ca000-MT002-Cross-11465005-ang-E0014.600.1960                 21 7.79996E+00 1.29900E+02
n-Ca000-MT002-Devito-12724002-ang-E0030.300.1981                40 1.50000E+01 1.30000E+02
n-Ca000-MT002-Ferrer-10633005-ang-E0011.010.1977                29 1.50000E+01 1.55000E+02
n-Ca000-MT002-Ferrer-10633005-ang-E0011.010A001.1977            29 1.50000E+01 1.55000E+02
n-Ca000-MT002-Frasca-10254009-ang-E0014.000.1966                20 2.00000E+01 1.50300E+02
n-Ca000-MT002-Frasca-10254009-ang-E0014.000A001.1966            20 2.00000E+01 1.50300E+02
n-Ca000-MT002-Hicks-13508004-ang-E0002.350.1988                 12 1.99000E+01 1.50000E+02
n-Ca000-MT002-Hicks-13508004-ang-E0002.430.1988                 11 1.99000E+01 1.50000E+02
n-Ca000-MT002-Hicks-13508004-ang-E0002.710.1988                 12 2.50000E+01 1.50000E+02
n-Ca000-MT002-Hicks-13508004-ang-E0003.150.1988                 12 2.50000E+01 1.50000E+02
n-Ca000-MT002-Hicks-13508004-ang-E0003.550.1988                 12 2.74000E+01 1.50000E+02
n-Ca000-MT002-Hicks-13508005-ang-E0006.000.1988                 29 2.50000E+01 1.50000E+02
n-Ca000-MT002-Hjort-13510004-ang-E0065.000.1994                 27 7.49999E+00 4.51000E+01
n-Ca000-MT002-Holmqvist-20019037-ang-E0006.090.1969             59 2.00000E+01 1.60100E+02
n-Ca000-MT002-Kent-11617009-ang-E0003.660.1962                  21 1.09000E+01 1.60800E+02
n-Ca000-MT002-Lane-10415013-ang-E0000.030.1961                 192 2.33000E+01 1.44200E+02
n-Ca000-MT002-Lovchikova-40230004-ang-E0000.900.1963             5 2.95425E+01 1.50447E+02
n-Ca000-MT002-Olsson-22048010-ang-E0021.600.1987                38 1.00000E+01 1.60000E+02
n-Ca000-MT002-Perey-10109002-ang-E0004.190.1970                 94 9.00000E+01 9.00000E+01
n-Ca000-MT002-Popov-41215006-ang-E0003.100.1963                 10 1.99484E+01 1.50459E+02
n-Ca000-MT002-Rapaport-10697005-ang-E0020.000.1977              38 1.50000E+01 1.45000E+02
n-Ca000-MT002-Reber-11618009-ang-E0002.060.1967                 20 2.50000E+01 1.50000E+02
n-Ca000-MT002-Reber-11618009-ang-E0003.290.1967                 20 3.00000E+01 1.50000E+02
n-Ca000-MT002-Seagrave-11620002-ang-E0001.000.1961              43 1.99484E+01 1.52252E+02
n-Ca000-MT002-Smith-12749003-ang-E0004.500.1994                658 2.03000E+01 1.58000E+02
n-Ca000-MT002-Takahashi-22155086-ang-E0014.100.1992             15 1.50000E+01 1.50000E+02
n-Ca000-MT002-Vincent-11621005-ang-E0004.100.1960               16 2.00000E+01 1.35000E+02
n-Ca000-MT002-Weddell-11479004-ang-E0004.400.1956                1 8.19984E+01 8.19984E+01
n-Ca000-MT002-Weddell-11615002-ang-E0004.400.1955                1 9.00000E+01 9.00000E+01
