#              Filename                                         N    min         max
d-O016-MT800-Calvi-F1035002-E0000.814.1962                      13 9.00000E+01 9.00000E+01
d-O016-MT800-Calvi-F1035003-E0000.786.1962                      14 9.00000E+01 9.00000E+01
d-O016-MT800-Cavallaro-D0152004-E0000.980.1973                  28 2.44000E+01 1.69200E+02
d-O016-MT800-Cavallaro-D0152004-E0001.020.1973                  26 2.44000E+01 1.69600E+02
d-O016-MT800-Cavallaro-D0152004-E0001.040.1973                  25 2.51000E+01 1.69600E+02
d-O016-MT800-Cavallaro-D0152004-E0001.100.1973                  24 2.51000E+01 1.70000E+02
d-O016-MT800-Cavallaro-D0152004-E0001.160.1973                  27 2.46000E+01 1.70600E+02
d-O016-MT800-Cavallaro-D0152004-E0001.190.1973                  29 2.45000E+01 1.71900E+02
d-O016-MT800-Cavallaro-D0152004-E0001.250.1973                  30 2.45000E+01 1.70500E+02
d-O016-MT800-Cavallaro-D0152004-E0001.290.1973                  28 1.97000E+01 1.69500E+02
d-O016-MT800-Cavallaro-D0152004-E0001.340.1973                  31 1.97000E+01 1.69400E+02
d-O016-MT800-Cavallaro-D0152004-E0001.380.1973                  31 2.59000E+01 1.69500E+02
d-O016-MT800-Cavallaro-D0152007-E0000.968.1973                   1 8.50000E+01 1.64000E+02
d-O016-MT800-Cavallaro-D0152007-E0000.969.1973                   1 5.00000E+01 1.64000E+02
d-O016-MT800-Cavallaro-D0152007-E0000.976.1973                   1 5.00000E+01 8.50000E+01
d-O016-MT800-Cavallaro-D0152007-E0001.014.1973                   1 5.00000E+01 8.50000E+01
d-O016-MT800-Cavallaro-D0152007-E0001.014A001.1973               1 5.00000E+01 1.64000E+02
d-O016-MT800-Cavallaro-D0152007-E0001.015.1973                   1 1.64000E+02 1.64000E+02
d-O016-MT800-Dalton-O2086002-E0006.800.1958                      5 9.49999E+00 4.94000E+01
d-O016-MT800-Dalton-O2086002-E0008.900.1958                     19 9.49999E+00 1.64600E+02
d-O016-MT800-Debras-D0144006-E0000.511.1977                     51 1.35000E+02 1.35000E+02
d-O016-MT800-Dietzsch-F1099006-E0001.867.1968                    1 1.50000E+02 1.67600E+02
d-O016-MT800-Dietzsch-F1099006-E0001.868.1968                    1 1.22500E+02 1.67600E+02
d-O016-MT800-Dietzsch-F1099006-E0001.872.1968                    1 6.70000E+01 1.22500E+02
d-O016-MT800-Dietzsch-F1099006-E0001.876.1968                    1 6.70000E+01 1.50000E+02
d-O016-MT800-Dietzsch-F1099006-E0001.877.1968                    1 1.22500E+02 1.50000E+02
d-O016-MT800-Dietzsch-F1099006-E0001.881.1968                    1 1.22500E+02 1.67600E+02
d-O016-MT800-Dietzsch-F1099006-E0001.882.1968                    1 1.67600E+02 1.67600E+02
d-O016-MT800-Dolinov-F1331003-E0011.400.1965                    16 1.12000E+01 1.29700E+02
d-O016-MT800-Dolinov-F1331003-E0012.400.1965                    22 1.12000E+01 1.62800E+02
d-O016-MT800-Hu-E2220002-E0010.500.1960                         13 2.15000E+01 1.53700E+02
d-O016-MT800-Hu-E2220003-E0010.700.1960                         13 2.19000E+01 1.61200E+02
d-O016-MT800-Hu-E2220004-E0011.000.1960                         12 2.11000E+01 1.61500E+02
d-O016-MT800-Hu-E2220005-E0011.200.1960                         13 2.11000E+01 1.62000E+02
d-O016-MT800-Hu-E2220006-E0011.400.1960                         13 2.03000E+01 1.60200E+02
d-O016-MT800-HuangBingyinn-C0201021-E0003.700.1974              17 2.00000E+01 1.50000E+02
d-O016-MT800-Jiang-C1365003-E0000.701.2003                      73 1.50000E+02 1.50000E+02
d-O016-MT800-Kim-C1438003-E0000.787.1964                         1 6.65600E+01 1.64150E+02
d-O016-MT800-Kim-C1438003-E0000.788.1964                         1 6.65600E+01 1.27400E+02
d-O016-MT800-Kim-C1438003-E0000.790.1964                         1 5.12400E+01 1.27400E+02
d-O016-MT800-Kim-C1438003-E0000.790A001.1964                     1 5.12400E+01 1.42110E+02
d-O016-MT800-Kim-C1438003-E0000.793.1964                         1 1.42110E+02 1.64150E+02
d-O016-MT800-Kim-C1438003-E0000.803.1964                         1 1.27400E+02 1.64150E+02
d-O016-MT800-Kim-C1438003-E0000.803A001.1964                     1 6.65600E+01 1.27400E+02
d-O016-MT800-Kim-C1438003-E0000.804.1964                         1 5.12400E+01 6.65600E+01
d-O016-MT800-Kim-C1438003-E0000.805.1964                         1 5.12400E+01 1.42110E+02
d-O016-MT800-Kim-C1438003-E0000.807.1964                         1 1.42110E+02 1.64150E+02
d-O016-MT800-Kim-C1438003-E0000.817.1964                         1 5.12400E+01 1.64150E+02
d-O016-MT800-Kim-C1438003-E0000.817A001.1964                     1 5.12400E+01 6.65600E+01
d-O016-MT800-Kim-C1438003-E0000.818.1964                         1 6.65600E+01 1.27400E+02
d-O016-MT800-Kim-C1438003-E0000.819.1964                         1 1.27400E+02 1.42110E+02
d-O016-MT800-Kim-C1438003-E0000.822.1964                         1 6.65600E+01 1.42110E+02
d-O016-MT800-Kim-C1438003-E0000.832.1964                         1 6.65600E+01 1.64150E+02
d-O016-MT800-Kim-C1438003-E0000.833.1964                         1 5.12400E+01 1.64150E+02
d-O016-MT800-Kim-C1438003-E0000.835.1964                         2 5.12400E+01 1.42110E+02
d-O016-MT800-Kim-C1438003-E0000.835A001.1964                     1 1.27400E+02 1.42110E+02
d-O016-MT800-Kim-C1438003-E0000.836.1964                         1 8.64000E+01 1.27400E+02
d-O016-MT800-Kim-C1438003-E0000.844.1964                         1 6.65600E+01 8.64000E+01
d-O016-MT800-Kim-C1438003-E0000.846.1964                         1 6.65600E+01 1.64150E+02
d-O016-MT800-Kim-C1438003-E0000.846A001.1964                     1 1.27400E+02 1.64150E+02
d-O016-MT800-Kim-C1438003-E0000.849.1964                         1 5.12400E+01 1.27400E+02
d-O016-MT800-Kim-C1438003-E0000.850.1964                         1 5.12400E+01 1.42110E+02
d-O016-MT800-Kim-C1438003-E0000.851.1964                         1 8.64000E+01 1.42110E+02
d-O016-MT800-Kim-C1438003-E0000.852.1964                         1 5.12400E+01 8.64000E+01
d-O016-MT800-Kim-C1438003-E0000.857.1964                         1 5.12400E+01 1.64150E+02
d-O016-MT800-Kim-C1438003-E0000.861.1964                         1 8.64000E+01 1.64150E+02
d-O016-MT800-Kim-C1438003-E0000.861A001.1964                     1 6.65600E+01 8.64000E+01
d-O016-MT800-Kim-C1438003-E0000.864.1964                         1 6.65600E+01 1.27400E+02
d-O016-MT800-Kim-C1438003-E0000.865.1964                         1 1.27400E+02 1.42110E+02
d-O016-MT800-Kim-C1438003-E0000.866.1964                         1 8.64000E+01 1.42110E+02
d-O016-MT800-Kim-C1438003-E0000.871.1964                         1 8.64000E+01 1.64150E+02
d-O016-MT800-Kim-C1438003-E0000.874.1964                         1 6.65600E+01 1.64150E+02
d-O016-MT800-Kim-C1438003-E0000.877.1964                         1 5.12400E+01 6.65600E+01
d-O016-MT800-Kim-C1438003-E0000.880.1964                         1 5.12400E+01 1.27400E+02
d-O016-MT800-Kim-C1438003-E0000.881.1964                         1 1.27400E+02 1.42110E+02
d-O016-MT800-Kim-C1438003-E0000.881A001.1964                     1 8.64000E+01 1.42110E+02
d-O016-MT800-Kim-C1438003-E0000.881A002.1964                     1 8.64000E+01 1.64150E+02
d-O016-MT800-Kim-C1438003-E0000.885.1964                         1 1.27400E+02 1.64150E+02
d-O016-MT800-Kim-C1438003-E0000.887.1964                         1 5.12400E+01 1.27400E+02
d-O016-MT800-Kim-C1438003-E0000.887A001.1964                     1 5.12400E+01 8.64000E+01
d-O016-MT800-Kim-C1438003-E0000.888.1964                         1 8.64000E+01 1.42110E+02
d-O016-MT800-Kim-C1438003-E0000.888A001.1964                     1 6.65600E+01 1.42110E+02
d-O016-MT800-Kim-C1438003-E0000.890.1964                         1 6.65600E+01 1.64150E+02
d-O016-MT800-Kim-C1438003-E0000.892.1964                         1 8.64000E+01 1.64150E+02
d-O016-MT800-Kim-C1438003-E0000.894.1964                         1 5.12400E+01 8.64000E+01
d-O016-MT800-Kim-C1438003-E0000.897.1964                         1 5.12400E+01 1.27400E+02
d-O016-MT800-Kim-C1438003-E0000.898.1964                         1 6.65600E+01 1.27400E+02
d-O016-MT800-Kim-C1438003-E0000.899.1964                         2 6.65600E+01 1.64150E+02
d-O016-MT800-Kim-C1438003-E0000.902.1964                         1 8.64000E+01 1.64150E+02
d-O016-MT800-Kim-C1438003-E0000.906.1964                         1 1.27400E+02 1.64150E+02
d-O016-MT800-Kim-C1438003-E0000.907.1964                         1 5.12400E+01 1.27400E+02
d-O016-MT800-Kim-C1438003-E0000.907A001.1964                     1 5.12400E+01 6.65600E+01
d-O016-MT800-Kim-C1438003-E0000.908.1964                         1 6.65600E+01 1.42110E+02
d-O016-MT800-Kim-C1438003-E0000.909.1964                         1 1.42110E+02 1.64150E+02
d-O016-MT800-Kim-C1438003-E0000.913.1964                         1 5.12400E+01 1.64150E+02
d-O016-MT800-Kim-C1438003-E0000.916.1964                         1 5.12400E+01 6.65600E+01
d-O016-MT800-Kim-C1438003-E0000.917.1964                         1 6.65600E+01 8.64000E+01
d-O016-MT800-Kim-C1438003-E0000.919.1964                         1 8.64000E+01 1.27400E+02
d-O016-MT800-Kim-C1438003-E0000.920.1964                         1 1.27400E+02 1.42110E+02
d-O016-MT800-Kim-C1438003-E0000.921.1964                         1 1.42110E+02 1.64150E+02
d-O016-MT800-Kim-C1438003-E0000.922.1964                         1 1.27400E+02 1.64150E+02
d-O016-MT800-Kim-C1438003-E0000.925.1964                         1 5.12400E+01 1.27400E+02
d-O016-MT800-Kim-C1438003-E0000.926.1964                         1 5.12400E+01 8.64000E+01
d-O016-MT800-Kim-C1438003-E0000.929.1964                         1 6.65600E+01 8.64000E+01
d-O016-MT800-Kim-C1438003-E0000.929A001.1964                     1 6.65600E+01 1.64150E+02
d-O016-MT800-Kim-C1438003-E0000.931.1964                         1 1.42110E+02 1.64150E+02
d-O016-MT800-Kim-C1438003-E0000.931A001.1964                     1 1.27400E+02 1.42110E+02
d-O016-MT800-Kim-C1438003-E0000.933.1964                         1 5.12400E+01 1.27400E+02
d-O016-MT800-Kim-C1438003-E0000.936.1964                         1 5.12400E+01 6.65600E+01
d-O016-MT800-Kim-C1438003-E0000.937.1964                         1 6.65600E+01 1.42110E+02
d-O016-MT800-Kim-C1438003-E0000.938.1964                         2 8.64000E+01 1.64150E+02
d-O016-MT800-Kim-C1438003-E0000.939.1964                         1 6.65600E+01 8.64000E+01
d-O016-MT800-Kim-C1438003-E0000.944.1964                         1 5.12400E+01 6.65600E+01
d-O016-MT800-Kim-C1438003-E0000.944A001.1964                     1 5.12400E+01 1.42110E+02
d-O016-MT800-Kim-C1438003-E0000.946.1964                         1 1.42110E+02 1.64150E+02
d-O016-MT800-Kim-C1438003-E0000.947.1964                         1 1.27400E+02 1.64150E+02
d-O016-MT800-Kim-C1438003-E0000.947A001.1964                     1 1.27400E+02 1.64150E+02
d-O016-MT800-Kim-C1438003-E0000.949.1964                         1 6.65600E+01 1.64150E+02
d-O016-MT800-Kim-C1438003-E0000.951.1964                         1 6.65600E+01 8.64000E+01
d-O016-MT800-Kim-C1438003-E0000.952.1964                         1 8.64000E+01 1.42110E+02
d-O016-MT800-Kim-C1438003-E0000.953.1964                         2 5.12400E+01 1.64150E+02
d-O016-MT800-Kim-C1438003-E0000.953A001.1964                     1 5.12400E+01 8.64000E+01
d-O016-MT800-Kim-C1438003-E0000.955.1964                         1 8.64000E+01 1.27400E+02
d-O016-MT800-Kim-C1438003-E0000.955A001.1964                     1 6.65600E+01 1.27400E+02
d-O016-MT800-Kim-C1438003-E0000.957.1964                         1 6.65600E+01 1.64150E+02
d-O016-MT800-Kim-C1438003-E0000.958.1964                         1 5.12400E+01 1.64150E+02
d-O016-MT800-Kim-C1438003-E0000.959.1964                         1 5.12400E+01 8.64000E+01
d-O016-MT800-Kim-C1438003-E0000.959A001.1964                     1 8.64000E+01 1.42110E+02
d-O016-MT800-Kim-C1438003-E0000.960.1964                         1 6.65600E+01 1.42110E+02
d-O016-MT800-Kim-C1438003-E0000.960A001.1964                     1 6.65600E+01 6.65600E+01
d-O016-MT800-Mansour-F0949003-E0000.160.1965                    15 9.00000E+01 9.00000E+01
d-O016-MT800-Mansour-F0949006-E0001.800.1965                     7 3.37200E+01 1.33400E+02
d-O016-MT800-Mansour-F0949006-E0002.000.1965                     7 3.29700E+01 1.32500E+02
d-O016-MT800-Mansour-F0949006-E0002.100.1965                     7 3.29700E+01 1.32200E+02
d-O016-MT800-Mansour-F0949006-E0002.200.1965                     6 4.50700E+01 1.19900E+02
d-O016-MT800-Mansour-F0949006-E0002.300.1965                     7 4.55100E+01 1.35500E+02
d-O016-MT800-Mansour-F0949006-E0002.400.1965                     8 4.55100E+01 1.50300E+02
d-O016-MT800-MaoZhenlinn-S0003033-E0005.030.1972                16 1.49000E+01 1.50000E+02
d-O016-MT800-Pellegrini-F1113008-E0015.000.1961                 17 1.50000E+01 8.97000E+01
d-O016-MT800-Seiler-C1030004-E0000.721.1963                    288 1.64800E+02 1.64800E+02
d-O016-MT800-Yanabu-E2167030-E0014.900.1963                     17 2.00000E+01 1.55000E+02
d-O016-MT800-Yanabu-E2167031-E0015.400.1963                     18 1.50000E+01 1.54900E+02
d-O016-MT800-Yanabu-E2167032-E0015.700.1963                     15 1.99000E+01 1.54900E+02
d-O016-MT800-Yanabu-E2167033-E0016.000.1963                     28 1.99000E+01 1.54900E+02
d-O016-MT800-Yanabu-E2167034-E0016.500.1963                     20 2.00000E+01 1.55000E+02
d-O016-MT800-Yanabu-E2167035-E0016.900.1963                     19 2.00000E+01 1.55000E+02
d-O016-MT800-Yanabu-E2167036-E0017.300.1963                     17 2.00000E+01 1.55000E+02
d-O016-MT800-Yanabu-E2167037-E0018.100.1963                     21 2.00000E+01 1.55000E+02
d-O016-MT800-Yanabu-E2167038-E0018.800.1963                     19 1.49000E+01 1.55000E+02
d-O016-MT800-Yanabu-E2167039-E0019.600.1963                     19 1.49000E+01 1.55000E+02
d-O016-MT800-Yanabu-E2230002-E0014.700.1961                     16 2.07000E+01 1.61200E+02
