#              Filename                                         N    min         max
p-Cr052-MT848-Smith-C1653018-E0035.000.1978                     14 1.20000E+01 8.02000E+01
p-Cr052-MT848-Smith-C1653019-E0035.000.1978                     16 9.60001E+00 8.15000E+01
p-Cr052-MT848-Smith-C1653020-E0035.000.1978                     15 8.09999E+00 8.03000E+01
p-Cr052-MT848-Smith-C1653021-E0035.000.1978                     12 1.60000E+01 8.03000E+01
p-Cr052-MT848-Smith-C1653022-E0035.000.1978                      9 1.60000E+01 7.06000E+01
p-Cr052-MT848-Smith-C1653023-E0035.000.1978                     12 8.69999E+00 7.08000E+01
p-Cr052-MT848-Smith-C1653024-E0035.000.1978                      9 8.59999E+00 6.07000E+01
p-Cr052-MT848-Smith-C1653025-E0035.000.1978                      9 7.60001E+00 6.99000E+01
p-Cr052-MT848-Smith-C1653026-E0035.000.1978                     10 7.60001E+00 8.03000E+01
p-Cr052-MT848-Smith-C1653027-E0035.000.1978                     12 7.79996E+00 8.05000E+01
p-Cr052-MT848-Smith-C1653028-E0035.000.1978                     10 7.89998E+00 5.52000E+01
p-Cr052-MT848-Smith-C1653029-E0035.000.1978                     11 8.49999E+00 8.11000E+01
p-Cr052-MT848-Smith-C1653030-E0035.000.1978                     18 8.30000E+00 8.06000E+01
p-Cr052-MT848-Smith-C1653031-E0035.000.1978                     16 7.89998E+00 6.06000E+01
p-Cr052-MT848-Smith-C1653032-E0035.000.1978                     22 7.40003E+00 7.98000E+01
p-Cr052-MT848-Smith-C1653033-E0035.000.1978                     18 7.70001E+00 8.00000E+01
p-Cr052-MT848-Smith-C1653034-E0035.000.1978                     19 7.99998E+00 7.03000E+01
p-Cr052-MT848-Smith-C1653035-E0035.000.1978                     15 7.99998E+00 7.99998E+00
p-Cr052-MT848-Smith-C1653036-E0035.000.1978                      9 7.99998E+00 6.08000E+01
p-Cr052-MT848-Smith-C1653037-E0035.000.1978                     11 7.99998E+00 6.06000E+01
