#              Filename                                         N    min         max
n-Zr094-MT151-Bartolome-100020241.1969                          11 2.26300E-03 1.42290E-02
n-Zr094-MT151-Bartolome-100020241A001.1969                      11 2.26300E-03 1.42290E-02
n-Zr094-MT151-Bartolome-100020242.1969                          11 2.26300E-03 1.42290E-02
n-Zr094-MT151-Bartolome-100020242A001.1969                      11 2.26300E-03 1.42290E-02
n-Zr094-MT151-Bartolome-100020243.1969                           4 2.26300E-03 1.25100E-02
n-Zr094-MT151-Bartolome-100020243A001.1969                       4 2.26300E-03 1.25100E-02
n-Zr094-MT151-Bartolome-100020321.1969                           2 8.24600E-03 8.24600E-03
n-Zr094-MT151-Bartolome-100020321A001.1969                       2 8.24600E-03 8.24600E-03
n-Zr094-MT151-Block-118940051.1963                               6 2.25000E-03 2.40000E-02
n-Zr094-MT151-Block-118940052.1963                               6 2.25000E-03 2.40000E-02
n-Zr094-MT151-Block-118940053.1963                               1 7.10000E-03 7.10000E-03
n-Zr094-MT151-Block-118940054.1963                               1 7.10000E-03 7.10000E-03
n-Zr094-MT151-Block-12074007.1964                                6 2.25000E-03 1.01000E-02
n-Zr094-MT151-Good-118760111.1968                               22 5.70000E-03 4.37000E-02
n-Zr094-MT151-Good-118760112.1968                               19 5.70000E-03 4.16000E-02
n-Zr094-MT151-Good-118760113.1968                               19 5.70000E-03 4.16000E-02
n-Zr094-MT151-Good-11876013.1968                                 2 1.05000E-02 3.25000E-02
n-Zr094-MT151-Kapchigashev-400340161.1965                        1 2.27300E-03 2.27300E-03
n-Zr094-MT151-Kapchigashev-400340162.1965                        1 2.27300E-03 2.27300E-03
n-Zr094-MT151-Leinweber-137440141.2000                           1 2.23900E-03 2.23900E-03
n-Zr094-MT151-Leinweber-137440142.2000                           1 2.23900E-03 2.23900E-03
n-Zr094-MT151-Leinweber-137440143.2000                           1 2.23900E-03 2.23900E-03
n-Zr094-MT151-Leinweber-137440144.2000                           1 2.23900E-03 2.23900E-03
n-Zr094-MT151-Leinweber-137440145.2000                           1 2.23900E-03 2.23900E-03
n-Zr094-MT151-Moskalev-40758009.1964                             5 2.27300E-03 1.98600E-02
n-Zr094-MT151-Moskalev-40758014.1964                             1 1.10700E-02 1.10700E-02
n-Zr094-MT151-Seth-11665012.1964                                 2 3.26500E-01 3.26500E-01
n-Zr094-MT151-Tagliente-231940061.2013                           2 2.24100E-03 4.92500E-03
n-Zr094-MT151-Tagliente-233300031.2011                          50 2.24054E-03 5.87330E-02
