#              Filename                                         N    min         max
a-C013-MT089-Barnes-C0752003-E0001.976.1965                    286 0.00000E+00 0.00000E+00
a-C013-MT089-Bonner-F0464007-E0001.958.1956                      1 4.99999E+00 9.00000E+01
a-C013-MT089-Bonner-F0464007-E0001.959.1956                      1 4.99999E+00 4.99999E+00
a-C013-MT089-Bonner-F0464008-E0002.090.1956                     27 4.99999E+00 9.00000E+01
a-C013-MT089-Gazeeva-D8027002-E0002.214.2020                   103 1.80000E+02 1.80000E+02
a-C013-MT089-Gazeeva-D8027003-E0002.731.2020                    87 1.80000E+02 1.80000E+02
a-C013-MT089-Kerr-O0886003-E0003.593.1968                      134 0.00000E+00 0.00000E+00
a-C013-MT089-Mcdonald-C2730002-E0006.152.1976                    1 0.00000E+00 5.46000E+01
a-C013-MT089-Mcdonald-C2730002-E0006.153.1976                    1 5.46000E+01 6.98000E+01
a-C013-MT089-Mcdonald-C2730002-E0006.153A001.1976                1 6.98000E+01 1.25600E+02
a-C013-MT089-Mcdonald-C2730002-E0006.153A002.1976                1 9.04000E+01 1.25600E+02
a-C013-MT089-Mcdonald-C2730002-E0006.153A003.1976                1 0.00000E+00 9.04000E+01
a-C013-MT089-Mcdonald-C2730002-E0006.153A004.1976                1 0.00000E+00 1.45200E+02
a-C013-MT089-Mcdonald-C2730002-E0006.154.1976                    1 5.46000E+01 1.45200E+02
a-C013-MT089-Mcdonald-C2730002-E0006.154A001.1976                1 5.46000E+01 6.98000E+01
a-C013-MT089-Mcdonald-C2730002-E0006.154A002.1976                1 6.98000E+01 1.25600E+02
a-C013-MT089-Mcdonald-C2730002-E0006.154A003.1976                1 0.00000E+00 1.25600E+02
a-C013-MT089-Mcdonald-C2730002-E0006.154A004.1976                1 0.00000E+00 9.04000E+01
a-C013-MT089-Mcdonald-C2730002-E0006.154A005.1976                1 9.04000E+01 1.45200E+02
a-C013-MT089-Mcdonald-C2730002-E0006.155.1976                    1 5.46000E+01 1.45200E+02
a-C013-MT089-Mcdonald-C2730002-E0006.155A001.1976                1 5.46000E+01 6.98000E+01
a-C013-MT089-Mcdonald-C2730002-E0006.155A002.1976                1 6.98000E+01 1.25600E+02
a-C013-MT089-Mcdonald-C2730002-E0006.155A003.1976                1 0.00000E+00 1.25600E+02
a-C013-MT089-Mcdonald-C2730002-E0006.155A004.1976                1 0.00000E+00 9.04000E+01
a-C013-MT089-Mcdonald-C2730002-E0006.155A005.1976                1 9.04000E+01 1.45200E+02
a-C013-MT089-Mcdonald-C2730002-E0006.156.1976                    1 5.46000E+01 1.45200E+02
a-C013-MT089-Mcdonald-C2730002-E0006.156A001.1976                1 5.46000E+01 6.98000E+01
a-C013-MT089-Mcdonald-C2730002-E0006.156A002.1976                1 6.98000E+01 1.25600E+02
a-C013-MT089-Mcdonald-C2730002-E0006.156A003.1976                1 9.04000E+01 1.25600E+02
a-C013-MT089-Mcdonald-C2730002-E0006.156A004.1976                1 0.00000E+00 9.04000E+01
a-C013-MT089-Mcdonald-C2730002-E0006.156A005.1976                1 0.00000E+00 1.45200E+02
a-C013-MT089-Mcdonald-C2730002-E0006.157.1976                    1 5.46000E+01 1.45200E+02
a-C013-MT089-Mcdonald-C2730002-E0006.157A001.1976                1 5.46000E+01 6.98000E+01
a-C013-MT089-Mcdonald-C2730002-E0006.157A002.1976                1 6.98000E+01 1.25600E+02
a-C013-MT089-Mcdonald-C2730002-E0006.157A003.1976                1 9.04000E+01 1.25600E+02
a-C013-MT089-Mcdonald-C2730002-E0006.157A004.1976                1 0.00000E+00 9.04000E+01
a-C013-MT089-Mcdonald-C2730002-E0006.157A005.1976                1 0.00000E+00 1.45200E+02
a-C013-MT089-Mcdonald-C2730002-E0006.158.1976                    1 5.46000E+01 1.45200E+02
a-C013-MT089-Mcdonald-C2730002-E0006.158A001.1976                1 5.46000E+01 6.98000E+01
a-C013-MT089-Mcdonald-C2730002-E0006.158A002.1976                1 6.98000E+01 1.25600E+02
a-C013-MT089-Mcdonald-C2730002-E0006.158A003.1976                1 0.00000E+00 1.25600E+02
a-C013-MT089-Mcdonald-C2730002-E0006.158A004.1976                1 0.00000E+00 9.04000E+01
a-C013-MT089-Mcdonald-C2730002-E0006.158A005.1976                1 9.04000E+01 1.45200E+02
a-C013-MT089-Mcdonald-C2730002-E0006.159.1976                    1 5.46000E+01 1.45200E+02
a-C013-MT089-Mcdonald-C2730002-E0006.159A001.1976                1 5.46000E+01 6.98000E+01
a-C013-MT089-Mcdonald-C2730002-E0006.159A002.1976                1 6.98000E+01 1.25600E+02
a-C013-MT089-Mcdonald-C2730002-E0006.159A003.1976                1 0.00000E+00 1.25600E+02
a-C013-MT089-Mcdonald-C2730002-E0006.159A004.1976                1 0.00000E+00 9.04000E+01
a-C013-MT089-Mcdonald-C2730002-E0006.159A005.1976                1 9.04000E+01 1.45200E+02
a-C013-MT089-Mcdonald-C2730002-E0006.160.1976                    1 6.98000E+01 1.45200E+02
a-C013-MT089-Mcdonald-C2730002-E0006.160A001.1976                1 5.46000E+01 6.98000E+01
a-C013-MT089-Mcdonald-C2730002-E0006.160A002.1976                1 5.46000E+01 1.25600E+02
a-C013-MT089-Mcdonald-C2730002-E0006.160A003.1976                1 9.04000E+01 1.25600E+02
a-C013-MT089-Mcdonald-C2730002-E0006.160A004.1976                1 0.00000E+00 9.04000E+01
a-C013-MT089-Mcdonald-C2730002-E0006.160A005.1976                1 0.00000E+00 1.45200E+02
a-C013-MT089-Mcdonald-C2730002-E0006.161.1976                    1 5.46000E+01 1.45200E+02
a-C013-MT089-Mcdonald-C2730002-E0006.161A001.1976                1 5.46000E+01 6.98000E+01
a-C013-MT089-Mcdonald-C2730002-E0006.161A002.1976                1 6.98000E+01 1.25600E+02
a-C013-MT089-Mcdonald-C2730002-E0006.161A003.1976                1 9.04000E+01 1.25600E+02
a-C013-MT089-Mcdonald-C2730002-E0006.161A004.1976                1 0.00000E+00 9.04000E+01
a-C013-MT089-Mcdonald-C2730002-E0006.161A005.1976                1 0.00000E+00 1.45200E+02
a-C013-MT089-Mcdonald-C2730002-E0006.162.1976                    1 5.46000E+01 1.45200E+02
a-C013-MT089-Mcdonald-C2730002-E0006.162A001.1976                1 5.46000E+01 6.98000E+01
a-C013-MT089-Mcdonald-C2730002-E0006.162A002.1976                1 6.98000E+01 1.25600E+02
a-C013-MT089-Mcdonald-C2730002-E0006.162A003.1976                1 0.00000E+00 1.25600E+02
a-C013-MT089-Mcdonald-C2730002-E0006.162A004.1976                1 0.00000E+00 9.04000E+01
a-C013-MT089-Mcdonald-C2730002-E0006.162A005.1976                1 9.04000E+01 1.45200E+02
a-C013-MT089-Mcdonald-C2730002-E0006.163.1976                    1 5.46000E+01 1.45200E+02
a-C013-MT089-Mcdonald-C2730002-E0006.163A001.1976                1 5.46000E+01 6.98000E+01
a-C013-MT089-Mcdonald-C2730002-E0006.163A002.1976                1 6.98000E+01 1.25600E+02
a-C013-MT089-Mcdonald-C2730002-E0006.163A003.1976                1 0.00000E+00 1.25600E+02
a-C013-MT089-Mcdonald-C2730002-E0006.163A004.1976                1 0.00000E+00 9.04000E+01
a-C013-MT089-Mcdonald-C2730002-E0006.163A005.1976                1 9.04000E+01 1.45200E+02
a-C013-MT089-Mcdonald-C2730002-E0006.164.1976                    1 5.46000E+01 1.45200E+02
a-C013-MT089-Mcdonald-C2730002-E0006.164A001.1976                1 5.46000E+01 6.98000E+01
a-C013-MT089-Mcdonald-C2730002-E0006.164A002.1976                1 6.98000E+01 1.25600E+02
a-C013-MT089-Mcdonald-C2730002-E0006.164A003.1976                1 9.04000E+01 1.25600E+02
a-C013-MT089-Mcdonald-C2730002-E0006.164A004.1976                1 0.00000E+00 9.04000E+01
a-C013-MT089-Mcdonald-C2730002-E0006.164A005.1976                1 0.00000E+00 1.45200E+02
a-C013-MT089-Mcdonald-C2730002-E0006.165.1976                    1 5.46000E+01 1.45200E+02
a-C013-MT089-Mcdonald-C2730002-E0006.165A001.1976                1 5.46000E+01 6.98000E+01
a-C013-MT089-Mcdonald-C2730002-E0006.165A002.1976                1 6.98000E+01 1.25600E+02
a-C013-MT089-Mcdonald-C2730002-E0006.165A003.1976                1 9.04000E+01 1.25600E+02
a-C013-MT089-Mcdonald-C2730002-E0006.165A004.1976                1 0.00000E+00 9.04000E+01
a-C013-MT089-Mcdonald-C2730002-E0006.166.1976                    1 0.00000E+00 1.45200E+02
a-C013-MT089-Mcdonald-C2730002-E0006.166A001.1976                1 5.46000E+01 1.45200E+02
a-C013-MT089-Mcdonald-C2730002-E0006.166A002.1976                1 5.46000E+01 6.98000E+01
a-C013-MT089-Mcdonald-C2730002-E0006.166A003.1976                1 6.98000E+01 1.25600E+02
a-C013-MT089-Mcdonald-C2730002-E0006.166A004.1976                1 9.04000E+01 1.25600E+02
a-C013-MT089-Mcdonald-C2730002-E0006.166A005.1976                1 0.00000E+00 9.04000E+01
a-C013-MT089-Mcdonald-C2730002-E0006.167.1976                    1 0.00000E+00 1.45200E+02
a-C013-MT089-Mcdonald-C2730002-E0006.167A001.1976                1 5.46000E+01 1.45200E+02
a-C013-MT089-Mcdonald-C2730002-E0006.167A002.1976                1 5.46000E+01 6.98000E+01
a-C013-MT089-Mcdonald-C2730002-E0006.167A003.1976                1 6.98000E+01 1.25600E+02
a-C013-MT089-Mcdonald-C2730002-E0006.167A004.1976                1 9.04000E+01 1.25600E+02
a-C013-MT089-Mcdonald-C2730002-E0006.167A005.1976                1 0.00000E+00 9.04000E+01
a-C013-MT089-Mcdonald-C2730002-E0006.167A006.1976                1 0.00000E+00 1.45200E+02
a-C013-MT089-Mcdonald-C2730002-E0006.168.1976                    1 5.46000E+01 1.45200E+02
a-C013-MT089-Mcdonald-C2730002-E0006.168A001.1976                1 5.46000E+01 6.98000E+01
a-C013-MT089-Mcdonald-C2730002-E0006.168A002.1976                1 6.98000E+01 1.25600E+02
a-C013-MT089-Mcdonald-C2730002-E0006.168A003.1976                1 9.04000E+01 1.25600E+02
a-C013-MT089-Mcdonald-C2730002-E0006.168A004.1976                1 0.00000E+00 9.04000E+01
a-C013-MT089-Mcdonald-C2730002-E0006.168A005.1976                1 0.00000E+00 1.45200E+02
a-C013-MT089-Mcdonald-C2730002-E0006.169.1976                    1 5.46000E+01 1.45200E+02
a-C013-MT089-Mcdonald-C2730002-E0006.169A001.1976                1 5.46000E+01 6.98000E+01
a-C013-MT089-Mcdonald-C2730002-E0006.169A002.1976                1 6.98000E+01 9.04000E+01
a-C013-MT089-Mcdonald-C2730002-E0006.169A003.1976                1 0.00000E+00 9.04000E+01
a-C013-MT089-Mcdonald-C2730002-E0006.170.1976                    1 0.00000E+00 1.45200E+02
a-C013-MT089-Mcdonald-C2730002-E0006.170A001.1976                1 6.98000E+01 1.45200E+02
a-C013-MT089-Mcdonald-C2730002-E0006.170A002.1976                1 5.46000E+01 6.98000E+01
a-C013-MT089-Mcdonald-C2730002-E0006.170A003.1976                1 5.46000E+01 1.25600E+02
a-C013-MT089-Mcdonald-C2730002-E0006.170A004.1976                1 0.00000E+00 1.25600E+02
a-C013-MT089-Mcdonald-C2730002-E0006.170A005.1976                1 0.00000E+00 9.04000E+01
a-C013-MT089-Mcdonald-C2730002-E0006.171.1976                    1 9.04000E+01 1.45200E+02
a-C013-MT089-Mcdonald-C2730002-E0006.171A001.1976                1 6.98000E+01 1.45200E+02
a-C013-MT089-Mcdonald-C2730002-E0006.171A002.1976                1 5.46000E+01 6.98000E+01
a-C013-MT089-Mcdonald-C2730002-E0006.171A003.1976                1 5.46000E+01 1.25600E+02
a-C013-MT089-Mcdonald-C2730002-E0006.171A004.1976                1 9.04000E+01 1.25600E+02
a-C013-MT089-Mcdonald-C2730002-E0006.171A005.1976                1 0.00000E+00 9.04000E+01
a-C013-MT089-Mcdonald-C2730002-E0006.172.1976                    1 0.00000E+00 1.45200E+02
a-C013-MT089-Mcdonald-C2730002-E0006.172A001.1976                1 5.46000E+01 1.45200E+02
a-C013-MT089-Mcdonald-C2730002-E0006.172A002.1976                1 5.46000E+01 6.98000E+01
a-C013-MT089-Mcdonald-C2730002-E0006.172A003.1976                1 6.98000E+01 1.25600E+02
a-C013-MT089-Mcdonald-C2730002-E0006.172A004.1976                1 9.04000E+01 1.25600E+02
a-C013-MT089-Mcdonald-C2730002-E0006.172A005.1976                1 0.00000E+00 9.04000E+01
a-C013-MT089-Mcdonald-C2730002-E0006.173.1976                    1 0.00000E+00 1.45200E+02
a-C013-MT089-Mcdonald-C2730002-E0006.173A001.1976                1 5.46000E+01 1.45200E+02
a-C013-MT089-Mcdonald-C2730002-E0006.173A002.1976                1 5.46000E+01 6.98000E+01
a-C013-MT089-Mcdonald-C2730002-E0006.173A003.1976                1 6.98000E+01 1.25600E+02
a-C013-MT089-Mcdonald-C2730002-E0006.173A004.1976                1 9.04000E+01 1.25600E+02
a-C013-MT089-Mcdonald-C2730002-E0006.173A005.1976                1 0.00000E+00 9.04000E+01
a-C013-MT089-Mcdonald-C2730002-E0006.174.1976                    1 0.00000E+00 1.45200E+02
a-C013-MT089-Mcdonald-C2730002-E0006.174A001.1976                1 5.46000E+01 1.45200E+02
a-C013-MT089-Mcdonald-C2730002-E0006.174A002.1976                1 5.46000E+01 6.98000E+01
a-C013-MT089-Mcdonald-C2730002-E0006.174A003.1976                1 6.98000E+01 1.25600E+02
a-C013-MT089-Mcdonald-C2730002-E0006.174A004.1976                1 0.00000E+00 1.25600E+02
a-C013-MT089-Mcdonald-C2730002-E0006.175.1976                    1 0.00000E+00 9.04000E+01
a-C013-MT089-Mcdonald-C2730002-E0006.175A001.1976                1 9.04000E+01 1.45200E+02
a-C013-MT089-Mcdonald-C2730002-E0006.175A002.1976                1 5.46000E+01 1.45200E+02
a-C013-MT089-Mcdonald-C2730002-E0006.175A003.1976                1 5.46000E+01 6.98000E+01
a-C013-MT089-Mcdonald-C2730002-E0006.175A004.1976                1 6.98000E+01 1.25600E+02
a-C013-MT089-Mcdonald-C2730002-E0006.175A005.1976                1 0.00000E+00 1.25600E+02
a-C013-MT089-Mcdonald-C2730002-E0006.176.1976                    1 0.00000E+00 9.04000E+01
a-C013-MT089-Mcdonald-C2730002-E0006.176A001.1976                1 9.04000E+01 1.45200E+02
a-C013-MT089-Mcdonald-C2730002-E0006.176A002.1976                1 5.46000E+01 1.45200E+02
a-C013-MT089-Mcdonald-C2730002-E0006.176A003.1976                1 5.46000E+01 6.98000E+01
a-C013-MT089-Mcdonald-C2730002-E0006.176A004.1976                1 6.98000E+01 1.25600E+02
a-C013-MT089-Mcdonald-C2730002-E0006.176A005.1976                1 0.00000E+00 1.25600E+02
a-C013-MT089-Mcdonald-C2730002-E0006.177.1976                    1 0.00000E+00 9.04000E+01
a-C013-MT089-Mcdonald-C2730002-E0006.177A001.1976                1 9.04000E+01 1.45200E+02
a-C013-MT089-Mcdonald-C2730002-E0006.177A002.1976                1 5.46000E+01 1.45200E+02
a-C013-MT089-Mcdonald-C2730002-E0006.177A003.1976                1 5.46000E+01 6.98000E+01
a-C013-MT089-Mcdonald-C2730002-E0006.177A004.1976                1 6.98000E+01 1.25600E+02
a-C013-MT089-Mcdonald-C2730002-E0006.177A005.1976                1 9.04000E+01 1.25600E+02
a-C013-MT089-Mcdonald-C2730002-E0006.178.1976                    1 0.00000E+00 9.04000E+01
a-C013-MT089-Mcdonald-C2730002-E0006.178A001.1976                1 0.00000E+00 1.45200E+02
a-C013-MT089-Mcdonald-C2730002-E0006.178A002.1976                1 5.46000E+01 1.45200E+02
a-C013-MT089-Mcdonald-C2730002-E0006.178A003.1976                1 5.46000E+01 6.98000E+01
a-C013-MT089-Mcdonald-C2730002-E0006.178A004.1976                1 6.98000E+01 1.25600E+02
a-C013-MT089-Mcdonald-C2730002-E0006.178A005.1976                1 0.00000E+00 1.25600E+02
a-C013-MT089-Mcdonald-C2730002-E0006.179.1976                    1 0.00000E+00 1.45200E+02
a-C013-MT089-Mcdonald-C2730002-E0006.179A001.1976                1 9.04000E+01 1.45200E+02
a-C013-MT089-Mcdonald-C2730002-E0006.179A002.1976                1 5.46000E+01 9.04000E+01
a-C013-MT089-Mcdonald-C2730002-E0006.179A003.1976                1 5.46000E+01 6.98000E+01
a-C013-MT089-Mcdonald-C2730002-E0006.179A004.1976                1 6.98000E+01 1.25600E+02
a-C013-MT089-Mcdonald-C2730002-E0006.179A005.1976                1 0.00000E+00 1.25600E+02
a-C013-MT089-Mcdonald-C2730002-E0006.180.1976                    1 0.00000E+00 1.45200E+02
a-C013-MT089-Mcdonald-C2730002-E0006.180A001.1976                1 9.04000E+01 1.45200E+02
a-C013-MT089-Mcdonald-C2730002-E0006.180A002.1976                1 5.46000E+01 9.04000E+01
a-C013-MT089-Mcdonald-C2730002-E0006.180A003.1976                1 5.46000E+01 6.98000E+01
a-C013-MT089-Mcdonald-C2730002-E0006.180A004.1976                1 6.98000E+01 1.25600E+02
a-C013-MT089-Mcdonald-C2730002-E0006.180A005.1976                1 0.00000E+00 1.25600E+02
a-C013-MT089-Mcdonald-C2730002-E0006.181.1976                    1 0.00000E+00 9.04000E+01
a-C013-MT089-Mcdonald-C2730002-E0006.181A001.1976                1 9.04000E+01 1.45200E+02
a-C013-MT089-Mcdonald-C2730002-E0006.181A002.1976                1 5.46000E+01 1.45200E+02
a-C013-MT089-Mcdonald-C2730002-E0006.181A003.1976                1 5.46000E+01 6.98000E+01
a-C013-MT089-Mcdonald-C2730002-E0006.181A004.1976                1 6.98000E+01 1.25600E+02
a-C013-MT089-Mcdonald-C2730002-E0006.181A005.1976                1 0.00000E+00 1.25600E+02
a-C013-MT089-Mcdonald-C2730002-E0006.182.1976                    1 0.00000E+00 9.04000E+01
a-C013-MT089-Mcdonald-C2730002-E0006.182A001.1976                1 9.04000E+01 1.45200E+02
a-C013-MT089-Mcdonald-C2730002-E0006.182A002.1976                1 5.46000E+01 1.45200E+02
a-C013-MT089-Mcdonald-C2730002-E0006.182A003.1976                1 5.46000E+01 6.98000E+01
a-C013-MT089-Mcdonald-C2730002-E0006.182A004.1976                1 6.98000E+01 1.25600E+02
a-C013-MT089-Mcdonald-C2730002-E0006.182A005.1976                1 0.00000E+00 1.25600E+02
a-C013-MT089-Mcdonald-C2730002-E0006.183.1976                    1 0.00000E+00 1.45200E+02
a-C013-MT089-Mcdonald-C2730002-E0006.183A001.1976                1 9.04000E+01 1.45200E+02
a-C013-MT089-Mcdonald-C2730002-E0006.183A002.1976                1 5.46000E+01 9.04000E+01
a-C013-MT089-Mcdonald-C2730002-E0006.183A003.1976                1 5.46000E+01 6.98000E+01
a-C013-MT089-Mcdonald-C2730002-E0006.183A004.1976                1 6.98000E+01 1.25600E+02
a-C013-MT089-Mcdonald-C2730002-E0006.183A005.1976                1 0.00000E+00 1.25600E+02
a-C013-MT089-Mcdonald-C2730002-E0006.184.1976                    1 0.00000E+00 1.45200E+02
a-C013-MT089-Mcdonald-C2730002-E0006.184A001.1976                1 9.04000E+01 1.45200E+02
a-C013-MT089-Mcdonald-C2730002-E0006.184A002.1976                1 5.46000E+01 9.04000E+01
a-C013-MT089-Mcdonald-C2730002-E0006.184A003.1976                1 5.46000E+01 6.98000E+01
a-C013-MT089-Mcdonald-C2730002-E0006.184A004.1976                1 6.98000E+01 1.25600E+02
a-C013-MT089-Mcdonald-C2730002-E0006.184A005.1976                1 0.00000E+00 1.25600E+02
a-C013-MT089-Mcdonald-C2730002-E0006.185.1976                    1 0.00000E+00 1.45200E+02
a-C013-MT089-Mcdonald-C2730002-E0006.185A001.1976                1 9.04000E+01 1.45200E+02
a-C013-MT089-Mcdonald-C2730002-E0006.185A002.1976                1 5.46000E+01 9.04000E+01
a-C013-MT089-Mcdonald-C2730002-E0006.185A003.1976                1 5.46000E+01 6.98000E+01
a-C013-MT089-Mcdonald-C2730002-E0006.185A004.1976                1 6.98000E+01 1.25600E+02
a-C013-MT089-Mcdonald-C2730002-E0006.185A005.1976                1 0.00000E+00 1.25600E+02
a-C013-MT089-Mcdonald-C2730002-E0006.186.1976                    1 0.00000E+00 9.04000E+01
a-C013-MT089-Mcdonald-C2730002-E0006.186A001.1976                1 9.04000E+01 1.45200E+02
a-C013-MT089-Mcdonald-C2730002-E0006.186A002.1976                1 5.46000E+01 1.45200E+02
a-C013-MT089-Mcdonald-C2730002-E0006.186A003.1976                1 5.46000E+01 6.98000E+01
a-C013-MT089-Mcdonald-C2730002-E0006.186A004.1976                1 6.98000E+01 1.25600E+02
a-C013-MT089-Mcdonald-C2730002-E0006.186A005.1976                1 0.00000E+00 1.25600E+02
a-C013-MT089-Mcdonald-C2730002-E0006.187.1976                    1 0.00000E+00 1.45200E+02
a-C013-MT089-Mcdonald-C2730002-E0006.187A001.1976                1 9.04000E+01 1.45200E+02
a-C013-MT089-Mcdonald-C2730002-E0006.187A002.1976                1 5.46000E+01 9.04000E+01
a-C013-MT089-Mcdonald-C2730002-E0006.187A003.1976                1 5.46000E+01 6.98000E+01
a-C013-MT089-Mcdonald-C2730002-E0006.187A004.1976                1 6.98000E+01 1.25600E+02
a-C013-MT089-Mcdonald-C2730002-E0006.187A005.1976                1 0.00000E+00 1.25600E+02
a-C013-MT089-Mcdonald-C2730002-E0006.188.1976                    1 0.00000E+00 9.04000E+01
a-C013-MT089-Mcdonald-C2730002-E0006.188A001.1976                1 9.04000E+01 1.45200E+02
a-C013-MT089-Mcdonald-C2730002-E0006.188A002.1976                1 5.46000E+01 1.45200E+02
a-C013-MT089-Mcdonald-C2730002-E0006.188A003.1976                1 5.46000E+01 6.98000E+01
a-C013-MT089-Mcdonald-C2730002-E0006.188A004.1976                1 6.98000E+01 1.25600E+02
a-C013-MT089-Mcdonald-C2730002-E0006.188A005.1976                1 0.00000E+00 1.25600E+02
a-C013-MT089-Mcdonald-C2730002-E0006.189.1976                    1 0.00000E+00 9.04000E+01
a-C013-MT089-Mcdonald-C2730002-E0006.189A001.1976                1 9.04000E+01 1.45200E+02
a-C013-MT089-Mcdonald-C2730002-E0006.189A002.1976                1 5.46000E+01 1.45200E+02
a-C013-MT089-Mcdonald-C2730002-E0006.189A003.1976                1 5.46000E+01 6.98000E+01
a-C013-MT089-Mcdonald-C2730002-E0006.189A004.1976                1 6.98000E+01 1.25600E+02
a-C013-MT089-Mcdonald-C2730002-E0006.189A005.1976                1 0.00000E+00 1.25600E+02
a-C013-MT089-Mcdonald-C2730002-E0006.190.1976                    1 0.00000E+00 1.45200E+02
a-C013-MT089-Mcdonald-C2730002-E0006.190A001.1976                1 9.04000E+01 1.45200E+02
a-C013-MT089-Mcdonald-C2730002-E0006.190A002.1976                1 5.46000E+01 9.04000E+01
a-C013-MT089-Mcdonald-C2730002-E0006.190A003.1976                1 5.46000E+01 6.98000E+01
a-C013-MT089-Mcdonald-C2730002-E0006.190A004.1976                1 6.98000E+01 1.25600E+02
a-C013-MT089-Mcdonald-C2730002-E0006.190A005.1976                1 0.00000E+00 1.25600E+02
a-C013-MT089-Mcdonald-C2730002-E0006.191.1976                    1 0.00000E+00 1.45200E+02
a-C013-MT089-Mcdonald-C2730002-E0006.191A001.1976                1 9.04000E+01 1.45200E+02
a-C013-MT089-Mcdonald-C2730002-E0006.191A002.1976                1 5.46000E+01 9.04000E+01
a-C013-MT089-Mcdonald-C2730002-E0006.191A003.1976                1 5.46000E+01 6.98000E+01
a-C013-MT089-Mcdonald-C2730002-E0006.191A004.1976                1 6.98000E+01 1.25600E+02
a-C013-MT089-Mcdonald-C2730002-E0006.192.1976                    1 0.00000E+00 1.25600E+02
a-C013-MT089-Mcdonald-C2730002-E0006.192A001.1976                1 0.00000E+00 1.45200E+02
a-C013-MT089-Mcdonald-C2730002-E0006.192A002.1976                1 9.04000E+01 1.45200E+02
a-C013-MT089-Mcdonald-C2730002-E0006.192A003.1976                1 5.46000E+01 9.04000E+01
a-C013-MT089-Mcdonald-C2730002-E0006.192A004.1976                1 5.46000E+01 6.98000E+01
a-C013-MT089-Mcdonald-C2730002-E0006.192A005.1976                1 6.98000E+01 1.25600E+02
a-C013-MT089-Mcdonald-C2730002-E0006.192A006.1976                1 0.00000E+00 1.25600E+02
a-C013-MT089-Mcdonald-C2730002-E0006.193.1976                    1 0.00000E+00 9.04000E+01
a-C013-MT089-Mcdonald-C2730002-E0006.193A001.1976                1 9.04000E+01 1.45200E+02
a-C013-MT089-Mcdonald-C2730002-E0006.193A002.1976                1 5.46000E+01 1.45200E+02
a-C013-MT089-Mcdonald-C2730002-E0006.193A003.1976                1 5.46000E+01 6.98000E+01
a-C013-MT089-Mcdonald-C2730002-E0006.193A004.1976                1 6.98000E+01 1.25600E+02
a-C013-MT089-Mcdonald-C2730002-E0006.193A005.1976                1 0.00000E+00 1.25600E+02
a-C013-MT089-Mcdonald-C2730002-E0006.194.1976                    1 0.00000E+00 1.45200E+02
a-C013-MT089-Mcdonald-C2730002-E0006.194A001.1976                1 9.04000E+01 1.45200E+02
a-C013-MT089-Mcdonald-C2730002-E0006.194A002.1976                1 5.46000E+01 9.04000E+01
a-C013-MT089-Mcdonald-C2730002-E0006.194A003.1976                1 5.46000E+01 6.98000E+01
a-C013-MT089-Mcdonald-C2730002-E0006.194A004.1976                1 6.98000E+01 1.25600E+02
a-C013-MT089-Mcdonald-C2730002-E0006.194A005.1976                1 1.25600E+02 1.45200E+02
a-C013-MT089-Mcdonald-C2730002-E0006.195.1976                    1 9.04000E+01 1.45200E+02
a-C013-MT089-Mcdonald-C2730002-E0006.195A001.1976                1 9.04000E+01 1.25600E+02
a-C013-MT089-Mcdonald-C2730002-E0006.195A002.1976                1 1.25600E+02 1.45200E+02
a-C013-MT089-Mcdonald-C2730002-E0006.196.1976                    1 0.00000E+00 1.45200E+02
a-C013-MT089-Mcdonald-C2730002-E0007.000.1976                    1 0.00000E+00 5.54000E+01
a-C013-MT089-Mcdonald-C2730002-E0007.953.1976                    1 0.00000E+00 5.54000E+01
a-C013-MT089-Mcdonald-C2730002-E0007.953A001.1976                1 5.54000E+01 1.45100E+02
a-C013-MT089-Mcdonald-C2730002-E0007.953A002.1976                1 5.54000E+01 1.45100E+02
a-C013-MT089-Mcdonald-C2730002-E0007.954.1976                    1 0.00000E+00 5.54000E+01
a-C013-MT089-Mcdonald-C2730002-E0007.954A001.1976                1 0.00000E+00 1.45100E+02
a-C013-MT089-Mcdonald-C2730002-E0007.954A002.1976                1 5.54000E+01 1.45100E+02
a-C013-MT089-Mcdonald-C2730002-E0007.955.1976                    1 0.00000E+00 5.54000E+01
a-C013-MT089-Mcdonald-C2730002-E0007.955A001.1976                1 0.00000E+00 1.45100E+02
a-C013-MT089-Mcdonald-C2730002-E0007.955A002.1976                1 0.00000E+00 1.45100E+02
a-C013-MT089-Mcdonald-C2730002-E0007.956.1976                    1 0.00000E+00 5.54000E+01
a-C013-MT089-Mcdonald-C2730002-E0007.956A001.1976                1 5.54000E+01 1.45100E+02
a-C013-MT089-Mcdonald-C2730002-E0007.956A002.1976                1 5.54000E+01 1.45100E+02
a-C013-MT089-Mcdonald-C2730002-E0007.957.1976                    1 0.00000E+00 5.54000E+01
a-C013-MT089-Mcdonald-C2730002-E0007.957A001.1976                1 0.00000E+00 1.45100E+02
a-C013-MT089-Mcdonald-C2730002-E0007.957A002.1976                1 0.00000E+00 1.45100E+02
a-C013-MT089-Mcdonald-C2730002-E0007.958.1976                    1 0.00000E+00 5.54000E+01
a-C013-MT089-Mcdonald-C2730002-E0007.958A001.1976                1 5.54000E+01 1.45100E+02
a-C013-MT089-Mcdonald-C2730002-E0007.958A002.1976                1 5.54000E+01 1.45100E+02
a-C013-MT089-Mcdonald-C2730002-E0007.959.1976                    1 0.00000E+00 5.54000E+01
a-C013-MT089-Mcdonald-C2730002-E0007.959A001.1976                1 0.00000E+00 1.45100E+02
a-C013-MT089-Mcdonald-C2730002-E0007.959A002.1976                1 5.54000E+01 1.45100E+02
a-C013-MT089-Mcdonald-C2730002-E0007.960.1976                    1 0.00000E+00 5.54000E+01
a-C013-MT089-Mcdonald-C2730002-E0007.960A001.1976                1 0.00000E+00 1.45100E+02
a-C013-MT089-Mcdonald-C2730002-E0007.960A002.1976                1 0.00000E+00 1.45100E+02
a-C013-MT089-Mcdonald-C2730002-E0007.961.1976                    1 0.00000E+00 5.54000E+01
a-C013-MT089-Mcdonald-C2730002-E0007.961A001.1976                1 5.54000E+01 1.45100E+02
a-C013-MT089-Mcdonald-C2730002-E0007.961A002.1976                1 5.54000E+01 1.45100E+02
a-C013-MT089-Mcdonald-C2730002-E0007.962.1976                    1 0.00000E+00 5.54000E+01
a-C013-MT089-Mcdonald-C2730002-E0007.962A001.1976                1 0.00000E+00 1.45100E+02
a-C013-MT089-Mcdonald-C2730002-E0007.962A002.1976                1 0.00000E+00 1.45100E+02
a-C013-MT089-Mcdonald-C2730002-E0007.963.1976                    1 0.00000E+00 5.54000E+01
a-C013-MT089-Mcdonald-C2730002-E0007.963A001.1976                1 5.54000E+01 1.45100E+02
a-C013-MT089-Mcdonald-C2730002-E0007.963A002.1976                1 0.00000E+00 1.45100E+02
a-C013-MT089-Mcdonald-C2730002-E0007.964.1976                    1 0.00000E+00 5.54000E+01
a-C013-MT089-Mcdonald-C2730002-E0007.964A001.1976                1 5.54000E+01 1.45100E+02
a-C013-MT089-Mcdonald-C2730002-E0007.964A002.1976                1 0.00000E+00 1.45100E+02
a-C013-MT089-Mcdonald-C2730002-E0007.965.1976                    1 0.00000E+00 5.54000E+01
a-C013-MT089-Mcdonald-C2730002-E0007.965A001.1976                1 5.54000E+01 1.45100E+02
a-C013-MT089-Mcdonald-C2730002-E0007.965A002.1976                1 0.00000E+00 1.45100E+02
a-C013-MT089-Mcdonald-C2730002-E0007.966.1976                    1 0.00000E+00 5.54000E+01
a-C013-MT089-Mcdonald-C2730002-E0007.966A001.1976                1 5.54000E+01 1.45100E+02
a-C013-MT089-Mcdonald-C2730002-E0007.966A002.1976                1 0.00000E+00 1.45100E+02
a-C013-MT089-Mcdonald-C2730002-E0007.967.1976                    1 0.00000E+00 5.54000E+01
a-C013-MT089-Mcdonald-C2730002-E0007.967A001.1976                1 5.54000E+01 1.45100E+02
a-C013-MT089-Mcdonald-C2730002-E0007.967A002.1976                1 5.54000E+01 1.45100E+02
a-C013-MT089-Mcdonald-C2730002-E0007.968.1976                    1 0.00000E+00 5.54000E+01
a-C013-MT089-Mcdonald-C2730002-E0007.968A001.1976                1 0.00000E+00 1.45100E+02
a-C013-MT089-Mcdonald-C2730002-E0007.968A002.1976                1 5.54000E+01 1.45100E+02
a-C013-MT089-Mcdonald-C2730002-E0007.969.1976                    1 0.00000E+00 5.54000E+01
a-C013-MT089-Mcdonald-C2730002-E0007.969A001.1976                1 0.00000E+00 1.45100E+02
a-C013-MT089-Mcdonald-C2730002-E0007.969A002.1976                1 0.00000E+00 1.45100E+02
a-C013-MT089-Mcdonald-C2730002-E0007.970.1976                    1 0.00000E+00 5.54000E+01
a-C013-MT089-Mcdonald-C2730002-E0007.970A001.1976                1 5.54000E+01 1.45100E+02
a-C013-MT089-Mcdonald-C2730002-E0007.970A002.1976                1 0.00000E+00 1.45100E+02
a-C013-MT089-Mcdonald-C2730002-E0007.971.1976                    1 0.00000E+00 5.54000E+01
a-C013-MT089-Mcdonald-C2730002-E0007.971A001.1976                1 5.54000E+01 1.45100E+02
a-C013-MT089-Mcdonald-C2730002-E0007.971A002.1976                1 0.00000E+00 1.45100E+02
a-C013-MT089-Mcdonald-C2730002-E0007.972.1976                    1 0.00000E+00 5.54000E+01
a-C013-MT089-Mcdonald-C2730002-E0007.972A001.1976                1 5.54000E+01 1.45100E+02
a-C013-MT089-Mcdonald-C2730002-E0007.972A002.1976                1 0.00000E+00 1.45100E+02
a-C013-MT089-Mcdonald-C2730002-E0007.973.1976                    1 0.00000E+00 5.54000E+01
a-C013-MT089-Mcdonald-C2730002-E0007.973A001.1976                1 5.54000E+01 1.45100E+02
a-C013-MT089-Mcdonald-C2730002-E0007.973A002.1976                1 0.00000E+00 1.45100E+02
a-C013-MT089-Mcdonald-C2730002-E0007.974.1976                    1 0.00000E+00 5.54000E+01
a-C013-MT089-Mcdonald-C2730002-E0007.974A001.1976                1 5.54000E+01 1.45100E+02
a-C013-MT089-Mcdonald-C2730002-E0007.974A002.1976                1 0.00000E+00 1.45100E+02
a-C013-MT089-Mcdonald-C2730002-E0007.975.1976                    1 0.00000E+00 5.54000E+01
a-C013-MT089-Mcdonald-C2730002-E0007.975A001.1976                1 5.54000E+01 1.45100E+02
a-C013-MT089-Mcdonald-C2730002-E0007.975A002.1976                1 5.54000E+01 1.45100E+02
a-C013-MT089-Mcdonald-C2730002-E0007.976.1976                    1 0.00000E+00 5.54000E+01
a-C013-MT089-Mcdonald-C2730002-E0007.976A001.1976                1 0.00000E+00 1.45100E+02
a-C013-MT089-Mcdonald-C2730002-E0007.976A002.1976                1 0.00000E+00 1.45100E+02
a-C013-MT089-Mcdonald-C2730002-E0007.977.1976                    1 0.00000E+00 5.54000E+01
a-C013-MT089-Mcdonald-C2730002-E0007.977A001.1976                1 5.54000E+01 1.45100E+02
a-C013-MT089-Mcdonald-C2730002-E0007.977A002.1976                1 0.00000E+00 1.45100E+02
a-C013-MT089-Mcdonald-C2730002-E0007.978.1976                    1 0.00000E+00 5.54000E+01
a-C013-MT089-Mcdonald-C2730002-E0007.978A001.1976                1 5.54000E+01 1.45100E+02
a-C013-MT089-Mcdonald-C2730002-E0007.978A002.1976                1 5.54000E+01 1.45100E+02
a-C013-MT089-Mcdonald-C2730002-E0007.979.1976                    1 0.00000E+00 5.54000E+01
a-C013-MT089-Mcdonald-C2730002-E0007.979A001.1976                1 0.00000E+00 1.45100E+02
a-C013-MT089-Mcdonald-C2730002-E0007.979A002.1976                1 0.00000E+00 1.45100E+02
a-C013-MT089-Mcdonald-C2730002-E0007.980.1976                    1 0.00000E+00 5.54000E+01
a-C013-MT089-Mcdonald-C2730002-E0007.980A001.1976                1 5.54000E+01 1.45100E+02
a-C013-MT089-Mcdonald-C2730002-E0007.980A002.1976                1 0.00000E+00 1.45100E+02
a-C013-MT089-Mcdonald-C2730002-E0007.981.1976                    1 0.00000E+00 5.54000E+01
a-C013-MT089-Mcdonald-C2730002-E0007.981A001.1976                1 5.54000E+01 1.45100E+02
a-C013-MT089-Mcdonald-C2730002-E0007.981A002.1976                1 0.00000E+00 1.45100E+02
a-C013-MT089-Mcdonald-C2730002-E0007.982.1976                    1 0.00000E+00 5.54000E+01
a-C013-MT089-Mcdonald-C2730002-E0007.982A001.1976                1 5.54000E+01 1.45100E+02
a-C013-MT089-Mcdonald-C2730002-E0007.982A002.1976                1 0.00000E+00 1.45100E+02
a-C013-MT089-Mcdonald-C2730002-E0007.983.1976                    1 0.00000E+00 5.54000E+01
a-C013-MT089-Mcdonald-C2730002-E0007.983A001.1976                1 5.54000E+01 1.45100E+02
a-C013-MT089-Mcdonald-C2730002-E0007.983A002.1976                1 0.00000E+00 1.45100E+02
a-C013-MT089-Mcdonald-C2730002-E0007.984.1976                    1 0.00000E+00 5.54000E+01
a-C013-MT089-Mcdonald-C2730002-E0007.984A001.1976                1 5.54000E+01 1.45100E+02
a-C013-MT089-Mcdonald-C2730002-E0007.984A002.1976                1 0.00000E+00 1.45100E+02
a-C013-MT089-Mcdonald-C2730002-E0007.985.1976                    1 0.00000E+00 5.54000E+01
a-C013-MT089-Mcdonald-C2730002-E0007.985A001.1976                1 5.54000E+01 1.45100E+02
a-C013-MT089-Mcdonald-C2730002-E0007.985A002.1976                1 5.54000E+01 1.45100E+02
a-C013-MT089-Mcdonald-C2730002-E0007.986.1976                    1 0.00000E+00 5.54000E+01
a-C013-MT089-Mcdonald-C2730002-E0007.986A001.1976                1 0.00000E+00 1.45100E+02
a-C013-MT089-Mcdonald-C2730002-E0007.986A002.1976                1 5.54000E+01 1.45100E+02
a-C013-MT089-Mcdonald-C2730002-E0007.987.1976                    1 0.00000E+00 5.54000E+01
a-C013-MT089-Mcdonald-C2730002-E0007.987A001.1976                1 0.00000E+00 1.45100E+02
a-C013-MT089-Mcdonald-C2730002-E0007.987A002.1976                1 5.54000E+01 1.45100E+02
a-C013-MT089-Mcdonald-C2730002-E0007.988.1976                    1 0.00000E+00 5.54000E+01
a-C013-MT089-Mcdonald-C2730002-E0007.988A001.1976                1 0.00000E+00 1.45100E+02
a-C013-MT089-Mcdonald-C2730002-E0007.988A002.1976                1 5.54000E+01 1.45100E+02
a-C013-MT089-Mcdonald-C2730002-E0007.989.1976                    1 0.00000E+00 5.54000E+01
a-C013-MT089-Mcdonald-C2730002-E0007.989A001.1976                1 0.00000E+00 1.45100E+02
a-C013-MT089-Mcdonald-C2730002-E0007.989A002.1976                1 5.54000E+01 1.45100E+02
a-C013-MT089-Mcdonald-C2730002-E0007.990.1976                    1 0.00000E+00 5.54000E+01
a-C013-MT089-Mcdonald-C2730002-E0007.990A001.1976                1 0.00000E+00 1.45100E+02
a-C013-MT089-Mcdonald-C2730002-E0007.990A002.1976                1 5.54000E+01 1.45100E+02
a-C013-MT089-Mcdonald-C2730002-E0007.991.1976                    1 0.00000E+00 5.54000E+01
a-C013-MT089-Mcdonald-C2730002-E0007.991A001.1976                1 0.00000E+00 1.45100E+02
a-C013-MT089-Mcdonald-C2730002-E0007.991A002.1976                1 5.54000E+01 1.45100E+02
a-C013-MT089-Mcdonald-C2730002-E0007.992.1976                    1 0.00000E+00 5.54000E+01
a-C013-MT089-Mcdonald-C2730002-E0007.992A001.1976                1 0.00000E+00 1.45100E+02
a-C013-MT089-Mcdonald-C2730002-E0007.992A002.1976                1 5.54000E+01 1.45100E+02
a-C013-MT089-Mcdonald-C2730002-E0007.993.1976                    1 0.00000E+00 5.54000E+01
a-C013-MT089-Mcdonald-C2730002-E0007.993A001.1976                1 0.00000E+00 1.45100E+02
a-C013-MT089-Mcdonald-C2730002-E0007.993A002.1976                1 5.54000E+01 1.45100E+02
a-C013-MT089-Mcdonald-C2730002-E0007.994.1976                    1 0.00000E+00 5.54000E+01
a-C013-MT089-Mcdonald-C2730002-E0007.994A001.1976                1 0.00000E+00 1.45100E+02
a-C013-MT089-Mcdonald-C2730002-E0007.994A002.1976                1 5.54000E+01 1.45100E+02
a-C013-MT089-Mcdonald-C2730002-E0007.995.1976                    1 0.00000E+00 5.54000E+01
a-C013-MT089-Mcdonald-C2730002-E0007.995A001.1976                1 0.00000E+00 1.45100E+02
a-C013-MT089-Mcdonald-C2730002-E0007.995A002.1976                1 5.54000E+01 1.45100E+02
a-C013-MT089-Mcdonald-C2730002-E0007.996.1976                    1 0.00000E+00 5.54000E+01
a-C013-MT089-Mcdonald-C2730002-E0007.996A001.1976                1 0.00000E+00 1.45100E+02
a-C013-MT089-Mcdonald-C2730002-E0007.996A002.1976                1 5.54000E+01 1.45100E+02
a-C013-MT089-Mcdonald-C2730002-E0007.997.1976                    1 0.00000E+00 5.54000E+01
a-C013-MT089-Mcdonald-C2730002-E0007.997A001.1976                1 0.00000E+00 1.45100E+02
a-C013-MT089-Mcdonald-C2730002-E0007.997A002.1976                1 5.54000E+01 1.45100E+02
a-C013-MT089-Mcdonald-C2730002-E0007.998.1976                    1 0.00000E+00 5.54000E+01
a-C013-MT089-Mcdonald-C2730002-E0007.998A001.1976                1 0.00000E+00 1.45100E+02
a-C013-MT089-Mcdonald-C2730002-E0007.998A002.1976                1 5.54000E+01 1.45100E+02
a-C013-MT089-Mcdonald-C2730002-E0007.999.1976                    1 0.00000E+00 5.54000E+01
a-C013-MT089-Mcdonald-C2730002-E0007.999A001.1976                1 0.00000E+00 1.45100E+02
a-C013-MT089-Mcdonald-C2730002-E0007.999A002.1976                1 5.54000E+01 1.45100E+02
a-C013-MT089-Mcdonald-C2730002-E0008.000.1976                    1 0.00000E+00 1.45100E+02
a-C013-MT089-Mcdonald-C2730002-E0008.000A001.1976                1 5.53000E+01 1.45100E+02
a-C013-MT089-Mcdonald-C2730002-E0008.601.1976                    1 5.53000E+01 9.01000E+01
a-C013-MT089-Mcdonald-C2730002-E0008.601A001.1976                1 0.00000E+00 9.01000E+01
a-C013-MT089-Mcdonald-C2730002-E0008.601A002.1976                1 0.00000E+00 5.53000E+01
a-C013-MT089-Mcdonald-C2730002-E0008.602.1976                    1 0.00000E+00 5.53000E+01
a-C013-MT089-Mcdonald-C2730002-E0008.602A001.1976                1 0.00000E+00 9.01000E+01
a-C013-MT089-Mcdonald-C2730002-E0008.602A002.1976                1 5.53000E+01 9.01000E+01
a-C013-MT089-Mcdonald-C2730002-E0008.602A003.1976                1 0.00000E+00 5.53000E+01
a-C013-MT089-Mcdonald-C2730002-E0008.602A004.1976                1 0.00000E+00 9.01000E+01
a-C013-MT089-Mcdonald-C2730002-E0008.602A005.1976                1 5.53000E+01 9.01000E+01
a-C013-MT089-Mcdonald-C2730002-E0008.602A006.1976                1 0.00000E+00 5.53000E+01
a-C013-MT089-Mcdonald-C2730002-E0008.602A007.1976                1 0.00000E+00 9.01000E+01
a-C013-MT089-Mcdonald-C2730002-E0008.603.1976                    1 5.53000E+01 9.01000E+01
a-C013-MT089-Mcdonald-C2730002-E0008.603A001.1976                1 0.00000E+00 5.53000E+01
a-C013-MT089-Mcdonald-C2730002-E0008.603A002.1976                1 0.00000E+00 9.01000E+01
a-C013-MT089-Mcdonald-C2730002-E0008.603A003.1976                1 5.53000E+01 9.01000E+01
a-C013-MT089-Mcdonald-C2730002-E0008.603A004.1976                1 0.00000E+00 5.53000E+01
a-C013-MT089-Mcdonald-C2730002-E0008.604.1976                    1 0.00000E+00 9.01000E+01
a-C013-MT089-Mcdonald-C2730002-E0008.604A001.1976                1 5.53000E+01 9.01000E+01
a-C013-MT089-Mcdonald-C2730002-E0008.604A002.1976                1 0.00000E+00 5.53000E+01
a-C013-MT089-Mcdonald-C2730002-E0008.604A003.1976                1 0.00000E+00 9.01000E+01
a-C013-MT089-Mcdonald-C2730002-E0008.604A004.1976                1 5.53000E+01 9.01000E+01
a-C013-MT089-Mcdonald-C2730002-E0008.604A005.1976                1 0.00000E+00 5.53000E+01
a-C013-MT089-Mcdonald-C2730002-E0008.605.1976                    1 0.00000E+00 9.01000E+01
a-C013-MT089-Mcdonald-C2730002-E0008.605A001.1976                1 5.53000E+01 9.01000E+01
a-C013-MT089-Mcdonald-C2730002-E0008.605A002.1976                1 0.00000E+00 5.53000E+01
a-C013-MT089-Mcdonald-C2730002-E0008.605A003.1976                1 0.00000E+00 9.01000E+01
a-C013-MT089-Mcdonald-C2730002-E0008.605A004.1976                1 5.53000E+01 9.01000E+01
a-C013-MT089-Mcdonald-C2730002-E0008.605A005.1976                1 0.00000E+00 5.53000E+01
a-C013-MT089-Mcdonald-C2730002-E0008.606.1976                    1 0.00000E+00 9.01000E+01
a-C013-MT089-Mcdonald-C2730002-E0008.606A001.1976                1 5.53000E+01 9.01000E+01
a-C013-MT089-Mcdonald-C2730002-E0008.606A002.1976                1 0.00000E+00 5.53000E+01
a-C013-MT089-Mcdonald-C2730002-E0008.606A003.1976                1 0.00000E+00 9.01000E+01
a-C013-MT089-Mcdonald-C2730002-E0008.606A004.1976                1 5.53000E+01 9.01000E+01
a-C013-MT089-Mcdonald-C2730002-E0008.607.1976                    1 0.00000E+00 5.53000E+01
a-C013-MT089-Mcdonald-C2730002-E0008.607A001.1976                1 0.00000E+00 9.01000E+01
a-C013-MT089-Mcdonald-C2730002-E0008.607A002.1976                1 5.53000E+01 9.01000E+01
a-C013-MT089-Mcdonald-C2730002-E0008.607A003.1976                1 0.00000E+00 5.53000E+01
a-C013-MT089-Mcdonald-C2730002-E0008.607A004.1976                1 0.00000E+00 9.01000E+01
a-C013-MT089-Mcdonald-C2730002-E0008.607A005.1976                1 5.53000E+01 9.01000E+01
a-C013-MT089-Mcdonald-C2730002-E0008.608.1976                    1 0.00000E+00 5.53000E+01
a-C013-MT089-Mcdonald-C2730002-E0008.608A001.1976                1 0.00000E+00 9.01000E+01
a-C013-MT089-Mcdonald-C2730002-E0008.608A002.1976                1 5.53000E+01 9.01000E+01
a-C013-MT089-Mcdonald-C2730002-E0008.608A003.1976                1 0.00000E+00 5.53000E+01
a-C013-MT089-Mcdonald-C2730002-E0008.608A004.1976                1 0.00000E+00 9.01000E+01
a-C013-MT089-Mcdonald-C2730002-E0008.608A005.1976                1 9.01000E+01 1.25400E+02
a-C013-MT089-Mcdonald-C2730002-E0008.608A006.1976                1 7.05000E+01 1.25400E+02
a-C013-MT089-Mcdonald-C2730002-E0008.608A007.1976                1 5.53000E+01 7.05000E+01
a-C013-MT089-Mcdonald-C2730002-E0008.608A008.1976                1 5.53000E+01 1.45000E+02
a-C013-MT089-Mcdonald-C2730002-E0008.608A009.1976                1 0.00000E+00 1.45000E+02
a-C013-MT089-Mcdonald-C2730002-E0008.609.1976                    1 0.00000E+00 9.01000E+01
a-C013-MT089-Mcdonald-C2730002-E0008.609A001.1976                1 7.05000E+01 9.01000E+01
a-C013-MT089-Mcdonald-C2730002-E0008.609A002.1976                1 7.05000E+01 1.25400E+02
a-C013-MT089-Mcdonald-C2730002-E0008.609A003.1976                1 5.53000E+01 1.25400E+02
a-C013-MT089-Mcdonald-C2730002-E0008.609A004.1976                1 0.00000E+00 5.53000E+01
a-C013-MT089-Mcdonald-C2730002-E0008.609A005.1976                1 0.00000E+00 1.45000E+02
a-C013-MT089-Mcdonald-C2730002-E0008.609A006.1976                1 9.01000E+01 1.45000E+02
a-C013-MT089-Mcdonald-C2730002-E0008.609A007.1976                1 7.05000E+01 9.01000E+01
a-C013-MT089-Mcdonald-C2730002-E0008.609A008.1976                1 7.05000E+01 1.25400E+02
a-C013-MT089-Mcdonald-C2730002-E0008.609A009.1976                1 5.53000E+01 1.25400E+02
a-C013-MT089-Mcdonald-C2730002-E0008.610.1976                    1 0.00000E+00 5.53000E+01
a-C013-MT089-Mcdonald-C2730002-E0008.610A001.1976                1 0.00000E+00 9.01000E+01
a-C013-MT089-Mcdonald-C2730002-E0008.610A002.1976                1 9.01000E+01 1.45000E+02
a-C013-MT089-Mcdonald-C2730002-E0008.610A003.1976                1 7.05000E+01 1.45000E+02
a-C013-MT089-Mcdonald-C2730002-E0008.610A004.1976                1 7.05000E+01 1.25400E+02
a-C013-MT089-Mcdonald-C2730002-E0008.610A005.1976                1 0.00000E+00 1.25400E+02
a-C013-MT089-Mcdonald-C2730002-E0008.610A006.1976                1 0.00000E+00 5.53000E+01
a-C013-MT089-Mcdonald-C2730002-E0008.610A007.1976                1 5.53000E+01 9.01000E+01
a-C013-MT089-Mcdonald-C2730002-E0008.610A008.1976                1 9.01000E+01 1.45000E+02
a-C013-MT089-Mcdonald-C2730002-E0008.610A009.1976                1 7.05000E+01 1.45000E+02
a-C013-MT089-Mcdonald-C2730002-E0008.610A010.1976                1 7.05000E+01 1.25400E+02
a-C013-MT089-Mcdonald-C2730002-E0008.610A011.1976                1 5.53000E+01 1.25400E+02
a-C013-MT089-Mcdonald-C2730002-E0008.611.1976                    1 0.00000E+00 5.53000E+01
a-C013-MT089-Mcdonald-C2730002-E0008.611A001.1976                1 0.00000E+00 9.01000E+01
a-C013-MT089-Mcdonald-C2730002-E0008.611A002.1976                1 9.01000E+01 1.45000E+02
a-C013-MT089-Mcdonald-C2730002-E0008.611A003.1976                1 7.05000E+01 1.45000E+02
a-C013-MT089-Mcdonald-C2730002-E0008.611A004.1976                1 7.05000E+01 1.25400E+02
a-C013-MT089-Mcdonald-C2730002-E0008.611A005.1976                1 5.53000E+01 1.25400E+02
a-C013-MT089-Mcdonald-C2730002-E0008.611A006.1976                1 0.00000E+00 5.53000E+01
a-C013-MT089-Mcdonald-C2730002-E0008.611A007.1976                1 0.00000E+00 1.45000E+02
a-C013-MT089-Mcdonald-C2730002-E0008.611A008.1976                1 9.01000E+01 1.45000E+02
a-C013-MT089-Mcdonald-C2730002-E0008.611A009.1976                1 7.05000E+01 9.01000E+01
a-C013-MT089-Mcdonald-C2730002-E0008.611A010.1976                1 7.05000E+01 1.25400E+02
a-C013-MT089-Mcdonald-C2730002-E0008.611A011.1976                1 5.53000E+01 1.25400E+02
a-C013-MT089-Mcdonald-C2730002-E0008.611A012.1976                1 0.00000E+00 5.53000E+01
a-C013-MT089-Mcdonald-C2730002-E0008.612.1976                    1 0.00000E+00 9.01000E+01
a-C013-MT089-Mcdonald-C2730002-E0008.612A001.1976                1 9.01000E+01 1.45000E+02
a-C013-MT089-Mcdonald-C2730002-E0008.612A002.1976                1 7.05000E+01 1.45000E+02
a-C013-MT089-Mcdonald-C2730002-E0008.612A003.1976                1 7.05000E+01 1.25400E+02
a-C013-MT089-Mcdonald-C2730002-E0008.612A004.1976                1 5.53000E+01 1.25400E+02
a-C013-MT089-Mcdonald-C2730002-E0008.612A005.1976                1 0.00000E+00 5.53000E+01
a-C013-MT089-Mcdonald-C2730002-E0008.612A006.1976                1 0.00000E+00 9.01000E+01
a-C013-MT089-Mcdonald-C2730002-E0008.612A007.1976                1 9.01000E+01 1.45000E+02
a-C013-MT089-Mcdonald-C2730002-E0008.612A008.1976                1 7.05000E+01 1.45000E+02
a-C013-MT089-Mcdonald-C2730002-E0008.612A009.1976                1 7.05000E+01 1.25400E+02
a-C013-MT089-Mcdonald-C2730002-E0008.612A010.1976                1 5.53000E+01 1.25400E+02
a-C013-MT089-Mcdonald-C2730002-E0008.612A011.1976                1 0.00000E+00 5.53000E+01
a-C013-MT089-Mcdonald-C2730002-E0008.613.1976                    1 0.00000E+00 1.45000E+02
a-C013-MT089-Mcdonald-C2730002-E0008.613A001.1976                1 9.01000E+01 1.45000E+02
a-C013-MT089-Mcdonald-C2730002-E0008.613A002.1976                1 7.05000E+01 9.01000E+01
a-C013-MT089-Mcdonald-C2730002-E0008.613A003.1976                1 7.05000E+01 1.25400E+02
a-C013-MT089-Mcdonald-C2730002-E0008.613A004.1976                1 5.53000E+01 1.25400E+02
a-C013-MT089-Mcdonald-C2730002-E0008.613A005.1976                1 0.00000E+00 5.53000E+01
a-C013-MT089-Mcdonald-C2730002-E0008.613A006.1976                1 0.00000E+00 9.01000E+01
a-C013-MT089-Mcdonald-C2730002-E0008.613A007.1976                1 9.01000E+01 1.45000E+02
a-C013-MT089-Mcdonald-C2730002-E0008.613A008.1976                1 7.05000E+01 1.45000E+02
a-C013-MT089-Mcdonald-C2730002-E0008.613A009.1976                1 7.05000E+01 1.25400E+02
a-C013-MT089-Mcdonald-C2730002-E0008.613A010.1976                1 5.53000E+01 1.25400E+02
a-C013-MT089-Mcdonald-C2730002-E0008.614.1976                    1 0.00000E+00 5.53000E+01
a-C013-MT089-Mcdonald-C2730002-E0008.614A001.1976                1 0.00000E+00 9.01000E+01
a-C013-MT089-Mcdonald-C2730002-E0008.614A002.1976                1 9.01000E+01 1.45000E+02
a-C013-MT089-Mcdonald-C2730002-E0008.614A003.1976                1 7.05000E+01 1.45000E+02
a-C013-MT089-Mcdonald-C2730002-E0008.614A004.1976                1 7.05000E+01 1.25400E+02
a-C013-MT089-Mcdonald-C2730002-E0008.614A005.1976                1 0.00000E+00 1.25400E+02
a-C013-MT089-Mcdonald-C2730002-E0008.614A006.1976                1 0.00000E+00 1.45000E+02
a-C013-MT089-Mcdonald-C2730002-E0008.614A007.1976                1 5.53000E+01 1.45000E+02
a-C013-MT089-Mcdonald-C2730002-E0008.614A008.1976                1 5.53000E+01 9.01000E+01
a-C013-MT089-Mcdonald-C2730002-E0008.614A009.1976                1 7.05000E+01 9.01000E+01
a-C013-MT089-Mcdonald-C2730002-E0008.614A010.1976                1 7.05000E+01 1.25400E+02
a-C013-MT089-Mcdonald-C2730002-E0008.614A011.1976                1 0.00000E+00 1.25400E+02
a-C013-MT089-Mcdonald-C2730002-E0008.614A012.1976                1 0.00000E+00 5.53000E+01
a-C013-MT089-Mcdonald-C2730002-E0008.615.1976                    1 5.53000E+01 9.01000E+01
a-C013-MT089-Mcdonald-C2730002-E0008.615A001.1976                1 9.01000E+01 1.45000E+02
a-C013-MT089-Mcdonald-C2730002-E0008.615A002.1976                1 7.05000E+01 1.45000E+02
a-C013-MT089-Mcdonald-C2730002-E0008.615A003.1976                1 7.05000E+01 1.25400E+02
a-C013-MT089-Mcdonald-C2730002-E0008.615A004.1976                1 5.53000E+01 1.25400E+02
a-C013-MT089-Mcdonald-C2730002-E0008.615A005.1976                1 5.53000E+01 9.01000E+01
a-C013-MT089-Mcdonald-C2730002-E0008.615A006.1976                1 0.00000E+00 9.01000E+01
a-C013-MT089-Mcdonald-C2730002-E0008.615A007.1976                1 0.00000E+00 1.45000E+02
a-C013-MT089-Mcdonald-C2730002-E0008.615A008.1976                1 7.05000E+01 1.45000E+02
a-C013-MT089-Mcdonald-C2730002-E0008.615A009.1976                1 7.05000E+01 1.25400E+02
a-C013-MT089-Mcdonald-C2730002-E0008.615A010.1976                1 5.53000E+01 1.25400E+02
a-C013-MT089-Mcdonald-C2730002-E0008.615A011.1976                1 0.00000E+00 5.53000E+01
a-C013-MT089-Mcdonald-C2730002-E0008.616.1976                    1 0.00000E+00 9.01000E+01
a-C013-MT089-Mcdonald-C2730002-E0008.616A001.1976                1 9.01000E+01 1.45000E+02
a-C013-MT089-Mcdonald-C2730002-E0008.616A002.1976                1 7.05000E+01 1.45000E+02
a-C013-MT089-Mcdonald-C2730002-E0008.616A003.1976                1 7.05000E+01 1.25400E+02
a-C013-MT089-Mcdonald-C2730002-E0008.616A004.1976                1 5.53000E+01 1.25400E+02
a-C013-MT089-Mcdonald-C2730002-E0008.616A005.1976                1 0.00000E+00 5.53000E+01
a-C013-MT089-Mcdonald-C2730002-E0008.616A006.1976                1 0.00000E+00 1.45000E+02
a-C013-MT089-Mcdonald-C2730002-E0008.616A007.1976                1 9.01000E+01 1.45000E+02
a-C013-MT089-Mcdonald-C2730002-E0008.616A008.1976                1 7.05000E+01 9.01000E+01
a-C013-MT089-Mcdonald-C2730002-E0008.616A009.1976                1 7.05000E+01 1.25400E+02
a-C013-MT089-Mcdonald-C2730002-E0008.616A010.1976                1 5.53000E+01 1.25400E+02
a-C013-MT089-Mcdonald-C2730002-E0008.616A011.1976                1 5.53000E+01 1.45000E+02
a-C013-MT089-Mcdonald-C2730002-E0008.616A012.1976                1 9.01000E+01 1.45000E+02
a-C013-MT089-Mcdonald-C2730002-E0008.617.1976                    1 0.00000E+00 9.01000E+01
a-C013-MT089-Mcdonald-C2730002-E0008.617A001.1976                1 0.00000E+00 7.05000E+01
a-C013-MT089-Mcdonald-C2730002-E0008.617A002.1976                1 7.05000E+01 1.25400E+02
a-C013-MT089-Mcdonald-C2730002-E0008.617A003.1976                1 5.53000E+01 1.25400E+02
a-C013-MT089-Mcdonald-C2730002-E0008.617A004.1976                1 0.00000E+00 5.53000E+01
a-C013-MT089-Mcdonald-C2730002-E0008.617A005.1976                1 0.00000E+00 9.01000E+01
a-C013-MT089-Mcdonald-C2730002-E0008.617A006.1976                1 9.01000E+01 1.45000E+02
a-C013-MT089-Mcdonald-C2730002-E0008.617A007.1976                1 7.05000E+01 1.45000E+02
a-C013-MT089-Mcdonald-C2730002-E0008.617A008.1976                1 7.05000E+01 1.25400E+02
a-C013-MT089-Mcdonald-C2730002-E0008.617A009.1976                1 5.53000E+01 1.25400E+02
a-C013-MT089-Mcdonald-C2730002-E0008.617A010.1976                1 0.00000E+00 5.53000E+01
a-C013-MT089-Mcdonald-C2730002-E0008.618.1976                    1 0.00000E+00 9.01000E+01
a-C013-MT089-Mcdonald-C2730002-E0008.618A001.1976                1 9.01000E+01 1.45000E+02
a-C013-MT089-Mcdonald-C2730002-E0008.618A002.1976                1 7.05000E+01 1.45000E+02
a-C013-MT089-Mcdonald-C2730002-E0008.618A003.1976                1 7.05000E+01 1.25400E+02
a-C013-MT089-Mcdonald-C2730002-E0008.618A004.1976                1 5.53000E+01 1.25400E+02
a-C013-MT089-Mcdonald-C2730002-E0008.618A005.1976                1 0.00000E+00 5.53000E+01
a-C013-MT089-Mcdonald-C2730002-E0008.618A006.1976                1 0.00000E+00 9.01000E+01
a-C013-MT089-Mcdonald-C2730002-E0008.618A007.1976                1 9.01000E+01 1.45000E+02
a-C013-MT089-Mcdonald-C2730002-E0008.618A008.1976                1 7.05000E+01 1.45000E+02
a-C013-MT089-Mcdonald-C2730002-E0008.618A009.1976                1 7.05000E+01 1.25400E+02
a-C013-MT089-Mcdonald-C2730002-E0008.618A010.1976                1 5.53000E+01 1.25400E+02
a-C013-MT089-Mcdonald-C2730002-E0008.618A011.1976                1 0.00000E+00 5.53000E+01
a-C013-MT089-Mcdonald-C2730002-E0008.619.1976                    1 0.00000E+00 9.01000E+01
a-C013-MT089-Mcdonald-C2730002-E0008.619A001.1976                1 9.01000E+01 1.45000E+02
a-C013-MT089-Mcdonald-C2730002-E0008.619A002.1976                1 7.05000E+01 1.45000E+02
a-C013-MT089-Mcdonald-C2730002-E0008.619A003.1976                1 7.05000E+01 1.25400E+02
a-C013-MT089-Mcdonald-C2730002-E0008.619A004.1976                1 5.53000E+01 1.25400E+02
a-C013-MT089-Mcdonald-C2730002-E0008.619A005.1976                1 5.53000E+01 9.01000E+01
a-C013-MT089-Mcdonald-C2730002-E0008.619A006.1976                1 9.01000E+01 1.45000E+02
a-C013-MT089-Mcdonald-C2730002-E0008.619A007.1976                1 0.00000E+00 1.45000E+02
a-C013-MT089-Mcdonald-C2730002-E0008.619A008.1976                1 0.00000E+00 7.05000E+01
a-C013-MT089-Mcdonald-C2730002-E0008.619A009.1976                1 7.05000E+01 1.25400E+02
a-C013-MT089-Mcdonald-C2730002-E0008.619A010.1976                1 5.53000E+01 1.25400E+02
a-C013-MT089-Mcdonald-C2730002-E0008.619A011.1976                1 5.53000E+01 9.01000E+01
a-C013-MT089-Mcdonald-C2730002-E0008.620.1976                    1 0.00000E+00 9.01000E+01
a-C013-MT089-Mcdonald-C2730002-E0008.620A001.1976                1 0.00000E+00 1.45000E+02
a-C013-MT089-Mcdonald-C2730002-E0008.620A002.1976                1 7.05000E+01 1.45000E+02
a-C013-MT089-Mcdonald-C2730002-E0008.620A003.1976                1 7.05000E+01 1.25400E+02
a-C013-MT089-Mcdonald-C2730002-E0008.620A004.1976                1 0.00000E+00 1.25400E+02
a-C013-MT089-Mcdonald-C2730002-E0008.620A005.1976                1 0.00000E+00 1.45000E+02
a-C013-MT089-Mcdonald-C2730002-E0008.620A006.1976                1 9.01000E+01 1.45000E+02
a-C013-MT089-Mcdonald-C2730002-E0008.620A007.1976                1 5.53000E+01 9.01000E+01
a-C013-MT089-Mcdonald-C2730002-E0008.620A008.1976                1 5.53000E+01 7.05000E+01
a-C013-MT089-Mcdonald-C2730002-E0008.620A009.1976                1 7.05000E+01 1.25400E+02
a-C013-MT089-Mcdonald-C2730002-E0008.620A010.1976                1 9.01000E+01 1.25400E+02
a-C013-MT089-Mcdonald-C2730002-E0008.621.1976                    1 0.00000E+00 9.01000E+01
a-C013-MT089-Mcdonald-C2730002-E0008.621A001.1976                1 0.00000E+00 1.45000E+02
a-C013-MT089-Mcdonald-C2730002-E0008.621A002.1976                1 5.53000E+01 1.45000E+02
a-C013-MT089-Mcdonald-C2730002-E0008.621A003.1976                1 5.53000E+01 7.05000E+01
a-C013-MT089-Mcdonald-C2730002-E0008.621A004.1976                1 7.05000E+01 1.25400E+02
a-C013-MT089-Mcdonald-C2730002-E0008.621A005.1976                1 0.00000E+00 1.25400E+02
a-C013-MT089-Mcdonald-C2730002-E0008.621A006.1976                1 0.00000E+00 5.53000E+01
a-C013-MT089-Mcdonald-C2730002-E0008.621A007.1976                1 5.53000E+01 1.45000E+02
a-C013-MT089-Mcdonald-C2730002-E0008.621A008.1976                1 9.01000E+01 1.45000E+02
a-C013-MT089-Mcdonald-C2730002-E0008.621A009.1976                1 7.05000E+01 9.01000E+01
a-C013-MT089-Mcdonald-C2730002-E0008.621A010.1976                1 7.05000E+01 1.25400E+02
a-C013-MT089-Mcdonald-C2730002-E0008.621A011.1976                1 5.53000E+01 1.25400E+02
a-C013-MT089-Mcdonald-C2730002-E0008.622.1976                    1 5.53000E+01 9.01000E+01
a-C013-MT089-Mcdonald-C2730002-E0008.622A001.1976                1 0.00000E+00 9.01000E+01
a-C013-MT089-Mcdonald-C2730002-E0008.622A002.1976                1 0.00000E+00 1.45000E+02
a-C013-MT089-Mcdonald-C2730002-E0008.622A003.1976                1 7.05000E+01 1.45000E+02
a-C013-MT089-Mcdonald-C2730002-E0008.622A004.1976                1 7.05000E+01 1.25400E+02
a-C013-MT089-Mcdonald-C2730002-E0008.622A005.1976                1 5.53000E+01 1.25400E+02
a-C013-MT089-Mcdonald-C2730002-E0008.622A006.1976                1 0.00000E+00 5.53000E+01
a-C013-MT089-Mcdonald-C2730002-E0008.622A007.1976                1 0.00000E+00 9.01000E+01
a-C013-MT089-Mcdonald-C2730002-E0008.622A008.1976                1 9.01000E+01 1.45000E+02
a-C013-MT089-Mcdonald-C2730002-E0008.622A009.1976                1 7.05000E+01 1.45000E+02
a-C013-MT089-Mcdonald-C2730002-E0008.622A010.1976                1 7.05000E+01 1.25400E+02
a-C013-MT089-Mcdonald-C2730002-E0008.622A011.1976                1 0.00000E+00 1.25400E+02
a-C013-MT089-Mcdonald-C2730002-E0008.623.1976                    1 0.00000E+00 5.53000E+01
a-C013-MT089-Mcdonald-C2730002-E0008.623A001.1976                1 5.53000E+01 9.01000E+01
a-C013-MT089-Mcdonald-C2730002-E0008.623A002.1976                1 9.01000E+01 1.45000E+02
a-C013-MT089-Mcdonald-C2730002-E0008.623A003.1976                1 7.05000E+01 1.45000E+02
a-C013-MT089-Mcdonald-C2730002-E0008.623A004.1976                1 7.05000E+01 1.25400E+02
a-C013-MT089-Mcdonald-C2730002-E0008.623A005.1976                1 0.00000E+00 1.25400E+02
a-C013-MT089-Mcdonald-C2730002-E0008.623A006.1976                1 0.00000E+00 5.53000E+01
a-C013-MT089-Mcdonald-C2730002-E0008.623A007.1976                1 5.53000E+01 1.45000E+02
a-C013-MT089-Mcdonald-C2730002-E0008.623A008.1976                1 9.01000E+01 1.45000E+02
a-C013-MT089-Mcdonald-C2730002-E0008.623A009.1976                1 7.05000E+01 9.01000E+01
a-C013-MT089-Mcdonald-C2730002-E0008.623A010.1976                1 7.05000E+01 1.25400E+02
a-C013-MT089-Mcdonald-C2730002-E0008.623A011.1976                1 5.53000E+01 1.25400E+02
a-C013-MT089-Mcdonald-C2730002-E0008.624.1976                    1 5.53000E+01 1.45000E+02
a-C013-MT089-Mcdonald-C2730002-E0008.624A001.1976                1 0.00000E+00 1.45000E+02
a-C013-MT089-Mcdonald-C2730002-E0008.624A002.1976                2 0.00000E+00 9.01000E+01
a-C013-MT089-Mcdonald-C2730002-E0008.624A003.1976                1 7.05000E+01 1.25400E+02
a-C013-MT089-Mcdonald-C2730002-E0008.624A004.1976                1 0.00000E+00 1.25400E+02
a-C013-MT089-Mcdonald-C2730002-E0008.624A005.1976                1 0.00000E+00 5.53000E+01
a-C013-MT089-Mcdonald-C2730002-E0008.624A006.1976                1 5.53000E+01 9.01000E+01
a-C013-MT089-Mcdonald-C2730002-E0008.624A007.1976                1 9.01000E+01 1.45000E+02
a-C013-MT089-Mcdonald-C2730002-E0008.624A008.1976                1 7.05000E+01 1.45000E+02
a-C013-MT089-Mcdonald-C2730002-E0008.624A009.1976                1 7.05000E+01 1.25400E+02
a-C013-MT089-Mcdonald-C2730002-E0008.624A010.1976                1 5.53000E+01 1.25400E+02
a-C013-MT089-Mcdonald-C2730002-E0008.625.1976                    1 0.00000E+00 5.53000E+01
a-C013-MT089-Mcdonald-C2730002-E0008.625A001.1976                1 0.00000E+00 9.01000E+01
a-C013-MT089-Mcdonald-C2730002-E0008.625A002.1976                1 9.01000E+01 1.45000E+02
a-C013-MT089-Mcdonald-C2730002-E0008.625A003.1976                1 7.05000E+01 1.45000E+02
a-C013-MT089-Mcdonald-C2730002-E0008.625A004.1976                1 7.05000E+01 1.25400E+02
a-C013-MT089-Mcdonald-C2730002-E0008.625A005.1976                1 0.00000E+00 1.25400E+02
a-C013-MT089-Mcdonald-C2730002-E0008.625A006.1976                1 0.00000E+00 9.01000E+01
a-C013-MT089-Mcdonald-C2730002-E0008.625A007.1976                1 5.53000E+01 9.01000E+01
a-C013-MT089-Mcdonald-C2730002-E0008.625A008.1976                1 5.53000E+01 1.45000E+02
a-C013-MT089-Mcdonald-C2730002-E0008.625A009.1976                1 7.05000E+01 1.45000E+02
a-C013-MT089-Mcdonald-C2730002-E0008.625A010.1976                1 7.05000E+01 1.25400E+02
a-C013-MT089-Mcdonald-C2730002-E0008.625A011.1976                1 0.00000E+00 1.25400E+02
a-C013-MT089-Mcdonald-C2730002-E0008.626.1976                    1 0.00000E+00 5.53000E+01
a-C013-MT089-Mcdonald-C2730002-E0008.626A001.1976                1 5.53000E+01 9.01000E+01
a-C013-MT089-Mcdonald-C2730002-E0008.626A002.1976                1 9.01000E+01 1.45000E+02
a-C013-MT089-Mcdonald-C2730002-E0008.626A003.1976                1 7.05000E+01 1.45000E+02
a-C013-MT089-Mcdonald-C2730002-E0008.626A004.1976                1 7.05000E+01 1.25400E+02
a-C013-MT089-Mcdonald-C2730002-E0008.626A005.1976                1 0.00000E+00 1.25400E+02
a-C013-MT089-Mcdonald-C2730002-E0008.626A006.1976                1 0.00000E+00 5.53000E+01
a-C013-MT089-Mcdonald-C2730002-E0008.626A007.1976                1 5.53000E+01 9.01000E+01
a-C013-MT089-Mcdonald-C2730002-E0008.626A008.1976                1 9.01000E+01 1.45000E+02
a-C013-MT089-Mcdonald-C2730002-E0008.626A009.1976                1 7.05000E+01 1.45000E+02
a-C013-MT089-Mcdonald-C2730002-E0008.626A010.1976                1 7.05000E+01 1.25400E+02
a-C013-MT089-Mcdonald-C2730002-E0008.626A011.1976                1 0.00000E+00 1.25400E+02
a-C013-MT089-Mcdonald-C2730002-E0008.626A012.1976                1 0.00000E+00 5.53000E+01
a-C013-MT089-Mcdonald-C2730002-E0008.627.1976                    2 5.53000E+01 1.45000E+02
a-C013-MT089-Mcdonald-C2730002-E0008.627A001.1976                1 7.05000E+01 9.01000E+01
a-C013-MT089-Mcdonald-C2730002-E0008.627A002.1976                1 7.05000E+01 1.25400E+02
a-C013-MT089-Mcdonald-C2730002-E0008.627A003.1976                1 0.00000E+00 1.25400E+02
a-C013-MT089-Mcdonald-C2730002-E0008.627A004.1976                1 0.00000E+00 5.53000E+01
a-C013-MT089-Mcdonald-C2730002-E0008.627A005.1976                1 5.53000E+01 9.01000E+01
a-C013-MT089-Mcdonald-C2730002-E0008.627A006.1976                1 9.01000E+01 1.45000E+02
a-C013-MT089-Mcdonald-C2730002-E0008.627A007.1976                1 7.05000E+01 1.45000E+02
a-C013-MT089-Mcdonald-C2730002-E0008.627A008.1976                1 7.05000E+01 1.25400E+02
a-C013-MT089-Mcdonald-C2730002-E0008.627A009.1976                1 0.00000E+00 1.25400E+02
a-C013-MT089-Mcdonald-C2730002-E0008.627A010.1976                1 0.00000E+00 1.45000E+02
a-C013-MT089-Mcdonald-C2730002-E0008.628.1976                    1 9.01000E+01 1.45000E+02
a-C013-MT089-Mcdonald-C2730002-E0008.628A001.1976                1 5.53000E+01 9.01000E+01
a-C013-MT089-Mcdonald-C2730002-E0008.628A002.1976                1 5.53000E+01 5.53000E+01
a-C013-MT089-Prusachenko-F1460003-E0002.082.2022                38 0.00000E+00 0.00000E+00
a-C013-MT089-Prusachenko-F1460004-E0002.082.2022               418 0.00000E+00 1.48700E+02
a-C013-MT089-Robb-F0585002-E0004.995.1970                       18 5.00068E-01 1.65700E+02
a-C013-MT089-Robb-F0585002-E0005.185.1970                       18 1.99792E-01 1.64600E+02
a-C013-MT089-Robb-F0585002-E0005.370.1970                       33 9.89117E-02 1.65100E+02
a-C013-MT089-Robb-F0585002-E0005.415.1970                       33 9.89117E-02 1.65300E+02
a-C013-MT089-Robb-F0585002-E0005.540.1970                       20 0.00000E+00 1.64600E+02
a-C013-MT089-Robb-F0585002-E0005.790.1970                       18 0.00000E+00 1.71000E+02
a-C013-MT089-Robb-F0585002-E0005.995.1970                       24 9.89117E-02 1.70600E+02
a-C013-MT089-Robb-F0585002-E0006.220.1970                       22 5.99705E-01 1.70100E+02
a-C013-MT089-Robb-F0585002-E0006.480.1970                       18 3.00014E-01 1.70000E+02
a-C013-MT089-Robb-F0585002-E0007.160.1970                       18 3.00014E-01 1.65800E+02
a-C013-MT089-Robb-F0585003-E0004.514.1970                      265 0.00000E+00 0.00000E+00
a-C013-MT089-Walton-C2806002-E0000.821.1957                    163 0.00000E+00 0.00000E+00
a-C013-MT089-Walton-C2806003-E0002.900.1957                      1 0.00000E+00 0.00000E+00
a-C013-MT089-Walton-C2806004-E0002.004.1957                      1 2.90000E+01 1.46000E+02
a-C013-MT089-Walton-C2806004-E0002.013.1957                      1 2.90000E+01 1.46000E+02
a-C013-MT089-Walton-C2806004-E0002.026.1957                      1 2.90000E+01 1.46000E+02
a-C013-MT089-Walton-C2806004-E0002.037.1957                      1 2.90000E+01 1.46000E+02
a-C013-MT089-Walton-C2806004-E0002.040.1957                      1 2.90000E+01 1.46000E+02
a-C013-MT089-Walton-C2806004-E0002.057.1957                      1 2.90000E+01 1.46000E+02
a-C013-MT089-Walton-C2806004-E0002.058.1957                      1 2.90000E+01 2.90000E+01
