#              Filename                                         N    min         max
n-Dy160-MT151-Beer-128800071.1984                               48 2.65700E+00 3.93600E+00
n-Dy160-MT151-Bokhovko-41177023.1991                             2 2.27500E-01 2.27500E-01
n-Dy160-MT151-Kim-315300061.2003                                 1 1.88710E-06 1.88710E-06
n-Dy160-MT151-Kim-315300062.2003                                 1 1.88710E-06 1.88710E-06
n-Dy160-MT151-Kim-315300063.2003                                 1 1.88710E-06 1.88710E-06
n-Dy160-MT151-Kim-315300064.2003                                 1 1.88710E-06 1.88710E-06
n-Dy160-MT151-Liou-105250021.1975                               64 1.04500E-05 1.99430E-03
n-Dy160-MT151-Liou-105250021A001.1975                           64 1.04500E-05 1.99430E-03
n-Dy160-MT151-Liou-105250022.1975                               64 1.04500E-05 1.99430E-03
n-Dy160-MT151-Liou-105250022A001.1975                           64 1.04500E-05 1.99430E-03
n-Dy160-MT151-Liou-105250023.1975                                9 8.55600E-05 7.29550E-04
n-Dy160-MT151-Liou-105250023A001.1975                            9 8.55600E-05 7.29550E-04
n-Dy160-MT151-Liou-105250072.1975                                1 1.00238E-03 1.00238E-03
n-Dy160-MT151-Liou-105250072A001.1975                            1 1.00238E-03 1.00238E-03
n-Dy160-MT151-Popov-412760071.1980                               1 2.04300E-05 2.04300E-05
n-Dy160-MT151-Popov-412760072.1980                               1 2.04300E-05 2.04300E-05
n-Dy160-MT151-Shin-145140021.2017                               33 1.05000E-05 9.88700E-04
n-Dy160-MT151-Shin-145140022.2017                               33 1.05000E-05 9.88700E-04
n-Dy160-MT151-Shin-145140023.2017                               33 1.05000E-05 9.88700E-04
n-Dy160-MT151-Vertebny-40097004.1969                             2 1.88000E-06 1.04000E-05
n-Dy160-MT151-Vertebny-40097007.1969                             2 1.88000E-06 1.04000E-05
n-Dy160-MT151-Vertebny-40097010.1969                             6 1.88000E-06 8.50000E-05
