#              Filename                                         N    min         max
n-Sr088-MT151-Adamchuk-412320081.1965                            4 2.78000E-03 2.38000E-02
n-Sr088-MT151-Adamchuk-412320082.1965                            4 2.78000E-03 2.38000E-02
n-Sr088-MT151-Adamchuk-41232012.1965                             4 2.78000E-03 2.38000E-02
n-Sr088-MT151-Adamchuk-41232016.1965                             1 0.00000E+00 0.00000E+00
n-Sr088-MT151-Adamchuk-41232020.1965                             1 0.00000E+00 0.00000E+00
n-Sr088-MT151-Allen-218350021.1981                              10 1.24000E-02 3.23000E-01
n-Sr088-MT151-Allen-218350022.1981                              10 1.24000E-02 3.23000E-01
n-Sr088-MT151-Bilpuch-11599027.1961                              1 0.00000E+00 0.00000E+00
n-Sr088-MT151-Bilpuch-115990281.1961                            18 1.45000E-02 2.12500E-01
n-Sr088-MT151-Bilpuch-115990282.1961                            18 1.45000E-02 2.12500E-01
n-Sr088-MT151-Bilpuch-115990283.1961                            18 1.45000E-02 2.12500E-01
n-Sr088-MT151-Bilpuch-115990284.1961                            18 1.45000E-02 2.12500E-01
n-Sr088-MT151-Bilpuch-11599029.1961                              2 1.12000E+00 1.12000E+00
n-Sr088-MT151-Camarda-107440041.1970                             7 1.23890E-02 8.83200E-02
n-Sr088-MT151-Camarda-107440041A001.1970                         7 1.23890E-02 8.83200E-02
n-Sr088-MT151-Camarda-107440042.1970                             7 1.23890E-02 8.83200E-02
n-Sr088-MT151-Camarda-107440042A001.1970                         7 1.23890E-02 8.83200E-02
n-Sr088-MT151-Camarda-107440043.1970                             7 1.23890E-02 8.83200E-02
n-Sr088-MT151-Camarda-107440043A001.1970                         7 1.23890E-02 8.83200E-02
n-Sr088-MT151-Camarda-10744006.1970                              1 1.00005E-02 1.00005E-02
n-Sr088-MT151-Camarda-10744006A001.1970                          1 1.00005E-02 1.00005E-02
n-Sr088-MT151-Chrien-10703002.1976                               1 2.40000E-02 2.40000E-02
n-Sr088-MT151-Chrien-10703002A001.1976                           1 2.40000E-02 2.40000E-02
n-Sr088-MT151-Good-114020191.1958                                1 1.36000E-02 1.36000E-02
n-Sr088-MT151-Good-114020192.1958                                1 1.36000E-02 1.36000E-02
n-Sr088-MT151-Koehler-137420051.2000                           101 1.24100E-02 3.47290E-01
n-Sr088-MT151-Koehler-137420052.2000                           101 1.24100E-02 3.47290E-01
n-Sr088-MT151-Koehler-137420054.2000                           101 1.24100E-02 3.47290E-01
n-Sr088-MT151-Koehler-137420055.2000                           101 1.24100E-02 3.47290E-01
n-Sr088-MT151-Koehler-137420061.2000                           342 3.50860E-01 9.48230E-01
n-Sr088-MT151-Koehler-137420062.2000                           342 3.50860E-01 9.48230E-01
n-Sr088-MT151-Koehler-137420064.2000                           342 3.50860E-01 9.48230E-01
n-Sr088-MT151-Malan-105110031.1975                             113 1.45000E-02 8.45562E-01
n-Sr088-MT151-Malan-105110031A001.1975                         113 1.45000E-02 8.45562E-01
n-Sr088-MT151-Malan-105110032.1975                             113 1.45000E-02 8.45562E-01
n-Sr088-MT151-Malan-105110032A001.1975                         113 1.45000E-02 8.45562E-01
n-Sr088-MT151-Malan-105110033.1975                             113 1.45000E-02 8.45562E-01
n-Sr088-MT151-Malan-105110033A001.1975                         113 1.45000E-02 8.45562E-01
n-Sr088-MT151-Malan-105110034.1975                             113 1.45000E-02 8.45562E-01
n-Sr088-MT151-Malan-105110034A001.1975                         113 1.45000E-02 8.45562E-01
n-Sr088-MT151-Malan-105110035.1975                             113 1.45000E-02 8.45562E-01
n-Sr088-MT151-Malan-105110035A001.1975                         113 1.45000E-02 8.45562E-01
