#              Filename                                         N    min         max
n-In000-MT001-Abfalterer-13753024.2001                         467 5.29300E+00 5.59100E+02
n-In000-MT001-Allen-11762004.1954                               11 5.11000E-09 8.18000E-08
n-In000-MT001-Artemov-31807005.2020                              1 1.41000E+01 1.41000E+01
n-In000-MT001-Bockelman-11881004.1949                           30 1.60000E-02 1.57000E+00
n-In000-MT001-Bratenahl-11155023.1958                            6 6.83000E+00 1.44500E+01
n-In000-MT001-Bratenahl-11155023A001.1958                        6 6.83000E+00 1.44500E+01
n-In000-MT001-Coon-12524037.1952                                 1 1.41200E+01 1.41200E+01
n-In000-MT001-Dilg-20583006.1972                                 1 2.70000E-03 2.70000E-03
n-In000-MT001-Divadeenam-10523022.1968                          32 1.20000E-01 6.60000E-01
n-In000-MT001-Divadeenam-10523022A001.1968                      32 1.20000E-01 6.60000E-01
n-In000-MT001-Egelstaff-21037003.1955                           49 1.44000E-04 2.86000E-01
n-In000-MT001-Evans-11980002.1955                              440 2.51000E-08 6.32700E-05
n-In000-MT001-Fosterjr-10047054.1971                           244 2.25100E+00 1.49910E+01
n-In000-MT001-Fosterjr-10047054A001.1971                       244 2.25100E+00 1.49910E+01
n-In000-MT001-Giordano-20806004.1978                             1 2.50000E+00 2.50000E+00
n-In000-MT001-Gorlov-403070171.1968                              1 4.00000E+00 4.00000E+00
n-In000-MT001-Harvey-11912003.1955                             219 3.17000E-06 1.45800E-04
n-In000-MT001-Havensjr-11139027.1946                            14 5.10000E-08 6.81000E-07
n-In000-MT001-Havensjr-11139027A001.1946                        14 5.10000E-08 6.81000E-07
n-In000-MT001-Havensjr-12184017.1947                            46 8.61000E-07 2.52088E-01
n-In000-MT001-Havensjr-12184019.1947                            32 9.29000E-07 2.09400E-06
n-In000-MT001-Jain-11904007.1965                                10 1.00000E-02 1.00000E-01
n-In000-MT001-Kent-11617032.1962                                 1 3.66000E+00 3.66000E+00
n-In000-MT001-Landon-119660022.1955                              2 1.45600E-06 3.85000E-06
n-In000-MT001-Landon-11966003.1955                             119 6.00000E-07 4.17000E-06
n-In000-MT001-Malmberg-11949006.1962                             1 6.80000E+00 6.80000E+00
n-In000-MT001-Manero-20209003.1965                              33 3.35000E+00 5.21000E+00
n-In000-MT001-Mcgarry-13050004.1955                              1 1.40000E+01 1.40000E+01
n-In000-MT001-Miller-11712012.1952                              17 1.00500E+00 3.21000E+00
n-In000-MT001-Moore-11969004.1958                              133 3.29900E-07 9.80000E-06
n-In000-MT001-Peterson-11108030.1960                             5 1.75000E+01 2.89000E+01
n-In000-MT001-Peterson-11108030A001.1960                         5 1.75000E+01 2.89000E+01
n-In000-MT001-Poenitz-12853038.1983                              9 4.70000E-02 2.28000E-01
n-In000-MT001-Poenitz-12853039.1983                             21 2.15000E-01 1.60000E+00
n-In000-MT001-Poenitz-12853040.1983                             65 1.81700E+00 1.76100E+01
n-In000-MT001-Sailor-11964004.1952                             158 7.34900E-08 3.03300E-05
n-In000-MT001-Skoy-31579002.2002                               114 1.48010E-07 9.09294E-05
n-In000-MT001-Smith-12802002.1984                               66 8.52000E-01 4.45200E+00
n-In000-MT001-Tabony-11953003.1968                             101 3.00000E-02 6.50000E-01
n-In000-MT001-Vladimirski-41243002.1955                        230 4.55000E-06 7.04200E-03
