#              Filename                                         N    min         max
p-Ni062-MT601-Antropov-F1134019-ang-E0006.060.1969              13 6.01000E+01 1.61800E+02
p-Ni062-MT601-Antropov-F1134020-ang-E0006.060.1969              13 6.23000E+01 1.64400E+02
p-Ni062-MT601-Antropov-F1143014-ang-E0005.262.1977              12 6.00000E+01 6.00000E+01
p-Ni062-MT601-Antropov-F1143015-ang-E0005.263.1977               1 8.60000E+01 1.12000E+02
p-Ni062-MT601-Antropov-F1143015-ang-E0005.270.1977               1 8.60000E+01 1.12000E+02
p-Ni062-MT601-Antropov-F1143015-ang-E0005.304.1977               1 8.60000E+01 1.12000E+02
p-Ni062-MT601-Antropov-F1143015-ang-E0005.311.1977               1 8.60000E+01 1.12000E+02
p-Ni062-MT601-Antropov-F1143015-ang-E0005.390.1977               1 8.60000E+01 1.12000E+02
p-Ni062-MT601-Antropov-F1143015-ang-E0005.401.1977               1 8.60000E+01 1.12000E+02
p-Ni062-MT601-Antropov-F1143015-ang-E0005.443.1977               1 8.60000E+01 1.12000E+02
p-Ni062-MT601-Antropov-F1143015-ang-E0005.461.1977               1 1.12000E+02 1.12000E+02
p-Ni062-MT601-Beuzit-O0458003-ang-E0012.000.1969                90 2.46000E+01 1.63600E+02
p-Ni062-MT601-Beuzit-O0458006-ang-E0012.000.1969                15 7.00000E+01 7.00000E+01
p-Ni062-MT601-Dickens-C2175005-ang-E0012.000.1965               29 2.50000E+01 1.65100E+02
p-Ni062-MT601-Djalali-O0805005-ang-E0200.000.1982                3 3.00003E+00 4.90001E+00
p-Ni062-MT601-Krivonosov-F0920016-ang-E0002.021.1976             6 5.60000E+01 5.60000E+01
p-Ni062-MT601-Lombard-O0126008-ang-E1047.000.1981              210 3.50001E+00 1.75000E+01
p-Ni062-MT601-Perey-C2165092-ang-E0011.000.1968                 29 2.50000E+01 1.65100E+02
p-Ni062-MT601-Roberson-C1318004-ang-E0017.500.1964              36 3.00000E+01 9.51000E+01
p-Ni062-MT601-Vanhall-O0091056-ang-E0020.400.1977               30 1.83000E+01 1.63600E+02
p-Ni062-MT601-Vanhall-O0091056-ang-E0024.600.1977               56 1.83000E+01 1.66300E+02
