#              Filename                                         N    min         max
n-Pd000-MT151-Chrien-112700021.1959                             11 1.14000E-04 9.23000E-04
n-Pd000-MT151-Coceva-21114002.1968                              62 6.34600E-05 8.02900E-04
n-Pd000-MT151-Dilg-20583034.1972                                 1 2.70000E-03 2.70000E-03
n-Pd000-MT151-Ignatev-41627002.1964                             23 7.76000E-05 4.66600E-04
n-Pd000-MT151-Kompe-20358009.1969                                2 8.00000E-02 8.00000E-02
n-Pd000-MT151-Landon-12029002.1954                               3 1.33000E-05 3.41000E-05
n-Pd000-MT151-Popov-40934011.1985                                1 4.50000E-01 4.50000E-01
n-Pd000-MT151-Popov-40934041.1985                                1 1.27400E-04 1.27400E-04
n-Pd000-MT151-Popov-40934050.1985                                2 1.27400E-04 1.27400E-04
n-Pd000-MT151-Popov-412850091.1977                              19 1.12700E-04 1.43330E-03
n-Pd000-MT151-Radkevich-403820191.1956                           3 1.30500E-05 3.25000E-05
n-Pd000-MT151-Radkevich-403820192.1956                           3 1.30500E-05 3.25000E-05
n-Pd000-MT151-Radkevich-403820201.1956                           1 2.83000E-04 2.83000E-04
n-Pd000-MT151-Radkevich-403820202.1956                           1 2.83000E-04 2.83000E-04
n-Pd000-MT151-Radkevich-403820521.1956                          13 1.16800E-05 4.27000E-04
n-Pd000-MT151-Radkevich-403820531.1956                          11 1.16800E-05 4.27000E-04
n-Pd000-MT151-Radkevich-403820541.1956                           3 3.25000E-05 2.83000E-04
n-Pd000-MT151-Seth-11665017.1964                                 2 3.26500E-01 3.26500E-01
n-Pd000-MT151-Teich-119260021.1967                               1 2.97000E-06 2.97000E-06
n-Pd000-MT151-Teich-119260022.1967                               1 2.97000E-06 2.97000E-06
