#              Filename                                         N    min         max     
p-Cu000-rp025054-Kozma-A0477067.1990                             1 3.65000E+03 3.65000E+03
p-Cu000-rp025054-Aleksandrov-A0501090.1990                       1 1.00000E+03 1.00000E+03
p-Cu000-rp025054-Mills-A05070045.1992                           44 4.38000E+01 1.96600E+02
p-Cu000-rp025054-Aleksandrov-A0580017.1996                       1 6.60000E+02 6.60000E+02
p-Cu000-rp025054-Cline-B00850324.1971                            1 5.90000E+02 5.90000E+02
p-Cu000-rp025054-Greenwood-C0537010.1984                        11 4.00000E+01 4.50000E+02
p-Cu000-rp025054-Graves-C2243011.2016                            6 3.51000E+01 8.94000E+01
p-Cu000-rp025054-Voyles-C2327006.2018                            5 5.21000E+01 8.97400E+01
p-Cu000-rp025054-Fox-C2702031.2021                              26 3.67000E+01 1.92540E+02
p-Cu000-rp025054-Gruetter-D0505020.1982                         16 4.56000E+01 6.98000E+01
p-Cu000-rp025054-Yashima-E1829048.2003                           7 6.30000E+01 2.02000E+02
p-Cu000-rp025054-Michel-O00780273.1989                           1 6.00000E+02 6.00000E+02
p-Cu000-rp025054-Michel-O0276128.1997                          144 2.68000E+01 1.59000E+03
p-Cu000-rp025054-Michel-O0277192.1995                            4 8.00000E+02 2.60000E+03
p-Cu000-rp025054-Schiekel-O0284114.1996                          4 2.26000E+02 3.75000E+02
p-Cu000-rp025054-Heydegger-O0416011.1972                         5 8.20000E+01 4.16000E+02
p-Cu000-rp025054-Orth-O0418060.1978                              2 2.00000E+02 3.50000E+02
p-Cu000-rp025054-Cumming-O0542033.1974                           1 3.90000E+03 3.90000E+03
p-Cu000-rp025054-Fassbender-O0722007.1997                        2 2.14400E+02 2.54100E+02
p-Cu000-rp025054-Garrido-O2315025.2016                           8 5.67400E+01 7.00800E+01
p-Cu000-rp025054-Ju-S0207004.2015                                1 2.50000E+02 2.50000E+02
p-Cu000-rp025054-Orth-T0131032.1976                              1 5.90000E+02 5.90000E+02
