#              Filename                                         N    min         max
h-C013-MT603-Chew-O1799002-E0003.611.1978                        1 1.00000E+01 1.10000E+02
h-C013-MT603-Chew-O1799002-E0003.633.1978                        1 1.00000E+01 2.00000E+01
h-C013-MT603-Chew-O1799002-E0003.644.1978                        1 2.00000E+01 1.20000E+02
h-C013-MT603-Chew-O1799002-E0003.647.1978                        1 1.20000E+02 1.30000E+02
h-C013-MT603-Chew-O1799002-E0003.658.1978                        1 4.00000E+01 1.30000E+02
h-C013-MT603-Chew-O1799002-E0003.667.1978                        1 3.00000E+01 4.00000E+01
h-C013-MT603-Chew-O1799002-E0003.668.1978                        1 3.00000E+01 5.00000E+01
h-C013-MT603-Chew-O1799002-E0003.678.1978                        1 5.00000E+01 1.40000E+02
h-C013-MT603-Chew-O1799002-E0003.694.1978                        1 1.40000E+02 1.45000E+02
h-C013-MT603-Chew-O1799002-E0003.705.1978                        1 7.00000E+01 1.45000E+02
h-C013-MT603-Chew-O1799002-E0003.713.1978                        1 7.00000E+01 1.55000E+02
h-C013-MT603-Chew-O1799002-E0003.741.1978                        2 3.00000E+01 1.65000E+02
h-C013-MT603-Chew-O1799002-E0003.754.1978                        1 3.00000E+01 1.00000E+02
h-C013-MT603-Chew-O1799002-E0003.776.1978                        1 1.00000E+02 1.10000E+02
h-C013-MT603-Chew-O1799002-E0003.811.1978                        1 1.00000E+01 1.10000E+02
h-C013-MT603-Chew-O1799002-E0003.816.1978                        1 1.00000E+01 2.00000E+01
h-C013-MT603-Chew-O1799002-E0003.840.1978                        1 2.00000E+01 1.20000E+02
h-C013-MT603-Chew-O1799002-E0003.847.1978                        1 1.20000E+02 1.30000E+02
h-C013-MT603-Chew-O1799002-E0003.859.1978                        1 3.00000E+01 1.30000E+02
h-C013-MT603-Chew-O1799002-E0003.863.1978                        1 3.00000E+01 5.00000E+01
h-C013-MT603-Chew-O1799002-E0003.873.1978                        1 4.00000E+01 5.00000E+01
h-C013-MT603-Chew-O1799002-E0003.875.1978                        1 4.00000E+01 8.00000E+01
h-C013-MT603-Chew-O1799002-E0003.890.1978                        1 8.00000E+01 1.40000E+02
h-C013-MT603-Chew-O1799002-E0003.894.1978                        1 7.00000E+01 1.40000E+02
h-C013-MT603-Chew-O1799002-E0003.896.1978                        1 6.00000E+01 7.00000E+01
h-C013-MT603-Chew-O1799002-E0003.897.1978                        1 6.00000E+01 9.00000E+01
h-C013-MT603-Chew-O1799002-E0003.902.1978                        1 9.00000E+01 1.45000E+02
h-C013-MT603-Chew-O1799002-E0003.906.1978                        1 1.45000E+02 1.55000E+02
h-C013-MT603-Chew-O1799002-E0003.929.1978                        1 1.55000E+02 1.65000E+02
h-C013-MT603-Chew-O1799002-E0003.941.1978                        1 1.00000E+02 1.65000E+02
h-C013-MT603-Chew-O1799002-E0003.967.1978                        1 1.00000E+01 1.00000E+02
h-C013-MT603-Chew-O1799002-E0004.012.1978                        2 1.00000E+01 1.10000E+02
h-C013-MT603-Chew-O1799002-E0004.023.1978                        1 2.00000E+01 3.00000E+01
h-C013-MT603-Chew-O1799002-E0004.046.1978                        1 3.00000E+01 1.20000E+02
h-C013-MT603-Chew-O1799002-E0004.047.1978                        1 1.20000E+02 1.30000E+02
h-C013-MT603-Chew-O1799002-E0004.059.1978                        1 4.00000E+01 1.30000E+02
h-C013-MT603-Chew-O1799002-E0004.070.1978                        1 4.00000E+01 5.00000E+01
h-C013-MT603-Chew-O1799002-E0004.081.1978                        1 5.00000E+01 6.00000E+01
h-C013-MT603-Chew-O1799002-E0004.092.1978                        1 6.00000E+01 1.40000E+02
h-C013-MT603-Chew-O1799002-E0004.094.1978                        1 8.00000E+01 1.40000E+02
h-C013-MT603-Chew-O1799002-E0004.098.1978                        1 7.00000E+01 8.00000E+01
h-C013-MT603-Chew-O1799002-E0004.103.1978                        1 7.00000E+01 1.45000E+02
h-C013-MT603-Chew-O1799002-E0004.106.1978                        1 9.00000E+01 1.45000E+02
h-C013-MT603-Chew-O1799002-E0004.110.1978                        1 9.00000E+01 1.65000E+02
h-C013-MT603-Chew-O1799002-E0004.118.1978                        1 1.55000E+02 1.65000E+02
h-C013-MT603-Chew-O1799002-E0004.130.1978                        1 1.00000E+02 1.55000E+02
h-C013-MT603-Chew-O1799002-E0004.168.1978                        1 1.00000E+01 1.00000E+02
h-C013-MT603-Chew-O1799002-E0004.207.1978                        1 1.00000E+01 1.10000E+02
h-C013-MT603-Chew-O1799002-E0004.212.1978                        1 2.00000E+01 1.10000E+02
h-C013-MT603-Chew-O1799002-E0004.230.1978                        1 2.00000E+01 1.20000E+02
h-C013-MT603-Chew-O1799002-E0004.236.1978                        1 1.20000E+02 1.30000E+02
h-C013-MT603-Chew-O1799002-E0004.247.1978                        1 3.00000E+01 1.30000E+02
h-C013-MT603-Chew-O1799002-E0004.254.1978                        1 3.00000E+01 4.00000E+01
h-C013-MT603-Chew-O1799002-E0004.265.1978                        1 4.00000E+01 6.00000E+01
h-C013-MT603-Chew-O1799002-E0004.287.1978                        1 5.00000E+01 6.00000E+01
h-C013-MT603-Chew-O1799002-E0004.288.1978                        1 5.00000E+01 8.00000E+01
h-C013-MT603-Chew-O1799002-E0004.294.1978                        1 8.00000E+01 1.40000E+02
h-C013-MT603-Chew-O1799002-E0004.295.1978                        2 9.00000E+01 1.45000E+02
h-C013-MT603-Chew-O1799002-E0004.306.1978                        1 7.00000E+01 9.00000E+01
h-C013-MT603-Chew-O1799002-E0004.311.1978                        1 7.00000E+01 1.65000E+02
h-C013-MT603-Chew-O1799002-E0004.318.1978                        1 1.55000E+02 1.65000E+02
h-C013-MT603-Chew-O1799002-E0004.330.1978                        1 1.00000E+02 1.55000E+02
h-C013-MT603-Chew-O1799002-E0004.369.1978                        1 1.00000E+02 1.10000E+02
h-C013-MT603-Chew-O1799002-E0004.401.1978                        1 1.00000E+01 1.10000E+02
h-C013-MT603-Chew-O1799002-E0004.414.1978                        1 1.00000E+01 2.00000E+01
h-C013-MT603-Chew-O1799002-E0004.425.1978                        1 2.00000E+01 1.20000E+02
h-C013-MT603-Chew-O1799002-E0004.436.1978                        1 1.20000E+02 1.30000E+02
h-C013-MT603-Chew-O1799002-E0004.448.1978                        1 3.00000E+01 1.30000E+02
h-C013-MT603-Chew-O1799002-E0004.449.1978                        1 3.00000E+01 5.00000E+01
h-C013-MT603-Chew-O1799002-E0004.471.1978                        1 4.00000E+01 5.00000E+01
h-C013-MT603-Chew-O1799002-E0004.473.1978                        1 4.00000E+01 1.40000E+02
h-C013-MT603-Chew-O1799002-E0004.483.1978                        1 8.00000E+01 1.40000E+02
h-C013-MT603-Chew-O1799002-E0004.489.1978                        1 7.00000E+01 8.00000E+01
h-C013-MT603-Chew-O1799002-E0004.494.1978                        1 6.00000E+01 7.00000E+01
h-C013-MT603-Chew-O1799002-E0004.495.1978                        1 6.00000E+01 9.00000E+01
h-C013-MT603-Chew-O1799002-E0004.502.1978                        1 9.00000E+01 1.45000E+02
h-C013-MT603-Chew-O1799002-E0004.507.1978                        1 1.45000E+02 1.65000E+02
h-C013-MT603-Chew-O1799002-E0004.518.1978                        1 1.55000E+02 1.65000E+02
h-C013-MT603-Chew-O1799002-E0004.530.1978                        1 1.00000E+02 1.55000E+02
h-C013-MT603-Chew-O1799002-E0004.559.1978                        1 1.00000E+01 1.00000E+02
h-C013-MT603-Chew-O1799002-E0004.585.1978                        1 1.00000E+01 1.10000E+02
h-C013-MT603-Chew-O1799002-E0004.589.1978                        1 6.00000E+01 1.10000E+02
h-C013-MT603-Chew-O1799002-E0004.604.1978                        1 2.00000E+01 6.00000E+01
h-C013-MT603-Chew-O1799002-E0004.609.1978                        1 2.00000E+01 1.20000E+02
h-C013-MT603-Chew-O1799002-E0004.636.1978                        1 3.00000E+01 1.20000E+02
h-C013-MT603-Chew-O1799002-E0004.644.1978                        1 3.00000E+01 1.30000E+02
h-C013-MT603-Chew-O1799002-E0004.648.1978                        1 4.00000E+01 1.30000E+02
h-C013-MT603-Chew-O1799002-E0004.668.1978                        1 4.00000E+01 5.00000E+01
h-C013-MT603-Chew-O1799002-E0004.679.1978                        1 5.00000E+01 7.00000E+01
h-C013-MT603-Chew-O1799002-E0004.689.1978                        1 7.00000E+01 1.40000E+02
h-C013-MT603-Chew-O1799002-E0004.695.1978                        2 8.00000E+01 1.45000E+02
h-C013-MT603-Chew-O1799002-E0004.697.1978                        2 6.00000E+01 9.00000E+01
h-C013-MT603-Chew-O1799002-E0004.702.1978                        1 6.00000E+01 1.65000E+02
h-C013-MT603-Chew-O1799002-E0004.707.1978                        1 1.55000E+02 1.65000E+02
h-C013-MT603-Chew-O1799002-E0004.730.1978                        1 1.00000E+02 1.55000E+02
h-C013-MT603-Chew-O1799002-E0004.772.1978                        1 1.00000E+01 1.00000E+02
h-C013-MT603-Chew-O1799002-E0004.780.1978                        1 1.00000E+01 1.10000E+02
h-C013-MT603-Chew-O1799002-E0004.813.1978                        1 2.00000E+01 1.10000E+02
h-C013-MT603-Chew-O1799002-E0004.816.1978                        1 2.00000E+01 1.20000E+02
h-C013-MT603-Chew-O1799002-E0004.837.1978                        1 3.00000E+01 1.20000E+02
h-C013-MT603-Chew-O1799002-E0004.839.1978                        1 3.00000E+01 1.30000E+02
h-C013-MT603-Chew-O1799002-E0004.848.1978                        1 5.00000E+01 1.30000E+02
h-C013-MT603-Chew-O1799002-E0004.862.1978                        1 4.00000E+01 5.00000E+01
h-C013-MT603-Chew-O1799002-E0004.863.1978                        1 4.00000E+01 1.40000E+02
h-C013-MT603-Chew-O1799002-E0004.884.1978                        1 8.00000E+01 1.40000E+02
h-C013-MT603-Chew-O1799002-E0004.893.1978                        2 7.00000E+01 9.00000E+01
h-C013-MT603-Chew-O1799002-E0004.896.1978                        1 6.00000E+01 7.00000E+01
h-C013-MT603-Chew-O1799002-E0004.897.1978                        1 6.00000E+01 1.45000E+02
h-C013-MT603-Chew-O1799002-E0004.907.1978                        1 1.45000E+02 1.65000E+02
h-C013-MT603-Chew-O1799002-E0004.919.1978                        1 1.55000E+02 1.65000E+02
h-C013-MT603-Chew-O1799002-E0004.931.1978                        1 1.00000E+02 1.55000E+02
h-C013-MT603-Chew-O1799002-E0004.962.1978                        1 1.00000E+02 1.10000E+02
h-C013-MT603-Chew-O1799002-E0004.990.1978                        1 1.00000E+01 1.10000E+02
h-C013-MT603-Chew-O1799002-E0005.000.1978                        1 1.00000E+01 2.00000E+01
h-C013-MT603-Chew-O1799002-E0005.023.1978                        1 2.00000E+01 1.20000E+02
h-C013-MT603-Chew-O1799002-E0005.037.1978                        1 3.00000E+01 1.20000E+02
h-C013-MT603-Chew-O1799002-E0005.047.1978                        1 3.00000E+01 1.30000E+02
h-C013-MT603-Chew-O1799002-E0005.049.1978                        1 5.00000E+01 1.30000E+02
h-C013-MT603-Chew-O1799002-E0005.081.1978                        1 4.00000E+01 5.00000E+01
h-C013-MT603-Chew-O1799002-E0005.083.1978                        1 4.00000E+01 1.40000E+02
h-C013-MT603-Chew-O1799002-E0005.084.1978                        1 8.00000E+01 1.40000E+02
h-C013-MT603-Chew-O1799002-E0005.088.1978                        1 6.00000E+01 8.00000E+01
h-C013-MT603-Chew-O1799002-E0005.092.1978                        1 6.00000E+01 1.45000E+02
h-C013-MT603-Chew-O1799002-E0005.096.1978                        1 9.00000E+01 1.45000E+02
h-C013-MT603-Chew-O1799002-E0005.101.1978                        1 7.00000E+01 9.00000E+01
h-C013-MT603-Chew-O1799002-E0005.104.1978                        1 7.00000E+01 1.55000E+02
h-C013-MT603-Chew-O1799002-E0005.131.1978                        1 1.55000E+02 1.65000E+02
h-C013-MT603-Chew-O1799002-E0005.143.1978                        1 1.00000E+02 1.65000E+02
h-C013-MT603-Chew-O1799002-E0005.176.1978                        1 1.00000E+02 1.10000E+02
h-C013-MT603-Chew-O1799002-E0005.190.1978                        1 1.00000E+01 1.10000E+02
h-C013-MT603-Chew-O1799002-E0005.207.1978                        1 1.00000E+01 2.00000E+01
h-C013-MT603-Chew-O1799002-E0005.219.1978                        1 2.00000E+01 1.20000E+02
h-C013-MT603-Chew-O1799002-E0005.237.1978                        1 1.20000E+02 1.30000E+02
h-C013-MT603-Chew-O1799002-E0005.249.1978                        1 3.00000E+01 1.30000E+02
h-C013-MT603-Chew-O1799002-E0005.254.1978                        1 3.00000E+01 4.00000E+01
h-C013-MT603-Chew-O1799002-E0005.265.1978                        1 4.00000E+01 5.00000E+01
h-C013-MT603-Chew-O1799002-E0005.276.1978                        1 5.00000E+01 1.40000E+02
h-C013-MT603-Chew-O1799002-E0005.284.1978                        1 7.00000E+01 1.40000E+02
h-C013-MT603-Chew-O1799002-E0005.287.1978                        1 6.00000E+01 7.00000E+01
h-C013-MT603-Chew-O1799002-E0005.288.1978                        1 6.00000E+01 8.00000E+01
h-C013-MT603-Chew-O1799002-E0005.296.1978                        2 8.00000E+01 1.45000E+02
h-C013-MT603-Chew-O1799002-E0005.320.1978                        2 1.45000E+02 1.65000E+02
h-C013-MT603-Chew-O1799002-E0005.331.1978                        1 1.00000E+01 1.55000E+02
h-C013-MT603-Chew-O1799002-E0005.378.1978                        1 1.00000E+01 1.00000E+02
h-C013-MT603-Chew-O1799002-E0005.387.1978                        1 1.00000E+02 1.10000E+02
h-C013-MT603-Chew-O1799002-E0005.390.1978                        1 2.00000E+01 1.10000E+02
h-C013-MT603-Chew-O1799002-E0005.414.1978                        1 2.00000E+01 3.00000E+01
h-C013-MT603-Chew-O1799002-E0005.437.1978                        2 3.00000E+01 1.30000E+02
h-C013-MT603-Chew-O1799002-E0005.449.1978                        1 4.00000E+01 1.30000E+02
h-C013-MT603-Chew-O1799002-E0005.460.1978                        1 4.00000E+01 6.00000E+01
h-C013-MT603-Chew-O1799002-E0005.470.1978                        1 5.00000E+01 6.00000E+01
h-C013-MT603-Chew-O1799002-E0005.471.1978                        1 5.00000E+01 1.40000E+02
h-C013-MT603-Chew-O1799002-E0005.485.1978                        1 8.00000E+01 1.40000E+02
h-C013-MT603-Chew-O1799002-E0005.492.1978                        2 7.00000E+01 9.00000E+01
h-C013-MT603-Chew-O1799002-E0005.494.1978                        1 7.00000E+01 1.45000E+02
h-C013-MT603-Chew-O1799002-E0005.496.1978                        1 1.45000E+02 1.55000E+02
h-C013-MT603-Chew-O1799002-E0005.520.1978                        1 1.00000E+02 1.55000E+02
h-C013-MT603-Chew-O1799002-E0005.578.1978                        1 1.00000E+01 1.00000E+02
h-C013-MT603-Chew-O1799002-E0005.585.1978                        1 1.00000E+01 2.00000E+01
h-C013-MT603-Chew-O1799002-E0005.609.1978                        1 2.00000E+01 3.00000E+01
h-C013-MT603-Chew-O1799002-E0005.645.1978                        1 3.00000E+01 1.20000E+02
h-C013-MT603-Chew-O1799002-E0005.650.1978                        1 4.00000E+01 1.20000E+02
h-C013-MT603-Chew-O1799002-E0005.656.1978                        1 4.00000E+01 6.00000E+01
h-C013-MT603-Chew-O1799002-E0005.678.1978                        1 5.00000E+01 6.00000E+01
h-C013-MT603-Chew-O1799002-E0005.679.1978                        1 5.00000E+01 8.00000E+01
h-C013-MT603-Chew-O1799002-E0005.688.1978                        1 7.00000E+01 8.00000E+01
h-C013-MT603-Chew-O1799002-E0005.689.1978                        1 7.00000E+01 1.40000E+02
h-C013-MT603-Chew-O1799002-E0005.697.1978                        1 9.00000E+01 1.40000E+02
h-C013-MT603-Chew-O1799002-E0005.700.1978                        1 9.00000E+01 1.45000E+02
h-C013-MT603-Chew-O1799002-E0005.708.1978                        1 1.45000E+02 1.55000E+02
h-C013-MT603-Chew-O1799002-E0005.732.1978                        2 1.00000E+02 1.65000E+02
h-C013-MT603-Chew-O1799002-E0005.765.1978                        1 1.00000E+01 1.00000E+02
h-C013-MT603-Chew-O1799002-E0005.793.1978                        1 1.00000E+01 2.00000E+01
h-C013-MT603-Chew-O1799002-E0005.804.1978                        1 2.00000E+01 3.00000E+01
h-C013-MT603-Chew-O1799002-E0005.840.1978                        1 3.00000E+01 1.20000E+02
h-C013-MT603-Chew-O1799002-E0005.850.1978                        1 4.00000E+01 1.20000E+02
h-C013-MT603-Chew-O1799002-E0005.851.1978                        1 4.00000E+01 6.00000E+01
h-C013-MT603-Chew-O1799002-E0005.873.1978                        1 5.00000E+01 6.00000E+01
h-C013-MT603-Chew-O1799002-E0005.874.1978                        1 5.00000E+01 8.00000E+01
h-C013-MT603-Chew-O1799002-E0005.883.1978                        1 7.00000E+01 8.00000E+01
h-C013-MT603-Chew-O1799002-E0005.884.1978                        1 7.00000E+01 1.40000E+02
h-C013-MT603-Chew-O1799002-E0005.885.1978                        1 9.00000E+01 1.40000E+02
h-C013-MT603-Chew-O1799002-E0005.896.1978                        1 9.00000E+01 1.45000E+02
h-C013-MT603-Chew-O1799002-E0005.909.1978                        1 1.45000E+02 1.55000E+02
h-C013-MT603-Chew-O1799002-E0005.944.1978                        1 1.00000E+02 1.55000E+02
h-C013-MT603-Chew-O1799002-E0005.969.1978                        1 1.00000E+01 1.00000E+02
h-C013-MT603-Chew-O1799002-E0006.000.1978                        1 1.00000E+01 2.00000E+01
h-C013-MT603-Chew-O1799002-E0006.011.1978                        1 2.00000E+01 3.00000E+01
h-C013-MT603-Chew-O1799002-E0006.035.1978                        1 3.00000E+01 1.20000E+02
h-C013-MT603-Chew-O1799002-E0006.038.1978                        1 4.00000E+01 1.20000E+02
h-C013-MT603-Chew-O1799002-E0006.058.1978                        1 4.00000E+01 5.00000E+01
h-C013-MT603-Chew-O1799002-E0006.069.1978                        1 5.00000E+01 8.00000E+01
h-C013-MT603-Chew-O1799002-E0006.079.1978                        1 6.00000E+01 8.00000E+01
h-C013-MT603-Chew-O1799002-E0006.080.1978                        1 6.00000E+01 1.40000E+02
h-C013-MT603-Chew-O1799002-E0006.097.1978                        1 9.00000E+01 1.40000E+02
h-C013-MT603-Chew-O1799002-E0006.103.1978                        1 9.00000E+01 1.45000E+02
h-C013-MT603-Chew-O1799002-E0006.109.1978                        1 7.00000E+01 1.45000E+02
h-C013-MT603-Chew-O1799002-E0006.116.1978                        1 7.00000E+01 1.55000E+02
h-C013-MT603-Chew-O1799002-E0006.121.1978                        1 1.00000E+02 1.55000E+02
h-C013-MT603-Chew-O1799002-E0006.170.1978                        1 1.00000E+01 1.00000E+02
h-C013-MT603-Chew-O1799002-E0006.196.1978                        1 1.00000E+01 2.00000E+01
h-C013-MT603-Chew-O1799002-E0006.219.1978                        1 2.00000E+01 1.20000E+02
h-C013-MT603-Chew-O1799002-E0006.239.1978                        1 3.00000E+01 1.20000E+02
h-C013-MT603-Chew-O1799002-E0006.243.1978                        1 3.00000E+01 4.00000E+01
h-C013-MT603-Chew-O1799002-E0006.253.1978                        1 4.00000E+01 8.00000E+01
h-C013-MT603-Chew-O1799002-E0006.275.1978                        1 6.00000E+01 8.00000E+01
h-C013-MT603-Chew-O1799002-E0006.276.1978                        1 5.00000E+01 6.00000E+01
h-C013-MT603-Chew-O1799002-E0006.277.1978                        1 5.00000E+01 9.00000E+01
h-C013-MT603-Chew-O1799002-E0006.287.1978                        1 9.00000E+01 1.40000E+02
h-C013-MT603-Chew-O1799002-E0006.298.1978                        1 7.00000E+01 1.40000E+02
h-C013-MT603-Chew-O1799002-E0006.299.1978                        1 7.00000E+01 1.45000E+02
h-C013-MT603-Chew-O1799002-E0006.309.1978                        1 1.00000E+02 1.45000E+02
h-C013-MT603-Chew-O1799002-E0006.372.1978                        1 1.00000E+01 1.00000E+02
h-C013-MT603-Chew-O1799002-E0006.391.1978                        1 1.00000E+01 2.00000E+01
h-C013-MT603-Chew-O1799002-E0006.426.1978                        1 2.00000E+01 3.00000E+01
h-C013-MT603-Chew-O1799002-E0006.438.1978                        1 3.00000E+01 1.20000E+02
h-C013-MT603-Chew-O1799002-E0006.439.1978                        1 4.00000E+01 1.20000E+02
h-C013-MT603-Chew-O1799002-E0006.461.1978                        1 4.00000E+01 6.00000E+01
h-C013-MT603-Chew-O1799002-E0006.471.1978                        1 5.00000E+01 6.00000E+01
h-C013-MT603-Chew-O1799002-E0006.472.1978                        1 5.00000E+01 1.40000E+02
h-C013-MT603-Chew-O1799002-E0006.486.1978                        1 7.00000E+01 1.40000E+02
h-C013-MT603-Chew-O1799002-E0006.494.1978                        1 7.00000E+01 9.00000E+01
h-C013-MT603-Chew-O1799002-E0006.495.1978                        1 8.00000E+01 9.00000E+01
h-C013-MT603-Chew-O1799002-E0006.507.1978                        1 8.00000E+01 1.55000E+02
h-C013-MT603-Chew-O1799002-E0006.533.1978                        1 1.00000E+02 1.55000E+02
h-C013-MT603-Chew-O1799002-E0006.558.1978                        1 1.00000E+01 1.00000E+02
h-C013-MT603-Chew-O1799002-E0006.586.1978                        1 1.00000E+01 2.00000E+01
h-C013-MT603-Chew-O1799002-E0006.622.1978                        1 2.00000E+01 3.00000E+01
h-C013-MT603-Chew-O1799002-E0006.633.1978                        1 3.00000E+01 1.20000E+02
h-C013-MT603-Chew-O1799002-E0006.639.1978                        1 4.00000E+01 1.20000E+02
h-C013-MT603-Chew-O1799002-E0006.644.1978                        1 4.00000E+01 5.00000E+01
h-C013-MT603-Chew-O1799002-E0006.655.1978                        1 5.00000E+01 6.00000E+01
h-C013-MT603-Chew-O1799002-E0006.666.1978                        1 6.00000E+01 8.00000E+01
h-C013-MT603-Chew-O1799002-E0006.678.1978                        1 8.00000E+01 9.00000E+01
h-C013-MT603-Chew-O1799002-E0006.690.1978                        1 9.00000E+01 1.40000E+02
h-C013-MT603-Chew-O1799002-E0006.698.1978                        2 7.00000E+01 1.40000E+02
