#              Filename                                         N    min         max
n-Gd155-MT151-Aldea-41601004.1975                               37 1.72800E-03 8.41740E-02
n-Gd155-MT151-Asghar-20147002.1970                              29 2.01000E-06 9.30400E-05
n-Gd155-MT151-Asghar-20147003.1970                               2 4.65100E-05 4.65100E-05
n-Gd155-MT151-Baramsai-143180021.2012                           97 2.02000E-06 1.83100E-04
n-Gd155-MT151-Baramsai-143180023.2012                           97 2.02000E-06 1.83100E-04
n-Gd155-MT151-Bartholomew-11444002.1960                          1 2.68000E-08 2.68000E-08
n-Gd155-MT151-Belyaev-41107002.1990                             74 6.30000E-06 1.83300E-04
n-Gd155-MT151-Belyaev-41107004.1990                              2 3.50000E-05 3.50000E-05
n-Gd155-MT151-Belyaev-41107007.1990                              2 9.48000E-05 9.48000E-05
n-Gd155-MT151-Bowey-21118007.1958                               18 6.40000E-06 7.80000E-05
n-Gd155-MT151-Carpenter-120480061.1962                          12 2.01000E-06 4.43000E-05
n-Gd155-MT151-Carpenter-120480062.1962                           4 2.01000E-06 4.43000E-05
n-Gd155-MT151-Fricke-100490102.1970                             28 3.61600E-06 1.73600E-04
n-Gd155-MT151-Fricke-100490102A001.1970                         28 3.61600E-06 1.73600E-04
n-Gd155-MT151-Fricke-100490131.1970                              1 1.01500E-04 1.01500E-04
n-Gd155-MT151-Fricke-100490131A001.1970                          1 1.01500E-04 1.01500E-04
n-Gd155-MT151-Fricke-10049015.1970                               1 1.01500E-04 1.01500E-04
n-Gd155-MT151-Fricke-10049015A001.1970                           1 1.01500E-04 1.01500E-04
n-Gd155-MT151-Fricke-10049016.1970                               2 1.01500E-04 1.05000E-02
n-Gd155-MT151-Fricke-10049016A001.1970                           2 1.01500E-04 1.05000E-02
n-Gd155-MT151-Fricke-10049017.1970                               1 1.05000E-02 1.05000E-02
n-Gd155-MT151-Fricke-10049017A001.1970                           1 1.05000E-02 1.05000E-02
n-Gd155-MT151-Julien-20687034.1969                               1 4.00000E-06 4.00000E-06
n-Gd155-MT151-Julien-206870351.1969                              2 6.30000E-06 7.76000E-06
n-Gd155-MT151-Julien-206870352.1969                              1 6.30000E-06 6.30000E-06
n-Gd155-MT151-Julien-206870353.1969                              2 6.30000E-06 7.76000E-06
n-Gd155-MT151-Julien-206870354.1969                              2 6.30000E-06 7.76000E-06
n-Gd155-MT151-Julien-206870355.1969                              2 6.30000E-06 7.76000E-06
n-Gd155-MT151-Kang-143430081.2015                              261 2.50000E-08 9.90600E-04
n-Gd155-MT151-Kang-143430082.2015                              261 2.50000E-08 9.90600E-04
n-Gd155-MT151-Kang-143430083.2015                              261 2.50000E-08 9.90600E-04
n-Gd155-MT151-Kang-143430084.2015                              261 2.50000E-08 9.90600E-04
n-Gd155-MT151-Karzhavina-40162026.1969                          79 6.28000E-06 1.83200E-04
n-Gd155-MT151-Karzhavina-40162027.1969                          79 6.28000E-06 1.83200E-04
n-Gd155-MT151-Karzhavina-40162028.1969                          79 6.28000E-06 1.83200E-04
n-Gd155-MT151-Karzhavina-40162029.1969                          11 6.28000E-06 6.27000E-05
n-Gd155-MT151-Karzhavina-40162030.1969                           9 6.28000E-06 5.19000E-05
n-Gd155-MT151-Karzhavina-40162051.1969                           1 9.30000E-05 9.30000E-05
n-Gd155-MT151-Karzhavina-40162056.1969                           1 9.30000E-05 9.30000E-05
n-Gd155-MT151-Karzhavina-40162057.1969                           1 2.89500E-05 2.89500E-05
n-Gd155-MT151-Kye-237200071.2020                                87 6.30400E-06 4.76840E-04
n-Gd155-MT151-Leinweber-141100031.2006                          92 2.50000E-08 1.80340E-04
n-Gd155-MT151-Leinweber-141100032.2006                          92 2.50000E-08 1.80340E-04
n-Gd155-MT151-Leinweber-141100033.2006                          92 2.50000E-08 1.80340E-04
n-Gd155-MT151-Litvinskiy-41248003.1995                           2 1.38450E-01 1.38450E-01
n-Gd155-MT151-Mastromarco-234000061.2019                        93 2.68000E-08 1.80320E-04
n-Gd155-MT151-Mastromarco-234000071.2019                       268 1.85080E-04 9.97580E-04
n-Gd155-MT151-Mastromarco-234000121.2019                         1 9.01734E-05 9.01734E-05
n-Gd155-MT151-Mastromarco-234000122.2019                         1 9.01734E-05 9.01734E-05
n-Gd155-MT151-Mastromarco-23400013.2019                          1 9.01734E-05 9.01734E-05
n-Gd155-MT151-Moller-120970091.1960                              9 2.68000E-08 2.37000E-05
n-Gd155-MT151-Moller-120970093.1960                              3 2.68000E-08 2.56800E-06
n-Gd155-MT151-Moller-120970094.1960                              3 2.68000E-08 2.56800E-06
n-Gd155-MT151-Moller-120970096.1960                              3 2.68000E-08 2.56800E-06
n-Gd155-MT151-Mughabghab-100510021.1969                         31 2.01000E-06 6.96000E-05
n-Gd155-MT151-Mughabghab-100510021A001.1969                     31 2.01000E-06 6.96000E-05
n-Gd155-MT151-Nakajima-219250041.1989                            3 5.05500E-02 5.05500E-02
n-Gd155-MT151-Nakajima-219250042.1989                            2 5.05500E-02 5.05500E-02
n-Gd155-MT151-Ribon-20148012.1969                               37 6.31000E-06 8.52100E-05
n-Gd155-MT151-Ribon-20148013.1969                                1 1.75135E-05 1.75135E-05
n-Gd155-MT151-Ribon-20148015.1969                               37 6.31000E-06 8.52100E-05
n-Gd155-MT151-Ribon-20148016.1969                                1 4.25100E-05 4.25100E-05
n-Gd155-MT151-Ribon-20148017.1969                                1 4.25100E-05 4.25100E-05
n-Gd155-MT151-Shore-114400021.1965                               3 2.68000E-08 2.56800E-06
n-Gd155-MT151-Shore-114400022.1965                               3 2.68000E-08 2.56800E-06
n-Gd155-MT151-Simpson-119830091.1957                            23 2.14500E-06 4.71000E-05
n-Gd155-MT151-Simpson-119830092.1957                             8 2.14500E-06 2.39000E-05
n-Gd155-MT151-Simpson-119830093.1957                            23 2.14500E-06 4.71000E-05
n-Gd155-MT151-Simpson-119830094.1957                            23 2.14500E-06 4.71000E-05
n-Gd155-MT151-Stolovy-114360041.1964                             4 2.68000E-08 6.30000E-06
n-Gd155-MT151-Stolovy-114360042.1964                             4 2.68000E-08 6.30000E-06
