#              Filename                                         N    min         max
d-F019-MT600-Elbehay-D0072004-E0000.855.1964                     1 2.92000E+01 1.49200E+02
d-F019-MT600-Elbehay-D0072004-E0000.856.1964                     1 2.92000E+01 8.84000E+01
d-F019-MT600-Elbehay-D0072004-E0000.858.1964                     1 8.84000E+01 1.49100E+02
d-F019-MT600-Elbehay-D0072004-E0000.902.1964                     1 8.83000E+01 1.49100E+02
d-F019-MT600-Elbehay-D0072004-E0000.904.1964                     1 2.92000E+01 8.83000E+01
d-F019-MT600-Elbehay-D0072004-E0000.905.1964                     1 2.92000E+01 1.49100E+02
d-F019-MT600-Elbehay-D0072004-E0000.951.1964                     1 2.92000E+01 1.49100E+02
d-F019-MT600-Elbehay-D0072004-E0000.952.1964                     1 2.92000E+01 1.49100E+02
d-F019-MT600-Elbehay-D0072004-E0000.998.1964                     1 2.92000E+01 1.49100E+02
d-F019-MT600-Elbehay-D0072004-E0000.999.1964                     1 2.91000E+01 2.92000E+01
d-F019-MT600-Elbehay-D0072004-E0001.041.1964                     1 2.91000E+01 1.49100E+02
d-F019-MT600-Elbehay-D0072004-E0001.047.1964                     1 8.82000E+01 1.49100E+02
d-F019-MT600-Elbehay-D0072004-E0001.047A001.1964                 1 2.91000E+01 8.82000E+01
d-F019-MT600-Elbehay-D0072004-E0001.091.1964                     1 2.91000E+01 1.49100E+02
d-F019-MT600-Elbehay-D0072004-E0001.093.1964                     1 8.82000E+01 1.49100E+02
d-F019-MT600-Elbehay-D0072004-E0001.094.1964                     1 2.91000E+01 8.82000E+01
d-F019-MT600-Elbehay-D0072004-E0001.139.1964                     1 2.91000E+01 1.49100E+02
d-F019-MT600-Elbehay-D0072004-E0001.153.1964                     1 8.81000E+01 1.49100E+02
d-F019-MT600-Elbehay-D0072004-E0001.178.1964                     1 8.81000E+01 1.49000E+02
d-F019-MT600-Elbehay-D0072004-E0001.192.1964                     1 2.91000E+01 1.49000E+02
d-F019-MT600-Elbehay-D0072004-E0001.192A001.1964                 1 2.91000E+01 8.81000E+01
d-F019-MT600-Elbehay-D0072004-E0001.195.1964                     1 8.81000E+01 1.49000E+02
d-F019-MT600-Elbehay-D0072004-E0001.240.1964                     1 8.81000E+01 1.49000E+02
d-F019-MT600-Elbehay-D0072004-E0001.241.1964                     1 8.81000E+01 1.49000E+02
d-F019-MT600-Elbehay-D0072004-E0001.247.1964                     1 2.91000E+01 1.49000E+02
d-F019-MT600-Elbehay-D0072004-E0001.291.1964                     1 2.91000E+01 8.81000E+01
d-F019-MT600-Elbehay-D0072004-E0001.293.1964                     1 8.81000E+01 1.49000E+02
d-F019-MT600-Elbehay-D0072004-E0001.296.1964                     1 8.80000E+01 1.49000E+02
d-F019-MT600-Elbehay-D0072004-E0001.341.1964                     1 2.91000E+01 8.80000E+01
d-F019-MT600-Elbehay-D0072004-E0001.342.1964                     1 2.90000E+01 2.91000E+01
d-F019-MT600-Elbehay-D0072004-E0001.385.1964                     1 2.90000E+01 8.80000E+01
d-F019-MT600-Elbehay-D0072004-E0001.388.1964                     1 2.90000E+01 8.80000E+01
d-F019-MT600-Elbehay-D0072004-E0001.437.1964                     1 2.90000E+01 8.80000E+01
d-F019-MT600-Elbehay-D0072004-E0001.440.1964                     1 2.90000E+01 8.80000E+01
d-F019-MT600-Elbehay-D0072004-E0001.487.1964                     1 2.90000E+01 8.80000E+01
d-F019-MT600-Elbehay-D0072004-E0001.487A001.1964                 1 2.90000E+01 8.80000E+01
d-F019-MT600-Elbehay-D0072004-E0001.534.1964                     1 2.90000E+01 8.79000E+01
d-F019-MT600-Elbehay-D0072004-E0001.538.1964                     1 8.79000E+01 1.48900E+02
d-F019-MT600-Elbehay-D0072004-E0001.539.1964                     1 8.79000E+01 1.48900E+02
d-F019-MT600-Elbehay-D0072004-E0001.587.1964                     1 2.90000E+01 8.79000E+01
d-F019-MT600-Elbehay-D0072004-E0001.588.1964                     1 2.90000E+01 1.48900E+02
d-F019-MT600-Elbehay-D0072004-E0001.591.1964                     1 8.79000E+01 1.48900E+02
d-F019-MT600-Elbehay-D0072004-E0001.637.1964                     1 2.90000E+01 8.79000E+01
d-F019-MT600-Elbehay-D0072004-E0001.641.1964                     1 2.90000E+01 1.48900E+02
d-F019-MT600-Elbehay-D0072004-E0001.644.1964                     1 8.79000E+01 1.48900E+02
d-F019-MT600-Elbehay-D0072004-E0001.684.1964                     1 8.79000E+01 1.48900E+02
d-F019-MT600-Elbehay-D0072004-E0001.691.1964                     1 2.90000E+01 1.48900E+02
d-F019-MT600-Elbehay-D0072004-E0001.693.1964                     1 2.90000E+01 1.48900E+02
d-F019-MT600-Elbehay-D0072004-E0001.742.1964                     1 8.78000E+01 1.48900E+02
d-F019-MT600-Elbehay-D0072004-E0001.743.1964                     1 2.90000E+01 8.78000E+01
d-F019-MT600-Elbehay-D0072004-E0001.746.1964                     1 2.90000E+01 1.48900E+02
d-F019-MT600-Elbehay-D0072004-E0001.792.1964                     1 2.89000E+01 1.48900E+02
d-F019-MT600-Elbehay-D0072004-E0001.792A001.1964                 1 2.89000E+01 8.78000E+01
d-F019-MT600-Elbehay-D0072004-E0001.798.1964                     1 8.78000E+01 8.78000E+01
d-F019-MT600-Laribi-D0062005-E0003.000.1972                    181 2.05000E+01 1.61800E+02
d-F019-MT600-Maki-E2235002-E0001.187.1962                       53 3.00000E+01 3.00000E+01
d-F019-MT600-Maki-E2235003-E0001.274.1962                       73 9.00000E+01 9.00000E+01
d-F019-MT600-Maki-E2235004-E0001.185.1962                       76 1.35000E+02 1.35000E+02
d-F019-MT600-Paneta-O2066002-E0001.793.2012                     74 1.50000E+02 1.70000E+02
d-F019-MT600-Zabegai-F0911005-E0003.250.1970                   116 1.54000E+01 1.65200E+02
