#              Filename                                         N    min         max     
p-Ti000-rp021046-Michel-A0145005S.1980                           5 8.02000E+00 1.64200E+01
p-Ti000-rp021046-Aleksandrov-A0501009.1990                       1 1.00000E+03 1.00000E+03
p-Ti000-rp021046-Aleksandrov-A0512016.1991                       1 6.60000E+02 6.60000E+02
p-Ti000-rp021046-Brodzinski-C02710051.1971                       6 3.00000E+01 5.84000E+02
p-Ti000-rp021046-Fink-C0430006.1990                              8 3.51000E+01 1.49000E+02
p-Ti000-rp021046-Fox-C2702052.2021                              17 5.13900E+01 1.92260E+02
p-Ti000-rp021046-Khandaker-D0569006.2009                        22 3.90000E+00 3.78000E+01
p-Ti000-rp021046-Cervenak-D0985006.2020                         21 7.57000E+00 3.59700E+01
p-Ti000-rp021046-Jung-D40580382.1991                             2 1.58000E+01 2.38000E+01
p-Ti000-rp021046-Hermanne-D4310002.2014                         11 1.43000E+01 3.30000E+01
p-Ti000-rp021046-Hermanne-D4310003.2014                         10 1.96000E+01 3.62000E+01
p-Ti000-rp021046-Hermanne-D4310004.2014                         13 1.59000E+01 3.45000E+01
p-Ti000-rp021046-Hermanne-D4310005.2014                         15 7.30000E+00 3.60000E+01
p-Ti000-rp021046-Hermanne-D4310006.2014                         15 7.30000E+00 3.63000E+01
p-Ti000-rp021046-Hermanne-D4310007.2014                         18 1.60000E+01 3.69000E+01
p-Ti000-rp021046-Hermanne-D4310008.2014                         22 1.40000E+01 3.57000E+01
p-Ti000-rp021046-Hermanne-D4310009.2014                         22 1.40000E+01 3.57000E+01
p-Ti000-rp021046-Hermanne-D4310010.2014                         17 1.15000E+01 3.60000E+01
p-Ti000-rp021046-Hermanne-D4310011.2014                         35 1.29000E+01 2.46000E+01
p-Ti000-rp021046-Hermanne-D4310012.2014                         34 2.07000E+01 3.62000E+01
p-Ti000-rp021046-Hermanne-D4310013.2014                         50 3.54000E+01 6.44000E+01
p-Ti000-rp021046-Hermanne-D4310014.2014                         43 1.70000E+01 3.63000E+01
p-Ti000-rp021046-Hermanne-D4310015.2014                         41 1.70000E+01 3.67000E+01
p-Ti000-rp021046-Parashari-D6353004.2019                         5 1.29400E+01 2.19500E+01
p-Ti000-rp021046-Shahid-D7033006.2018                           28 4.40000E+00 4.32000E+01
p-Ti000-rp021046-Michel-O00780074.1989                           1 6.00000E+02 6.00000E+02
p-Ti000-rp021046-Neumann-O1882036.1999                          22 4.33000E+01 2.60000E+03
p-Ti000-rp021046-Garrido-O2315004.2016                          11 1.51100E+01 6.99000E+01
p-Ti000-rp021046-Baecker-O2560010.2021                           2 1.00000E+02 1.30000E+02
