#              Filename                                         N    min         max
n-Se077-MT151-Cote-118360061.1964                               15 1.12000E-04 2.25000E-03
n-Se077-MT151-Cote-118360062.1964                                9 1.12000E-04 1.25900E-03
n-Se077-MT151-Cote-118360064.1964                                9 1.12000E-04 1.48000E-03
n-Se077-MT151-Cote-118360071.1964                                9 1.12000E-04 1.48000E-03
n-Se077-MT151-Cote-118360072.1964                                4 1.12000E-04 1.25900E-03
n-Se077-MT151-Cote-118360073.1964                                9 1.12000E-04 1.48000E-03
n-Se077-MT151-Cote-118360081.1964                                1 4.40000E-04 4.40000E-04
n-Se077-MT151-Cote-118360082.1964                                4 1.51600E-04 8.55000E-04
n-Se077-MT151-Engler-127280041.1981                              4 1.12000E-04 8.64000E-04
n-Se077-MT151-Julien-206760121.1968                              9 1.12000E-04 1.48000E-03
n-Se077-MT151-Julien-206760122.1968                              9 1.12000E-04 1.48000E-03
n-Se077-MT151-Julien-206760123.1968                              9 1.12000E-04 1.48000E-03
n-Se077-MT151-Julien-206760125.1968                              5 2.09000E-04 1.25600E-03
n-Se077-MT151-Julien-206760126.1968                              5 2.09000E-04 1.25600E-03
n-Se077-MT151-Julien-206760127.1968                              4 2.09000E-04 1.25600E-03
n-Se077-MT151-Julien-206870101.1969                              3 2.11000E-04 6.88000E-04
n-Se077-MT151-Julien-206870102.1969                              3 2.11000E-04 6.88000E-04
n-Se077-MT151-Julien-206870103.1969                              3 2.11000E-04 6.88000E-04
n-Se077-MT151-Julien-206870104.1969                              3 2.11000E-04 6.88000E-04
n-Se077-MT151-Julien-206870105.1969                              3 2.11000E-04 6.88000E-04
n-Se077-MT151-Julien-206870106.1969                              3 2.11000E-04 6.88000E-04
n-Se077-MT151-Julien-20687011.1969                               1 7.50000E-04 7.50000E-04
n-Se077-MT151-Leblanc-11833005.1959                              3 2.12000E-04 9.98000E-04
n-Se077-MT151-Malecki-40022006.1969                             37 1.12000E-04 3.91900E-03
n-Se077-MT151-Malecki-40022007.1969                             15 2.12000E-04 3.91900E-03
n-Se077-MT151-Malecki-40022008.1969                             16 2.12000E-04 3.91900E-03
n-Se077-MT151-Malecki-40022015.1969                              1 2.01550E-03 2.01550E-03
n-Se077-MT151-Malecki-40022016.1969                              1 2.01550E-03 2.01550E-03
n-Se077-MT151-Malecki-40022021.1969                              1 2.01550E-03 2.01550E-03
n-Se077-MT151-Malecki-40022026.1969                              1 2.01550E-03 2.01550E-03
