#              Filename                                         N    min         max     
p-Cu000-rp030062-Kopecky-A0333003.1985                          24 1.40500E+01 3.24000E+01
p-Cu000-rp030062-Aleksandrov-A03510023.1987                     10 1.10000E+01 9.80000E+01
p-Cu000-rp030062-Aleksandrov-A0501005.1990                       1 1.00000E+03 1.00000E+03
p-Cu000-rp030062-Mills-A05070021.1992                           53 1.63000E+01 1.96600E+02
p-Cu000-rp030062-Aleksandrov-A0580003.1996                       1 6.60000E+02 6.60000E+02
p-Cu000-rp030062-Williams-B0073007.1967                         21 1.55000E+01 5.79000E+01
p-Cu000-rp030062-Cline-B00850022.1971                            1 5.90000E+02 5.90000E+02
p-Cu000-rp030062-Griswold-C2048004.2013                         10 1.53400E+01 3.48500E+01
p-Cu000-rp030062-Fox-C2702042.2021                               7 1.04490E+02 1.92540E+02
p-Cu000-rp030062-Alsaleh-D0422002.2006                          27 1.31000E+01 2.74000E+01
p-Cu000-rp030062-Khandaker-D0446016.2007                        11 1.56000E+01 4.05000E+01
p-Cu000-rp030062-Gruetter-D0505005.1982                         36 1.61000E+01 6.98000E+01
p-Cu000-rp030062-Siiskonen-D0549002.2009                         2 1.48400E+01 1.64500E+01
p-Cu000-rp030062-Cervenak-D09850091.2020                        16 1.37600E+01 3.59000E+01
p-Cu000-rp030062-Cervenak-D09850092.2020                        16 1.37600E+01 3.59000E+01
p-Cu000-rp030062-Szelecsenyi-D40830032.2001                      6 1.49000E+01 1.77000E+01
p-Cu000-rp030062-Hermanne-D4088006.1999                         15 1.42000E+01 3.47000E+01
p-Cu000-rp030062-Takacs-D4106004.2002                           25 1.52800E+01 3.17800E+01
p-Cu000-rp030062-Shahid-D7015002.2015                           16 1.43000E+01 4.30000E+01
p-Cu000-rp030062-Uddin-E1894005.2004                             8 2.69840E+01 6.87880E+01
p-Cu000-rp030062-Michel-O0276139.1997                          101 1.29000E+01 1.58000E+02
p-Cu000-rp030062-Michel-O0277201.1995                            1 1.60000E+03 1.60000E+03
p-Cu000-rp030062-Orth-O0418049.1978                              2 2.00000E+02 3.50000E+02
p-Cu000-rp030062-Cumming-O0542051.1974                           1 3.90000E+03 3.90000E+03
p-Cu000-rp030062-Fassbender-O0722002.1997                        2 2.14400E+02 2.54100E+02
p-Cu000-rp030062-Buthelezi-O1424003.2006                         9 1.38700E+01 3.78800E+01
p-Cu000-rp030062-Liu-S0270006.2021                               4 1.43500E+01 1.83800E+01
