#              Filename                                         N    min         max
n-Cd111-MT151-Alfimenkov-415760031.1983                          2 4.53000E-06 6.94000E-06
n-Cd111-MT151-Alfimenkov-415760032.1983                          2 4.53000E-06 6.94000E-06
n-Cd111-MT151-Alfimenkov-415760033.1983                          2 4.53000E-06 6.94000E-06
n-Cd111-MT151-Asami-213260041.1968                               4 2.75000E-05 1.63800E-04
n-Cd111-MT151-Asami-213260043.1968                               2 2.75000E-05 1.37600E-04
n-Cd111-MT151-Bollinger-12043003.1964                            4 2.80000E-05 1.64000E-04
n-Cd111-MT151-Desjardins-126270051.1959                          4 8.63000E-05 1.64300E-04
n-Cd111-MT151-Desjardins-126270052.1959                          3 9.96000E-05 1.64300E-04
n-Cd111-MT151-Desjardins-126270053.1959                          3 9.96000E-05 1.64300E-04
n-Cd111-MT151-Desjardins-126270054.1959                          1 1.64300E-04 1.64300E-04
n-Cd111-MT151-Frank-410080041.1988                               2 4.56000E-06 6.95000E-06
n-Cd111-MT151-Frank-410080042.1988                               2 4.56000E-06 6.95000E-06
n-Cd111-MT151-Frank-410080043.1988                               2 4.56000E-06 6.95000E-06
n-Cd111-MT151-Ignatiev-412670021.1963                            1 2.80000E-05 2.80000E-05
n-Cd111-MT151-Jackson-11992006.1961                              8 2.77000E-05 2.33600E-04
n-Cd111-MT151-Julien-20687021.1969                               1 5.00000E-05 5.00000E-05
n-Cd111-MT151-Julien-206870221.1969                              3 2.74000E-05 9.98000E-05
n-Cd111-MT151-Julien-206870222.1969                              3 2.74000E-05 9.98000E-05
n-Cd111-MT151-Julien-206870223.1969                              2 2.74000E-05 9.98000E-05
n-Cd111-MT151-Julien-206870224.1969                              2 2.74000E-05 9.98000E-05
n-Cd111-MT151-Julien-206870225.1969                              1 2.74000E-05 2.74000E-05
n-Cd111-MT151-Julien-206870226.1969                              1 2.74000E-05 2.74000E-05
n-Cd111-MT151-Karzhavina-40405006.1973                          13 2.75000E-05 3.90100E-04
n-Cd111-MT151-King-100400081.1969                                1 1.63000E-04 1.63000E-04
n-Cd111-MT151-King-100400081A001.1969                            1 1.63000E-04 1.63000E-04
n-Cd111-MT151-King-100400082.1969                                1 1.63000E-04 1.63000E-04
n-Cd111-MT151-King-100400082A001.1969                            1 1.63000E-04 1.63000E-04
n-Cd111-MT151-King-100400083.1969                                1 1.63000E-04 1.63000E-04
n-Cd111-MT151-King-100400083A001.1969                            1 1.63000E-04 1.63000E-04
n-Cd111-MT151-King-100400084.1969                                1 1.63000E-04 1.63000E-04
n-Cd111-MT151-King-100400084A001.1969                            1 1.63000E-04 1.63000E-04
n-Cd111-MT151-Liou-105270031.1974                               98 2.75300E-05 2.29440E-03
n-Cd111-MT151-Liou-105270031A001.1974                           98 2.75300E-05 2.29440E-03
n-Cd111-MT151-Liou-105270032.1974                               97 2.75300E-05 2.29440E-03
n-Cd111-MT151-Liou-105270032A001.1974                           97 2.75300E-05 2.29440E-03
n-Cd111-MT151-Liou-105270041.1974                               15 2.75300E-05 1.58170E-03
n-Cd111-MT151-Liou-105270041A001.1974                           15 2.75300E-05 1.58170E-03
n-Cd111-MT151-Liou-105270042.1974                               15 2.75300E-05 1.58170E-03
n-Cd111-MT151-Liou-105270042A001.1974                           15 2.75300E-05 1.58170E-03
n-Cd111-MT151-Liou-105270043.1974                               11 9.94100E-05 1.58170E-03
n-Cd111-MT151-Liou-105270043A001.1974                           11 9.94100E-05 1.58170E-03
n-Cd111-MT151-Liou-10527013.1974                                 1 8.04615E-04 8.04615E-04
n-Cd111-MT151-Liou-10527013A001.1974                             1 8.04615E-04 8.04615E-04
n-Cd111-MT151-Liou-10527014.1974                                 1 1.16096E-03 1.16096E-03
n-Cd111-MT151-Liou-10527014A001.1974                             1 1.16096E-03 1.16096E-03
n-Cd111-MT151-Liou-10527015.1974                                 2 9.52925E-04 1.16096E-03
n-Cd111-MT151-Liou-10527015A001.1974                             2 9.52925E-04 1.16096E-03
n-Cd111-MT151-Palmer-118040102.1956                              2 2.72000E-05 2.72000E-05
n-Cd111-MT151-Palmer-118040104.1956                              2 2.72000E-05 2.72000E-05
n-Cd111-MT151-Priestmeyer-226010041.1977                         9 2.75000E-05 3.10000E-04
n-Cd111-MT151-Priestmeyer-226010042.1977                         9 2.75000E-05 3.10000E-04
n-Cd111-MT151-Priestmeyer-226010043.1977                         1 9.90000E-05 9.90000E-05
n-Cd111-MT151-Schwartz-121520081.1956                            5 2.77000E-05 1.40000E-04
n-Cd111-MT151-Schwartz-121520082.1956                            2 2.77000E-05 1.34000E-04
n-Cd111-MT151-Schwartz-121520083.1956                            1 2.77000E-05 2.77000E-05
n-Cd111-MT151-Schwartz-121520084.1956                            2 6.70000E-05 1.01000E-04
n-Cd111-MT151-Shchepkin-412680031.1966                          21 2.75000E-05 6.25000E-04
n-Cd111-MT151-Shchepkin-412680032.1966                           2 1.64200E-04 2.33800E-04
n-Cd111-MT151-Shchepkin-412680033.1966                          21 2.75000E-05 6.25000E-04
n-Cd111-MT151-Shchepkin-412680034.1966                          21 2.75000E-05 6.25000E-04
n-Cd111-MT151-Shchepkin-412680035.1966                           6 9.96000E-05 5.78000E-04
n-Cd111-MT151-Shchepkin-41268008.1966                            1 2.13750E-04 2.13750E-04
n-Cd111-MT151-Shchepkin-41268009.1966                            1 2.13750E-04 2.13750E-04
n-Cd111-MT151-Simpson-119680041.1957                             6 2.81000E-05 2.25000E-04
n-Cd111-MT151-Simpson-119680042.1957                             1 2.81000E-05 2.81000E-05
n-Cd111-MT151-Simpson-119680043.1957                             5 2.81000E-05 1.65000E-04
n-Cd111-MT151-Simpson-119680044.1957                             5 2.81000E-05 1.65000E-04
n-Cd111-MT151-Volev-231960291.2013                              43 2.75700E-05 1.76668E-03
n-Cd111-MT151-Volev-231960292.2013                              43 2.75700E-05 1.76668E-03
n-Cd111-MT151-Volev-231960293.2013                               8 2.75700E-05 1.74341E-03
n-Cd111-MT151-Volev-231960294.2013                              10 2.75700E-05 1.74341E-03
n-Cd111-MT151-Wasson-107460021.1973                            140 2.76000E-04 2.30100E-03
n-Cd111-MT151-Wasson-107460021A001.1973                        140 2.76000E-04 2.30100E-03
n-Cd111-MT151-Wasson-107460023.1973                            140 2.76000E-04 2.30100E-03
n-Cd111-MT151-Wasson-107460023A001.1973                        140 2.76000E-04 2.30100E-03
n-Cd111-MT151-Wasson-107460024.1973                             47 2.76000E-04 2.14900E-03
n-Cd111-MT151-Wasson-107460024A001.1973                         47 2.76000E-04 2.14900E-03
n-Cd111-MT151-Wasson-10746003.1973                               1 1.28550E-03 1.28550E-03
n-Cd111-MT151-Wasson-10746003A001.1973                           1 1.28550E-03 1.28550E-03
n-Cd111-MT151-Wasson-10746004.1973                               1 1.28550E-03 1.28550E-03
n-Cd111-MT151-Wasson-10746004A001.1973                           1 1.28550E-03 1.28550E-03
