#              Filename                                         N    min         max
a-Ni058-MT002-Aisina-F0497009-ang-E0050.500.1989                43 2.00000E+01 5.27000E+01
a-Ni058-MT002-Albinski-D0256002-ang-E0172.500.1985              72 4.40002E+00 7.32000E+01
a-Ni058-MT002-Budzanowski-D0296002-ang-E0029.000.1978           62 1.72000E+01 1.75900E+02
a-Ni058-MT002-Budzanowski-D0296002-ang-E0034.000.1978           62 1.63000E+01 1.74200E+02
a-Ni058-MT002-Budzanowski-D0296002-ang-E0038.000.1978           89 1.63000E+01 1.75200E+02
a-Ni058-MT002-Budzanowski-D0296002-ang-E0058.000.1978          100 2.25000E+01 1.69800E+02
a-Ni058-MT002-Budzanowski-D0296005-ang-E0025.141.1978           14 1.78400E+02 1.78400E+02
a-Ni058-MT002-Chang-D0307005-ang-E0082.000.1976                 99 1.25000E+01 1.65000E+02
a-Ni058-MT002-Clark-C0123002-ang-E0240.000.1995                 57 1.19992E+00 1.56000E+01
a-Ni058-MT002-Cowley-D0374010-ang-E0024.305.1974                 9 1.78000E+02 1.78000E+02
a-Ni058-MT002-Darriulat-C1025004-ang-E0064.500.1964            219 9.69998E+00 7.73000E+01
a-Ni058-MT002-Fernandez-T0223012-ang-E0042.000.1970              9 3.03000E+01 3.24000E+01
a-Ni058-MT002-Fulmer-C0924004-ang-E0021.080.1968                48 2.40000E+01 1.65000E+02
a-Ni058-MT002-Gonchar-D8015002-ang-E0038.000.1968               70 3.40001E+00 7.75000E+01
a-Ni058-MT002-Inoue-E2573002-ang-E0034.400.1968                 19 1.50000E+01 6.12000E+01
a-Ni058-MT002-Kumabe-E2241004-ang-E0028.500.1964                23 1.99000E+01 7.50000E+01
a-Ni058-MT002-Leejr-C1024015-ang-E0012.000.1964                 22 2.00000E+01 1.60000E+02
a-Ni058-MT002-Rebel-D0255002-ang-E0104.000.1972                104 5.39997E+00 5.94000E+01
a-Ni058-MT002-Takahashi-E2247002-ang-E0022.200.1965             26 2.04000E+01 9.05000E+01
a-Ni058-MT002-Uchida-E1899020-ang-E0386.000.2004                46 2.69994E+00 2.49000E+01
