#              Filename                                         N    min         max
h-C012-MT002-Burtebaev-A0828002-ang-E0039.600.1987              83 7.99998E+00 1.72000E+02
h-C012-MT002-Burtebaev-D09250251-ang-E0050.000.1988             65 1.00000E+01 1.70000E+02
h-C012-MT002-Demyanova-F0846002-ang-E0072.000.1992              56 7.99998E+00 1.70000E+02
h-C012-MT002-Fujimura-E1904010-ang-E0450.000.2004               39 1.80016E+00 2.13000E+01
h-C012-MT002-Hamada-D0711002-ang-E0050.500.2013                 65 1.00000E+01 1.70000E+02
h-C012-MT002-Hamada-D0711002-ang-E0060.000.2013                 42 1.60000E+01 1.27900E+02
h-C012-MT002-Kamiya-E1823002-ang-E0443.000.2003                 39 1.80016E+00 2.13000E+01
h-C012-MT002-Kuan-C1040002-ang-E0001.840.1964                    1 7.59000E+01 1.59400E+02
h-C012-MT002-Kuan-C1040002-ang-E0001.890.1964                    1 7.59000E+01 1.59400E+02
h-C012-MT002-Kuan-C1040002-ang-E0001.900.1964                    1 1.59400E+02 1.59400E+02
h-C012-MT002-Mangelson-C0934002-ang-E0020.100.1967              26 8.49999E+00 6.25000E+01
h-C012-MT002-Matsuda-E1477019-ang-E0025.300.1968                16 1.76000E+01 5.74000E+01
h-C012-MT002-Pankratov-F1403002-ang-E0026.100.1963              19 1.71000E+01 1.08700E+02
h-C012-MT002-Pankratov-F1403002-ang-E0027.400.1963              20 1.69000E+01 1.07800E+02
h-C012-MT002-Pankratov-F1403002-ang-E0028.600.1963              19 1.63000E+01 1.07500E+02
h-C012-MT002-Pankratov-F1403002-ang-E0029.700.1963              20 1.63000E+01 1.06300E+02
h-C012-MT002-Pankratov-F1403002-ang-E0031.200.1963              19 1.63000E+01 1.06400E+02
h-C012-MT002-Pankratov-F1403002-ang-E0037.600.1963              19 1.63000E+01 1.06200E+02
h-C012-MT002-Schapira-F1092002-ang-E0002.013.1966                1 1.25000E+02 1.65000E+02
h-C012-MT002-Schapira-F1092002-ang-E0002.017.1966                1 5.50000E+01 1.25000E+02
h-C012-MT002-Schapira-F1092002-ang-E0002.022.1966                1 5.50000E+01 1.25000E+02
h-C012-MT002-Schapira-F1092002-ang-E0002.119.1966                1 1.25000E+02 1.65000E+02
h-C012-MT002-Schapira-F1092002-ang-E0002.123.1966                1 5.50000E+01 1.65000E+02
h-C012-MT002-Schapira-F1092002-ang-E0002.132.1966                1 5.50000E+01 1.65000E+02
h-C012-MT002-Schapira-F1092002-ang-E0002.241.1966                1 1.25000E+02 1.65000E+02
h-C012-MT002-Schapira-F1092002-ang-E0002.252.1966                1 1.25000E+02 1.25000E+02
h-C012-MT002-Schapira-F1092003-ang-E0002.059.1966               52 1.50000E+01 1.50000E+01
h-C012-MT002-Schwartz-F1091002-ang-E0007.998.1966               33 1.50000E+01 1.50000E+01
h-C012-MT002-Schwartz-F1091003-ang-E0008.001.1966               30 4.50000E+01 4.50000E+01
h-C012-MT002-Schwartz-F1091004-ang-E0007.997.1966               32 7.50000E+01 7.50000E+01
h-C012-MT002-Tanabe-E2330002-ang-E0082.100.1976                 54 3.30002E+00 1.01400E+02
h-C012-MT002-Terwagne-A0623004-ang-E0001.958.1997               28 1.77200E+02 1.77200E+02
h-C012-MT002-Weller-F0928009-ang-E0004.401.1968                116 1.40000E+02 1.40000E+02
h-C012-MT002-Yamagata-E1594007-ang-E0450.000.1995               32 4.40002E+00 2.02000E+01
