#              Filename                                         N    min         max
t-C012-MT801-Etoh-E2273031-E0001.281.1969                      118 4.45000E+01 4.45000E+01
t-C012-MT801-Etoh-E2273032-E0000.614.1969                      170 7.60000E+01 7.60000E+01
t-C012-MT801-Etoh-E2273033-E0000.701.1969                      143 1.12500E+02 1.12500E+02
t-C012-MT801-Etoh-E2273034-E0000.900.1969                       56 1.50000E+02 1.50000E+02
t-C012-MT801-Etoh-E2273035-E0001.399.1969                       39 1.60000E+02 1.60000E+02
t-C012-MT801-Etoh-E2273036-E0000.598.1969                      141 1.65000E+02 1.65000E+02
t-C012-MT801-Etoh-E2273055-E0001.110.1969                       13 3.12000E+01 1.51900E+02
t-C012-MT801-Etoh-E2273056-E0001.601.1969                        9 3.09000E+01 1.65400E+02
t-C012-MT801-Etoh-E2273057-E0001.843.1969                        9 3.14000E+01 1.65200E+02
t-C012-MT801-Etoh-E2273058-E0002.000.1969                       10 2.59000E+01 1.66500E+02
t-C012-MT801-Etoh-E2273059-E0002.048.1969                        9 3.10000E+01 1.64800E+02
t-C012-MT801-Etoh-E2273060-E0002.145.1969                        9 3.17000E+01 1.64900E+02
t-C012-MT801-Etoh-E2273061-E0002.247.1969                        9 3.06000E+01 1.64700E+02
t-C012-MT801-Etoh-E2273062-E0002.350.1969                        9 3.09000E+01 1.64800E+02
t-C012-MT801-Etoh-E2273063-E0002.450.1969                       15 2.07000E+01 1.60600E+02
t-C012-MT801-Etoh-E2273064-E0002.545.1969                       10 2.59000E+01 1.65700E+02
t-C012-MT801-Etoh-E2273065-E0002.654.1969                        9 3.09000E+01 1.66900E+02
t-C012-MT801-Etoh-E2273066-E0002.710.1969                        9 3.11000E+01 1.66300E+02
t-C012-MT801-Etoh-E2273067-E0002.785.1969                        9 3.08000E+01 1.66700E+02
t-C012-MT801-Etoh-E2273068-E0002.861.1969                        9 3.08000E+01 1.66700E+02
t-C012-MT801-Etoh-E2273069-E0003.000.1969                       16 2.21000E+01 1.61700E+02
t-C012-MT801-Etoh-E2273070-E0003.216.1969                        9 3.14000E+01 1.65400E+02
t-C012-MT801-Etoh-E2273071-E0003.400.1969                        9 2.12000E+01 1.41300E+02
t-C012-MT801-Foot-O1216002-E0033.000.1987                      244 7.60001E+00 1.18200E+02
t-C012-MT801-Niedzwiedziuk-F1375004-E0000.419.1963              86 9.00000E+01 9.00000E+01
t-C012-MT801-Niedzwiedziuk-F1375005-E0000.544.1963              28 9.00000E+01 9.00000E+01
