#              Filename                                         N    min         max
p-B010-MT800-Cronin-F0217003-E0001.200.1956                      1 8.98000E+01 9.04000E+01
p-B010-MT800-Cronin-F0217003-E0001.500.1956                      1 8.98000E+01 8.98000E+01
p-B010-MT800-Cronin-F0217004-E0000.811.1956                      1 9.11000E+01 9.14000E+01
p-B010-MT800-Cronin-F0217004-E0000.909.1956                      1 9.08000E+01 9.11000E+01
p-B010-MT800-Cronin-F0217004-E0001.021.1956                      1 9.06000E+01 9.08000E+01
p-B010-MT800-Cronin-F0217004-E0001.089.1956                      1 9.05000E+01 9.06000E+01
p-B010-MT800-Cronin-F0217004-E0001.149.1956                      1 9.04000E+01 9.05000E+01
p-B010-MT800-Cronin-F0217004-E0001.207.1956                      1 9.03000E+01 9.04000E+01
p-B010-MT800-Cronin-F0217004-E0001.229.1956                      1 9.01000E+01 9.03000E+01
p-B010-MT800-Cronin-F0217004-E0001.339.1956                      1 9.00000E+01 9.01000E+01
p-B010-MT800-Cronin-F0217004-E0001.397.1956                      1 8.99000E+01 9.00000E+01
p-B010-MT800-Cronin-F0217004-E0001.470.1956                      1 8.99000E+01 8.99000E+01
p-B010-MT800-Hauser-F0729003-E0018.000.1986                     15 1.49000E+01 1.35500E+02
p-B010-MT800-Hauser-F0729003-E0022.500.1986                     15 1.49000E+01 1.65000E+02
p-B010-MT800-Jenkin-F0224002-E0001.830.1964                      1 5.00000E+01 9.00000E+01
p-B010-MT800-Jenkin-F0224002-E0001.832.1964                      1 5.00000E+01 9.00000E+01
p-B010-MT800-Jenkin-F0224002-E0001.867.1964                      1 5.00000E+01 9.00000E+01
p-B010-MT800-Jenkin-F0224002-E0001.869.1964                      1 5.00000E+01 9.00000E+01
p-B010-MT800-Jenkin-F0224002-E0001.918.1964                      1 5.00000E+01 9.00000E+01
p-B010-MT800-Jenkin-F0224002-E0001.921.1964                      1 5.00000E+01 9.00000E+01
p-B010-MT800-Jenkin-F0224002-E0001.969.1964                      1 5.00000E+01 9.00000E+01
p-B010-MT800-Jenkin-F0224002-E0001.972.1964                      1 5.00000E+01 5.00000E+01
p-B010-MT800-Jenkin-F0224003-E0002.800.1964                     13 2.90000E+01 1.52500E+02
p-B010-MT800-Jenkin-F0224003-E0003.200.1964                     13 2.91000E+01 1.53100E+02
p-B010-MT800-Jenkin-F0224003-E0003.600.1964                     13 2.93000E+01 1.52700E+02
p-B010-MT800-Jenkin-F0224003-E0003.900.1964                     13 2.76000E+01 1.55100E+02
p-B010-MT800-Jenkin-F0224003-E0004.100.1964                     13 2.76000E+01 1.46100E+02
p-B010-MT800-Jenkin-F0224003-E0004.300.1964                     13 2.95000E+01 1.55400E+02
p-B010-MT800-Jenkin-F0224003-E0004.400.1964                     13 2.96000E+01 1.50500E+02
p-B010-MT800-Jenkin-F0224003-E0004.500.1964                     13 2.73000E+01 1.50500E+02
p-B010-MT800-Jenkin-F0224003-E0004.700.1964                     13 2.73000E+01 1.47300E+02
p-B010-MT800-Jenkin-F0224003-E0004.900.1964                     13 2.76000E+01 1.50700E+02
p-B010-MT800-Jenkin-F0224003-E0005.100.1964                     13 2.67000E+01 1.48500E+02
p-B010-MT800-Jenkin-F0224003-E0005.300.1964                     13 2.67000E+01 1.49500E+02
p-B010-MT800-Jenkin-F0224003-E0005.600.1964                     13 2.77000E+01 1.49700E+02
p-B010-MT800-Jenkin-F0224003-E0006.000.1964                     13 2.76000E+01 1.50900E+02
p-B010-MT800-Jenkin-F0224003-E0006.400.1964                     13 2.76000E+01 1.47700E+02
p-B010-MT800-Jenkin-F0224003-E0006.800.1964                     13 2.77000E+01 1.49000E+02
p-B010-MT800-Jenkin-F0435003-E0001.800.1963                    154 9.00000E+01 9.00000E+01
p-B010-MT800-Lombardo-O2317002-E0000.630.2016                    5 5.05000E+01 1.61200E+02
p-B010-MT800-Lombardo-O2317003-E0000.669.2016                    5 3.08000E+01 1.61100E+02
p-B010-MT800-Lombardo-O2317004-E0000.707.2016                    6 4.03000E+01 1.56800E+02
p-B010-MT800-Lombardo-O2317005-E0000.747.2016                    5 5.08000E+01 1.58800E+02
p-B010-MT800-Lombardo-O2317006-E0000.785.2016                    6 3.94000E+01 1.58700E+02
p-B010-MT800-Lombardo-O2317007-E0000.827.2016                    6 3.05000E+01 1.40600E+02
p-B010-MT800-Lombardo-O2317008-E0000.868.2016                    6 3.99000E+01 1.60900E+02
p-B010-MT800-Lombardo-O2317009-E0000.908.2016                    7 2.95000E+01 1.58600E+02
p-B010-MT800-Lombardo-O2317010-E0000.944.2016                    7 2.95000E+01 1.60800E+02
p-B010-MT800-Lombardo-O2317011-E0000.988.2016                    7 2.94000E+01 1.60700E+02
p-B010-MT800-Lombardo-O2317012-E0001.010.2016                    7 3.03000E+01 1.63300E+02
p-B010-MT800-Lombardo-O2317013-E0001.028.2016                    7 3.03000E+01 1.58400E+02
p-B010-MT800-Overley-F0211004-E0001.663.1962                    64 9.00000E+01 9.00000E+01
p-B010-MT800-Yanabu-F0185010-E0007.000.1964                     15 1.93000E+01 1.60600E+02
p-B010-MT800-Youn-F0421003-E0000.124.1991                       57 1.40000E+02 1.40000E+02
