#              Filename                                         N    min         max
n-Si000-MT002-Adib-30469004.1976                                 1 2.86627E-06 2.86627E-06
n-Si000-MT002-Bacon-22631003.1962                                1 2.53000E-08 2.53000E-08
n-Si000-MT002-Clarke-11286011.1964                               1 1.41000E+01 1.41000E+01
n-Si000-MT002-Drake-11579002.1969                                4 4.00000E+00 7.50000E+00
n-Si000-MT002-Kinney-10107041.1970                               4 5.44000E+00 8.56000E+00
n-Si000-MT002-Kinney-10107041A001.1970                           4 5.44000E+00 8.56000E+00
n-Si000-MT002-Kinney-10573003.1976                            2501 5.00000E-01 3.00000E+00
n-Si000-MT002-Kinney-10573003A001.1976                        2501 5.00000E-01 3.00000E+00
n-Si000-MT002-Knitter-20391002.1967                              8 4.00000E+00 5.75000E+00
n-Si000-MT002-Koester-20857014.1979                              1 5.10000E-10 5.10000E-10
n-Si000-MT002-Koester-20857020.1979                              1 5.10000E-10 5.10000E-10
n-Si000-MT002-Korzh-40043010.1969                                1 1.50000E+00 1.50000E+00
n-Si000-MT002-Korzh-40764002.1964                                3 3.00000E-01 8.00000E-01
n-Si000-MT002-Lane-11574003.1962                                31 3.90000E-02 7.00000E-01
n-Si000-MT002-Lovchikova-40230010.1963                           1 9.00000E-01 9.00000E-01
n-Si000-MT002-Mughabghab-V10010792.2006                          1 2.53000E-08 2.53000E-08
n-Si000-MT002-Niklaus-21336002.1966                              1 9.45774E-06 9.45774E-06
n-Si000-MT002-Niklaus-21336003.1966                              1 9.45774E-06 9.45774E-06
n-Si000-MT002-Niklaus-21336004.1966                              1 9.45774E-06 9.45774E-06
n-Si000-MT002-Obst-10306002.1973                                 1 9.80000E+00 9.80000E+00
n-Si000-MT002-Obst-10306002A001.1973                             1 9.80000E+00 9.80000E+00
n-Si000-MT002-Olsson-22048007.1987                               1 2.16000E+01 2.16000E+01
n-Si000-MT002-Petitt-10235002.1966                               5 2.45000E+00 5.80000E+00
n-Si000-MT002-Petitt-10235002A001.1966                           5 2.45000E+00 5.80000E+00
n-Si000-MT002-Popov-41215007.1963                                1 3.10000E+00 3.10000E+00
n-Si000-MT002-Rayburn-11026011.1965                              1 1.44000E-06 1.44000E-06
n-Si000-MT002-Rayburn-11026011A001.1965                          1 1.44000E-06 1.44000E-06
n-Si000-MT002-Schmidt-22666026.2001                             10 7.89000E+00 1.38500E+01
n-Si000-MT002-Seeliger-30563002.1986                             7 6.80000E+00 1.20000E+01
n-Si000-MT002-Takahashi-22075204.1987                            1 1.41000E+01 1.41000E+01
n-Si000-MT002-Tsukada-20341017.1961                              5 3.50000E+00 4.80000E+00
