#              Filename                                         N    min         max
n-Pb204-MT151-Allen-101550071.1973                               4 2.59600E-03 1.28800E-02
n-Pb204-MT151-Allen-101550071A001.1973                           4 2.59600E-03 1.28800E-02
n-Pb204-MT151-Allen-101550072.1973                               2 8.34800E-03 1.28800E-02
n-Pb204-MT151-Allen-101550072A001.1973                           2 8.34800E-03 1.28800E-02
n-Pb204-MT151-Allen-101550073.1973                               4 2.59600E-03 1.28800E-02
n-Pb204-MT151-Allen-101550073A001.1973                           4 2.59600E-03 1.28800E-02
n-Pb204-MT151-Allen-101550074.1973                               4 2.59600E-03 1.28800E-02
n-Pb204-MT151-Allen-101550074A001.1973                           4 2.59600E-03 1.28800E-02
n-Pb204-MT151-Bartolome-125880032.1967                           5 1.68000E-03 1.28000E-02
n-Pb204-MT151-Block-213920021.1964                               5 1.68000E-03 1.29000E-02
n-Pb204-MT151-Block-213920022.1964                               6 1.68000E-03 2.44000E-02
n-Pb204-MT151-Carlton-139070041.2003                           317 3.95420E-02 9.96799E-01
n-Pb204-MT151-Carlton-139070042.2003                           317 3.95420E-02 9.96799E-01
n-Pb204-MT151-Domingopardo-229450031.2007                      171 4.80300E-04 9.81230E-02
n-Pb204-MT151-Gibbons-122180031.1967                            24 6.49000E-03 5.90000E-02
n-Pb204-MT151-Gibbons-122180032.1967                            23 6.49000E-03 5.90000E-02
n-Pb204-MT151-Gibbons-122180033.1967                            14 6.49000E-03 5.90000E-02
n-Pb204-MT151-Horen-127580021.1984                             240 4.80000E-04 1.03480E-01
n-Pb204-MT151-Horen-127580022.1984                              72 4.80000E-04 1.03480E-01
n-Pb204-MT151-Horen-127580023.1984                              63 1.68600E-03 1.03480E-01
n-Pb204-MT151-Horen-127580024.1984                             122 4.80000E-04 1.03480E-01
n-Pb204-MT151-Horen-127580026.1984                              35 1.33300E-03 8.42890E-02
n-Pb204-MT151-Horen-127580052.1984                               1 5.27000E-02 5.27000E-02
n-Pb204-MT151-Schmiedmayer-221010041.1988                        5 1.68800E-03 1.29160E-02
n-Pb204-MT151-Schmiedmayer-221010042.1988                        5 1.68800E-03 1.29160E-02
