#              Filename                                         N    min         max
a-Li007-MT103-Yamaguchi-E2326004-E0004.726.2011                  1 1.60300E+02 1.60800E+02
a-Li007-MT103-Yamaguchi-E2326004-E0004.756.2011                  1 1.60800E+02 1.61300E+02
a-Li007-MT103-Yamaguchi-E2326004-E0004.785.2011                  1 1.61300E+02 1.61700E+02
a-Li007-MT103-Yamaguchi-E2326004-E0004.815.2011                  1 1.61700E+02 1.62100E+02
a-Li007-MT103-Yamaguchi-E2326004-E0004.844.2011                  1 1.62100E+02 1.62500E+02
a-Li007-MT103-Yamaguchi-E2326004-E0004.873.2011                  1 1.62500E+02 1.62800E+02
a-Li007-MT103-Yamaguchi-E2326004-E0004.903.2011                  1 1.62800E+02 1.63100E+02
a-Li007-MT103-Yamaguchi-E2326004-E0004.932.2011                  1 1.63100E+02 1.63300E+02
a-Li007-MT103-Yamaguchi-E2326004-E0004.962.2011                  1 1.63300E+02 1.63600E+02
a-Li007-MT103-Yamaguchi-E2326004-E0004.991.2011                  1 1.63600E+02 1.63800E+02
a-Li007-MT103-Yamaguchi-E2326004-E0005.021.2011                  1 1.63800E+02 1.64000E+02
a-Li007-MT103-Yamaguchi-E2326004-E0005.050.2011                  1 1.64000E+02 1.64200E+02
a-Li007-MT103-Yamaguchi-E2326004-E0005.080.2011                  1 1.64200E+02 1.64400E+02
a-Li007-MT103-Yamaguchi-E2326004-E0005.109.2011                  1 1.64400E+02 1.64600E+02
a-Li007-MT103-Yamaguchi-E2326004-E0005.138.2011                  1 1.64600E+02 1.64800E+02
a-Li007-MT103-Yamaguchi-E2326004-E0005.168.2011                  1 1.64800E+02 1.64900E+02
a-Li007-MT103-Yamaguchi-E2326004-E0005.197.2011                  1 1.64900E+02 1.65100E+02
a-Li007-MT103-Yamaguchi-E2326004-E0005.227.2011                  1 1.65100E+02 1.65200E+02
a-Li007-MT103-Yamaguchi-E2326004-E0005.256.2011                  1 1.65200E+02 1.65300E+02
a-Li007-MT103-Yamaguchi-E2326004-E0005.286.2011                  1 1.65300E+02 1.65400E+02
a-Li007-MT103-Yamaguchi-E2326004-E0005.315.2011                  1 1.65400E+02 1.65600E+02
a-Li007-MT103-Yamaguchi-E2326004-E0005.345.2011                  1 1.65600E+02 1.65700E+02
a-Li007-MT103-Yamaguchi-E2326004-E0005.374.2011                  1 1.65700E+02 1.65800E+02
a-Li007-MT103-Yamaguchi-E2326004-E0005.403.2011                  1 1.65800E+02 1.65900E+02
a-Li007-MT103-Yamaguchi-E2326004-E0005.433.2011                  1 1.65900E+02 1.66000E+02
a-Li007-MT103-Yamaguchi-E2326004-E0005.462.2011                  1 1.66000E+02 1.66100E+02
a-Li007-MT103-Yamaguchi-E2326004-E0005.492.2011                  1 1.66100E+02 1.66100E+02
