#              Filename                                         N    min         max
p-Be009-MT089-Byrd-T0001002-E0008.150.1983                     187 0.00000E+00 1.50000E+02
p-Be009-MT089-Byrd-T0001003-E0008.040.1983                       1 0.00000E+00 9.00000E+01
p-Be009-MT089-Byrd-T0001003-E0008.150.1983                       1 0.00000E+00 0.00000E+00
p-Be009-MT089-Clough-F0789004-E0030.000.1970                     7 1.80016E+00 6.08000E+01
p-Be009-MT089-Clough-F0789004-E0050.000.1970                     7 1.80016E+00 6.03000E+01
p-Be009-MT089-Generalov-F1457004-E0002.182.2020                147 0.00000E+00 0.00000E+00
p-Be009-MT089-Jon-E2092003-E0035.000.2000                       16 0.00000E+00 1.39700E+02
p-Be009-MT089-Kelsey-F0128002-E0002.500.1963                    14 3.00014E-01 1.41600E+02
p-Be009-MT089-Kelsey-F0128002-E0002.560.1963                    14 9.89117E-02 1.30500E+02
p-Be009-MT089-Kelsey-F0128002-E0002.600.1963                    14 9.89117E-02 1.39900E+02
p-Be009-MT089-Kelsey-F0128002-E0002.900.1963                    12 1.99792E-01 1.40100E+02
p-Be009-MT089-Kelsey-F0128002-E0003.350.1963                    12 1.99792E-01 1.59300E+02
p-Be009-MT089-Marion-F0118002-E0002.020.1956                     1 0.00000E+00 9.00000E+01
p-Be009-MT089-Marion-F0118002-E0002.040.1956                     1 0.00000E+00 9.00000E+01
p-Be009-MT089-Marion-F0118002-E0002.140.1956                     1 0.00000E+00 9.00000E+01
p-Be009-MT089-Marion-F0118003-E0002.560.1956                    16 4.00074E-01 1.51300E+02
p-Be009-MT089-Marion-F0118003-E0002.920.1956                    16 5.00068E-01 1.50400E+02
p-Be009-MT089-Marion-F0120002-E0002.268.1959                    72 0.00000E+00 0.00000E+00
p-Be009-MT089-Marion-F0126002-E0001.880.1955                   109 4.99999E+00 4.99999E+00
p-Be009-MT089-Marion-F0126004-E0002.520.1955                     1 4.99999E+00 4.99999E+00
p-Be009-MT089-Murphy-T0002003-E0016.440.1986                    20 4.19997E+00 1.56000E+02
p-Be009-MT089-Murphy-T0002003-E0017.570.1986                    20 4.30002E+00 1.54800E+02
p-Be009-MT089-Walker-F0129002-E0003.500.1965                    14 0.00000E+00 1.49300E+02
p-Be009-MT089-Walker-F0129002-E0004.800.1965                    15 0.00000E+00 1.48300E+02
p-Be009-MT089-Walker-F0129002-E0005.100.1965                    15 9.00051E-01 1.47600E+02
p-Be009-MT089-Walker-F0129002-E0007.100.1965                     9 9.00051E-01 1.63500E+02
p-Be009-MT089-Walker-F0129002-E0007.500.1965                    11 9.00051E-01 1.64700E+02
p-Be009-MT089-Walker-F0129002-E0007.600.1965                    10 9.90000E+00 1.69800E+02
p-Be009-MT089-Walker-F0129002-E0008.500.1965                    10 9.00051E-01 1.58800E+02
p-Be009-MT089-Walker-F0129002-E0009.700.1965                    13 9.00051E-01 1.40700E+02
p-Be009-MT089-Walker-F0129002-E0010.900.1965                     8 1.54000E+01 1.20300E+02
