#              Filename                                         N    min         max
n-Se082-MT002-Konobeevskii-40845028-ang-E0001.180.1984           9 2.97000E+01 1.49600E+02
n-Se082-MT002-Korzh-40858005-ang-E0001.500.1983                 58 2.00000E+01 1.50000E+02
n-Se082-MT002-Lachkar-20426021-ang-E0006.000.1976               58 2.00000E+01 1.49900E+02
n-Se082-MT002-Musaelyan-41006013-ang-E0000.340.1987              9 3.00000E+01 1.50000E+02
n-Se082-MT002-Musaelyan-41006017-ang-E0000.540.1987              9 3.00000E+01 1.50000E+02
n-Se082-MT002-Musaelyan-41006021-ang-E0000.720.1987              9 3.00000E+01 1.50000E+02
n-Se082-MT002-Musaelyan-41006025-ang-E0000.880.1987              9 3.00000E+01 1.50000E+02
n-Se082-MT002-Musaelyan-41029003-ang-E0000.435.1989              1 1.35000E+02 1.50000E+02
n-Se082-MT002-Musaelyan-41029003-ang-E0000.437.1989              1 8.50000E+01 1.35000E+02
n-Se082-MT002-Musaelyan-41029003-ang-E0000.437A001.1989          1 8.50000E+01 1.20000E+02
n-Se082-MT002-Musaelyan-41029003-ang-E0000.437A002.1989          1 1.05000E+02 1.20000E+02
n-Se082-MT002-Musaelyan-41029003-ang-E0000.437A003.1989          1 4.50000E+01 1.05000E+02
n-Se082-MT002-Musaelyan-41029003-ang-E0000.439.1989              1 4.50000E+01 6.00000E+01
n-Se082-MT002-Musaelyan-41029003-ang-E0000.440.1989              1 3.00000E+01 6.00000E+01
n-Se082-MT002-Musaelyan-41029003-ang-E0000.442.1989              1 3.00000E+01 8.50000E+01
n-Se082-MT002-Musaelyan-41029003-ang-E0000.467.1989              1 8.50000E+01 1.20000E+02
n-Se082-MT002-Musaelyan-41029003-ang-E0000.467A001.1989          2 6.00000E+01 1.50000E+02
n-Se082-MT002-Musaelyan-41029003-ang-E0000.467A002.1989          1 3.00000E+01 6.00000E+01
n-Se082-MT002-Musaelyan-41029003-ang-E0000.469.1989              1 3.00000E+01 1.35000E+02
n-Se082-MT002-Musaelyan-41029003-ang-E0000.469A001.1989          1 1.05000E+02 1.35000E+02
n-Se082-MT002-Musaelyan-41029003-ang-E0000.469A002.1989          1 4.50000E+01 1.05000E+02
n-Se082-MT002-Musaelyan-41029003-ang-E0000.470.1989              1 4.50000E+01 1.50000E+02
n-Se082-MT002-Musaelyan-41029003-ang-E0000.495.1989              1 1.35000E+02 1.50000E+02
n-Se082-MT002-Musaelyan-41029003-ang-E0000.497.1989              1 6.00000E+01 1.35000E+02
n-Se082-MT002-Musaelyan-41029003-ang-E0000.498.1989              1 6.00000E+01 8.50000E+01
n-Se082-MT002-Musaelyan-41029003-ang-E0000.499.1989              1 8.50000E+01 1.05000E+02
n-Se082-MT002-Musaelyan-41029003-ang-E0000.499A001.1989          1 1.05000E+02 1.20000E+02
n-Se082-MT002-Musaelyan-41029003-ang-E0000.500.1989              1 3.00000E+01 1.20000E+02
n-Se082-MT002-Musaelyan-41029003-ang-E0000.500A001.1989          1 3.00000E+01 4.50000E+01
n-Se082-MT002-Musaelyan-41029003-ang-E0000.504.1989              1 3.00000E+01 4.50000E+01
n-Se082-MT002-Musaelyan-41029003-ang-E0000.527.1989              1 3.00000E+01 1.35000E+02
n-Se082-MT002-Musaelyan-41029003-ang-E0000.528.1989              1 1.35000E+02 1.50000E+02
n-Se082-MT002-Musaelyan-41029003-ang-E0000.528A001.1989          1 1.20000E+02 1.50000E+02
n-Se082-MT002-Musaelyan-41029003-ang-E0000.530.1989              1 6.00000E+01 1.20000E+02
n-Se082-MT002-Musaelyan-41029003-ang-E0000.530A001.1989          1 6.00000E+01 8.50000E+01
n-Se082-MT002-Musaelyan-41029003-ang-E0000.531.1989              1 4.50000E+01 8.50000E+01
n-Se082-MT002-Musaelyan-41029003-ang-E0000.531A001.1989          2 4.50000E+01 1.50000E+02
n-Se082-MT002-Musaelyan-41029003-ang-E0000.574.1989              1 6.00000E+01 1.50000E+02
n-Se082-MT002-Musaelyan-41029003-ang-E0000.575.1989              1 3.00000E+01 6.00000E+01
n-Se082-MT002-Musaelyan-41029003-ang-E0000.576.1989              1 3.00000E+01 1.20000E+02
n-Se082-MT002-Musaelyan-41029003-ang-E0000.576A001.1989          1 1.20000E+02 1.35000E+02
n-Se082-MT002-Musaelyan-41029003-ang-E0000.577.1989              1 1.05000E+02 1.35000E+02
n-Se082-MT002-Musaelyan-41029003-ang-E0000.578.1989              1 4.50000E+01 1.05000E+02
n-Se082-MT002-Musaelyan-41029003-ang-E0000.579.1989              1 4.50000E+01 8.50000E+01
n-Se082-MT002-Musaelyan-41029003-ang-E0000.579A001.1989          1 3.00000E+01 8.50000E+01
n-Se082-MT002-Musaelyan-41029003-ang-E0000.614.1989              1 3.00000E+01 1.20000E+02
n-Se082-MT002-Musaelyan-41029003-ang-E0000.614A001.1989          1 6.00000E+01 1.20000E+02
n-Se082-MT002-Musaelyan-41029003-ang-E0000.614A002.1989          1 6.00000E+01 1.50000E+02
n-Se082-MT002-Musaelyan-41029003-ang-E0000.616.1989              1 8.50000E+01 1.50000E+02
n-Se082-MT002-Musaelyan-41029003-ang-E0000.619.1989              1 8.50000E+01 1.35000E+02
n-Se082-MT002-Musaelyan-41029003-ang-E0000.619A001.1989          1 1.05000E+02 1.35000E+02
n-Se082-MT002-Musaelyan-41029003-ang-E0000.620.1989              1 4.50000E+01 1.05000E+02
n-Se082-MT002-Musaelyan-41029003-ang-E0000.621.1989              1 3.00000E+01 4.50000E+01
n-Se082-MT002-Musaelyan-41029003-ang-E0000.645.1989              1 3.00000E+01 1.35000E+02
n-Se082-MT002-Musaelyan-41029003-ang-E0000.645A001.1989          1 1.35000E+02 1.50000E+02
n-Se082-MT002-Musaelyan-41029003-ang-E0000.646.1989              1 6.00000E+01 1.50000E+02
n-Se082-MT002-Musaelyan-41029003-ang-E0000.646A001.1989          1 4.50000E+01 6.00000E+01
n-Se082-MT002-Musaelyan-41029003-ang-E0000.647.1989              1 4.50000E+01 1.20000E+02
n-Se082-MT002-Musaelyan-41029003-ang-E0000.648.1989              1 8.50000E+01 1.20000E+02
n-Se082-MT002-Musaelyan-41029003-ang-E0000.649.1989              1 8.50000E+01 1.05000E+02
n-Se082-MT002-Musaelyan-41029003-ang-E0000.650.1989              1 1.05000E+02 1.35000E+02
n-Se082-MT002-Musaelyan-41029003-ang-E0000.676.1989              1 1.35000E+02 1.50000E+02
n-Se082-MT002-Musaelyan-41029003-ang-E0000.676A001.1989          1 6.00000E+01 1.50000E+02
n-Se082-MT002-Musaelyan-41029003-ang-E0000.677.1989              1 4.50000E+01 6.00000E+01
n-Se082-MT002-Musaelyan-41029003-ang-E0000.677A001.1989          1 4.50000E+01 1.05000E+02
n-Se082-MT002-Musaelyan-41029003-ang-E0000.678.1989              1 1.05000E+02 1.20000E+02
n-Se082-MT002-Musaelyan-41029003-ang-E0000.678A001.1989          1 3.00000E+01 1.20000E+02
n-Se082-MT002-Musaelyan-41029003-ang-E0000.679.1989              1 3.00000E+01 8.50000E+01
n-Se082-MT002-Musaelyan-41029003-ang-E0000.679A001.1989          1 6.00000E+01 8.50000E+01
n-Se082-MT002-Musaelyan-41029003-ang-E0000.734.1989              1 6.00000E+01 1.35000E+02
n-Se082-MT002-Musaelyan-41029003-ang-E0000.736.1989              1 1.05000E+02 1.35000E+02
n-Se082-MT002-Musaelyan-41029003-ang-E0000.736A001.1989          1 1.05000E+02 1.50000E+02
n-Se082-MT002-Musaelyan-41029003-ang-E0000.737.1989              1 4.50000E+01 1.50000E+02
n-Se082-MT002-Musaelyan-41029003-ang-E0000.737A001.1989          1 3.00000E+01 4.50000E+01
n-Se082-MT002-Musaelyan-41029003-ang-E0000.738.1989              3 3.00000E+01 1.20000E+02
