#              Filename                                         N    min         max
d-Th230-MT701-Burke-C1656058-E0017.000.2008                     19 4.92000E+00 8.00700E+01
d-Th230-MT701-Burke-C1656059-E0017.000.2008                     19 4.94997E+00 8.00900E+01
d-Th230-MT701-Burke-C1656060-E0017.000.2008                     17 4.99999E+00 7.01200E+01
d-Th230-MT701-Burke-C1656061-E0017.000.2008                     16 4.98998E+00 6.00400E+01
d-Th230-MT701-Burke-C1656062-E0017.000.2008                     16 5.15001E+00 6.00000E+01
d-Th230-MT701-Burke-C1656063-E0017.000.2008                     19 4.99999E+00 8.00000E+01
d-Th230-MT701-Burke-C1656064-E0017.000.2008                     19 5.05005E+00 8.00300E+01
d-Th230-MT701-Burke-C1656065-E0017.000.2008                     19 5.00997E+00 8.00100E+01
d-Th230-MT701-Burke-C1656066-E0017.000.2008                     19 5.00997E+00 8.00800E+01
d-Th230-MT701-Burke-C1656067-E0017.000.2008                     19 5.03999E+00 8.00400E+01
d-Th230-MT701-Burke-C1656068-E0017.000.2008                     19 5.08997E+00 8.00000E+01
d-Th230-MT701-Burke-C1656069-E0017.000.2008                     19 4.97000E+00 8.00000E+01
d-Th230-MT701-Burke-C1656070-E0017.000.2008                     19 5.00997E+00 8.00000E+01
d-Th230-MT701-Burke-C1656071-E0017.000.2008                     19 5.03999E+00 7.99600E+01
d-Th230-MT701-Burke-C1656072-E0017.000.2008                     19 5.00997E+00 7.99600E+01
d-Th230-MT701-Burke-C1656073-E0017.000.2008                     19 4.98998E+00 7.99300E+01
d-Th230-MT701-Burke-C1656074-E0017.000.2008                     19 5.03999E+00 8.00600E+01
d-Th230-MT701-Burke-C1656075-E0017.000.2008                     19 5.08997E+00 8.00100E+01
d-Th230-MT701-Burke-C1656076-E0017.000.2008                     19 5.08997E+00 7.99900E+01
d-Th230-MT701-Burke-C1656077-E0017.000.2008                     19 5.03003E+00 8.00000E+01
d-Th230-MT701-Burke-C1656078-E0017.000.2008                     19 4.98998E+00 8.00100E+01
d-Th230-MT701-Burke-C1656079-E0017.000.2008                     19 4.98998E+00 8.00000E+01
d-Th230-MT701-Burke-C1656080-E0017.000.2008                     19 4.98998E+00 8.00200E+01
d-Th230-MT701-Burke-C1656081-E0017.000.2008                     19 4.98998E+00 8.00100E+01
d-Th230-MT701-Burke-C1656082-E0017.000.2008                     19 5.39997E+00 8.00100E+01
d-Th230-MT701-Burke-C1656083-E0017.000.2008                     19 5.00997E+00 8.00500E+01
d-Th230-MT701-Burke-C1656084-E0017.000.2008                     19 5.09997E+00 8.00000E+01
d-Th230-MT701-Burke-C1656085-E0017.000.2008                     19 4.98998E+00 8.00500E+01
d-Th230-MT701-Burke-C1656086-E0017.000.2008                     18 5.00997E+00 8.00500E+01
d-Th230-MT701-Burke-C1656087-E0017.000.2008                     19 5.00997E+00 8.00500E+01
d-Th230-MT701-Burke-C1656088-E0017.000.2008                     19 4.97000E+00 7.99600E+01
d-Th230-MT701-Burke-C1656089-E0017.000.2008                     19 4.98998E+00 7.99500E+01
d-Th230-MT701-Burke-C1656090-E0017.000.2008                     17 4.99999E+00 8.00200E+01
d-Th230-MT701-Burke-C1656091-E0017.000.2008                     19 4.97000E+00 8.00000E+01
d-Th230-MT701-Burke-C1656092-E0017.000.2008                     17 5.07995E+00 8.00800E+01
d-Th230-MT701-Burke-C1656093-E0017.000.2008                     17 5.05997E+00 8.00300E+01
d-Th230-MT701-Burke-C1656095-E0017.000.2008                     55 6.00000E+01 6.00000E+01
