#              Filename                                         N    min         max
n-Au197-MT002-Allen-12207004-ang-E0000.500.1956                  9 2.50417E+01 1.30016E+02
n-Au197-MT002-Buccino-11877009-ang-E0005.000.1966               13 1.99988E+01 1.39996E+02
n-Au197-MT002-Cox-10332030-ang-E0000.878.1972                    8 2.10000E+01 1.57000E+02
n-Au197-MT002-Cox-10332030-ang-E0000.878A001.1972                8 2.10000E+01 1.57000E+02
n-Au197-MT002-Cox-13011002-ang-E0002.000.1972                   16 1.99000E+01 1.61200E+02
n-Au197-MT002-Day-12191003-ang-E0000.500.1965                   71 2.02000E+01 1.49700E+02
n-Au197-MT002-Etemad-20346018-ang-E0007.000.1973                20 2.00000E+01 1.60000E+02
n-Au197-MT002-Hansen-12935012-ang-E0014.600.1985                15 9.24998E+00 1.59100E+02
n-Au197-MT002-Hoffman-10264002-ang-E3.51E-05.1974            20650 4.00000E+01 4.00000E+01
n-Au197-MT002-Hoffman-10264003-ang-E3.51E-05.1974            20650 9.00000E+01 9.00000E+01
n-Au197-MT002-Holmqvist-20162024-ang-E0008.050.1971             20 2.00000E+01 1.60000E+02
n-Au197-MT002-Kuchnir-11977004-ang-E0000.600.1968               31 1.74999E+00 1.50000E+01
n-Au197-MT002-Litvinskij-41185006-ang-E0000.134.1994             3 4.50000E+01 1.35000E+02
n-Au197-MT002-Smith-14033002-ang-E0004.510.2005                 30 1.73700E+01 1.57400E+02
n-Au197-MT002-Smith-14033002-ang-E0005.010.2005                 30 1.73700E+01 1.57400E+02
n-Au197-MT002-Thomson-11495050-ang-E0004.000.1963                2 9.00000E+01 9.00000E+01
n-Au197-MT002-Walt-11215049-ang-E0004.100.1955                  13 1.41000E+01 1.48200E+02
n-Au197-MT002-Walt-11215049-ang-E0004.100A001.1955              13 1.41000E+01 1.48200E+02
n-Au197-MT002-Walt-11637070-ang-E0001.000.1954                   9 3.06834E+01 1.49317E+02
