#              Filename                                         N    min         max
p-O018-MT601-Djalali-O0042017-ang-E0201.000.1987                21 3.00003E+00 9.09999E+00
p-O018-MT601-Escudie-F0819003-ang-E0024.500.1974               228 1.98000E+01 1.67500E+02
p-O018-MT601-Fabrici-O1198025-ang-E0035.200.1980                31 1.50000E+01 1.66100E+02
p-O018-MT601-Khan-F0818003-ang-E0043.000.2000                   13 2.64000E+01 4.42000E+01
p-O018-MT601-Stevens-F1089004-ang-E0007.890.1966                17 2.77000E+01 1.55300E+02
p-O018-MT601-Stevens-F1089004-ang-E0008.770.1966                17 2.77000E+01 1.58900E+02
p-O018-MT601-Stevens-F1089004-ang-E0009.240.1966                17 2.83000E+01 1.59600E+02
p-O018-MT601-Stevens-F1089004-ang-E0009.660.1966                17 2.80000E+01 1.58400E+02
p-O018-MT601-Stevens-F1089004-ang-E0010.610.1966                17 2.80000E+01 1.57800E+02
p-O018-MT601-Stevens-F1089005-ang-E0013.040.1966                16 2.70000E+01 1.48900E+02
p-O018-MT601-Stevens-F1089009-ang-E0007.851.1966                 1 6.68000E+01 1.23000E+02
p-O018-MT601-Stevens-F1089009-ang-E0007.875.1966                 1 4.60000E+01 6.68000E+01
p-O018-MT601-Stevens-F1089009-ang-E0007.879.1966                 1 4.60000E+01 1.39100E+02
p-O018-MT601-Stevens-F1089009-ang-E0007.907.1966                 1 8.71000E+01 1.39100E+02
p-O018-MT601-Stevens-F1089009-ang-E0007.920.1966                 1 8.71000E+01 1.23000E+02
p-O018-MT601-Stevens-F1089009-ang-E0008.232.1966                 1 6.68000E+01 1.23000E+02
p-O018-MT601-Stevens-F1089009-ang-E0008.237.1966                 1 4.60000E+01 6.68000E+01
p-O018-MT601-Stevens-F1089009-ang-E0008.280.1966                 1 4.60000E+01 1.39100E+02
p-O018-MT601-Stevens-F1089009-ang-E0008.281.1966                 1 8.71000E+01 1.39100E+02
p-O018-MT601-Stevens-F1089009-ang-E0008.307.1966                 1 8.71000E+01 1.23000E+02
p-O018-MT601-Stevens-F1089009-ang-E0008.502.1966                 1 6.68000E+01 1.23000E+02
p-O018-MT601-Stevens-F1089009-ang-E0008.524.1966                 1 6.68000E+01 1.39100E+02
p-O018-MT601-Stevens-F1089009-ang-E0008.543.1966                 1 4.60000E+01 1.39100E+02
p-O018-MT601-Stevens-F1089009-ang-E0008.554.1966                 1 4.60000E+01 8.71000E+01
p-O018-MT601-Stevens-F1089009-ang-E0008.560.1966                 1 8.71000E+01 1.23000E+02
p-O018-MT601-Stevens-F1089009-ang-E0008.821.1966                 1 6.68000E+01 1.23000E+02
p-O018-MT601-Stevens-F1089009-ang-E0008.836.1966                 1 4.60000E+01 6.68000E+01
p-O018-MT601-Stevens-F1089009-ang-E0008.843.1966                 1 4.60000E+01 1.39100E+02
p-O018-MT601-Stevens-F1089009-ang-E0008.854.1966                 1 8.71000E+01 1.39100E+02
p-O018-MT601-Stevens-F1089009-ang-E0008.895.1966                 1 8.71000E+01 1.23000E+02
p-O018-MT601-Stevens-F1089009-ang-E0009.104.1966                 1 6.68000E+01 1.23000E+02
p-O018-MT601-Stevens-F1089009-ang-E0009.135.1966                 1 4.60000E+01 6.68000E+01
p-O018-MT601-Stevens-F1089009-ang-E0009.145.1966                 1 4.60000E+01 1.39100E+02
p-O018-MT601-Stevens-F1089009-ang-E0009.153.1966                 1 8.71000E+01 1.39100E+02
p-O018-MT601-Stevens-F1089009-ang-E0009.181.1966                 1 8.71000E+01 1.23000E+02
p-O018-MT601-Stevens-F1089009-ang-E0009.485.1966                 1 6.68000E+01 1.23000E+02
p-O018-MT601-Stevens-F1089009-ang-E0009.509.1966                 1 4.60000E+01 6.68000E+01
p-O018-MT601-Stevens-F1089009-ang-E0009.531.1966                 1 4.60000E+01 1.39100E+02
p-O018-MT601-Stevens-F1089009-ang-E0009.539.1966                 1 8.71000E+01 1.39100E+02
p-O018-MT601-Stevens-F1089009-ang-E0009.577.1966                 1 8.71000E+01 1.23000E+02
p-O018-MT601-Stevens-F1089009-ang-E0009.885.1966                 1 6.68000E+01 1.23000E+02
p-O018-MT601-Stevens-F1089009-ang-E0009.921.1966                 1 6.68000E+01 1.39100E+02
p-O018-MT601-Stevens-F1089009-ang-E0009.936.1966                 1 4.60000E+01 1.39100E+02
p-O018-MT601-Stevens-F1089009-ang-E0009.947.1966                 1 4.60000E+01 8.71000E+01
p-O018-MT601-Stevens-F1089009-ang-E0009.966.1966                 1 8.71000E+01 1.23000E+02
p-O018-MT601-Stevens-F1089009-ang-E0010.101.1966                 1 6.68000E+01 1.23000E+02
p-O018-MT601-Stevens-F1089009-ang-E0010.133.1966                 1 6.68000E+01 1.39100E+02
p-O018-MT601-Stevens-F1089009-ang-E0010.134.1966                 1 4.60000E+01 1.39100E+02
p-O018-MT601-Stevens-F1089009-ang-E0010.175.1966                 1 4.60000E+01 8.71000E+01
p-O018-MT601-Stevens-F1089009-ang-E0010.178.1966                 1 8.71000E+01 1.23000E+02
p-O018-MT601-Stevens-F1089009-ang-E0010.348.1966                 1 1.23000E+02 1.39100E+02
p-O018-MT601-Stevens-F1089009-ang-E0010.382.1966                 1 6.68000E+01 1.39100E+02
p-O018-MT601-Stevens-F1089009-ang-E0010.383.1966                 1 4.60000E+01 6.68000E+01
p-O018-MT601-Stevens-F1089009-ang-E0010.390.1966                 1 4.60000E+01 8.71000E+01
p-O018-MT601-Stevens-F1089009-ang-E0010.412.1966                 1 8.71000E+01 1.23000E+02
p-O018-MT601-Stevens-F1089009-ang-E0010.558.1966                 1 1.23000E+02 1.39100E+02
p-O018-MT601-Stevens-F1089009-ang-E0010.593.1966                 1 6.68000E+01 1.39100E+02
p-O018-MT601-Stevens-F1089009-ang-E0010.595.1966                 1 6.68000E+01 8.71000E+01
p-O018-MT601-Stevens-F1089009-ang-E0010.613.1966                 1 4.60000E+01 8.71000E+01
p-O018-MT601-Stevens-F1089009-ang-E0010.620.1966                 1 4.60000E+01 1.23000E+02
p-O018-MT601-Stevens-F1089009-ang-E0010.655.1966                 1 1.23000E+02 1.39100E+02
p-O018-MT601-Stevens-F1089009-ang-E0010.693.1966                 1 6.68000E+01 1.39100E+02
p-O018-MT601-Stevens-F1089009-ang-E0010.694.1966                 1 6.68000E+01 8.71000E+01
p-O018-MT601-Stevens-F1089009-ang-E0010.705.1966                 1 4.60000E+01 8.71000E+01
p-O018-MT601-Stevens-F1089009-ang-E0010.706.1966                 1 4.60000E+01 1.23000E+02
p-O018-MT601-Stevens-F1089009-ang-E0011.182.1966                 1 1.23000E+02 1.39100E+02
p-O018-MT601-Stevens-F1089009-ang-E0011.216.1966                 1 6.68000E+01 1.39100E+02
p-O018-MT601-Stevens-F1089009-ang-E0011.218.1966                 1 4.60000E+01 6.68000E+01
p-O018-MT601-Stevens-F1089009-ang-E0011.242.1966                 1 4.60000E+01 8.71000E+01
p-O018-MT601-Stevens-F1089009-ang-E0011.255.1966                 1 8.71000E+01 1.23000E+02
p-O018-MT601-Stevens-F1089009-ang-E0011.344.1966                 1 1.23000E+02 1.39100E+02
p-O018-MT601-Stevens-F1089009-ang-E0011.378.1966                 1 6.68000E+01 1.39100E+02
p-O018-MT601-Stevens-F1089009-ang-E0011.418.1966                 1 4.60000E+01 6.68000E+01
p-O018-MT601-Stevens-F1089009-ang-E0011.428.1966                 2 4.60000E+01 1.23000E+02
p-O018-MT601-Stevens-F1089009-ang-E0011.827.1966                 1 1.23000E+02 1.39100E+02
p-O018-MT601-Stevens-F1089009-ang-E0011.874.1966                 1 6.68000E+01 1.39100E+02
p-O018-MT601-Stevens-F1089009-ang-E0011.879.1966                 1 6.68000E+01 8.71000E+01
p-O018-MT601-Stevens-F1089009-ang-E0011.889.1966                 1 4.60000E+01 8.71000E+01
p-O018-MT601-Stevens-F1089009-ang-E0011.904.1966                 1 4.60000E+01 1.23000E+02
p-O018-MT601-Stevens-F1089009-ang-E0012.172.1966                 1 6.68000E+01 1.23000E+02
p-O018-MT601-Stevens-F1089009-ang-E0012.216.1966                 1 4.60000E+01 6.68000E+01
p-O018-MT601-Stevens-F1089009-ang-E0012.221.1966                 1 4.60000E+01 8.71000E+01
p-O018-MT601-Stevens-F1089009-ang-E0012.225.1966                 1 8.71000E+01 1.39100E+02
p-O018-MT601-Stevens-F1089009-ang-E0012.285.1966                 1 1.23000E+02 1.39100E+02
p-O018-MT601-Stevens-F1089009-ang-E0012.445.1966                 1 1.23000E+02 1.39100E+02
p-O018-MT601-Stevens-F1089009-ang-E0012.483.1966                 1 6.68000E+01 1.39100E+02
p-O018-MT601-Stevens-F1089009-ang-E0012.491.1966                 1 4.60000E+01 6.68000E+01
p-O018-MT601-Stevens-F1089009-ang-E0012.508.1966                 1 4.60000E+01 8.71000E+01
p-O018-MT601-Stevens-F1089009-ang-E0012.524.1966                 1 8.71000E+01 1.23000E+02
p-O018-MT601-Stevens-F1089009-ang-E0012.791.1966                 1 1.23000E+02 1.39100E+02
p-O018-MT601-Stevens-F1089009-ang-E0012.819.1966                 1 6.68000E+01 1.39100E+02
p-O018-MT601-Stevens-F1089009-ang-E0012.827.1966                 1 4.60000E+01 6.68000E+01
p-O018-MT601-Stevens-F1089009-ang-E0012.868.1966                 1 4.60000E+01 8.71000E+01
p-O018-MT601-Stevens-F1089009-ang-E0012.872.1966                 1 8.71000E+01 1.23000E+02
p-O018-MT601-Stevens-F1089009-ang-E0013.062.1966                 1 4.60000E+01 1.23000E+02
p-O018-MT601-Stevens-F1089009-ang-E0013.125.1966                 1 4.60000E+01 6.68000E+01
p-O018-MT601-Stevens-F1089009-ang-E0013.127.1966                 1 6.68000E+01 8.71000E+01
p-O018-MT601-Stevens-F1089009-ang-E0013.147.1966                 1 8.71000E+01 1.23000E+02
p-O018-MT601-Stevens-F1089009-ang-E0013.260.1966                 1 4.60000E+01 1.23000E+02
p-O018-MT601-Stevens-F1089009-ang-E0013.311.1966                 1 4.60000E+01 6.68000E+01
p-O018-MT601-Stevens-F1089009-ang-E0013.314.1966                 1 6.68000E+01 8.71000E+01
p-O018-MT601-Stevens-F1089009-ang-E0013.334.1966                 1 8.71000E+01 1.23000E+02
p-O018-MT601-Stevens-F1089009-ang-E0013.523.1966                 1 4.60000E+01 1.23000E+02
p-O018-MT601-Stevens-F1089009-ang-E0013.526.1966                 1 4.60000E+01 1.39100E+02
p-O018-MT601-Stevens-F1089009-ang-E0013.539.1966                 1 6.68000E+01 1.39100E+02
p-O018-MT601-Stevens-F1089009-ang-E0013.563.1966                 1 6.68000E+01 8.71000E+01
p-O018-MT601-Stevens-F1089009-ang-E0013.571.1966                 1 8.71000E+01 1.23000E+02
p-O018-MT601-Stevens-F1089009-ang-E0013.871.1966                 1 4.60000E+01 1.23000E+02
p-O018-MT601-Stevens-F1089009-ang-E0013.899.1966                 2 4.60000E+01 1.39100E+02
p-O018-MT601-Stevens-F1089009-ang-E0013.900.1966                 2 6.68000E+01 8.71000E+01
