#              Filename                                         N    min         max
n-U000-MT002-Aleksandrov-40791004-ang-E0000.800.1961            23 9.00000E+01 9.00000E+01
n-U000-MT002-Aleksandrov-40791005-ang-E0002.800.1961            24 9.00000E+01 9.00000E+01
n-U000-MT002-Anikin-40080012-ang-E0000.575.1971                102 2.50006E+00 2.38000E+01
n-U000-MT002-Begum-30633012-ang-E0002.900.1981                  11 2.00000E+01 1.60000E+02
n-U000-MT002-Benenson-10370002-ang-E0014.800.1973               10 3.00014E-01 4.79996E+00
n-U000-MT002-Benenson-10370002-ang-E0014.800A001.1973           10 3.00014E-01 4.79996E+00
n-U000-MT002-Bowen-21062002-ang-E0018.000.1963                  48 1.13987E+00 4.52000E+00
n-U000-MT002-Buccino-11877013-ang-E0005.000.1966                12 1.99988E+01 1.30001E+02
n-U000-MT002-Coon-11322026-ang-E0014.100.1958                   13 5.69997E+00 5.35000E+01
n-U000-MT002-Cox-10332035-ang-E0000.872.1972                     8 2.10000E+01 1.57000E+02
n-U000-MT002-Cox-10332035-ang-E0000.872A001.1972                 8 2.10000E+01 1.57000E+02
n-U000-MT002-Elwyn-12380003-ang-E0000.830.1966                   3 1.00000E+01 2.30000E+01
n-U000-MT002-Elwyn-12380005-ang-E0000.830.1966                   4 1.64996E+00 1.00000E+01
n-U000-MT002-Galloway-20359008-ang-E0003.000.1973                5 1.60022E+00 7.70136E+00
n-U000-MT002-Giordano-20806014-ang-E0002.500.1978                5 2.10003E+00 9.09999E+00
n-U000-MT002-Gorlov-40307012-ang-E0004.000.1968                  8 2.19998E+00 2.10000E+01
n-U000-MT002-Hudsonjr-12180008-ang-E0015.200.1962               32 7.99998E+00 1.62000E+02
n-U000-MT002-Korzh-40765003-ang-E0000.300.1964                  16 3.00029E+01 1.39996E+02
n-U000-MT002-Kuchnir-11977007-ang-E0000.600.1968                31 1.74999E+00 1.50000E+01
n-U000-MT002-Morozov-41657004-ang-E0004.000.1970                 9 1.46510E+02 1.77510E+02
n-U000-MT002-Pasechnik-40683003-ang-E0000.800.1964               8 3.00029E+01 1.39996E+02
n-U000-MT002-Rosen-12372002-ang-E0014.000.1957                   9 1.99988E+01 1.60001E+02
n-U000-MT002-Salmon-21123009-ang-E0096.000.1960                  7 9.99951E-01 1.00000E+01
n-U000-MT002-Smith-12382004-ang-E0000.350.1963                 121 2.13000E+01 1.42500E+02
n-U000-MT002-Walt-12371002-ang-E0004.100.1956                   14 1.40699E+01 1.49997E+02
n-U000-MT002-Walt-12371003-ang-E0002.500.1956                   16 1.52036E+01 1.58435E+02
n-U000-MT002-Walt-12371004-ang-E0007.000.1956                   17 1.30939E+01 1.49997E+02
n-U000-MT002-Walt-12379002-ang-E0000.570.1965                    7 3.60000E+00 1.80000E+01
n-U000-MT002-Walt-12381003-ang-E0001.000.1953                    9 3.01173E+01 1.50112E+02
