#              Filename                                         N    min         max
d-F019-MT801-Elbehay-D0071003-E0001.074.1965                   103 1.50000E+02 1.50000E+02
d-F019-MT801-Elbehay-D0071004-E0001.100.1965                     9 2.00900E+01 1.49760E+02
d-F019-MT801-Elbehay-D0071004-E0001.250.1965                    11 1.97460E+01 1.50620E+02
d-F019-MT801-Elbehay-D0071004-E0001.350.1965                    11 1.97460E+01 1.50000E+02
d-F019-MT801-Elbehay-D0071004-E0001.400.1965                    13 2.04750E+01 1.59920E+02
d-F019-MT801-Elbehay-D0071004-E0001.600.1965                    14 2.05020E+01 1.60060E+02
d-F019-MT801-Elbehay-D0071004-E0001.700.1965                    13 2.02990E+01 1.60310E+02
d-F019-MT801-Elbehay-D0071004-E0001.800.1965                    13 2.02990E+01 1.60150E+02
d-F019-MT801-Elbehay-D0071004-E0001.900.1965                    13 2.04850E+01 1.59830E+02
d-F019-MT801-Elbehay-D0071004-E0002.100.1965                     7 7.99100E+01 1.60770E+02
d-F019-MT801-Elbehay-D0071004-E0002.200.1965                     7 7.99100E+01 1.60090E+02
d-F019-MT801-Elbehay-D0071004-E0002.300.1965                     7 8.03300E+01 1.60640E+02
d-F019-MT801-Elbehay-D0071005-E0001.400.1965                     6 8.07840E+01 1.60040E+02
d-F019-MT801-Elbehay-D0071005-E0001.600.1965                     7 8.07840E+01 1.59970E+02
d-F019-MT801-Elbehay-D0071005-E0001.700.1965                     7 8.08820E+01 1.60320E+02
d-F019-MT801-Elbehay-D0071005-E0001.800.1965                     7 8.11180E+01 1.60460E+02
d-F019-MT801-Elbehay-D0071005-E0001.900.1965                     7 8.11180E+01 1.60850E+02
d-F019-MT801-Elbehay-D0071005-E0002.100.1965                     7 8.12300E+01 1.60290E+02
d-F019-MT801-Elbehay-D0071005-E0002.200.1965                     6 8.12400E+01 1.50890E+02
d-F019-MT801-Elbehay-D0071005-E0002.300.1965                     6 8.12530E+01 1.51020E+02
d-F019-MT801-Hu-E2220015-E0011.100.1960                         14 1.87000E+01 1.49600E+02
d-F019-MT801-Hu-E2220016-E0011.400.1960                         14 1.89000E+01 1.49600E+02
d-F019-MT801-Paneta-O2066005-E0001.793.2012                     98 1.50000E+02 1.70000E+02
d-F019-MT801-Takamatsu-E1872003-E0014.700.1962                  15 2.03000E+01 1.60900E+02
