#              Filename                                         N    min         max
p-Mg024-MT603-Greenless-O2096004-ang-E0009.630.1956             10 6.90001E+00 1.54200E+02
p-Mg024-MT603-Horowitz-C2358003-ang-E0100.000.1969              12 1.09000E+01 5.73000E+01
p-Mg024-MT603-Kato-E0926018-ang-E0065.000.1985                  16 1.50000E+01 9.01000E+01
p-Mg024-MT603-Teitelman-C2056004-ang-E0005.600.1969              1 8.80000E+01 1.65000E+02
p-Mg024-MT603-Teitelman-C2056004-ang-E0005.602.1969              1 8.80000E+01 1.65000E+02
p-Mg024-MT603-Teitelman-C2056004-ang-E0005.605.1969              1 8.80000E+01 1.65000E+02
p-Mg024-MT603-Teitelman-C2056004-ang-E0005.607.1969              1 8.80000E+01 1.65000E+02
p-Mg024-MT603-Teitelman-C2056004-ang-E0005.610.1969              1 8.80000E+01 1.65000E+02
p-Mg024-MT603-Teitelman-C2056004-ang-E0005.611.1969              1 8.80000E+01 1.65000E+02
p-Mg024-MT603-Teitelman-C2056004-ang-E0005.615.1969              1 8.80000E+01 1.65000E+02
p-Mg024-MT603-Teitelman-C2056004-ang-E0005.616.1969              1 8.80000E+01 1.65000E+02
p-Mg024-MT603-Teitelman-C2056004-ang-E0005.620.1969              1 8.80000E+01 1.65000E+02
p-Mg024-MT603-Teitelman-C2056004-ang-E0005.621.1969              1 8.80000E+01 1.65000E+02
p-Mg024-MT603-Teitelman-C2056004-ang-E0005.625.1969              1 8.80000E+01 1.65000E+02
p-Mg024-MT603-Teitelman-C2056004-ang-E0005.627.1969              1 8.80000E+01 1.65000E+02
p-Mg024-MT603-Teitelman-C2056004-ang-E0005.630.1969              1 8.80000E+01 1.65000E+02
p-Mg024-MT603-Teitelman-C2056004-ang-E0005.631.1969              1 8.80000E+01 1.65000E+02
p-Mg024-MT603-Teitelman-C2056004-ang-E0005.635.1969              1 8.80000E+01 1.65000E+02
p-Mg024-MT603-Teitelman-C2056004-ang-E0005.637.1969              1 8.80000E+01 1.65000E+02
p-Mg024-MT603-Teitelman-C2056004-ang-E0005.640.1969              1 8.80000E+01 1.65000E+02
p-Mg024-MT603-Teitelman-C2056004-ang-E0005.642.1969              1 8.80000E+01 1.65000E+02
p-Mg024-MT603-Teitelman-C2056004-ang-E0005.645.1969              1 8.80000E+01 1.65000E+02
p-Mg024-MT603-Teitelman-C2056004-ang-E0005.647.1969              1 8.80000E+01 1.65000E+02
p-Mg024-MT603-Teitelman-C2056004-ang-E0005.650.1969              1 8.80000E+01 1.65000E+02
p-Mg024-MT603-Teitelman-C2056004-ang-E0005.652.1969              1 8.80000E+01 1.65000E+02
p-Mg024-MT603-Teitelman-C2056004-ang-E0005.655.1969              1 8.80000E+01 1.65000E+02
p-Mg024-MT603-Teitelman-C2056004-ang-E0005.657.1969              1 8.80000E+01 1.65000E+02
p-Mg024-MT603-Teitelman-C2056004-ang-E0005.660.1969              1 8.80000E+01 1.65000E+02
p-Mg024-MT603-Teitelman-C2056004-ang-E0005.662.1969              1 8.80000E+01 1.65000E+02
p-Mg024-MT603-Teitelman-C2056004-ang-E0005.665.1969              1 8.80000E+01 1.65000E+02
p-Mg024-MT603-Teitelman-C2056004-ang-E0005.667.1969              1 8.80000E+01 1.65000E+02
p-Mg024-MT603-Teitelman-C2056004-ang-E0005.671.1969              1 8.80000E+01 1.65000E+02
p-Mg024-MT603-Teitelman-C2056004-ang-E0005.672.1969              1 8.80000E+01 1.65000E+02
p-Mg024-MT603-Teitelman-C2056004-ang-E0005.675.1969              1 8.80000E+01 1.65000E+02
p-Mg024-MT603-Teitelman-C2056004-ang-E0005.677.1969              1 8.80000E+01 1.65000E+02
p-Mg024-MT603-Teitelman-C2056004-ang-E0005.681.1969              1 8.80000E+01 1.65000E+02
p-Mg024-MT603-Teitelman-C2056004-ang-E0005.682.1969              1 8.80000E+01 1.65000E+02
p-Mg024-MT603-Teitelman-C2056004-ang-E0005.686.1969              1 8.80000E+01 1.65000E+02
p-Mg024-MT603-Teitelman-C2056004-ang-E0005.687.1969              1 8.80000E+01 1.65000E+02
p-Mg024-MT603-Teitelman-C2056004-ang-E0005.690.1969              1 8.80000E+01 1.65000E+02
p-Mg024-MT603-Teitelman-C2056004-ang-E0005.692.1969              1 8.80000E+01 1.65000E+02
p-Mg024-MT603-Teitelman-C2056004-ang-E0005.696.1969              1 8.80000E+01 1.65000E+02
p-Mg024-MT603-Teitelman-C2056004-ang-E0005.697.1969              1 8.80000E+01 1.65000E+02
p-Mg024-MT603-Teitelman-C2056004-ang-E0005.700.1969              1 8.80000E+01 1.65000E+02
p-Mg024-MT603-Teitelman-C2056004-ang-E0005.702.1969              1 8.80000E+01 1.65000E+02
p-Mg024-MT603-Teitelman-C2056004-ang-E0005.705.1969              1 8.80000E+01 1.65000E+02
p-Mg024-MT603-Teitelman-C2056004-ang-E0005.707.1969              1 8.80000E+01 1.65000E+02
p-Mg024-MT603-Teitelman-C2056004-ang-E0005.710.1969              1 8.80000E+01 1.65000E+02
p-Mg024-MT603-Teitelman-C2056004-ang-E0005.712.1969              1 8.80000E+01 1.65000E+02
p-Mg024-MT603-Teitelman-C2056004-ang-E0005.715.1969              1 8.80000E+01 1.65000E+02
p-Mg024-MT603-Teitelman-C2056004-ang-E0005.717.1969              1 8.80000E+01 1.65000E+02
p-Mg024-MT603-Teitelman-C2056004-ang-E0005.720.1969              1 8.80000E+01 1.65000E+02
p-Mg024-MT603-Teitelman-C2056004-ang-E0005.722.1969              1 8.80000E+01 1.65000E+02
p-Mg024-MT603-Teitelman-C2056004-ang-E0005.725.1969              1 8.80000E+01 1.65000E+02
p-Mg024-MT603-Teitelman-C2056004-ang-E0005.727.1969              1 8.80000E+01 1.65000E+02
p-Mg024-MT603-Teitelman-C2056004-ang-E0005.730.1969              1 8.80000E+01 8.80000E+01
