#              Filename                                         N    min         max
n-Fe054-MT002-Boschung-10037021-ang-E0004.040.1971              30 2.50000E+01 1.48000E+02
n-Fe054-MT002-Elkadi-10958002-ang-E0007.960.1982                26 2.96100E+01 1.55490E+02
n-Fe054-MT002-Elkadi-10958002-ang-E0007.960A001.1982            26 2.96100E+01 1.55490E+02
n-Fe054-MT002-Elkadi-10958002-ang-E0009.940.1982                26 2.94500E+01 1.55260E+02
n-Fe054-MT002-Elkadi-10958002-ang-E0009.940A001.1982            26 2.94500E+01 1.55260E+02
n-Fe054-MT002-Elkadi-10958002-ang-E0011.930.1982                26 2.73500E+01 1.55200E+02
n-Fe054-MT002-Elkadi-10958002-ang-E0011.930A001.1982            26 2.73500E+01 1.55200E+02
n-Fe054-MT002-Elkadi-10958002-ang-E0013.920.1982                27 2.73500E+01 1.55090E+02
n-Fe054-MT002-Elkadi-10958002-ang-E0013.920A001.1982            27 2.73500E+01 1.55090E+02
n-Fe054-MT002-Fedorov-40286008-ang-E0002.900.1973                8 2.95000E+01 1.34200E+02
n-Fe054-MT002-Guenther-13104003-ang-E0001.300.1986             370 1.73000E+01 1.55900E+02
n-Fe054-MT002-Kinney-10469002-ang-E0005.500.1974                62 1.29000E+01 1.33500E+02
n-Fe054-MT002-Korzh-32230002-ang-E0005.000.1987                 13 2.00000E+01 1.50000E+02
n-Fe054-MT002-Korzh-32230003-ang-E0006.000.1987                 13 2.00000E+01 1.50000E+02
n-Fe054-MT002-Korzh-32230004-ang-E0007.000.1987                 13 2.00000E+01 1.50000E+02
n-Fe054-MT002-Korzh-40532003-ang-E0001.500.1977                  8 2.00000E+01 1.50000E+02
n-Fe054-MT002-Korzh-40532003-ang-E0002.000.1977                  8 2.00000E+01 1.50000E+02
n-Fe054-MT002-Mellema-12862002-ang-E0011.000.1983              175 1.00000E+01 1.59400E+02
n-Fe054-MT002-Pedroni-12997002-ang-E0016.929.1988               25 1.92000E+01 1.59800E+02
n-Fe054-MT002-Rodgers-11276005-ang-E0002.330.1967                5 3.00000E+01 1.10000E+02
n-Fe054-MT002-Tutubalin-40417002-ang-E0014.700.1973             16 1.50000E+01 1.30000E+02
n-Fe054-MT002-Vanhoy-14451008-ang-E0002.000.2018                10 3.00000E+01 1.50000E+02
n-Fe054-MT002-Vanhoy-14451008-ang-E0002.250.2018                14 3.00000E+01 1.50400E+02
n-Fe054-MT002-Vanhoy-14451008-ang-E0002.500.2018                14 3.00000E+01 1.50000E+02
