#              Filename                                         N    min         max
p-H001-MT002-Ahn-E1830002-ang-E0262.800.2001                    15 8.80000E+00 4.37000E+01
p-H001-MT002-Albers-O1203002-ang-E0239.900.2004                 17 2.75000E+01 4.45000E+01
p-H001-MT002-Albers-O1203002-ang-E0255.200.2004                 18 2.65000E+01 4.45000E+01
p-H001-MT002-Albers-O1203002-ang-E0270.800.2004                 19 2.55000E+01 4.45000E+01
p-H001-MT002-Albers-O1203002-ang-E0286.700.2004                 20 2.45000E+01 4.45000E+01
p-H001-MT002-Albers-O1203002-ang-E0302.900.2004                 21 2.35000E+01 4.45000E+01
p-H001-MT002-Albers-O1203002-ang-E0319.400.2004                 21 2.35000E+01 4.45000E+01
p-H001-MT002-Alkhazov-F0690005-ang-E1000.000.1972               10 6.20005E+00 2.66000E+01
p-H001-MT002-Alkhazov-F0690006-ang-E1000.000.1972               14 1.23000E+01 2.77000E+01
p-H001-MT002-Alkhazov-F0690007-ang-E1000.000.1972               10 7.40003E+00 2.54000E+01
p-H001-MT002-Barlett-C0661002-ang-E0800.000.1983                70 2.90009E+00 4.53000E+01
p-H001-MT002-Berdoz-A0637002-ang-E0050.060.1986                 24 7.00003E+00 4.50000E+01
p-H001-MT002-Blair-A1117002-ang-E0002.420.1948                  44 7.99998E+00 4.50000E+01
p-H001-MT002-Cassels-O2057002-ang-E0147.000.1956                 1 9.00000E+01 9.00000E+01
p-H001-MT002-Chamberlain-C2606002-ang-E0345.000.1951            19 1.78000E+01 4.46000E+01
p-H001-MT002-Chamberlain-C2606003-ang-E0118.000.1951             1 3.15000E+01 4.46000E+01
p-H001-MT002-Chamberlain-C2606003-ang-E0120.000.1951             1 3.15000E+01 3.15000E+01
p-H001-MT002-Chamberlain-C2606004-ang-E0345.000.1951            12 5.60000E+00 5.60000E+00
p-H001-MT002-Chamberlain-C2636003-ang-E0350.000.1952             1 3.00000E+01 3.00000E+01
p-H001-MT002-Chamberlain-C2637002-ang-E0225.000.1954             2 8.99997E+00 8.99997E+00
p-H001-MT002-Chamberlain-C2643002-ang-E0300.000.1954             7 3.30002E+00 1.09000E+01
p-H001-MT002-Chatelain-O1132002-ang-E0515.900.1982               7 4.50000E+01 4.50000E+01
p-H001-MT002-Grantsev-A0192003-ang-E0048.500.1983               63 6.90001E+00 5.19000E+01
p-H001-MT002-Guzhavin-F1186003-ang-E0650.000.1964               41 5.99705E-01 4.48000E+01
p-H001-MT002-Hoffmann-C0658002-ang-E0497.500.1988               67 3.10009E+00 4.83000E+01
p-H001-MT002-Jarmie-C0047002-ang-E0009.690.1971                  5 1.00000E+01 3.00000E+01
p-H001-MT002-Jarmie-C0047002-ang-E0009.918.1971                  5 1.00000E+01 5.00000E+01
p-H001-MT002-Kikuchi-E2038004-ang-E0014.160.1960                17 8.99997E+00 5.71000E+01
p-H001-MT002-Leksin-F1381003-ang-E0657.000.1957                  4 2.72000E+01 4.50000E+01
p-H001-MT002-Lyubimov-F1443002-ang-E8500.000.1959                5 9.00051E-01 8.99997E+00
p-H001-MT002-Macharashvili-O2325002-ang-E1000.000.2016          25 6.10002E+00 1.21000E+01
p-H001-MT002-Macharashvili-O2325003-ang-E1800.000.2016          26 7.40003E+00 1.36000E+01
p-H001-MT002-Macharashvili-O2325004-ang-E2000.000.2016          28 7.10001E+00 1.39000E+01
p-H001-MT002-Macharashvili-O2325005-ang-E2200.000.2016          28 7.40003E+00 1.41000E+01
p-H001-MT002-Macharashvili-O2325006-ang-E2400.000.2016          29 7.60001E+00 1.46000E+01
p-H001-MT002-Macharashvili-O2325007-ang-E2600.000.2016          29 7.89998E+00 1.49000E+01
p-H001-MT002-Macharashvili-O2325008-ang-E2800.000.2016          29 8.09999E+00 1.51000E+01
p-H001-MT002-Mahjourshafiei-O1226002-ang-E0190.000.2004          9 7.00003E+00 2.30000E+01
p-H001-MT002-Marshall-C2832002-ang-E0419.000.1954                4 5.40000E+01 9.00000E+01
p-H001-MT002-Marshall-C2832003-ang-E0419.000.1954                3 2.80000E+01 5.40000E+01
p-H001-MT002-Nedzel-C2831002-ang-E0144.000.1954                  3 9.00000E+01 9.00000E+01
p-H001-MT002-Pauletta-C0613002-ang-E0800.000.1983               45 1.50011E+00 5.09997E+00
p-H001-MT002-Pauletta-C0613003-ang-E0800.000.1983               41 5.99705E-01 5.69997E+00
p-H001-MT002-Simon-C0083002-ang-E0491.900.1993                  13 1.50000E+01 4.43000E+01
p-H001-MT002-Simon-C0083002-ang-E0575.500.1993                  17 1.49000E+01 4.42000E+01
p-H001-MT002-Simon-C0083002-ang-E0641.600.1993                  17 1.44000E+01 4.46000E+01
p-H001-MT002-Simon-C0083002-ang-E0728.200.1993                  17 1.39000E+01 4.45000E+01
p-H001-MT002-Simon-C0083002-ang-E0793.000.1993                  17 1.39000E+01 4.43000E+01
p-H001-MT002-Simon-C0425002-ang-E0491.900.1996                  14 2.07000E+01 4.43000E+01
p-H001-MT002-Simon-C0425002-ang-E0575.500.1996                   5 3.71000E+01 4.42000E+01
p-H001-MT002-Simon-C0425002-ang-E0641.600.1996                   5 3.73000E+01 4.46000E+01
p-H001-MT002-Simon-C0425002-ang-E0728.200.1996                   5 3.71000E+01 4.45000E+01
p-H001-MT002-Simon-C0425002-ang-E0793.000.1996                   5 3.71000E+01 4.43000E+01
p-H001-MT002-Taylor-F1169002-ang-E0098.000.1960                 19 2.59993E+00 4.07000E+01
p-H001-MT002-Taylor-F1169002-ang-E0142.000.1960                 14 2.59993E+00 1.55000E+01
p-H001-MT002-Taylor-F1169003-ang-E0142.000.1960                 18 5.19999E+00 4.50000E+01
p-H001-MT002-Worthington-C0935002-ang-E0001.855.1953             3 1.50000E+01 3.00000E+01
p-H001-MT002-Worthington-C0935003-ang-E0001.855.1953            99 7.00003E+00 4.50000E+01
p-H001-MT002-Yasuda-E1716003-ang-E0389.000.1999                 11 2.31800E+01 4.22000E+01
p-H001-MT002-Yasuda-E2344002-ang-E0392.000.2010                  1 6.00000E+01 6.00000E+01
p-H001-MT002-Zlatanov-F1442003-ang-E6200.000.1964                2 2.30002E+00 4.19997E+00
