#              Filename                                         N    min         max
a-C014-MT002-Goldberg-F0754002-ang-E0016.361.2005                1 1.00000E+02 1.44000E+02
a-C014-MT002-Goldberg-F0754002-ang-E0016.363.2005                1 1.20000E+02 1.44000E+02
a-C014-MT002-Goldberg-F0754002-ang-E0016.364.2005                1 1.20000E+02 1.40000E+02
a-C014-MT002-Goldberg-F0754002-ang-E0016.365.2005                1 1.00000E+02 1.40000E+02
a-C014-MT002-Goldberg-F0754002-ang-E0016.366.2005                1 1.00000E+02 1.44000E+02
a-C014-MT002-Goldberg-F0754002-ang-E0016.368.2005                2 1.40000E+02 1.61000E+02
a-C014-MT002-Goldberg-F0754002-ang-E0016.370.2005                1 1.40000E+02 1.70000E+02
a-C014-MT002-Goldberg-F0754002-ang-E0016.371.2005                1 1.00000E+02 1.70000E+02
a-C014-MT002-Goldberg-F0754002-ang-E0016.373.2005                2 1.00000E+02 1.44000E+02
a-C014-MT002-Goldberg-F0754002-ang-E0016.374.2005                1 1.20000E+02 1.40000E+02
a-C014-MT002-Goldberg-F0754002-ang-E0016.375.2005                1 1.20000E+02 1.70000E+02
a-C014-MT002-Goldberg-F0754002-ang-E0016.376.2005                1 1.14000E+02 1.70000E+02
a-C014-MT002-Goldberg-F0754002-ang-E0016.378.2005                3 1.14000E+02 1.61000E+02
a-C014-MT002-Goldberg-F0754002-ang-E0016.380.2005                3 1.00000E+02 1.70000E+02
a-C014-MT002-Goldberg-F0754002-ang-E0016.381.2005                3 1.00000E+02 1.44000E+02
a-C014-MT002-Goldberg-F0754002-ang-E0016.382.2005                1 1.40000E+02 1.44000E+02
a-C014-MT002-Goldberg-F0754002-ang-E0016.384.2005                1 1.14000E+02 1.40000E+02
a-C014-MT002-Goldberg-F0754002-ang-E0016.386.2005                2 1.14000E+02 1.70000E+02
a-C014-MT002-Goldberg-F0754002-ang-E0016.387.2005                1 1.00000E+02 1.44000E+02
a-C014-MT002-Goldberg-F0754002-ang-E0016.388.2005                2 1.00000E+02 1.40000E+02
a-C014-MT002-Goldberg-F0754002-ang-E0016.389.2005                2 1.20000E+02 1.41000E+02
a-C014-MT002-Goldberg-F0754002-ang-E0016.390.2005                1 1.20000E+02 1.61000E+02
a-C014-MT002-Goldberg-F0754002-ang-E0016.391.2005                1 1.00000E+02 1.61000E+02
a-C014-MT002-Goldberg-F0754002-ang-E0016.393.2005                3 1.00000E+02 1.44000E+02
a-C014-MT002-Goldberg-F0754002-ang-E0016.395.2005                2 1.14000E+02 1.70000E+02
a-C014-MT002-Goldberg-F0754002-ang-E0016.396.2005                1 1.61000E+02 1.70000E+02
a-C014-MT002-Goldberg-F0754002-ang-E0016.397.2005                1 1.41000E+02 1.61000E+02
a-C014-MT002-Goldberg-F0754002-ang-E0016.398.2005                1 1.40000E+02 1.41000E+02
a-C014-MT002-Goldberg-F0754002-ang-E0016.401.2005                1 1.20000E+02 1.40000E+02
a-C014-MT002-Goldberg-F0754002-ang-E0016.402.2005                1 1.20000E+02 1.24000E+02
a-C014-MT002-Goldberg-F0754002-ang-E0016.404.2005                2 1.24000E+02 1.70000E+02
a-C014-MT002-Goldberg-F0754002-ang-E0016.405.2005                1 1.00000E+02 1.70000E+02
a-C014-MT002-Goldberg-F0754002-ang-E0016.407.2005                1 1.00000E+02 1.14000E+02
a-C014-MT002-Goldberg-F0754002-ang-E0016.408.2005                2 1.14000E+02 1.61000E+02
a-C014-MT002-Goldberg-F0754002-ang-E0016.409.2005                1 1.00000E+02 1.61000E+02
a-C014-MT002-Goldberg-F0754002-ang-E0016.414.2005                1 1.00000E+02 1.40000E+02
a-C014-MT002-Goldberg-F0754002-ang-E0016.416.2005                4 1.40000E+02 1.70000E+02
a-C014-MT002-Goldberg-F0754002-ang-E0016.418.2005                1 1.20000E+02 1.44000E+02
a-C014-MT002-Goldberg-F0754002-ang-E0016.421.2005                1 1.14000E+02 1.20000E+02
a-C014-MT002-Goldberg-F0754002-ang-E0016.422.2005                2 1.00000E+02 1.24000E+02
a-C014-MT002-Goldberg-F0754002-ang-E0016.423.2005                3 1.00000E+02 1.61000E+02
a-C014-MT002-Goldberg-F0754002-ang-E0016.425.2005                2 1.40000E+02 1.70000E+02
a-C014-MT002-Goldberg-F0754002-ang-E0016.428.2005                1 1.40000E+02 1.61000E+02
a-C014-MT002-Goldberg-F0754002-ang-E0016.429.2005                1 1.51000E+02 1.61000E+02
a-C014-MT002-Goldberg-F0754002-ang-E0016.430.2005                1 1.41000E+02 1.51000E+02
a-C014-MT002-Goldberg-F0754002-ang-E0016.431.2005                1 1.41000E+02 1.61000E+02
a-C014-MT002-Goldberg-F0754002-ang-E0016.432.2005                1 1.00000E+02 1.61000E+02
a-C014-MT002-Goldberg-F0754002-ang-E0016.434.2005                2 1.00000E+02 1.20000E+02
a-C014-MT002-Goldberg-F0754002-ang-E0016.435.2005                4 1.20000E+02 1.70000E+02
a-C014-MT002-Goldberg-F0754002-ang-E0016.436.2005                1 1.24000E+02 1.40000E+02
a-C014-MT002-Goldberg-F0754002-ang-E0016.437.2005                2 1.24000E+02 1.61000E+02
a-C014-MT002-Goldberg-F0754002-ang-E0016.440.2005                3 1.41000E+02 1.70000E+02
a-C014-MT002-Goldberg-F0754002-ang-E0016.442.2005                1 1.40000E+02 1.51000E+02
a-C014-MT002-Goldberg-F0754002-ang-E0016.443.2005                2 1.00000E+02 1.61000E+02
a-C014-MT002-Goldberg-F0754002-ang-E0016.444.2005                2 1.00000E+02 1.70000E+02
a-C014-MT002-Goldberg-F0754002-ang-E0016.445.2005                1 1.40000E+02 1.70000E+02
a-C014-MT002-Goldberg-F0754002-ang-E0016.446.2005                2 1.40000E+02 1.61000E+02
a-C014-MT002-Goldberg-F0754002-ang-E0016.447.2005                1 1.14000E+02 1.61000E+02
a-C014-MT002-Goldberg-F0754002-ang-E0016.448.2005                2 1.00000E+02 1.20000E+02
a-C014-MT002-Goldberg-F0754002-ang-E0016.449.2005                2 1.00000E+02 1.70000E+02
a-C014-MT002-Goldberg-F0754002-ang-E0016.450.2005                1 1.40000E+02 1.44000E+02
a-C014-MT002-Goldberg-F0754002-ang-E0016.451.2005                3 1.24000E+02 1.51000E+02
a-C014-MT002-Goldberg-F0754002-ang-E0016.455.2005                2 1.24000E+02 1.44000E+02
a-C014-MT002-Goldberg-F0754002-ang-E0016.456.2005                1 1.40000E+02 1.41000E+02
a-C014-MT002-Goldberg-F0754002-ang-E0016.457.2005                1 1.41000E+02 1.61000E+02
a-C014-MT002-Goldberg-F0754002-ang-E0016.458.2005                1 1.20000E+02 1.61000E+02
a-C014-MT002-Goldberg-F0754002-ang-E0016.461.2005                2 1.00000E+02 1.44000E+02
a-C014-MT002-Goldberg-F0754002-ang-E0016.463.2005                1 1.00000E+02 1.70000E+02
a-C014-MT002-Goldberg-F0754002-ang-E0016.464.2005                1 1.14000E+02 1.70000E+02
a-C014-MT002-Goldberg-F0754002-ang-E0016.465.2005                1 1.14000E+02 1.41000E+02
a-C014-MT002-Goldberg-F0754002-ang-E0016.466.2005                1 1.40000E+02 1.41000E+02
a-C014-MT002-Goldberg-F0754002-ang-E0016.467.2005                1 1.40000E+02 1.51000E+02
a-C014-MT002-Goldberg-F0754002-ang-E0016.469.2005                1 1.24000E+02 1.51000E+02
a-C014-MT002-Goldberg-F0754002-ang-E0016.470.2005                1 1.24000E+02 1.44000E+02
a-C014-MT002-Goldberg-F0754002-ang-E0016.471.2005                1 1.44000E+02 1.61000E+02
a-C014-MT002-Goldberg-F0754002-ang-E0016.474.2005                1 1.00000E+02 1.61000E+02
a-C014-MT002-Goldberg-F0754002-ang-E0016.476.2005                1 1.00000E+02 1.41000E+02
a-C014-MT002-Goldberg-F0754002-ang-E0016.477.2005                1 1.24000E+02 1.41000E+02
a-C014-MT002-Goldberg-F0754002-ang-E0016.480.2005                2 1.14000E+02 1.70000E+02
a-C014-MT002-Goldberg-F0754002-ang-E0016.481.2005                2 1.14000E+02 1.44000E+02
a-C014-MT002-Goldberg-F0754002-ang-E0016.482.2005                2 1.20000E+02 1.61000E+02
a-C014-MT002-Goldberg-F0754002-ang-E0016.483.2005                1 1.20000E+02 1.61000E+02
a-C014-MT002-Goldberg-F0754002-ang-E0016.484.2005                1 1.41000E+02 1.61000E+02
a-C014-MT002-Goldberg-F0754002-ang-E0016.485.2005                2 1.41000E+02 1.51000E+02
a-C014-MT002-Goldberg-F0754002-ang-E0016.488.2005                1 1.00000E+02 1.44000E+02
a-C014-MT002-Goldberg-F0754002-ang-E0016.490.2005                1 1.00000E+02 1.24000E+02
a-C014-MT002-Goldberg-F0754002-ang-E0016.491.2005                2 1.24000E+02 1.41000E+02
a-C014-MT002-Goldberg-F0754002-ang-E0016.493.2005                1 1.41000E+02 1.70000E+02
a-C014-MT002-Goldberg-F0754002-ang-E0016.496.2005                1 1.14000E+02 1.70000E+02
a-C014-MT002-Goldberg-F0754002-ang-E0016.497.2005                2 1.14000E+02 1.44000E+02
a-C014-MT002-Goldberg-F0754002-ang-E0016.498.2005                2 1.40000E+02 1.61000E+02
a-C014-MT002-Goldberg-F0754002-ang-E0016.500.2005                1 1.00000E+02 1.51000E+02
a-C014-MT002-Goldberg-F0754002-ang-E0016.503.2005                1 1.00000E+02 1.61000E+02
a-C014-MT002-Goldberg-F0754002-ang-E0016.505.2005                1 1.24000E+02 1.61000E+02
a-C014-MT002-Goldberg-F0754002-ang-E0016.508.2005                2 1.24000E+02 1.51000E+02
a-C014-MT002-Goldberg-F0754002-ang-E0016.510.2005                1 1.40000E+02 1.51000E+02
a-C014-MT002-Goldberg-F0754002-ang-E0016.511.2005                2 1.14000E+02 1.41000E+02
a-C014-MT002-Goldberg-F0754002-ang-E0016.515.2005                1 1.00000E+02 1.14000E+02
a-C014-MT002-Goldberg-F0754002-ang-E0016.516.2005                2 1.00000E+02 1.24000E+02
a-C014-MT002-Goldberg-F0754002-ang-E0016.518.2005                1 1.24000E+02 1.44000E+02
a-C014-MT002-Goldberg-F0754002-ang-E0016.519.2005                2 1.44000E+02 1.70000E+02
a-C014-MT002-Goldberg-F0754002-ang-E0016.521.2005                1 1.40000E+02 1.70000E+02
a-C014-MT002-Goldberg-F0754002-ang-E0016.522.2005                1 1.40000E+02 1.51000E+02
a-C014-MT002-Goldberg-F0754002-ang-E0016.525.2005                1 1.14000E+02 1.51000E+02
a-C014-MT002-Goldberg-F0754002-ang-E0016.529.2005                3 1.14000E+02 1.61000E+02
a-C014-MT002-Goldberg-F0754002-ang-E0016.530.2005                1 1.20000E+02 1.61000E+02
a-C014-MT002-Goldberg-F0754002-ang-E0016.531.2005                2 1.20000E+02 1.41000E+02
a-C014-MT002-Goldberg-F0754002-ang-E0016.535.2005                1 1.00000E+02 1.40000E+02
a-C014-MT002-Goldberg-F0754002-ang-E0016.536.2005                1 1.00000E+02 1.44000E+02
a-C014-MT002-Goldberg-F0754002-ang-E0016.538.2005                1 1.24000E+02 1.44000E+02
a-C014-MT002-Goldberg-F0754002-ang-E0016.540.2005                2 1.24000E+02 1.70000E+02
a-C014-MT002-Goldberg-F0754002-ang-E0016.541.2005                1 1.51000E+02 1.61000E+02
a-C014-MT002-Goldberg-F0754002-ang-E0016.542.2005                1 1.14000E+02 1.51000E+02
a-C014-MT002-Goldberg-F0754002-ang-E0016.544.2005                1 1.14000E+02 1.40000E+02
a-C014-MT002-Goldberg-F0754002-ang-E0016.547.2005                1 1.40000E+02 1.44000E+02
a-C014-MT002-Goldberg-F0754002-ang-E0016.548.2005                3 1.24000E+02 1.70000E+02
a-C014-MT002-Goldberg-F0754002-ang-E0016.550.2005                1 1.24000E+02 1.70000E+02
a-C014-MT002-Goldberg-F0754002-ang-E0016.552.2005                1 1.00000E+02 1.70000E+02
a-C014-MT002-Goldberg-F0754002-ang-E0016.553.2005                1 1.00000E+02 1.40000E+02
a-C014-MT002-Goldberg-F0754002-ang-E0016.557.2005                3 1.14000E+02 1.70000E+02
a-C014-MT002-Goldberg-F0754002-ang-E0016.558.2005                2 1.14000E+02 1.61000E+02
a-C014-MT002-Goldberg-F0754002-ang-E0016.559.2005                1 1.44000E+02 1.61000E+02
a-C014-MT002-Goldberg-F0754002-ang-E0016.560.2005                1 1.00000E+02 1.44000E+02
a-C014-MT002-Goldberg-F0754002-ang-E0016.562.2005                1 1.00000E+02 1.24000E+02
a-C014-MT002-Goldberg-F0754002-ang-E0016.563.2005                2 1.24000E+02 1.70000E+02
a-C014-MT002-Goldberg-F0754002-ang-E0016.565.2005                1 1.20000E+02 1.41000E+02
a-C014-MT002-Goldberg-F0754002-ang-E0016.568.2005                2 1.20000E+02 1.44000E+02
a-C014-MT002-Goldberg-F0754002-ang-E0016.569.2005                1 1.44000E+02 1.70000E+02
a-C014-MT002-Goldberg-F0754002-ang-E0016.571.2005                1 1.00000E+02 1.70000E+02
a-C014-MT002-Goldberg-F0754002-ang-E0016.573.2005                3 1.00000E+02 1.61000E+02
a-C014-MT002-Goldberg-F0754002-ang-E0016.574.2005                2 1.14000E+02 1.41000E+02
a-C014-MT002-Goldberg-F0754002-ang-E0016.578.2005                1 1.40000E+02 1.41000E+02
a-C014-MT002-Goldberg-F0754002-ang-E0016.579.2005                2 1.40000E+02 1.51000E+02
a-C014-MT002-Goldberg-F0754002-ang-E0016.580.2005                1 1.24000E+02 1.44000E+02
a-C014-MT002-Goldberg-F0754002-ang-E0016.582.2005                1 1.24000E+02 1.70000E+02
a-C014-MT002-Goldberg-F0754002-ang-E0016.583.2005                1 1.14000E+02 1.70000E+02
a-C014-MT002-Goldberg-F0754002-ang-E0016.584.2005                1 1.00000E+02 1.14000E+02
a-C014-MT002-Goldberg-F0754002-ang-E0016.585.2005                1 1.00000E+02 1.20000E+02
a-C014-MT002-Goldberg-F0754002-ang-E0016.586.2005                1 1.20000E+02 1.61000E+02
a-C014-MT002-Goldberg-F0754002-ang-E0016.587.2005                1 1.40000E+02 1.61000E+02
a-C014-MT002-Goldberg-F0754002-ang-E0016.589.2005                3 1.24000E+02 1.44000E+02
a-C014-MT002-Goldberg-F0754002-ang-E0016.592.2005                1 1.00000E+02 1.24000E+02
a-C014-MT002-Goldberg-F0754002-ang-E0016.596.2005                2 1.00000E+02 1.40000E+02
a-C014-MT002-Goldberg-F0754002-ang-E0016.598.2005                3 1.20000E+02 1.61000E+02
a-C014-MT002-Goldberg-F0754002-ang-E0016.600.2005                1 1.20000E+02 1.70000E+02
a-C014-MT002-Goldberg-F0754002-ang-E0016.601.2005                1 1.41000E+02 1.70000E+02
a-C014-MT002-Goldberg-F0754002-ang-E0016.603.2005                1 1.24000E+02 1.41000E+02
a-C014-MT002-Goldberg-F0754002-ang-E0016.604.2005                2 1.24000E+02 1.44000E+02
a-C014-MT002-Goldberg-F0754002-ang-E0016.605.2005                1 1.00000E+02 1.40000E+02
a-C014-MT002-Goldberg-F0754002-ang-E0016.606.2005                2 1.00000E+02 1.70000E+02
a-C014-MT002-Goldberg-F0754002-ang-E0016.608.2005                1 1.61000E+02 1.70000E+02
a-C014-MT002-Goldberg-F0754002-ang-E0016.610.2005                1 1.51000E+02 1.61000E+02
a-C014-MT002-Goldberg-F0754002-ang-E0016.611.2005                1 1.24000E+02 1.51000E+02
a-C014-MT002-Goldberg-F0754002-ang-E0016.614.2005                1 1.24000E+02 1.44000E+02
a-C014-MT002-Goldberg-F0754002-ang-E0016.615.2005                1 1.00000E+02 1.44000E+02
a-C014-MT002-Goldberg-F0754002-ang-E0016.616.2005                3 1.00000E+02 1.41000E+02
a-C014-MT002-Goldberg-F0754002-ang-E0016.619.2005                1 1.41000E+02 1.70000E+02
a-C014-MT002-Goldberg-F0754002-ang-E0016.622.2005                1 1.20000E+02 1.70000E+02
a-C014-MT002-Goldberg-F0754002-ang-E0016.623.2005                1 1.20000E+02 1.24000E+02
a-C014-MT002-Goldberg-F0754002-ang-E0016.624.2005                3 1.24000E+02 1.61000E+02
a-C014-MT002-Goldberg-F0754002-ang-E0016.625.2005                1 1.40000E+02 1.51000E+02
a-C014-MT002-Goldberg-F0754002-ang-E0016.626.2005                1 1.14000E+02 1.40000E+02
a-C014-MT002-Goldberg-F0754002-ang-E0016.628.2005                1 1.14000E+02 1.41000E+02
a-C014-MT002-Goldberg-F0754002-ang-E0016.631.2005                1 1.00000E+02 1.41000E+02
a-C014-MT002-Goldberg-F0754002-ang-E0016.632.2005                1 1.00000E+02 1.44000E+02
a-C014-MT002-Goldberg-F0754002-ang-E0016.633.2005                2 1.24000E+02 1.51000E+02
a-C014-MT002-Goldberg-F0754002-ang-E0016.634.2005                1 1.24000E+02 1.40000E+02
a-C014-MT002-Goldberg-F0754002-ang-E0016.636.2005                2 1.40000E+02 1.70000E+02
a-C014-MT002-Goldberg-F0754002-ang-E0016.638.2005                1 1.00000E+02 1.61000E+02
a-C014-MT002-Goldberg-F0754002-ang-E0016.639.2005                1 1.00000E+02 1.41000E+02
a-C014-MT002-Goldberg-F0754002-ang-E0016.642.2005                2 1.41000E+02 1.51000E+02
a-C014-MT002-Goldberg-F0754002-ang-E0016.643.2005                1 1.14000E+02 1.44000E+02
a-C014-MT002-Goldberg-F0754002-ang-E0016.644.2005                2 1.14000E+02 1.61000E+02
a-C014-MT002-Goldberg-F0754002-ang-E0016.646.2005                2 1.00000E+02 1.40000E+02
a-C014-MT002-Goldberg-F0754002-ang-E0016.649.2005                2 1.00000E+02 1.70000E+02
a-C014-MT002-Goldberg-F0754002-ang-E0016.650.2005                2 1.40000E+02 1.44000E+02
a-C014-MT002-Goldberg-F0754002-ang-E0016.653.2005                2 1.20000E+02 1.44000E+02
a-C014-MT002-Goldberg-F0754002-ang-E0016.654.2005                1 1.20000E+02 1.51000E+02
a-C014-MT002-Goldberg-F0754002-ang-E0016.656.2005                2 1.24000E+02 1.61000E+02
a-C014-MT002-Goldberg-F0754002-ang-E0016.658.2005                1 1.14000E+02 1.24000E+02
a-C014-MT002-Goldberg-F0754002-ang-E0016.659.2005                3 1.00000E+02 1.44000E+02
a-C014-MT002-Goldberg-F0754002-ang-E0016.660.2005                1 1.00000E+02 1.70000E+02
a-C014-MT002-Goldberg-F0754002-ang-E0016.661.2005                1 1.41000E+02 1.70000E+02
a-C014-MT002-Goldberg-F0754002-ang-E0016.662.2005                1 1.40000E+02 1.41000E+02
a-C014-MT002-Goldberg-F0754002-ang-E0016.664.2005                3 1.24000E+02 1.61000E+02
a-C014-MT002-Goldberg-F0754002-ang-E0016.668.2005                1 1.00000E+02 1.24000E+02
a-C014-MT002-Goldberg-F0754002-ang-E0016.669.2005                2 1.00000E+02 1.40000E+02
a-C014-MT002-Goldberg-F0754002-ang-E0016.671.2005                2 1.40000E+02 1.44000E+02
a-C014-MT002-Goldberg-F0754002-ang-E0016.672.2005                1 1.41000E+02 1.61000E+02
a-C014-MT002-Goldberg-F0754002-ang-E0016.674.2005                2 1.14000E+02 1.70000E+02
a-C014-MT002-Goldberg-F0754002-ang-E0016.675.2005                1 1.14000E+02 1.51000E+02
a-C014-MT002-Goldberg-F0754002-ang-E0016.676.2005                1 1.00000E+02 1.51000E+02
a-C014-MT002-Goldberg-F0754002-ang-E0016.677.2005                1 1.00000E+02 1.20000E+02
a-C014-MT002-Goldberg-F0754002-ang-E0016.678.2005                1 1.20000E+02 1.61000E+02
a-C014-MT002-Goldberg-F0754002-ang-E0016.679.2005                1 1.44000E+02 1.61000E+02
a-C014-MT002-Goldberg-F0754002-ang-E0016.680.2005                1 1.41000E+02 1.44000E+02
a-C014-MT002-Goldberg-F0754002-ang-E0016.683.2005                1 1.14000E+02 1.41000E+02
a-C014-MT002-Goldberg-F0754002-ang-E0016.684.2005                2 1.14000E+02 1.40000E+02
a-C014-MT002-Goldberg-F0754002-ang-E0016.686.2005                2 1.00000E+02 1.70000E+02
a-C014-MT002-Goldberg-F0754002-ang-E0016.690.2005                3 1.00000E+02 1.61000E+02
a-C014-MT002-Goldberg-F0754002-ang-E0016.693.2005                1 1.40000E+02 1.51000E+02
a-C014-MT002-Goldberg-F0754002-ang-E0016.695.2005                1 1.00000E+02 1.40000E+02
a-C014-MT002-Goldberg-F0754002-ang-E0016.697.2005                2 1.00000E+02 1.20000E+02
a-C014-MT002-Goldberg-F0754002-ang-E0016.699.2005                3 1.20000E+02 1.70000E+02
a-C014-MT002-Goldberg-F0754002-ang-E0016.701.2005                1 1.40000E+02 1.70000E+02
a-C014-MT002-Goldberg-F0754002-ang-E0016.703.2005                2 1.40000E+02 1.51000E+02
a-C014-MT002-Goldberg-F0754002-ang-E0016.704.2005                1 1.44000E+02 1.61000E+02
a-C014-MT002-Goldberg-F0754002-ang-E0016.707.2005                1 1.41000E+02 1.61000E+02
a-C014-MT002-Goldberg-F0754002-ang-E0016.708.2005                1 1.24000E+02 1.41000E+02
a-C014-MT002-Goldberg-F0754002-ang-E0016.710.2005                2 1.00000E+02 1.70000E+02
a-C014-MT002-Goldberg-F0754002-ang-E0016.712.2005                1 1.00000E+02 1.14000E+02
a-C014-MT002-Goldberg-F0754002-ang-E0016.713.2005                2 1.14000E+02 1.61000E+02
a-C014-MT002-Goldberg-F0754002-ang-E0016.714.2005                1 1.20000E+02 1.61000E+02
a-C014-MT002-Goldberg-F0754002-ang-E0016.717.2005                1 1.20000E+02 1.44000E+02
a-C014-MT002-Goldberg-F0754002-ang-E0016.718.2005                2 1.44000E+02 1.70000E+02
a-C014-MT002-Goldberg-F0754002-ang-E0016.719.2005                1 1.24000E+02 1.51000E+02
a-C014-MT002-Goldberg-F0754002-ang-E0016.720.2005                1 1.00000E+02 1.24000E+02
a-C014-MT002-Goldberg-F0754002-ang-E0016.722.2005                2 1.00000E+02 1.61000E+02
a-C014-MT002-Goldberg-F0754002-ang-E0016.723.2005                1 1.14000E+02 1.40000E+02
a-C014-MT002-Goldberg-F0754002-ang-E0016.725.2005                1 1.40000E+02 1.70000E+02
a-C014-MT002-Goldberg-F0754002-ang-E0016.727.2005                1 1.51000E+02 1.70000E+02
a-C014-MT002-Goldberg-F0754002-ang-E0016.728.2005                1 1.20000E+02 1.51000E+02
a-C014-MT002-Goldberg-F0754002-ang-E0016.730.2005                3 1.00000E+02 1.44000E+02
a-C014-MT002-Goldberg-F0754002-ang-E0016.732.2005                1 1.00000E+02 1.14000E+02
a-C014-MT002-Goldberg-F0754002-ang-E0016.736.2005                2 1.14000E+02 1.44000E+02
a-C014-MT002-Goldberg-F0754002-ang-E0016.738.2005                4 1.00000E+02 1.70000E+02
a-C014-MT002-Goldberg-F0754002-ang-E0016.742.2005                2 1.00000E+02 1.41000E+02
a-C014-MT002-Goldberg-F0754002-ang-E0016.745.2005                1 1.20000E+02 1.70000E+02
a-C014-MT002-Goldberg-F0754002-ang-E0016.747.2005                1 1.24000E+02 1.70000E+02
a-C014-MT002-Goldberg-F0754002-ang-E0016.749.2005                1 1.24000E+02 1.61000E+02
a-C014-MT002-Goldberg-F0754002-ang-E0016.750.2005                1 1.40000E+02 1.61000E+02
a-C014-MT002-Goldberg-F0754002-ang-E0016.751.2005                1 1.40000E+02 1.51000E+02
a-C014-MT002-Goldberg-F0754002-ang-E0016.752.2005                1 1.00000E+02 1.51000E+02
a-C014-MT002-Goldberg-F0754002-ang-E0016.753.2005                3 1.00000E+02 1.61000E+02
a-C014-MT002-Goldberg-F0754002-ang-E0016.758.2005                1 1.61000E+02 1.70000E+02
a-C014-MT002-Goldberg-F0754002-ang-E0016.759.2005                1 1.20000E+02 1.70000E+02
a-C014-MT002-Goldberg-F0754002-ang-E0016.760.2005                2 1.20000E+02 1.41000E+02
a-C014-MT002-Goldberg-F0754002-ang-E0016.763.2005                1 1.41000E+02 1.44000E+02
a-C014-MT002-Goldberg-F0754002-ang-E0016.765.2005                1 1.00000E+02 1.44000E+02
a-C014-MT002-Goldberg-F0754002-ang-E0016.766.2005                2 1.00000E+02 1.61000E+02
a-C014-MT002-Goldberg-F0754002-ang-E0016.767.2005                2 1.14000E+02 1.51000E+02
a-C014-MT002-Goldberg-F0754002-ang-E0016.769.2005                1 1.20000E+02 1.24000E+02
a-C014-MT002-Goldberg-F0754002-ang-E0016.770.2005                1 1.20000E+02 1.40000E+02
a-C014-MT002-Goldberg-F0754002-ang-E0016.772.2005                1 1.40000E+02 1.44000E+02
a-C014-MT002-Goldberg-F0754002-ang-E0016.774.2005                1 1.44000E+02 1.61000E+02
a-C014-MT002-Goldberg-F0754002-ang-E0016.777.2005                1 1.61000E+02 1.70000E+02
a-C014-MT002-Goldberg-F0754002-ang-E0016.778.2005                1 1.00000E+02 1.70000E+02
a-C014-MT002-Goldberg-F0754002-ang-E0016.780.2005                2 1.00000E+02 1.51000E+02
a-C014-MT002-Goldberg-F0754002-ang-E0016.781.2005                1 1.40000E+02 1.51000E+02
a-C014-MT002-Goldberg-F0754002-ang-E0016.782.2005                1 1.14000E+02 1.40000E+02
a-C014-MT002-Goldberg-F0754002-ang-E0016.784.2005                2 1.14000E+02 1.44000E+02
a-C014-MT002-Goldberg-F0754002-ang-E0016.785.2005                1 1.20000E+02 1.44000E+02
a-C014-MT002-Goldberg-F0754002-ang-E0016.786.2005                1 1.20000E+02 1.61000E+02
a-C014-MT002-Goldberg-F0754002-ang-E0016.789.2005                1 1.00000E+02 1.61000E+02
a-C014-MT002-Goldberg-F0754002-ang-E0016.790.2005                2 1.00000E+02 1.41000E+02
a-C014-MT002-Goldberg-F0754002-ang-E0016.791.2005                1 1.41000E+02 1.44000E+02
a-C014-MT002-Goldberg-F0754002-ang-E0016.793.2005                1 1.14000E+02 1.44000E+02
a-C014-MT002-Goldberg-F0754002-ang-E0016.794.2005                1 1.14000E+02 1.24000E+02
a-C014-MT002-Goldberg-F0754002-ang-E0016.795.2005                2 1.24000E+02 1.70000E+02
a-C014-MT002-Goldberg-F0754002-ang-E0016.798.2005                1 1.44000E+02 1.61000E+02
a-C014-MT002-Goldberg-F0754002-ang-E0016.800.2005                1 1.40000E+02 1.44000E+02
a-C014-MT002-Goldberg-F0754002-ang-E0016.801.2005                2 1.00000E+02 1.51000E+02
a-C014-MT002-Goldberg-F0754002-ang-E0016.803.2005                2 1.00000E+02 1.41000E+02
a-C014-MT002-Goldberg-F0754002-ang-E0016.804.2005                1 1.14000E+02 1.41000E+02
a-C014-MT002-Goldberg-F0754002-ang-E0016.806.2005                2 1.14000E+02 1.70000E+02
a-C014-MT002-Goldberg-F0754002-ang-E0016.808.2005                1 1.00000E+02 1.61000E+02
a-C014-MT002-Goldberg-F0754002-ang-E0016.812.2005                3 1.00000E+02 1.44000E+02
a-C014-MT002-Goldberg-F0754002-ang-E0016.813.2005                1 1.41000E+02 1.44000E+02
a-C014-MT002-Goldberg-F0754002-ang-E0016.816.2005                2 1.14000E+02 1.51000E+02
a-C014-MT002-Goldberg-F0754002-ang-E0016.819.2005                1 1.14000E+02 1.24000E+02
a-C014-MT002-Goldberg-F0754002-ang-E0016.821.2005                2 1.00000E+02 1.40000E+02
a-C014-MT002-Goldberg-F0754002-ang-E0016.822.2005                3 1.00000E+02 1.70000E+02
a-C014-MT002-Goldberg-F0754002-ang-E0016.823.2005                1 1.44000E+02 1.61000E+02
a-C014-MT002-Goldberg-F0754002-ang-E0016.827.2005                1 1.41000E+02 1.44000E+02
a-C014-MT002-Goldberg-F0754002-ang-E0016.828.2005                1 1.14000E+02 1.41000E+02
a-C014-MT002-Goldberg-F0754002-ang-E0016.829.2005                2 1.00000E+02 1.51000E+02
a-C014-MT002-Goldberg-F0754002-ang-E0016.831.2005                4 1.00000E+02 1.61000E+02
a-C014-MT002-Goldberg-F0754002-ang-E0016.832.2005                1 1.24000E+02 1.70000E+02
a-C014-MT002-Goldberg-F0754002-ang-E0016.836.2005                1 1.51000E+02 1.70000E+02
a-C014-MT002-Goldberg-F0754002-ang-E0016.839.2005                1 1.40000E+02 1.51000E+02
a-C014-MT002-Goldberg-F0754002-ang-E0016.840.2005                1 1.00000E+02 1.40000E+02
a-C014-MT002-Goldberg-F0754002-ang-E0016.842.2005                1 1.00000E+02 1.14000E+02
a-C014-MT002-Goldberg-F0754002-ang-E0016.843.2005                4 1.14000E+02 1.70000E+02
a-C014-MT002-Goldberg-F0754002-ang-E0016.850.2005                1 1.40000E+02 1.70000E+02
a-C014-MT002-Goldberg-F0754002-ang-E0016.852.2005                1 1.40000E+02 1.51000E+02
a-C014-MT002-Goldberg-F0754002-ang-E0016.854.2005                2 1.44000E+02 1.61000E+02
a-C014-MT002-Goldberg-F0754002-ang-E0016.855.2005                1 1.14000E+02 1.44000E+02
a-C014-MT002-Goldberg-F0754002-ang-E0016.857.2005                1 1.14000E+02 1.24000E+02
a-C014-MT002-Goldberg-F0754002-ang-E0016.859.2005                2 1.00000E+02 1.70000E+02
a-C014-MT002-Goldberg-F0754002-ang-E0016.863.2005                2 1.00000E+02 1.40000E+02
a-C014-MT002-Goldberg-F0754002-ang-E0016.864.2005                3 1.40000E+02 1.51000E+02
a-C014-MT002-Goldberg-F0754002-ang-E0016.865.2005                1 1.24000E+02 1.51000E+02
a-C014-MT002-Goldberg-F0754002-ang-E0016.870.2005                2 1.24000E+02 1.70000E+02
a-C014-MT002-Goldberg-F0754002-ang-E0016.871.2005                1 1.41000E+02 1.61000E+02
a-C014-MT002-Goldberg-F0754002-ang-E0016.872.2005                1 1.14000E+02 1.61000E+02
a-C014-MT002-Goldberg-F0754002-ang-E0016.873.2005                2 1.00000E+02 1.44000E+02
a-C014-MT002-Goldberg-F0754002-ang-E0016.875.2005                3 1.00000E+02 1.51000E+02
a-C014-MT002-Goldberg-F0754002-ang-E0016.876.2005                2 1.20000E+02 1.70000E+02
a-C014-MT002-Goldberg-F0754002-ang-E0016.879.2005                1 1.44000E+02 1.70000E+02
a-C014-MT002-Goldberg-F0754002-ang-E0016.880.2005                1 1.41000E+02 1.70000E+02
a-C014-MT002-Goldberg-F0754002-ang-E0016.881.2005                1 1.41000E+02 1.70000E+02
a-C014-MT002-Goldberg-F0754002-ang-E0016.882.2005                1 1.40000E+02 1.70000E+02
a-C014-MT002-Goldberg-F0754002-ang-E0016.883.2005                2 1.14000E+02 1.61000E+02
a-C014-MT002-Goldberg-F0754002-ang-E0016.884.2005                2 1.00000E+02 1.24000E+02
a-C014-MT002-Goldberg-F0754002-ang-E0016.886.2005                2 1.00000E+02 1.44000E+02
a-C014-MT002-Goldberg-F0754002-ang-E0016.887.2005                1 1.40000E+02 1.41000E+02
a-C014-MT002-Goldberg-F0754002-ang-E0016.889.2005                2 1.20000E+02 1.51000E+02
a-C014-MT002-Goldberg-F0754002-ang-E0016.890.2005                1 1.20000E+02 1.70000E+02
a-C014-MT002-Goldberg-F0754002-ang-E0016.891.2005                1 1.24000E+02 1.70000E+02
a-C014-MT002-Goldberg-F0754002-ang-E0016.892.2005                1 1.00000E+02 1.24000E+02
a-C014-MT002-Goldberg-F0754002-ang-E0016.894.2005                3 1.00000E+02 1.70000E+02
a-C014-MT002-Goldberg-F0754002-ang-E0016.895.2005                1 1.40000E+02 1.44000E+02
a-C014-MT002-Goldberg-F0754002-ang-E0016.897.2005                1 1.44000E+02 1.70000E+02
a-C014-MT002-Goldberg-F0754002-ang-E0016.898.2005                1 1.14000E+02 1.70000E+02
a-C014-MT002-Goldberg-F0754002-ang-E0016.901.2005                2 1.14000E+02 1.61000E+02
a-C014-MT002-Goldberg-F0754002-ang-E0016.902.2005                1 1.24000E+02 1.41000E+02
a-C014-MT002-Goldberg-F0754002-ang-E0016.903.2005                1 1.20000E+02 1.24000E+02
a-C014-MT002-Goldberg-F0754002-ang-E0016.904.2005                4 1.20000E+02 1.70000E+02
a-C014-MT002-Goldberg-F0754002-ang-E0016.905.2005                1 1.00000E+02 1.51000E+02
a-C014-MT002-Goldberg-F0754002-ang-E0016.906.2005                1 1.00000E+02 1.70000E+02
a-C014-MT002-Goldberg-F0754002-ang-E0016.909.2005                1 1.41000E+02 1.70000E+02
a-C014-MT002-Goldberg-F0754002-ang-E0016.911.2005                2 1.40000E+02 1.61000E+02
a-C014-MT002-Goldberg-F0754002-ang-E0016.912.2005                2 1.40000E+02 1.70000E+02
a-C014-MT002-Goldberg-F0754002-ang-E0016.913.2005                1 1.61000E+02 1.70000E+02
a-C014-MT002-Goldberg-F0754002-ang-E0016.915.2005                1 1.14000E+02 1.61000E+02
a-C014-MT002-Goldberg-F0754002-ang-E0016.916.2005                3 1.14000E+02 1.70000E+02
a-C014-MT002-Goldberg-F0754002-ang-E0016.917.2005                1 1.00000E+02 1.24000E+02
a-C014-MT002-Goldberg-F0754002-ang-E0016.918.2005                1 1.00000E+02 1.51000E+02
a-C014-MT002-Goldberg-F0754002-ang-E0016.920.2005                1 1.41000E+02 1.51000E+02
a-C014-MT002-Goldberg-F0754002-ang-E0016.921.2005                2 1.40000E+02 1.70000E+02
a-C014-MT002-Goldberg-F0754002-ang-E0016.923.2005                2 1.20000E+02 1.61000E+02
a-C014-MT002-Goldberg-F0754002-ang-E0016.925.2005                1 1.20000E+02 1.70000E+02
a-C014-MT002-Goldberg-F0754002-ang-E0016.926.2005                1 1.14000E+02 1.70000E+02
a-C014-MT002-Goldberg-F0754002-ang-E0016.927.2005                2 1.00000E+02 1.44000E+02
a-C014-MT002-Goldberg-F0754002-ang-E0016.928.2005                1 1.00000E+02 1.51000E+02
a-C014-MT002-Goldberg-F0754002-ang-E0016.929.2005                2 1.41000E+02 1.61000E+02
a-C014-MT002-Goldberg-F0754002-ang-E0016.931.2005                2 1.24000E+02 1.70000E+02
a-C014-MT002-Goldberg-F0754002-ang-E0016.932.2005                1 1.24000E+02 1.40000E+02
a-C014-MT002-Goldberg-F0754002-ang-E0016.933.2005                1 1.40000E+02 1.61000E+02
a-C014-MT002-Goldberg-F0754002-ang-E0016.934.2005                1 1.61000E+02 1.70000E+02
a-C014-MT002-Goldberg-F0754002-ang-E0016.935.2005                1 1.41000E+02 1.70000E+02
a-C014-MT002-Goldberg-F0754002-ang-E0016.937.2005                1 1.41000E+02 1.44000E+02
a-C014-MT002-Goldberg-F0754002-ang-E0016.938.2005                2 1.00000E+02 1.61000E+02
a-C014-MT002-Goldberg-F0754002-ang-E0016.940.2005                5 1.00000E+02 1.70000E+02
a-C014-MT002-Goldberg-F0754002-ang-E0016.941.2005                1 1.41000E+02 1.44000E+02
a-C014-MT002-Goldberg-F0754002-ang-E0016.942.2005                1 1.40000E+02 1.44000E+02
a-C014-MT002-Goldberg-F0754002-ang-E0016.943.2005                2 1.40000E+02 1.70000E+02
a-C014-MT002-Goldberg-F0754002-ang-E0016.944.2005                1 1.00000E+02 1.41000E+02
a-C014-MT002-Goldberg-F0754002-ang-E0016.947.2005                3 1.00000E+02 1.44000E+02
a-C014-MT002-Goldberg-F0754002-ang-E0016.949.2005                4 1.00000E+02 1.70000E+02
a-C014-MT002-Goldberg-F0754002-ang-E0016.950.2005                1 1.00000E+02 1.44000E+02
a-C014-MT002-Goldberg-F0754002-ang-E0016.951.2005                1 1.40000E+02 1.44000E+02
a-C014-MT002-Goldberg-F0754002-ang-E0016.952.2005                1 1.24000E+02 1.40000E+02
a-C014-MT002-Goldberg-F0754002-ang-E0016.953.2005                2 1.24000E+02 1.51000E+02
a-C014-MT002-Goldberg-F0754002-ang-E0016.955.2005                2 1.40000E+02 1.70000E+02
a-C014-MT002-Goldberg-F0754002-ang-E0016.956.2005                2 1.40000E+02 1.61000E+02
a-C014-MT002-Goldberg-F0754002-ang-E0016.957.2005                1 1.41000E+02 1.61000E+02
a-C014-MT002-Goldberg-F0754002-ang-E0016.958.2005                2 1.14000E+02 1.70000E+02
a-C014-MT002-Goldberg-F0754002-ang-E0016.959.2005                1 1.00000E+02 1.14000E+02
a-C014-MT002-Goldberg-F0754002-ang-E0016.960.2005                1 1.00000E+02 1.20000E+02
a-C014-MT002-Goldberg-F0754002-ang-E0016.961.2005                3 1.20000E+02 1.70000E+02
a-C014-MT002-Goldberg-F0754002-ang-E0016.963.2005                1 1.40000E+02 1.70000E+02
a-C014-MT002-Goldberg-F0754002-ang-E0016.964.2005                1 1.00000E+02 1.40000E+02
a-C014-MT002-Goldberg-F0754002-ang-E0016.965.2005                1 1.00000E+02 1.61000E+02
a-C014-MT002-Goldberg-F0754002-ang-E0016.966.2005                1 1.51000E+02 1.61000E+02
a-C014-MT002-Goldberg-F0754002-ang-E0016.967.2005                1 1.41000E+02 1.51000E+02
a-C014-MT002-Goldberg-F0754002-ang-E0016.968.2005                2 1.14000E+02 1.44000E+02
a-C014-MT002-Goldberg-F0754002-ang-E0016.969.2005                2 1.00000E+02 1.24000E+02
a-C014-MT002-Goldberg-F0754002-ang-E0016.970.2005                3 1.00000E+02 1.70000E+02
a-C014-MT002-Goldberg-F0754002-ang-E0016.971.2005                1 1.44000E+02 1.51000E+02
a-C014-MT002-Goldberg-F0754002-ang-E0016.972.2005                1 1.20000E+02 1.44000E+02
a-C014-MT002-Goldberg-F0754002-ang-E0016.974.2005                3 1.20000E+02 1.61000E+02
a-C014-MT002-Goldberg-F0754002-ang-E0016.975.2005                1 1.44000E+02 1.61000E+02
a-C014-MT002-Goldberg-F0754002-ang-E0016.976.2005                1 1.14000E+02 1.44000E+02
a-C014-MT002-Goldberg-F0754002-ang-E0016.977.2005                1 1.14000E+02 1.70000E+02
a-C014-MT002-Goldberg-F0754002-ang-E0016.978.2005                1 1.14000E+02 1.70000E+02
a-C014-MT002-Goldberg-F0754002-ang-E0016.980.2005                2 1.00000E+02 1.40000E+02
a-C014-MT002-Goldberg-F0754002-ang-E0016.981.2005                3 1.00000E+02 1.70000E+02
a-C014-MT002-Goldberg-F0754002-ang-E0016.984.2005                1 1.14000E+02 1.41000E+02
a-C014-MT002-Goldberg-F0754002-ang-E0016.986.2005                4 1.14000E+02 1.51000E+02
a-C014-MT002-Goldberg-F0754002-ang-E0016.987.2005                2 1.40000E+02 1.61000E+02
a-C014-MT002-Goldberg-F0754002-ang-E0016.990.2005                1 1.61000E+02 1.70000E+02
a-C014-MT002-Goldberg-F0754002-ang-E0016.992.2005                1 1.14000E+02 1.70000E+02
a-C014-MT002-Goldberg-F0754002-ang-E0016.993.2005                2 1.14000E+02 1.44000E+02
a-C014-MT002-Goldberg-F0754002-ang-E0016.995.2005                1 1.00000E+02 1.44000E+02
a-C014-MT002-Goldberg-F0754002-ang-E0016.996.2005                1 1.00000E+02 1.41000E+02
a-C014-MT002-Goldberg-F0754002-ang-E0016.997.2005                1 1.20000E+02 1.41000E+02
a-C014-MT002-Goldberg-F0754002-ang-E0016.998.2005                3 1.20000E+02 1.70000E+02
a-C014-MT002-Goldberg-F0754002-ang-E0016.999.2005                1 1.14000E+02 1.24000E+02
a-C014-MT002-Goldberg-F0754002-ang-E0017.000.2005                1 1.14000E+02 1.40000E+02
a-C014-MT002-Goldberg-F0754002-ang-E0017.003.2005                2 1.40000E+02 1.51000E+02
a-C014-MT002-Goldberg-F0754002-ang-E0017.004.2005                1 1.00000E+02 1.44000E+02
a-C014-MT002-Goldberg-F0754002-ang-E0017.005.2005                1 1.00000E+02 1.24000E+02
a-C014-MT002-Goldberg-F0754002-ang-E0017.006.2005                2 1.14000E+02 1.41000E+02
a-C014-MT002-Goldberg-F0754002-ang-E0017.009.2005                2 1.14000E+02 1.61000E+02
a-C014-MT002-Goldberg-F0754002-ang-E0017.010.2005                1 1.20000E+02 1.41000E+02
a-C014-MT002-Goldberg-F0754002-ang-E0017.012.2005                2 1.00000E+02 1.44000E+02
a-C014-MT002-Goldberg-F0754002-ang-E0017.014.2005                3 1.00000E+02 1.61000E+02
a-C014-MT002-Goldberg-F0754002-ang-E0017.015.2005                3 1.14000E+02 1.51000E+02
a-C014-MT002-Goldberg-F0754002-ang-E0017.017.2005                1 1.20000E+02 1.40000E+02
a-C014-MT002-Goldberg-F0754002-ang-E0017.019.2005                3 1.00000E+02 1.70000E+02
a-C014-MT002-Goldberg-F0754002-ang-E0017.023.2005                1 1.00000E+02 1.14000E+02
a-C014-MT002-Goldberg-F0754002-ang-E0017.024.2005                2 1.14000E+02 1.61000E+02
a-C014-MT002-Goldberg-F0754002-ang-E0017.026.2005                1 1.41000E+02 1.51000E+02
a-C014-MT002-Goldberg-F0754002-ang-E0017.027.2005                1 1.24000E+02 1.41000E+02
a-C014-MT002-Goldberg-F0754002-ang-E0017.028.2005                2 1.24000E+02 1.44000E+02
a-C014-MT002-Goldberg-F0754002-ang-E0017.029.2005                1 1.14000E+02 1.40000E+02
a-C014-MT002-Goldberg-F0754002-ang-E0017.031.2005                1 1.00000E+02 1.14000E+02
a-C014-MT002-Goldberg-F0754002-ang-E0017.033.2005                3 1.00000E+02 1.61000E+02
a-C014-MT002-Goldberg-F0754002-ang-E0017.035.2005                1 1.51000E+02 1.61000E+02
a-C014-MT002-Goldberg-F0754002-ang-E0017.036.2005                1 1.24000E+02 1.51000E+02
a-C014-MT002-Goldberg-F0754002-ang-E0017.037.2005                2 1.24000E+02 1.61000E+02
a-C014-MT002-Goldberg-F0754002-ang-E0017.038.2005                2 1.14000E+02 1.70000E+02
a-C014-MT002-Goldberg-F0754002-ang-E0017.040.2005                1 1.00000E+02 1.14000E+02
a-C014-MT002-Goldberg-F0754002-ang-E0017.041.2005                2 1.00000E+02 1.41000E+02
a-C014-MT002-Goldberg-F0754002-ang-E0017.042.2005                1 1.41000E+02 1.44000E+02
a-C014-MT002-Goldberg-F0754002-ang-E0017.046.2005                1 1.20000E+02 1.44000E+02
a-C014-MT002-Goldberg-F0754002-ang-E0017.047.2005                3 1.20000E+02 1.61000E+02
a-C014-MT002-Goldberg-F0754002-ang-E0017.049.2005                1 1.24000E+02 1.40000E+02
a-C014-MT002-Goldberg-F0754002-ang-E0017.050.2005                1 1.14000E+02 1.40000E+02
a-C014-MT002-Goldberg-F0754002-ang-E0017.051.2005                1 1.14000E+02 1.70000E+02
a-C014-MT002-Goldberg-F0754002-ang-E0017.052.2005                1 1.40000E+02 1.70000E+02
a-C014-MT002-Goldberg-F0754002-ang-E0017.053.2005                1 1.00000E+02 1.40000E+02
a-C014-MT002-Goldberg-F0754002-ang-E0017.054.2005                3 1.00000E+02 1.51000E+02
a-C014-MT002-Goldberg-F0754002-ang-E0017.055.2005                2 1.41000E+02 1.61000E+02
a-C014-MT002-Goldberg-F0754002-ang-E0017.057.2005                1 1.20000E+02 1.41000E+02
a-C014-MT002-Goldberg-F0754002-ang-E0017.058.2005                1 1.20000E+02 1.70000E+02
a-C014-MT002-Goldberg-F0754002-ang-E0017.060.2005                1 1.24000E+02 1.70000E+02
a-C014-MT002-Goldberg-F0754002-ang-E0017.062.2005                1 1.24000E+02 1.44000E+02
a-C014-MT002-Goldberg-F0754002-ang-E0017.063.2005                2 1.14000E+02 1.61000E+02
a-C014-MT002-Goldberg-F0754002-ang-E0017.064.2005                2 1.14000E+02 1.51000E+02
a-C014-MT002-Goldberg-F0754002-ang-E0017.065.2005                1 1.00000E+02 1.51000E+02
a-C014-MT002-Goldberg-F0754002-ang-E0017.069.2005                1 1.00000E+02 1.20000E+02
a-C014-MT002-Goldberg-F0754002-ang-E0017.071.2005                1 1.20000E+02 1.61000E+02
a-C014-MT002-Goldberg-F0754002-ang-E0017.072.2005                1 1.14000E+02 1.61000E+02
a-C014-MT002-Goldberg-F0754002-ang-E0017.073.2005                4 1.14000E+02 1.70000E+02
a-C014-MT002-Goldberg-F0754002-ang-E0017.074.2005                1 1.40000E+02 1.41000E+02
a-C014-MT002-Goldberg-F0754002-ang-E0017.076.2005                2 1.40000E+02 1.61000E+02
a-C014-MT002-Goldberg-F0754002-ang-E0017.078.2005                1 1.00000E+02 1.61000E+02
a-C014-MT002-Goldberg-F0754002-ang-E0017.079.2005                1 1.00000E+02 1.14000E+02
a-C014-MT002-Goldberg-F0754002-ang-E0017.080.2005                2 1.14000E+02 1.40000E+02
a-C014-MT002-Goldberg-F0754002-ang-E0017.084.2005                1 1.24000E+02 1.41000E+02
a-C014-MT002-Goldberg-F0754002-ang-E0017.085.2005                2 1.41000E+02 1.70000E+02
a-C014-MT002-Goldberg-F0754002-ang-E0017.086.2005                1 1.40000E+02 1.70000E+02
a-C014-MT002-Goldberg-F0754002-ang-E0017.087.2005                1 1.00000E+02 1.40000E+02
a-C014-MT002-Goldberg-F0754002-ang-E0017.088.2005                3 1.00000E+02 1.61000E+02
a-C014-MT002-Goldberg-F0754002-ang-E0017.090.2005                1 1.14000E+02 1.61000E+02
a-C014-MT002-Goldberg-F0754002-ang-E0017.091.2005                3 1.14000E+02 1.44000E+02
a-C014-MT002-Goldberg-F0754002-ang-E0017.092.2005                2 1.41000E+02 1.70000E+02
a-C014-MT002-Goldberg-F0754002-ang-E0017.095.2005                1 1.00000E+02 1.61000E+02
a-C014-MT002-Goldberg-F0754002-ang-E0017.096.2005                2 1.00000E+02 1.44000E+02
a-C014-MT002-Goldberg-F0754002-ang-E0017.097.2005                2 1.24000E+02 1.70000E+02
a-C014-MT002-Goldberg-F0754002-ang-E0017.100.2005                1 1.24000E+02 1.51000E+02
a-C014-MT002-Goldberg-F0754002-ang-E0017.101.2005                1 1.20000E+02 1.51000E+02
a-C014-MT002-Goldberg-F0754002-ang-E0017.102.2005                1 1.20000E+02 1.40000E+02
a-C014-MT002-Goldberg-F0754002-ang-E0017.103.2005                3 1.40000E+02 1.70000E+02
a-C014-MT002-Goldberg-F0754002-ang-E0017.105.2005                1 1.44000E+02 1.61000E+02
a-C014-MT002-Goldberg-F0754002-ang-E0017.106.2005                1 1.14000E+02 1.61000E+02
a-C014-MT002-Goldberg-F0754002-ang-E0017.107.2005                1 1.14000E+02 1.40000E+02
a-C014-MT002-Goldberg-F0754002-ang-E0017.109.2005                1 1.00000E+02 1.40000E+02
a-C014-MT002-Goldberg-F0754002-ang-E0017.110.2005                3 1.00000E+02 1.70000E+02
a-C014-MT002-Goldberg-F0754002-ang-E0017.111.2005                2 1.20000E+02 1.44000E+02
a-C014-MT002-Goldberg-F0754002-ang-E0017.113.2005                2 1.14000E+02 1.61000E+02
a-C014-MT002-Goldberg-F0754002-ang-E0017.114.2005                1 1.14000E+02 1.51000E+02
a-C014-MT002-Goldberg-F0754002-ang-E0017.115.2005                2 1.41000E+02 1.70000E+02
a-C014-MT002-Goldberg-F0754002-ang-E0017.116.2005                1 1.41000E+02 1.44000E+02
a-C014-MT002-Goldberg-F0754002-ang-E0017.117.2005                1 1.40000E+02 1.44000E+02
a-C014-MT002-Goldberg-F0754002-ang-E0017.119.2005                1 1.24000E+02 1.40000E+02
a-C014-MT002-Goldberg-F0754002-ang-E0017.120.2005                2 1.14000E+02 1.41000E+02
a-C014-MT002-Goldberg-F0754002-ang-E0017.121.2005                2 1.14000E+02 1.70000E+02
a-C014-MT002-Goldberg-F0754002-ang-E0017.122.2005                1 1.44000E+02 1.70000E+02
a-C014-MT002-Goldberg-F0754002-ang-E0017.124.2005                1 1.00000E+02 1.44000E+02
a-C014-MT002-Goldberg-F0754002-ang-E0017.125.2005                2 1.00000E+02 1.40000E+02
a-C014-MT002-Goldberg-F0754002-ang-E0017.127.2005                2 1.14000E+02 1.61000E+02
a-C014-MT002-Goldberg-F0754002-ang-E0017.128.2005                1 1.24000E+02 1.41000E+02
a-C014-MT002-Goldberg-F0754002-ang-E0017.129.2005                3 1.24000E+02 1.70000E+02
a-C014-MT002-Goldberg-F0754002-ang-E0017.131.2005                2 1.40000E+02 1.44000E+02
a-C014-MT002-Goldberg-F0754002-ang-E0017.132.2005                1 1.20000E+02 1.44000E+02
a-C014-MT002-Goldberg-F0754002-ang-E0017.133.2005                3 1.14000E+02 1.51000E+02
a-C014-MT002-Goldberg-F0754002-ang-E0017.136.2005                2 1.00000E+02 1.70000E+02
a-C014-MT002-Goldberg-F0754002-ang-E0017.138.2005                3 1.00000E+02 1.44000E+02
a-C014-MT002-Goldberg-F0754002-ang-E0017.139.2005                1 1.24000E+02 1.41000E+02
a-C014-MT002-Goldberg-F0754002-ang-E0017.141.2005                1 1.41000E+02 1.70000E+02
a-C014-MT002-Goldberg-F0754002-ang-E0017.142.2005                1 1.20000E+02 1.70000E+02
a-C014-MT002-Goldberg-F0754002-ang-E0017.143.2005                1 1.20000E+02 1.44000E+02
a-C014-MT002-Goldberg-F0754002-ang-E0017.144.2005                1 1.40000E+02 1.44000E+02
a-C014-MT002-Goldberg-F0754002-ang-E0017.145.2005                1 1.14000E+02 1.40000E+02
a-C014-MT002-Goldberg-F0754002-ang-E0017.146.2005                1 1.14000E+02 1.51000E+02
a-C014-MT002-Goldberg-F0754002-ang-E0017.148.2005                3 1.44000E+02 1.70000E+02
a-C014-MT002-Goldberg-F0754002-ang-E0017.149.2005                1 1.24000E+02 1.44000E+02
a-C014-MT002-Goldberg-F0754002-ang-E0017.150.2005                1 1.00000E+02 1.24000E+02
a-C014-MT002-Goldberg-F0754002-ang-E0017.151.2005                2 1.00000E+02 1.41000E+02
a-C014-MT002-Goldberg-F0754002-ang-E0017.153.2005                1 1.14000E+02 1.20000E+02
a-C014-MT002-Goldberg-F0754002-ang-E0017.155.2005                2 1.14000E+02 1.44000E+02
a-C014-MT002-Goldberg-F0754002-ang-E0017.156.2005                1 1.44000E+02 1.70000E+02
a-C014-MT002-Goldberg-F0754002-ang-E0017.158.2005                1 1.51000E+02 1.70000E+02
a-C014-MT002-Goldberg-F0754002-ang-E0017.159.2005                1 1.24000E+02 1.51000E+02
a-C014-MT002-Goldberg-F0754002-ang-E0017.160.2005                1 1.20000E+02 1.24000E+02
a-C014-MT002-Goldberg-F0754002-ang-E0017.161.2005                1 1.20000E+02 1.70000E+02
a-C014-MT002-Goldberg-F0754002-ang-E0017.163.2005                1 1.14000E+02 1.70000E+02
a-C014-MT002-Goldberg-F0754002-ang-E0017.164.2005                2 1.14000E+02 1.44000E+02
a-C014-MT002-Goldberg-F0754002-ang-E0017.165.2005                2 1.44000E+02 1.70000E+02
a-C014-MT002-Goldberg-F0754002-ang-E0017.166.2005                1 1.51000E+02 1.70000E+02
a-C014-MT002-Goldberg-F0754002-ang-E0017.167.2005                1 1.40000E+02 1.51000E+02
a-C014-MT002-Goldberg-F0754002-ang-E0017.168.2005                1 1.20000E+02 1.40000E+02
a-C014-MT002-Goldberg-F0754002-ang-E0017.171.2005                1 1.00000E+02 1.20000E+02
a-C014-MT002-Goldberg-F0754002-ang-E0017.172.2005                1 1.00000E+02 1.41000E+02
a-C014-MT002-Goldberg-F0754002-ang-E0017.173.2005                1 1.14000E+02 1.41000E+02
a-C014-MT002-Goldberg-F0754002-ang-E0017.175.2005                3 1.14000E+02 1.70000E+02
a-C014-MT002-Goldberg-F0754002-ang-E0017.176.2005                1 1.40000E+02 1.70000E+02
a-C014-MT002-Goldberg-F0754002-ang-E0017.177.2005                1 1.40000E+02 1.40000E+02
a-C014-MT002-Oeschler-F0339002-ang-E0024.000.1973               75 1.61000E+01 1.76900E+02
a-C014-MT002-Oeschler-F0339002-ang-E0028.000.1973               75 1.61000E+01 1.70100E+02
