#              Filename                                         N    min         max
n-H002-MT001-Adair-11061002.1953                                 9 2.62000E-01 2.96200E+00
n-H002-MT001-Adair-11061002A001.1953                             9 2.62000E-01 2.96200E+00
n-H002-MT001-Anderson-14689005.1946                              2 1.55160E-09 2.53000E-08
n-H002-MT001-Ashmore-21680003.1957                               1 3.51200E+02 3.51200E+02
n-H002-MT001-Brady-10467002.1972                                 8 2.46300E+01 5.93500E+01
n-H002-MT001-Brady-10467002A001.1972                             8 2.46300E+01 5.93500E+01
n-H002-MT001-Bratenahl-11155003.1958                             5 7.16000E+00 1.40100E+01
n-H002-MT001-Bratenahl-11155003A001.1958                         5 7.16000E+00 1.40100E+01
n-H002-MT001-Bretscher-21251005.1950                            14 2.60000E-01 3.80000E+00
n-H002-MT001-Callerame-10860002.1975                             1 4.20000E-09 4.20000E-09
n-H002-MT001-Callerame-10860002A001.1975                         1 4.20000E-09 4.20000E-09
n-H002-MT001-Clement-10173002.1972                             432 5.00950E-01 2.99110E+01
n-H002-MT001-Clement-10173002A001.1972                         432 5.00950E-01 2.99110E+01
n-H002-MT001-Cook-11074003.1954                                  8 1.41000E+01 1.80000E+01
n-H002-MT001-Cook-11074003A001.1954                              8 1.41000E+01 1.80000E+01
n-H002-MT001-Cook-11146003.1949                                  1 8.30000E+01 8.30000E+01
n-H002-MT001-Cook-11146003A001.1949                              1 8.30000E+01 8.30000E+01
n-H002-MT001-Culler-11088003.1955                                4 9.34000E+01 1.06800E+02
n-H002-MT001-Culler-11088003A001.1955                            4 9.34000E+01 1.06800E+02
n-H002-MT001-Davis-10099002.1971                                27 1.50000E+00 2.75150E+01
n-H002-MT001-Davis-10099002A001.1971                            27 1.50000E+00 2.75150E+01
n-H002-MT001-Dejuren-11174003.1950                               1 9.50000E+01 9.50000E+01
n-H002-MT001-Dejuren-11174003A001.1950                           1 9.50000E+01 9.50000E+01
n-H002-MT001-Dejuren-11174005.1950                               1 9.50000E+01 9.50000E+01
n-H002-MT001-Dejuren-11174005A001.1950                           1 9.50000E+01 9.50000E+01
n-H002-MT001-Dejuren-11176003.1950                               1 2.70000E+02 2.70000E+02
n-H002-MT001-Dejuren-11176003A001.1950                           1 2.70000E+02 2.70000E+02
n-H002-MT001-Devlin-10365003.1973                               26 2.47360E+02 2.58830E+03
n-H002-MT001-Devlin-10365003A001.1973                           26 2.47360E+02 2.58830E+03
n-H002-MT001-Dilg-20596004.1971                                  1 1.30000E-04 1.30000E-04
n-H002-MT001-Dritsa-20038002.1967                              492 1.00500E-08 9.40540E-06
n-H002-MT001-Dritsa-20038003.1967                              492 1.00500E-08 9.40540E-06
n-H002-MT001-Dzhelepov-41261003.1955                             1 5.90000E+02 5.90000E+02
n-H002-MT001-Fluharty-11015002.1959                             96 5.55000E-06 1.98000E-03
n-H002-MT001-Fluharty-11015002A001.1959                         96 5.55000E-06 1.98000E-03
n-H002-MT001-Fox-11175003.1950                                   1 2.70000E+02 2.70000E+02
n-H002-MT001-Fox-11175003A001.1950                               1 2.70000E+02 2.70000E+02
n-H002-MT001-Goodman-11057003.1952                               1 1.40000E+01 1.40000E+01
n-H002-MT001-Goodman-11057003A001.1952                           1 1.40000E+01 1.40000E+01
n-H002-MT001-Hanstein-12589003.1941                              2 3.00000E-08 9.00000E-07
n-H002-MT001-Hibdon-13041003.1950                                2 1.20000E-04 3.45000E-04
n-H002-MT001-Hildebrand-11039003.1950                            1 4.20000E+01 4.20000E+01
n-H002-MT001-Hildebrand-11039003A001.1950                        1 4.20000E+01 4.20000E+01
n-H002-MT001-Jones-10194003.1971                                 1 1.70850E+04 1.70850E+04
n-H002-MT001-Jones-10194003A001.1971                             1 1.70850E+04 1.70850E+04
n-H002-MT001-Knoll-23725003.1985                                11 8.18000E-12 1.27810E-09
n-H002-MT001-Koori-20332007.1972                                 1 1.41000E+01 1.41000E+01
n-H002-MT001-Kreisler-11134003.1968                              2 1.36910E+04 2.60770E+04
n-H002-MT001-Kreisler-11134003A001.1968                          2 1.36910E+04 2.60770E+04
n-H002-MT001-May-23425003.1982                                   8 5.68060E-10 4.03950E-09
n-H002-MT001-Measday-11152006.1966                               7 8.82000E+01 1.50900E+02
n-H002-MT001-Measday-11152006A001.1966                           7 8.82000E+01 1.50900E+02
n-H002-MT001-Meier-20907004.1969                                 1 1.41400E+01 1.41400E+01
n-H002-MT001-Meier-20907005.1969                                 1 1.41400E+01 1.41400E+01
n-H002-MT001-Meyer-12641003.1951                                 1 1.42150E+01 1.42150E+01
n-H002-MT001-Meyer-12641011.1951                                 1 1.42150E+01 1.42150E+01
n-H002-MT001-Meyers-11019002.1953                               36 3.49800E-10 4.56600E-09
n-H002-MT001-Meyers-11019002A001.1953                           36 3.49800E-10 4.56600E-09
n-H002-MT001-Murthy-10403002.1975                                7 3.30730E+04 2.72060E+05
n-H002-MT001-Murthy-10403002A001.1975                            7 3.30730E+04 2.72060E+05
n-H002-MT001-Nedzel-13568003.1954                                1 4.10000E+02 4.10000E+02
n-H002-MT001-Nuckolls-11142002.1946                             15 3.50000E-01 6.00000E+00
n-H002-MT001-Nuckolls-11142002A001.1946                         15 3.50000E-01 6.00000E+00
n-H002-MT001-Nuckolls-11142004.1946                             15 3.50000E-01 6.00000E+00
n-H002-MT001-Nuckolls-11142004A001.1946                         15 3.50000E-01 6.00000E+00
n-H002-MT001-Parker-10044003.1970                                2 3.16930E+03 4.83740E+03
n-H002-MT001-Parker-10044003A001.1970                            2 3.16930E+03 4.83740E+03
n-H002-MT001-Peterson-11108003.1960                              4 1.78000E+01 2.90000E+01
n-H002-MT001-Peterson-11108003A001.1960                          4 1.78000E+01 2.90000E+01
n-H002-MT001-Phillips-10945003.1980                             71 7.10000E-02 4.34350E+01
n-H002-MT001-Phillips-10945003A001.1980                         71 7.10000E-02 4.34350E+01
n-H002-MT001-Poss-11053003.1952                                  1 1.41000E+01 1.41000E+01
n-H002-MT001-Poss-11053003A001.1952                              1 1.41000E+01 1.41000E+01
n-H002-MT001-Pruitt-14661011.2020                              500 3.00567E+00 4.83080E+02
n-H002-MT001-Rainwater-11145002.1948                            46 4.90000E-09 8.00000E-06
n-H002-MT001-Rainwater-11145002A001.1948                        46 4.90000E-09 8.00000E-06
n-H002-MT001-Rayburn-11026003.1965                               1 1.44000E-06 1.44000E-06
n-H002-MT001-Rayburn-11026003A001.1965                           1 1.44000E-06 1.44000E-06
n-H002-MT001-Riddle-21154002.1965                               28 1.75000E+01 1.12500E+02
n-H002-MT001-Rodriguezpalomino-23402005.2017                    49 1.13000E-09 8.97164E-05
n-H002-MT001-Rodriguezpalomino-23402006.2017                    49 1.13000E-09 8.97164E-05
n-H002-MT001-Rodriguezpalomino-23402007.2017                    49 1.13000E-09 8.97164E-05
n-H002-MT001-Seagrave-11086002.1955                             29 2.67000E-01 2.18500E+01
n-H002-MT001-Seagrave-11086002A001.1955                         29 2.67000E-01 2.18500E+01
n-H002-MT001-Seiffert-23423002.1970                             70 9.00000E-10 7.82000E-08
n-H002-MT001-Seiffert-23423005.1970                             70 9.00000E-10 7.82000E-08
n-H002-MT001-Seiffert-23423006.1970                             74 1.38410E-09 7.95580E-08
n-H002-MT001-Seiffert-23423009.1970                             64 1.08570E-09 7.99560E-08
n-H002-MT001-Shirato-20334008.1968                               1 1.41000E+01 1.41000E+01
n-H002-MT001-Shirato-20344005.1972                               1 1.41000E+01 1.41000E+01
n-H002-MT001-Stoler-10335002.1973                               11 2.47000E-02 9.38000E-01
n-H002-MT001-Stoler-10335002A001.1973                           11 2.47000E-02 9.38000E-01
n-H002-MT001-Stoler-10335003.1973                              435 2.24000E-02 9.92600E-01
n-H002-MT001-Stoler-10335003A001.1973                          435 2.24000E-02 9.92600E-01
n-H002-MT001-Utsuro-21751002.1981                               60 2.55000E-10 9.68000E-08
n-H002-MT001-Utsuro-21751003.1981                               60 2.55000E-10 9.68000E-08
n-H002-MT001-Willard-11032002.1964                              31 2.79000E+00 3.57000E+00
n-H002-MT001-Willard-11032002A001.1964                          31 2.79000E+00 3.57000E+00
n-H002-MT001-Zimmerman-11063002.1953                             4 1.00000E-01 1.32000E+00
n-H002-MT001-Zimmerman-11063002A001.1953                         4 1.00000E-01 1.32000E+00
n-H002-MT001-Zinn-11136003.1939                                  1 2.88000E+00 2.88000E+00
n-H002-MT001-Zinn-11136003A001.1939                              1 2.88000E+00 2.88000E+00
