#              Filename                                         N    min         max
n-N014-MT053-Chardine-22081026-ang-E0007.700.1986               11 4.20000E+01 1.52800E+02
n-N014-MT053-Chardine-22081027-ang-E0007.900.1986               11 4.19000E+01 1.51600E+02
n-N014-MT053-Chardine-22081028-ang-E0008.120.1986               11 4.18000E+01 1.51500E+02
n-N014-MT053-Chardine-22081029-ang-E0009.000.1986               10 4.14000E+01 1.51200E+02
n-N014-MT053-Chardine-22081030-ang-E0010.300.1986               11 4.11000E+01 1.51000E+02
n-N014-MT053-Chardine-22081031-ang-E0010.650.1986               16 4.10000E+01 1.55800E+02
n-N014-MT053-Chardine-22081032-ang-E0011.100.1986               10 5.12000E+01 1.50800E+02
n-N014-MT053-Chardine-22081033-ang-E0011.500.1986               15 2.05000E+01 1.36100E+02
n-N014-MT053-Chardine-22081034-ang-E0012.400.1986               16 4.58000E+01 1.55600E+02
n-N014-MT053-Chardine-22081035-ang-E0013.500.1986               17 4.07000E+01 1.55500E+02
n-N014-MT053-Chardine-22081036-ang-E0007.700.1986               10 4.19000E+01 1.51600E+02
n-N014-MT053-Chardine-22081037-ang-E0007.900.1986               10 4.18000E+01 1.51500E+02
n-N014-MT053-Chardine-22081038-ang-E0008.120.1986               10 5.20000E+01 1.51500E+02
n-N014-MT053-Chardine-22081039-ang-E0009.000.1986                9 6.19000E+01 1.51200E+02
n-N014-MT053-Chardine-22081040-ang-E0010.300.1986               11 4.11000E+01 1.50900E+02
n-N014-MT053-Chardine-22081041-ang-E0010.650.1986               16 4.10000E+01 1.55700E+02
n-N014-MT053-Chardine-22081042-ang-E0011.100.1986                8 7.14000E+01 1.50800E+02
n-N014-MT053-Chardine-22081043-ang-E0011.500.1986               14 4.09000E+01 1.36000E+02
n-N014-MT053-Chardine-22081044-ang-E0012.400.1986               15 4.58000E+01 1.45800E+02
n-N014-MT053-Chardine-22081045-ang-E0013.500.1986               17 4.07000E+01 1.55500E+02
n-N014-MT053-Hyakutake-20273004-ang-E0014.100.1971              45 2.04000E+01 1.60600E+02
n-N014-MT053-Perey-10283004-ang-E0008.560.1974                   1 8.88000E+01 9.50000E+01
n-N014-MT053-Perey-10283004-ang-E0008.560A001.1974               1 8.88000E+01 9.50000E+01
n-N014-MT053-Schmidt-22806005-ang-E0007.890.2003                19 1.72000E+01 1.22700E+02
n-N014-MT053-Schmidt-22806005-ang-E0008.890.2003                31 2.63000E+01 1.61200E+02
n-N014-MT053-Schmidt-22806005-ang-E0009.880.2003                27 2.63000E+01 1.54500E+02
n-N014-MT053-Schmidt-22806005-ang-E0010.810.2003                24 2.68000E+01 1.55400E+02
n-N014-MT053-Schmidt-22806005-ang-E0011.780.2003                24 2.68000E+01 2.68000E+01
