#              Filename                                         N    min         max
p-Ti050-MT601-Antropov-F0923007-ang-E0005.310.1976               1 8.16000E+01 9.60000E+01
p-Ti050-MT601-Antropov-F0923007-ang-E0005.311.1976               1 8.16000E+01 9.00000E+01
p-Ti050-MT601-Antropov-F0923007-ang-E0005.312.1976               1 9.00000E+01 9.60000E+01
p-Ti050-MT601-Antropov-F0923007-ang-E0005.326.1976               1 8.16000E+01 9.60000E+01
p-Ti050-MT601-Antropov-F0923007-ang-E0005.335.1976               1 8.16000E+01 9.60000E+01
p-Ti050-MT601-Antropov-F0923007-ang-E0005.387.1976               1 9.00000E+01 9.60000E+01
p-Ti050-MT601-Antropov-F0923007-ang-E0005.388.1976               1 8.16000E+01 9.00000E+01
p-Ti050-MT601-Antropov-F0923007-ang-E0005.394.1976               1 8.16000E+01 9.60000E+01
p-Ti050-MT601-Antropov-F0923007-ang-E0005.458.1976               1 9.60000E+01 1.23000E+02
p-Ti050-MT601-Antropov-F0923007-ang-E0005.458A001.1976           1 9.00000E+01 1.23000E+02
p-Ti050-MT601-Antropov-F0923007-ang-E0005.461.1976               1 8.16000E+01 9.00000E+01
p-Ti050-MT601-Antropov-F0923007-ang-E0005.462.1976               1 8.16000E+01 9.60000E+01
p-Ti050-MT601-Antropov-F0923007-ang-E0005.589.1976               1 9.00000E+01 9.60000E+01
p-Ti050-MT601-Antropov-F0923007-ang-E0005.590.1976               1 8.16000E+01 9.00000E+01
p-Ti050-MT601-Antropov-F0923007-ang-E0005.591.1976               1 8.16000E+01 9.60000E+01
p-Ti050-MT601-Antropov-F0923007-ang-E0005.682.1976               1 9.60000E+01 1.23000E+02
p-Ti050-MT601-Antropov-F0923007-ang-E0005.682A001.1976           1 8.16000E+01 1.23000E+02
p-Ti050-MT601-Antropov-F0923007-ang-E0005.683.1976               1 8.16000E+01 9.60000E+01
p-Ti050-MT601-Antropov-F0923007-ang-E0005.740.1976               1 9.60000E+01 1.23000E+02
p-Ti050-MT601-Antropov-F0923007-ang-E0005.740A001.1976           1 9.00000E+01 1.23000E+02
p-Ti050-MT601-Antropov-F0923007-ang-E0005.743.1976               1 8.16000E+01 9.00000E+01
p-Ti050-MT601-Antropov-F0923007-ang-E0005.744.1976               1 8.16000E+01 9.60000E+01
p-Ti050-MT601-Antropov-F0923007-ang-E0005.808.1976               1 9.60000E+01 1.23000E+02
p-Ti050-MT601-Antropov-F0923007-ang-E0005.808A001.1976           1 9.00000E+01 1.23000E+02
p-Ti050-MT601-Antropov-F0923007-ang-E0005.811.1976               1 8.16000E+01 9.00000E+01
p-Ti050-MT601-Antropov-F0923007-ang-E0005.812.1976               1 8.16000E+01 9.60000E+01
p-Ti050-MT601-Antropov-F0923007-ang-E0005.916.1976               1 9.60000E+01 1.23000E+02
p-Ti050-MT601-Antropov-F0923007-ang-E0005.916A001.1976           1 9.00000E+01 1.23000E+02
p-Ti050-MT601-Antropov-F0923007-ang-E0005.921.1976               1 8.16000E+01 9.00000E+01
p-Ti050-MT601-Antropov-F0923007-ang-E0005.922.1976               1 8.16000E+01 1.23000E+02
p-Ti050-MT601-Antropov-F0923007-ang-E0005.996.1976               1 9.60000E+01 1.23000E+02
p-Ti050-MT601-Antropov-F0923007-ang-E0005.998.1976               1 9.00000E+01 9.60000E+01
p-Ti050-MT601-Antropov-F0923007-ang-E0006.004.1976               2 8.16000E+01 9.00000E+01
p-Ti050-MT601-Antropov-F0936007-ang-E0006.000.1976              49 2.58000E+01 1.65600E+02
p-Ti050-MT601-Funsten-C1326007-ang-E0017.450.1964               31 2.44000E+01 9.04000E+01
p-Ti050-MT601-Nojiri-E1537005-ang-E0003.588.1974                 9 4.75800E+01 1.61300E+02
p-Ti050-MT601-Nojiri-E1537007-ang-E0003.606.1974                13 4.67000E+01 1.65300E+02
p-Ti050-MT601-Tomizawa-E1466015-ang-E0011.000.1990              12 5.01000E+01 1.60000E+02
p-Ti050-MT601-Tomizawa-E1466033-ang-E0018.000.1990              11 6.00000E+01 1.60000E+02
p-Ti050-MT601-Woo-C1261007-ang-E0100.000.1984                   50 9.20003E+00 9.55000E+01
