#              Filename                                         N    min         max
a-Al027-MT600-Galanina-F1430002-E0030.300.2020                  32 2.00000E+01 1.60100E+02
a-Al027-MT600-Kondo-E2226007-E0021.800.1961                     22 6.69999E+00 1.65900E+02
a-Al027-MT600-Kondo-E2226008-E0022.200.1961                     22 6.69999E+00 1.66100E+02
a-Al027-MT600-Ploughe-T0263003-E0019.000.1961                   70 1.02000E+01 1.64900E+02
a-Al027-MT600-Ploughe-T0263004-E0019.000.1961                  139 1.03000E+01 1.66000E+02
a-Al027-MT600-Spassky-F0957002-E0009.060.1968                    1 9.00000E+01 1.60000E+02
a-Al027-MT600-Spassky-F0957002-E0009.252.1968                    1 9.00000E+01 1.60000E+02
a-Al027-MT600-Spassky-F0957002-E0009.696.1968                    1 9.00000E+01 1.60000E+02
a-Al027-MT600-Spassky-F0957002-E0009.913.1968                    1 9.00000E+01 1.60000E+02
a-Al027-MT600-Spassky-F0957002-E0010.329.1968                    1 9.00000E+01 1.60000E+02
a-Al027-MT600-Spassky-F0957002-E0010.456.1968                    1 9.00000E+01 1.60000E+02
a-Al027-MT600-Spassky-F0957002-E0010.847.1968                    1 9.00000E+01 1.60000E+02
a-Al027-MT600-Spassky-F0957002-E0010.996.1968                    1 9.00000E+01 1.60000E+02
a-Al027-MT600-Spassky-F0957002-E0011.460.1968                    1 9.00000E+01 1.60000E+02
a-Al027-MT600-Spassky-F0957002-E0011.540.1968                    1 3.00000E+01 9.00000E+01
a-Al027-MT600-Spassky-F0957002-E0011.700.1968                    1 3.00000E+01 1.60000E+02
a-Al027-MT600-Spassky-F0957002-E0011.958.1968                    1 9.00000E+01 1.60000E+02
a-Al027-MT600-Spassky-F0957002-E0012.086.1968                    1 3.00000E+01 9.00000E+01
a-Al027-MT600-Spassky-F0957002-E0012.172.1968                    1 3.00000E+01 1.60000E+02
a-Al027-MT600-Spassky-F0957002-E0012.481.1968                    1 9.00000E+01 1.60000E+02
a-Al027-MT600-Spassky-F0957002-E0012.601.1968                    1 3.00000E+01 9.00000E+01
a-Al027-MT600-Spassky-F0957002-E0012.666.1968                    1 3.00000E+01 1.60000E+02
a-Al027-MT600-Spassky-F0957002-E0012.905.1968                    1 9.00000E+01 1.60000E+02
a-Al027-MT600-Spassky-F0957002-E0013.120.1968                    1 3.00000E+01 9.00000E+01
a-Al027-MT600-Spassky-F0957002-E0013.184.1968                    1 3.00000E+01 1.60000E+02
a-Al027-MT600-Spassky-F0957002-E0013.521.1968                    1 9.00000E+01 1.60000E+02
a-Al027-MT600-Spassky-F0957002-E0013.570.1968                    1 3.00000E+01 9.00000E+01
a-Al027-MT600-Spassky-F0957002-E0013.686.1968                    1 3.00000E+01 1.60000E+02
a-Al027-MT600-Spassky-F0957002-E0013.966.1968                    1 9.00000E+01 1.60000E+02
a-Al027-MT600-Spassky-F0957002-E0014.020.1968                    1 3.00000E+01 9.00000E+01
a-Al027-MT600-Spassky-F0957002-E0014.087.1968                    1 3.00000E+01 1.60000E+02
a-Al027-MT600-Spassky-F0957002-E0014.366.1968                    1 9.00000E+01 1.60000E+02
a-Al027-MT600-Spassky-F0957002-E0014.488.1968                    1 3.00000E+01 9.00000E+01
a-Al027-MT600-Spassky-F0957002-E0014.603.1968                    1 3.00000E+01 1.60000E+02
a-Al027-MT600-Spassky-F0957002-E0014.858.1968                    1 9.00000E+01 1.60000E+02
a-Al027-MT600-Spassky-F0957002-E0014.934.1968                    1 3.00000E+01 9.00000E+01
a-Al027-MT600-Spassky-F0957002-E0014.958.1968                    1 3.00000E+01 1.60000E+02
a-Al027-MT600-Spassky-F0957002-E0015.309.1968                    1 9.00000E+01 1.60000E+02
a-Al027-MT600-Spassky-F0957002-E0015.382.1968                    1 3.00000E+01 9.00000E+01
a-Al027-MT600-Spassky-F0957002-E0015.450.1968                    1 3.00000E+01 1.60000E+02
a-Al027-MT600-Spassky-F0957002-E0015.496.1968                    1 1.60000E+02 1.60000E+02
a-Al027-MT600-Spassky-F0957004-E0013.000.1968                   17 1.45000E+01 1.62600E+02
a-Al027-MT600-Spassky-F0957004-E0013.500.1968                   16 1.50000E+01 1.59400E+02
a-Al027-MT600-Spassky-F0957004-E0016.900.1968                   16 1.57000E+01 1.57000E+01
