#              Filename                                         N    min         max
d-He003-MT002-Allab-A1098002-ang-E0001.012.1976                 11 2.27000E+01 8.33000E+01
d-He003-MT002-Allab-A1098002-ang-E0001.115.1976                  9 2.11000E+01 7.27000E+01
d-He003-MT002-Allab-A1098002-ang-E0001.217.1976                 15 2.11000E+01 8.33000E+01
d-He003-MT002-Allab-A1098002-ang-E0001.320.1976                  9 2.24000E+01 8.33000E+01
d-He003-MT002-Allab-A1098002-ang-E0001.422.1976                 14 2.29000E+01 8.44000E+01
d-He003-MT002-Allab-A1098002-ang-E0001.524.1976                 15 2.17000E+01 7.94000E+01
d-He003-MT002-Allab-A1098002-ang-E0001.626.1976                 16 2.10000E+01 7.78000E+01
d-He003-MT002-Allab-A1098002-ang-E0001.728.1976                 17 2.10000E+01 7.73000E+01
d-He003-MT002-Allab-A1098002-ang-E0001.830.1976                 10 2.02000E+01 7.77000E+01
d-He003-MT002-Allab-A1098002-ang-E0001.932.1976                 11 2.02000E+01 9.47000E+01
d-He003-MT002-Allab-A1098002-ang-E0002.033.1976                 13 2.13000E+01 1.02000E+02
d-He003-MT002-Allab-A1098002-ang-E0002.135.1976                 18 2.13000E+01 1.00900E+02
d-He003-MT002-Allab-A1098002-ang-E0002.236.1976                 18 2.24000E+01 1.05400E+02
d-He003-MT002-Allab-A1098002-ang-E0002.338.1976                 15 2.09000E+01 1.05400E+02
d-He003-MT002-Allab-A1098002-ang-E0002.439.1976                 17 2.09000E+01 1.02000E+02
d-He003-MT002-Allab-A1098002-ang-E0002.540.1976                 14 2.19000E+01 9.82000E+01
d-He003-MT002-Allab-A1098002-ang-E0002.642.1976                 15 2.27000E+01 1.02800E+02
d-He003-MT002-Allab-A1098002-ang-E0002.743.1976                 17 2.27000E+01 1.02100E+02
d-He003-MT002-Allab-A1098002-ang-E0002.844.1976                 14 2.30000E+01 1.05200E+02
d-He003-MT002-Allab-A1098002-ang-E0002.945.1976                 10 2.40000E+01 9.96000E+01
d-He003-MT002-Allred-C0002003-ang-E0010.200.1952                35 2.00000E+01 9.87000E+01
d-He003-MT002-Baker-C1346002-ang-E0009.420.1972                  1 1.96000E+01 5.64000E+01
d-He003-MT002-Baker-C1346002-ang-E0009.770.1972                  1 1.53000E+01 1.96000E+01
d-He003-MT002-Baker-C1346002-ang-E0009.780.1972                  1 1.53000E+01 5.64000E+01
d-He003-MT002-Baker-C1346002-ang-E0009.800.1972                  1 2.73000E+01 5.64000E+01
d-He003-MT002-Baker-C1346002-ang-E0009.840.1972                  1 1.53000E+01 2.73000E+01
d-He003-MT002-Baker-C1346002-ang-E0010.100.1972                  2 1.53000E+01 2.73000E+01
d-He003-MT002-Baker-C1346002-ang-E0010.200.1972                  2 1.53000E+01 5.64000E+01
d-He003-MT002-Baker-C1346002-ang-E0010.500.1972                  4 1.53000E+01 1.10800E+02
d-He003-MT002-Baker-C1346002-ang-E0010.600.1972                  1 1.96000E+01 5.64000E+01
d-He003-MT002-Baker-C1346002-ang-E0010.900.1972                  2 1.53000E+01 2.73000E+01
d-He003-MT002-Baker-C1346002-ang-E0011.000.1972                  2 1.53000E+01 1.10800E+02
d-He003-MT002-Bilaniuk-D0145004-ang-E0024.000.1964              11 9.69998E+00 5.96000E+01
d-He003-MT002-Bilaniuk-D0145004-ang-E0027.000.1964              12 1.01000E+01 6.48000E+01
d-He003-MT002-Brolleyjr-A1022007-ang-E0005.600.1960            170 1.00000E+01 1.28500E+02
d-He003-MT002-Dauchy-A1099002-ang-E0001.010.1969                12 2.34000E+01 8.18000E+01
d-He003-MT002-Dauchy-A1099002-ang-E0001.220.1969                15 2.34000E+01 8.03000E+01
d-He003-MT002-Dauchy-A1099002-ang-E0001.420.1969                16 2.16000E+01 8.18000E+01
d-He003-MT002-Dauchy-A1099002-ang-E0001.630.1969                15 2.16000E+01 8.06000E+01
d-He003-MT002-Dauchy-A1099002-ang-E0001.830.1969                10 2.08000E+01 8.13000E+01
d-He003-MT002-Dauchy-A1099002-ang-E0002.030.1969                19 2.08000E+01 1.00200E+02
d-He003-MT002-Dauchy-A1099002-ang-E0002.240.1969                18 2.03000E+01 1.01500E+02
d-He003-MT002-Dauchy-A1099002-ang-E0002.440.1969                18 2.03000E+01 9.97000E+01
d-He003-MT002-Dauchy-A1099002-ang-E0002.640.1969                19 2.21000E+01 1.08900E+02
d-He003-MT002-Dauchy-A1099002-ang-E0002.840.1969                18 2.21000E+01 1.10900E+02
d-He003-MT002-Dauchy-A1099002-ang-E0002.950.1969                11 2.31000E+01 1.09300E+02
d-He003-MT002-Hinterberger-D02250031-ang-E0052.000.1968         42 1.20000E+01 1.28500E+02
d-He003-MT002-Roy-T0046002-ang-E0014.600.1981                   23 9.60001E+00 1.24700E+02
d-He003-MT002-Roy-T0046002-ang-E0019.700.1981                   22 1.81000E+01 1.26600E+02
d-He003-MT002-Roy-T0046002-ang-E0024.900.1981                   24 1.81000E+01 1.21100E+02
d-He003-MT002-Roy-T0046002-ang-E0030.000.1981                   23 2.05000E+01 1.32500E+02
d-He003-MT002-Roy-T0046002-ang-E0034.900.1981                   23 1.81000E+01 1.16200E+02
d-He003-MT002-Roy-T0046002-ang-E0039.900.1981                   29 1.81000E+01 1.43700E+02
d-He003-MT002-YONGZHOUU-C0490002-ang-E0005.950.1998             27 1.48000E+01 1.12200E+02
