#              Filename                                         N    min         max
n-S000-MT002-Brandenberger-10263008-ang-E0007.970.1972          28 3.00000E+01 1.45000E+02
n-S000-MT002-Clarke-11286020-ang-E0014.100.1964                 22 2.33000E+01 1.56300E+02
n-S000-MT002-Elliot-11568002-ang-E0014.000.1956                 11 5.12641E+00 5.64957E+01
n-S000-MT002-Ferrer-10633004-ang-E0011.010.1977                 29 1.50000E+01 1.55000E+02
n-S000-MT002-Ferrer-10633004-ang-E0011.010A001.1977             29 1.50000E+01 1.55000E+02
n-S000-MT002-Ghose-30611002-ang-E0014.800.1975                   6 3.00000E+01 1.20000E+02
n-S000-MT002-Holmqvist-20019020-ang-E0002.470.1969             135 2.00000E+01 1.59900E+02
n-S000-MT002-Howell-12927008-ang-E0007.956.1988                 18 1.94000E+01 1.62000E+02
n-S000-MT002-Howell-12927008-ang-E0009.947.1988                 32 1.94000E+01 1.60600E+02
n-S000-MT002-Howell-12927008-ang-E0011.933.1988                 20 2.37000E+01 1.62800E+02
n-S000-MT002-Howell-12927008-ang-E0013.922.1988                 29 1.90000E+01 1.59500E+02
n-S000-MT002-Howell-12927008-ang-E0016.917.1988                 26 1.90000E+01 1.59800E+02
n-S000-MT002-Lambert-11538004-ang-E0003.150.1966                13 2.00000E+01 1.40000E+02
n-S000-MT002-Lane-10415012-ang-E0000.578.1961                  184 2.33000E+01 1.44200E+02
n-S000-MT002-Langsdorfjr-11224018-ang-E0000.060.1957           110 2.70000E+01 1.44000E+02
n-S000-MT002-Littlejr-11313004-ang-E0002.700.1955               18 4.05358E+01 1.50459E+02
n-S000-MT002-Machwe-11572006-ang-E0003.660.1959                 23 1.08000E+01 1.59900E+02
n-S000-MT002-Martin-22588006-ang-E0005.950.1968                 16 2.64633E+01 1.32122E+02
n-S000-MT002-Obst-10306008-ang-E0009.800.1973                   20 2.00000E+01 1.50000E+02
n-S000-MT002-Obst-10306008-ang-E0009.800A001.1973               20 2.00000E+01 1.50000E+02
n-S000-MT002-Olsson-22048008-ang-E0021.600.1987                 30 1.50000E+01 1.60100E+02
n-S000-MT002-Perey-10108008-ang-E0005.500.1970                  23 1.50000E+01 1.13000E+02
n-S000-MT002-Perey-10108008-ang-E0005.500A001.1970              23 1.50000E+01 1.13000E+02
n-S000-MT002-Perey-10108008-ang-E0006.370.1970                  23 1.50000E+01 1.34500E+02
n-S000-MT002-Petitt-10235007-ang-E0002.450.1966                 44 3.00000E+01 1.45000E+02
n-S000-MT002-Petitt-10235024-ang-E0004.000.1966                 11 6.00000E+01 6.00000E+01
n-S000-MT002-Pierre-11486007-ang-E0013.950.1959                 18 1.08000E+01 1.37700E+02
n-S000-MT002-Rapaport-10697004-ang-E0020.000.1977               38 1.50000E+01 1.45000E+02
n-S000-MT002-Schmidt-32001021-ang-E0007.000.1987                38 2.00000E+01 1.60000E+02
n-S000-MT002-Stelson-11527010-ang-E0014.000.1965                14 2.09000E+01 1.14500E+02
n-S000-MT002-Strizhak-40793004-ang-E0014.000.1961               13 1.99988E+01 1.39996E+02
n-S000-MT002-Tanaka-20343009-ang-E0004.480.1970                 52 3.00000E+01 1.50000E+02
n-S000-MT002-Tesch-21663010-ang-E0014.100.1962                  13 2.03000E+01 1.52200E+02
n-S000-MT002-Tsukada-20341012-ang-E0003.500.1961                43 2.91000E+01 1.40900E+02
n-S000-MT002-Winfield-12871002-ang-E0030.300.1986               37 1.50000E+01 1.30000E+02
