#              Filename                                         N    min         max
p-P031-MT002-Cenja-F0950004-ang-E0005.242.1978                  56 1.50000E+02 1.50000E+02
p-P031-MT002-Cenja-F0950007-ang-E0005.101.1978                  75 1.30000E+02 1.30000E+02
p-P031-MT002-Cenja-F0950008-ang-E0005.099.1978                  81 1.40000E+02 1.40000E+02
p-P031-MT002-Cenja-F0950009-ang-E0005.099.1978                  86 1.60000E+02 1.60000E+02
p-P031-MT002-Cohenganouna-O0887003-ang-E0001.231.1963            1 8.96000E+01 1.23600E+02
p-P031-MT002-Cohenganouna-O0887003-ang-E0001.232.1963            1 8.96000E+01 1.23600E+02
p-P031-MT002-Cohenganouna-O0887003-ang-E0001.233.1963            3 8.96000E+01 1.64800E+02
p-P031-MT002-Cohenganouna-O0887003-ang-E0001.234.1963            1 8.96000E+01 1.23600E+02
p-P031-MT002-Cohenganouna-O0887003-ang-E0001.235.1963            2 8.96000E+01 1.64800E+02
p-P031-MT002-Cohenganouna-O0887003-ang-E0001.236.1963            1 8.96000E+01 1.64800E+02
p-P031-MT002-Cohenganouna-O0887003-ang-E0001.237.1963            1 8.96000E+01 8.96000E+01
p-P031-MT002-Crawley-C0828018-ang-E0017.500.1968                12 3.00000E+01 1.20000E+02
p-P031-MT002-Dallimore-O0485002-ang-E0007.998.1969               1 3.00000E+01 1.10000E+02
p-P031-MT002-Dallimore-O0485002-ang-E0008.000.1969               2 3.00000E+01 1.60000E+02
p-P031-MT002-Dallimore-O0485002-ang-E0008.007.1969               1 3.00000E+01 1.10000E+02
p-P031-MT002-Dallimore-O0485002-ang-E0008.009.1969               1 1.10000E+02 1.60000E+02
p-P031-MT002-Dallimore-O0485002-ang-E0008.010.1969               1 3.00000E+01 1.60000E+02
p-P031-MT002-Dallimore-O0485002-ang-E0008.018.1969               2 3.00000E+01 1.60000E+02
p-P031-MT002-Dallimore-O0485002-ang-E0008.020.1969               1 3.00000E+01 1.60000E+02
p-P031-MT002-Dallimore-O0485002-ang-E0008.026.1969               1 3.00000E+01 1.10000E+02
p-P031-MT002-Dallimore-O0485002-ang-E0008.029.1969               1 1.10000E+02 1.60000E+02
p-P031-MT002-Dallimore-O0485002-ang-E0008.030.1969               1 3.00000E+01 1.60000E+02
p-P031-MT002-Dallimore-O0485002-ang-E0008.038.1969               1 3.00000E+01 1.10000E+02
p-P031-MT002-Dallimore-O0485002-ang-E0008.040.1969               2 3.00000E+01 1.60000E+02
p-P031-MT002-Dallimore-O0485002-ang-E0008.047.1969               1 3.00000E+01 1.60000E+02
p-P031-MT002-Dallimore-O0485002-ang-E0008.049.1969               1 1.10000E+02 1.60000E+02
p-P031-MT002-Dallimore-O0485002-ang-E0008.050.1969               1 3.00000E+01 1.10000E+02
p-P031-MT002-Dallimore-O0485002-ang-E0008.058.1969               2 3.00000E+01 1.60000E+02
p-P031-MT002-Dallimore-O0485002-ang-E0008.060.1969               1 3.00000E+01 1.60000E+02
p-P031-MT002-Dallimore-O0485002-ang-E0008.069.1969               2 3.00000E+01 1.60000E+02
p-P031-MT002-Dallimore-O0485002-ang-E0008.070.1969               1 1.10000E+02 1.60000E+02
p-P031-MT002-Dallimore-O0485002-ang-E0008.078.1969               1 3.00000E+01 1.10000E+02
p-P031-MT002-Dallimore-O0485002-ang-E0008.079.1969               1 3.00000E+01 1.60000E+02
p-P031-MT002-Dallimore-O0485002-ang-E0008.080.1969               1 3.00000E+01 1.60000E+02
p-P031-MT002-Dallimore-O0485002-ang-E0008.089.1969               2 3.00000E+01 1.60000E+02
p-P031-MT002-Dallimore-O0485002-ang-E0008.092.1969               1 3.00000E+01 1.60000E+02
p-P031-MT002-Dallimore-O0485002-ang-E0008.098.1969               1 3.00000E+01 1.10000E+02
p-P031-MT002-Dallimore-O0485002-ang-E0008.099.1969               1 1.10000E+02 1.60000E+02
p-P031-MT002-Dallimore-O0485002-ang-E0008.101.1969               1 3.00000E+01 1.60000E+02
p-P031-MT002-Dallimore-O0485002-ang-E0008.109.1969               3 3.00000E+01 1.60000E+02
p-P031-MT002-Dallimore-O0485002-ang-E0008.118.1969               1 3.00000E+01 1.10000E+02
p-P031-MT002-Dallimore-O0485002-ang-E0008.119.1969               1 3.00000E+01 1.60000E+02
p-P031-MT002-Dallimore-O0485002-ang-E0008.120.1969               1 1.10000E+02 1.60000E+02
p-P031-MT002-Dallimore-O0485002-ang-E0008.128.1969               1 3.00000E+01 1.10000E+02
p-P031-MT002-Dallimore-O0485002-ang-E0008.129.1969               1 3.00000E+01 1.60000E+02
p-P031-MT002-Dallimore-O0485002-ang-E0008.130.1969               1 1.10000E+02 1.60000E+02
p-P031-MT002-Dallimore-O0485002-ang-E0008.139.1969               1 3.00000E+01 1.10000E+02
p-P031-MT002-Dallimore-O0485002-ang-E0008.140.1969               2 3.00000E+01 1.60000E+02
p-P031-MT002-Dallimore-O0485002-ang-E0008.148.1969               1 3.00000E+01 1.10000E+02
p-P031-MT002-Dallimore-O0485002-ang-E0008.150.1969               2 3.00000E+01 1.60000E+02
p-P031-MT002-Dallimore-O0485002-ang-E0008.158.1969               1 3.00000E+01 1.10000E+02
p-P031-MT002-Dallimore-O0485002-ang-E0008.160.1969               1 3.00000E+01 1.60000E+02
p-P031-MT002-Dallimore-O0485003-ang-E0008.100.1969              27 3.16000E+01 1.60900E+02
p-P031-MT002-Fang-F0981002-ang-E0001.000.1988                  735 1.65000E+02 1.65000E+02
p-P031-MT002-Karadzhev-F0952003-ang-E0001.004.1968             638 1.50000E+02 1.50000E+02
p-P031-MT002-Vernotte-F1006002-ang-E0001.209.1973                1 1.24500E+02 1.34700E+02
p-P031-MT002-Vernotte-F1006002-ang-E0001.209A001.1973            1 1.24500E+02 1.60400E+02
p-P031-MT002-Vernotte-F1006003-ang-E0001.432.1973                1 1.24500E+02 1.60400E+02
p-P031-MT002-Vernotte-F1006003-ang-E0001.432A001.1973            1 1.24500E+02 1.60400E+02
p-P031-MT002-Vernotte-F1006003-ang-E0001.433.1973                1 1.24500E+02 1.60400E+02
p-P031-MT002-Vernotte-F1006003-ang-E0001.433A001.1973            1 1.24500E+02 1.60400E+02
p-P031-MT002-Vernotte-F1006003-ang-E0001.433A002.1973            1 1.24500E+02 1.60400E+02
p-P031-MT002-Vernotte-F1006003-ang-E0001.433A003.1973            1 1.24500E+02 1.60400E+02
p-P031-MT002-Vernotte-F1006003-ang-E0001.433A004.1973            1 1.24500E+02 1.60400E+02
p-P031-MT002-Vernotte-F1006003-ang-E0001.433A005.1973            1 1.24500E+02 1.24500E+02
p-P031-MT002-Wilkerson-T0066010-ang-E0003.284.1992             169 8.20000E+01 1.34000E+02
