#              Filename                                         N    min         max
n-Tl203-MT151-Liou-105350021.1975                               36 3.79100E-05 1.92310E-02
n-Tl203-MT151-Liou-105350021A001.1975                           36 3.79100E-05 1.92310E-02
n-Tl203-MT151-Liou-105350022.1975                               36 3.79100E-05 1.92310E-02
n-Tl203-MT151-Liou-105350022A001.1975                           36 3.79100E-05 1.92310E-02
n-Tl203-MT151-Liou-105350023.1975                               18 2.38000E-04 1.92310E-02
n-Tl203-MT151-Liou-105350023A001.1975                           18 2.38000E-04 1.92310E-02
n-Tl203-MT151-Liou-105350024.1975                               36 3.79100E-05 1.92310E-02
n-Tl203-MT151-Liou-105350024A001.1975                           36 3.79100E-05 1.92310E-02
n-Tl203-MT151-Liou-105350025.1975                                5 2.38000E-04 6.33420E-03
n-Tl203-MT151-Liou-105350025A001.1975                            5 2.38000E-04 6.33420E-03
n-Tl203-MT151-Liou-105350041.1975                               14 2.02350E-02 1.03800E-01
n-Tl203-MT151-Liou-105350041A001.1975                           14 2.02350E-02 1.03800E-01
n-Tl203-MT151-Liou-105350042.1975                               14 2.02350E-02 1.03800E-01
n-Tl203-MT151-Liou-105350042A001.1975                           14 2.02350E-02 1.03800E-01
n-Tl203-MT151-Liou-105350043.1975                               10 2.02350E-02 1.03800E-01
n-Tl203-MT151-Liou-105350043A001.1975                           10 2.02350E-02 1.03800E-01
n-Tl203-MT151-Liou-10535011.1975                                 2 2.00000E-02 2.00000E-02
n-Tl203-MT151-Liou-10535011A001.1975                             2 2.00000E-02 2.00000E-02
n-Tl203-MT151-Macklin-106020021.1976                           122 3.55100E-03 3.46100E-02
n-Tl203-MT151-Macklin-106020021A001.1976                       122 3.55100E-03 3.46100E-02
n-Tl203-MT151-Macklin-106020031.1976                            45 3.55100E-03 1.29300E-02
n-Tl203-MT151-Macklin-106020031A001.1976                        45 3.55100E-03 1.29300E-02
n-Tl203-MT151-Macklin-106020032.1976                            14 3.74200E-03 1.29300E-02
n-Tl203-MT151-Macklin-106020032A001.1976                        14 3.74200E-03 1.29300E-02
n-Tl203-MT151-Macklin-106020033.1976                            44 3.55100E-03 1.29300E-02
n-Tl203-MT151-Macklin-106020033A001.1976                        44 3.55100E-03 1.29300E-02
n-Tl203-MT151-Macklin-106020034.1976                            15 3.59200E-03 1.29300E-02
n-Tl203-MT151-Macklin-106020034A001.1976                        15 3.59200E-03 1.29300E-02
n-Tl203-MT151-Stolovy-118660141.1957                             1 2.38000E-04 2.38000E-04
n-Tl203-MT151-Stolovy-118660142.1957                             1 2.38000E-04 2.38000E-04
n-Tl203-MT151-Stolovy-118660143.1957                             1 2.38000E-04 2.38000E-04
