#              Filename                                         N    min         max
p-H002-MT002--O1664006-ang-E0135.000.2008                        8 9.54000E+01 1.31600E+02
p-H002-MT002-Alder-C1980002-ang-E0590.000.1972                  24 6.00000E+01 1.45000E+02
p-H002-MT002-Alder-C1980003-ang-E0470.000.1972                  22 6.00000E+01 1.44900E+02
p-H002-MT002-Alder-C1980004-ang-E0364.000.1972                  15 9.95000E+01 1.46600E+02
p-H002-MT002-Alder-C1980005-ang-E0316.000.1972                  13 1.09000E+02 1.45950E+02
p-H002-MT002-Arvieux-A1353005-ang-E0002.080.1968                21 1.45000E+01 1.48600E+02
p-H002-MT002-Arvieux-A1353005-ang-E0002.530.1968                21 1.42000E+01 1.50200E+02
p-H002-MT002-Arvieux-A1353005-ang-E0003.000.1968                16 1.42000E+01 1.48300E+02
p-H002-MT002-Arvieux-A1353005-ang-E0003.490.1968                18 1.45000E+01 1.24100E+02
p-H002-MT002-Arvieux-A1353005-ang-E0005.180.1968                19 7.60001E+00 1.39000E+02
p-H002-MT002-Arvieux-A1353005-ang-E0005.600.1968                29 7.60001E+00 1.40000E+02
p-H002-MT002-Arvieux-A1353005-ang-E0007.850.1968                35 8.99997E+00 1.42300E+02
p-H002-MT002-Arvieux-A1353005-ang-E0010.140.1968                10 9.20003E+00 2.94000E+01
p-H002-MT002-Arvieux-A1353005-ang-E0011.500.1968                27 1.30000E+01 1.50800E+02
p-H002-MT002-Bajukov-F1248002-ang-E0750.000.1967                 1 1.27700E+02 1.28900E+02
p-H002-MT002-Bajukov-F1248002-ang-E1000.000.1967                 1 1.25100E+02 1.27700E+02
p-H002-MT002-Bajukov-F1248002-ang-E1650.000.1967                 2 1.22400E+02 1.25100E+02
p-H002-MT002-Bajukov-F1248003-ang-E0715.000.1967                 1 1.41800E+02 1.42800E+02
p-H002-MT002-Bajukov-F1248003-ang-E1000.000.1967                 1 1.42800E+02 1.47300E+02
p-H002-MT002-Bajukov-F1248003-ang-E2000.000.1967                 2 1.47300E+02 1.51800E+02
p-H002-MT002-Bajukov-F1248004-ang-E3400.000.1967                 1 1.19100E+02 1.19100E+02
p-H002-MT002-Berthet-O1134002-ang-E0600.000.1982                16 0.00000E+00 0.00000E+00
p-H002-MT002-Berthet-O1134003-ang-E1800.000.1982                 4 1.59998E+00 1.30000E+01
p-H002-MT002-Berthet-O1134003-ang-E2200.000.1982                 4 1.69996E+00 9.90000E+00
p-H002-MT002-Berthet-O1134003-ang-E2400.000.1982                 3 1.69996E+00 1.35000E+01
p-H002-MT002-Berthet-O1134003-ang-E2550.000.1982                 4 1.69996E+00 1.03000E+01
p-H002-MT002-Berthet-O1134003-ang-E2700.000.1982                 4 3.50001E+00 1.38000E+01
p-H002-MT002-Booth-C1981002-ang-E0425.000.1971                  42 2.66000E+01 1.80000E+02
p-H002-MT002-Borzakovskiy-A1122002-ang-E0006.800.1977           14 2.00000E+01 9.00000E+01
p-H002-MT002-Brolleyjr-A1022002-ang-E0005.600.1960              76 1.00000E+01 1.42100E+02
p-H002-MT002-Brune-C0801004-ang-E0000.647.2001                  11 2.51000E+01 6.51000E+01
p-H002-MT002-Brune-C0801005-ang-E0000.647.2001                   8 6.32000E+01 1.04800E+02
p-H002-MT002-Cahill-C1668002-ang-E0014.900.1971                 10 1.46000E+01 1.46000E+01
p-H002-MT002-Cahill-C1668003-ang-E0014.900.1971                 10 1.96000E+01 1.96000E+01
p-H002-MT002-Cahill-C1668004-ang-E0014.900.1971                 10 2.71000E+01 2.71000E+01
p-H002-MT002-Cahill-C1668005-ang-E0014.900.1971                 10 3.36000E+01 3.36000E+01
p-H002-MT002-Cahill-C1668006-ang-E0014.900.1971                 10 3.66000E+01 3.66000E+01
p-H002-MT002-Cahill-C1668007-ang-E0014.900.1971                 10 4.46000E+01 4.46000E+01
p-H002-MT002-Cahill-C1668008-ang-E0014.900.1971                 10 4.97000E+01 4.97000E+01
p-H002-MT002-Cahill-C1668009-ang-E0014.900.1971                 10 5.63000E+01 5.63000E+01
p-H002-MT002-Cahill-C1668010-ang-E0014.900.1971                 10 5.71000E+01 5.71000E+01
p-H002-MT002-Cahill-C1668011-ang-E0014.900.1971                 10 6.37000E+01 6.37000E+01
p-H002-MT002-Cahill-C1668012-ang-E0014.900.1971                 10 6.41000E+01 6.41000E+01
p-H002-MT002-Cahill-C1668013-ang-E0014.900.1971                 10 6.67000E+01 6.67000E+01
p-H002-MT002-Cahill-C1668014-ang-E0014.900.1971                 10 7.76000E+01 7.76000E+01
p-H002-MT002-Cahill-C1668015-ang-E0014.900.1971                 10 8.31000E+01 8.31000E+01
p-H002-MT002-Cahill-C1668016-ang-E0014.900.1971                 10 9.61000E+01 9.61000E+01
p-H002-MT002-Cahill-C1668017-ang-E0014.900.1971                 10 1.13600E+02 1.13600E+02
p-H002-MT002-Cahill-C1668018-ang-E0014.900.1971                 10 1.27500E+02 1.27500E+02
p-H002-MT002-Cahill-C1668019-ang-E0016.240.1971                 50 6.49999E+00 1.54600E+02
p-H002-MT002-Cahill-C1668020-ang-E0017.120.1971                 51 6.49999E+00 1.54600E+02
p-H002-MT002-Cahill-C1668021-ang-E0018.520.1971                 49 6.49999E+00 1.47300E+02
p-H002-MT002-Cahill-C1668022-ang-E0019.920.1971                 49 6.49999E+00 1.54600E+02
p-H002-MT002-Caldwell-C1053002-ang-E0020.570.1955               22 8.09999E+00 1.49000E+02
p-H002-MT002-Davison-O1938002-ang-E0077.000.1963                18 5.50000E+00 1.72200E+02
p-H002-MT002-Desimone-C1574002-ang-E0001.900.2007               12 1.51000E+02 1.51000E+02
p-H002-MT002-Desimone-C1574003-ang-E0001.900.2007               12 1.67000E+02 1.67000E+02
p-H002-MT002-Ding-D0572002-ang-E0001.824.2009                   16 1.55000E+02 1.65000E+02
p-H002-MT002-Ermisch-O1172003-ang-E0108.000.2003                26 1.74000E+01 1.60000E+02
p-H002-MT002-Ermisch-O1172003-ang-E0120.000.2003                26 1.75000E+01 1.60000E+02
p-H002-MT002-Fain-O0555002-ang-E0600.000.1976                   35 7.72300E+01 8.71300E+01
p-H002-MT002-Glagolev-F1225002-ang-E2000.000.2012               12 7.30001E+00 2.21000E+01
p-H002-MT002-Grantsev-A0192002-ang-E0048.500.1983               48 4.92000E+01 1.50700E+02
p-H002-MT002-Hatanaka-E1801002-ang-E0250.000.2002               29 6.69999E+00 1.50900E+02
p-H002-MT002-Jarmie-C0319002-ang-E0010.040.1984                  6 3.00000E+01 1.50000E+02
p-H002-MT002-Kikuchi-E2038002-ang-E0013.930.1960                67 7.79996E+00 1.49900E+02
p-H002-MT002-Kikuchi-E2038003-ang-E0010.140.1960                10 1.00000E+01 3.00000E+01
p-H002-MT002-Kuroda-O1893002-ang-E0155.000.1964                 24 3.00003E+00 1.80000E+02
p-H002-MT002-Langley-C2101002-ang-E0002.013.1975                10 1.50900E+02 1.50900E+02
p-H002-MT002-Leksin-F1381002-ang-E0657.000.1957                 10 2.73000E+01 1.26200E+02
p-H002-MT002-Ottewell-C0789002-ang-E0300.000.1984                5 6.34000E+01 6.34000E+01
p-H002-MT002-Rohdjess-C0648002-ang-E0200.000.1998               29 5.80002E+00 1.82000E+01
p-H002-MT002-Rohdjess-C0648002-ang-E0210.000.1998               11 5.80002E+00 9.80000E+00
p-H002-MT002-Rohdjess-C0648002-ang-E0221.000.1998               11 7.00003E+00 1.82000E+01
p-H002-MT002-Sawada-E0811002-ang-E0011.100.1983                 32 1.20000E+01 1.35400E+02
p-H002-MT002-Sekiguchi-E1958002-ang-E0135.000.2005               4 1.09000E+01 1.37000E+01
p-H002-MT002-Sekiguchi-E1958004-ang-E0135.000.2005               9 1.15000E+01 1.38400E+02
p-H002-MT002-Shimizu-E0804002-ang-E0064.800.1982                57 5.60000E+00 1.58200E+02
p-H002-MT002-Smith-C1549002-ang-E0003.001.1999                   9 1.67000E+01 1.34300E+02
p-H002-MT002-Wesick-C0832002-ang-E0100.000.1985                  4 1.75000E+01 6.00000E+01
p-H002-MT002-Wesick-C0832004-ang-E0100.000.1985                  4 1.75000E+01 6.00000E+01
p-H002-MT002-Wesick-C0832004-ang-E0150.000.1985                  2 3.00000E+01 4.50000E+01
p-H002-MT002-Williams-C1055002-ang-E0039.850.1958               45 3.99998E+00 1.64167E+02
p-H002-MT002-Wilson-A1033002-ang-E0004.450.1969                285 2.01000E+01 1.12500E+02
p-H002-MT002-Wilson-A1033003-ang-E0004.500.1969                 87 3.05000E+01 8.89000E+01
p-H002-MT002-Winkelmann-C0473002-ang-E0800.000.1980             21 1.19000E+01 1.31500E+02
p-H002-MT002-Wood-C0891002-ang-E0001.001.2002                   56 1.42000E+01 1.52600E+02
p-H002-MT002-Zlatanov-F1442002-ang-E6200.000.1964                4 1.80016E+00 5.69997E+00
