#              Filename                                         N    min         max
a-He004-MT002-Ayyad-C2591002-ang-E0010.880.2018                 60 8.00153E-01 8.92000E+01
a-He004-MT002-Burtebaev-D09250021-ang-E0049.900.1988            33 1.00000E+01 7.40000E+01
a-He004-MT002-Burtebaev-D0925029-ang-E0049.000.1988             33 1.00000E+01 7.40000E+01
a-He004-MT002-Chiba-E2225002-ang-E0035.500.1961                 18 1.47000E+01 4.72000E+01
a-He004-MT002-Chiba-E2225003-ang-E0032.500.1961                 17 1.49000E+01 4.70000E+01
a-He004-MT002-Cowley-D0470003-ang-E0198.800.1994                31 1.98000E+01 4.96000E+01
a-He004-MT002-Darriulat-C2587002-ang-E0053.400.1965             43 4.90001E+00 4.48000E+01
a-He004-MT002-Darriulat-C2587003-ang-E0058.490.1965             41 4.99999E+00 4.52000E+01
a-He004-MT002-Darriulat-C2587004-ang-E0063.910.1965             36 5.19999E+00 4.54000E+01
a-He004-MT002-Darriulat-C2587005-ang-E0069.910.1965             30 9.80000E+00 4.70000E+01
a-He004-MT002-Darriulat-C2587006-ang-E0077.550.1965             42 4.79996E+00 4.46000E+01
a-He004-MT002-Darriulat-C2587007-ang-E0099.600.1965             39 5.50000E+00 4.46000E+01
a-He004-MT002-Darriulat-C2587008-ang-E0119.860.1965             24 5.19999E+00 4.46000E+01
a-He004-MT002-Rao-C0723002-ang-E0280.000.2000                   23 6.60004E+00 5.10000E+01
a-He004-MT002-Rao-C0723003-ang-E0620.000.2000                   10 1.04000E+01 5.61000E+01
a-He004-MT002-Steigert-A1235002-ang-E0012.880.1953              27 1.30000E+01 4.49000E+01
a-He004-MT002-Steigert-A1235002-ang-E0014.860.1953              26 1.58000E+01 4.50000E+01
a-He004-MT002-Steigert-A1235002-ang-E0016.550.1953              26 1.37000E+01 4.50000E+01
a-He004-MT002-Steigert-A1235002-ang-E0018.320.1953              31 1.37000E+01 4.50000E+01
a-He004-MT002-Steigert-A1235002-ang-E0018.820.1953              11 1.45000E+01 4.20000E+01
a-He004-MT002-Steigert-A1235002-ang-E0019.470.1953              25 1.45000E+01 4.50000E+01
a-He004-MT002-Steigert-A1235002-ang-E0019.620.1953              19 2.04000E+01 4.50000E+01
a-He004-MT002-Steigert-A1235002-ang-E0020.380.1953              11 2.04000E+01 3.99000E+01
a-He004-MT002-Steigert-A1235002-ang-E0020.950.1953              26 1.69000E+01 4.48000E+01
a-He004-MT002-Steigert-A1235002-ang-E0021.620.1953              16 1.69000E+01 3.88000E+01
a-He004-MT002-Steyn-D0057002-ang-E0158.000.1996                 86 8.09999E+00 5.03000E+01
a-He004-MT002-Warner-E1591002-ang-E0118.000.1994                19 1.49000E+01 6.00000E+01
a-He004-MT002-Woo-C1956005-ang-E0198.400.1985                   10 4.90001E+00 3.32000E+01
