#              Filename                                         N    min         max
h-B011-MT600-Holmgren-F0251003-E0004.500.1959                   15 1.39998E+00 1.63700E+02
h-B011-MT600-Holmgren-F0251003-E0005.400.1959                   32 6.99975E-01 1.62100E+02
h-B011-MT600-Holmgren-F0251006-E0003.000.1959                    1 6.00000E+01 9.00000E+01
h-B011-MT600-Holmgren-F0251006-E0003.010.1959                    1 6.00000E+01 9.00000E+01
h-B011-MT600-Holmgren-F0251006-E0003.050.1959                    1 6.00000E+01 1.63000E+02
h-B011-MT600-Holmgren-F0251006-E0003.100.1959                    1 6.00000E+01 1.63000E+02
h-B011-MT600-Holmgren-F0251006-E0003.110.1959                    1 6.00000E+01 9.00000E+01
h-B011-MT600-Holmgren-F0251006-E0003.120.1959                    1 9.00000E+01 1.63000E+02
h-B011-MT600-Holmgren-F0251006-E0003.200.1959                    1 6.00000E+01 1.63000E+02
h-B011-MT600-Holmgren-F0251006-E0003.210.1959                    2 6.00000E+01 1.63000E+02
h-B011-MT600-Holmgren-F0251006-E0003.290.1959                    1 6.00000E+01 1.63000E+02
h-B011-MT600-Holmgren-F0251006-E0003.300.1959                    2 6.00000E+01 1.63000E+02
h-B011-MT600-Holmgren-F0251006-E0003.400.1959                    1 6.00000E+01 1.63000E+02
h-B011-MT600-Holmgren-F0251006-E0003.410.1959                    1 6.00000E+01 9.00000E+01
h-B011-MT600-Holmgren-F0251006-E0003.420.1959                    1 9.00000E+01 1.63000E+02
h-B011-MT600-Holmgren-F0251006-E0003.500.1959                    1 6.00000E+01 1.63000E+02
h-B011-MT600-Holmgren-F0251006-E0003.510.1959                    2 6.00000E+01 1.63000E+02
h-B011-MT600-Holmgren-F0251006-E0003.590.1959                    1 6.00000E+01 1.63000E+02
h-B011-MT600-Holmgren-F0251006-E0003.610.1959                    2 6.00000E+01 1.63000E+02
h-B011-MT600-Holmgren-F0251006-E0003.700.1959                    1 6.00000E+01 1.63000E+02
h-B011-MT600-Holmgren-F0251006-E0003.710.1959                    1 6.00000E+01 9.00000E+01
h-B011-MT600-Holmgren-F0251006-E0003.720.1959                    1 9.00000E+01 1.63000E+02
h-B011-MT600-Holmgren-F0251006-E0003.800.1959                    1 6.00000E+01 1.63000E+02
h-B011-MT600-Holmgren-F0251006-E0003.810.1959                    2 6.00000E+01 1.63000E+02
h-B011-MT600-Holmgren-F0251006-E0003.880.1959                    1 6.00000E+01 1.63000E+02
h-B011-MT600-Holmgren-F0251006-E0003.900.1959                    1 6.00000E+01 9.00000E+01
h-B011-MT600-Marsh-F0282004-E0008.600.1963                      21 2.69994E+00 1.39500E+02
h-B011-MT600-Marsh-F0282004-E0009.600.1963                      27 1.80016E+00 1.33800E+02
h-B011-MT600-Marsh-F0282004-E0010.300.1963                      28 1.80016E+00 1.54500E+02
h-B011-MT600-Marsh-F0282005-E0008.003.1963                      27 1.40000E+02 1.40000E+02
h-B011-MT600-Mcintyrejr-C0229004-E0001.973.1996                 53 9.00000E+01 1.35000E+02
h-B011-MT600-Wu-F0468002-E0004.000.1973                         15 3.20008E+00 9.55000E+01
h-B011-MT600-Wu-F0468002-E0006.000.1973                         27 4.69999E+00 1.04000E+02
h-B011-MT600-Wu-F0468002-E0008.000.1973                         22 4.69999E+00 1.10100E+02
h-B011-MT600-Wu-F0468002-E0010.000.1973                         17 3.99998E+00 1.09800E+02
h-B011-MT600-Wu-F0468002-E0012.000.1973                         22 3.40001E+00 1.00000E+02
