#              Filename                                         N    min         max
a-Be009-MT089-Bonner-F0464002-E0001.379.1956                   178 9.00000E+01 9.00000E+01
a-Be009-MT089-Bonner-F0464003-E0001.900.1956                    12 1.00000E+01 9.00000E+01
a-Be009-MT089-Davids-F0304002-E0000.340.1968                    68 0.00000E+00 0.00000E+00
a-Be009-MT089-Deconninck-F0419002-E0012.900.1963                 9 9.99951E-01 9.07000E+01
a-Be009-MT089-Deconninck-F0419002-E0013.600.1963                18 9.99951E-01 1.70500E+02
a-Be009-MT089-Deconninck-F0419002-E0014.500.1963                13 9.99951E-01 1.35400E+02
a-Be009-MT089-Deconninck-F0419002-E0015.700.1963                15 9.99951E-01 1.46800E+02
a-Be009-MT089-Deconninck-F0419002-E0015.900.1963                18 1.10003E+00 1.71600E+02
a-Be009-MT089-Deconninck-F0419002-E0017.000.1963                17 1.99792E-01 1.63900E+02
a-Be009-MT089-Deconninck-F0419002-E0018.000.1963                17 1.99792E-01 1.66900E+02
a-Be009-MT089-Deconninck-F0419002-E0018.300.1963                18 5.99705E-01 1.54900E+02
a-Be009-MT089-Deconninck-F0419002-E0019.300.1963                17 9.99951E-01 1.52100E+02
a-Be009-MT089-Deconninck-F0419002-E0020.300.1963                18 1.10003E+00 1.64100E+02
a-Be009-MT089-Deconninck-F0419002-E0021.200.1963                18 1.10003E+00 1.69500E+02
a-Be009-MT089-Deconninck-F0419002-E0022.100.1963                18 9.00051E-01 1.64800E+02
a-Be009-MT089-Deconninck-F0419002-E0023.000.1963                14 9.00051E-01 1.67600E+02
a-Be009-MT089-Kjellman-F0260002-E0009.800.1962                  20 5.60000E+00 1.49400E+02
a-Be009-MT089-Kjellman-F0260002-E0011.300.1962                  18 4.99999E+00 1.54700E+02
a-Be009-MT089-Kjellman-F0260002-E0012.700.1962                  18 4.30002E+00 1.54900E+02
a-Be009-MT089-Klages-F0376002-E0001.750.1969                    24 0.00000E+00 1.65000E+02
a-Be009-MT089-Kondo-F0420002-E0017.500.1963                     20 5.00068E-01 1.37600E+02
a-Be009-MT089-Kondo-F0420002-E0018.700.1963                     16 5.00068E-01 1.39000E+02
a-Be009-MT089-Kondo-F0420002-E0019.900.1963                     17 6.99975E-01 1.42800E+02
a-Be009-MT089-Kondo-F0420002-E0022.100.1963                     20 3.00014E-01 1.57600E+02
a-Be009-MT089-Miller-F0476002-E0005.010.1966                   182 0.00000E+00 0.00000E+00
a-Be009-MT089-Nilsson-F0414002-E0013.500.1962                   15 4.90001E+00 1.53600E+02
a-Be009-MT089-Nilsson-F0414002-E0013.900.1962                   14 4.90001E+00 1.53600E+02
a-Be009-MT089-Nilsson-F0414002-E0014.100.1962                    9 6.49999E+00 1.39400E+02
a-Be009-MT089-Obst-F0159002-E0001.680.1972                     421 0.00000E+00 0.00000E+00
a-Be009-MT089-Obst-F0159003-E0003.210.1972                       9 6.99975E-01 8.03000E+01
a-Be009-MT089-Obst-F0159003-E0003.990.1972                       9 8.00153E-01 1.50600E+02
a-Be009-MT089-Okorokov-F1174003-E0022.900.1973                  16 9.94002E+00 1.14690E+02
a-Be009-MT089-Risser-F0247002-E0001.641.1957                   120 0.00000E+00 0.00000E+00
a-Be009-MT089-Risser-F0247003-E0002.020.1957                    10 2.00008E+00 1.48500E+02
a-Be009-MT089-Risser-F0247003-E0002.290.1957                     9 1.59998E+00 1.43900E+02
a-Be009-MT089-Risser-F0247003-E0002.500.1957                    12 3.00014E-01 1.47700E+02
a-Be009-MT089-Risser-F0247003-E0002.690.1957                    10 3.00014E-01 1.49300E+02
a-Be009-MT089-Risser-F0247003-E0003.220.1957                    11 9.89117E-02 1.44600E+02
a-Be009-MT089-Risser-F0247003-E0003.730.1957                    10 9.89117E-02 1.48900E+02
a-Be009-MT089-Risser-F0247003-E0003.830.1957                    10 2.30002E+00 1.46300E+02
a-Be009-MT089-Risser-F0247003-E0003.940.1957                    13 1.50011E+00 1.45800E+02
a-Be009-MT089-Risser-F0247003-E0004.180.1957                    14 1.50011E+00 1.69800E+02
a-Be009-MT089-Risser-F0247003-E0004.540.1957                    12 9.00051E-01 1.48400E+02
a-Be009-MT089-Risser-F0247003-E0004.670.1957                    10 9.00051E-01 1.47700E+02
a-Be009-MT089-Risser-F0247003-E0005.070.1957                    15 5.00068E-01 1.50500E+02
a-Be009-MT089-Schmidt-O2182002-E0007.020.1992                 2253 0.00000E+00 0.00000E+00
a-Be009-MT089-Vanderzwan-F0175003-E0001.469.1970               163 0.00000E+00 0.00000E+00
a-Be009-MT089-Verbinski-F0225002-E0006.790.1968                148 1.99792E-01 1.69900E+02
a-Be009-MT089-Verbinski-F0225003-E0006.060.1968                 47 0.00000E+00 0.00000E+00
