#              Filename                                         N    min         max
n-C012-MT002-Arai-20265003-ang-E0014.500.1971                   16 8.30000E+00 1.56000E+02
n-C012-MT002-Baba-21984054-ang-E0014.200.1986                   22 2.50000E+01 1.50000E+02
n-C012-MT002-Baba-22077058-ang-E0014.000.1988                   23 2.50000E+01 1.50000E+02
n-C012-MT002-Baba-22188045-ang-E0014.100.1990                   26 2.00000E+01 1.50000E+02
n-C012-MT002-Baba-22480007-ang-E0075.000.2002                   20 2.00008E+00 5.29000E+01
n-C012-MT002-Biryukov-40066002-ang-E0009.200.1971                1 3.20000E+01 3.20000E+01
n-C012-MT002-Bonazzola-20495002-ang-E0014.100.1972               6 1.55200E+02 1.78000E+02
n-C012-MT002-Bonazzola-21519002-ang-E0014.200.1966              10 2.92000E+01 1.36200E+02
n-C012-MT002-Boreli-14327002-ang-E0014.150.1968                 10 8.52000E+01 8.52000E+01
n-C012-MT002-Boreli-14327003-ang-E0014.660.1968                 16 8.52000E+01 8.52000E+01
n-C012-MT002-Boreli-14327004-ang-E0014.170.1968                 10 5.10000E+01 5.10000E+01
n-C012-MT002-Boreli-14327005-ang-E0014.700.1968                 22 5.10000E+01 5.10000E+01
n-C012-MT002-Boreli-14327006-ang-E0014.180.1968                  9 3.63000E+01 3.63000E+01
n-C012-MT002-Boreli-14327007-ang-E0015.320.1968                 22 3.63000E+01 3.63000E+01
n-C012-MT002-Boreli-14327008-ang-E0014.140.1968                  8 2.82000E+01 2.82000E+01
n-C012-MT002-Boreli-14327009-ang-E0015.030.1968                 22 2.82000E+01 2.82000E+01
n-C012-MT002-Boschung-10037030-ang-E0004.040.1971               32 2.50000E+01 1.48100E+02
n-C012-MT002-Bouchez-21153002-ang-E0014.600.1963                15 1.10000E+01 1.57000E+02
n-C012-MT002-Bouchez-21224002-ang-E0014.600.1966                18 1.00000E+01 1.64900E+02
n-C012-MT002-Braley-13720002-ang-E0005.600.1960                  9 3.33000E+01 1.56500E+02
n-C012-MT002-Bucher-10331002-ang-E0007.400.1974                  4 2.59993E+00 1.42000E+01
n-C012-MT002-Bucher-10331002-ang-E0007.400A001.1974              4 2.59993E+00 1.42000E+01
n-C012-MT002-Bucher-10331002-ang-E0007.550.1974                  4 2.59993E+00 1.42000E+01
n-C012-MT002-Bucher-10331002-ang-E0007.550A001.1974              4 2.59993E+00 1.42000E+01
n-C012-MT002-Bucher-10331002-ang-E0008.000.1974                  4 2.69994E+00 1.41000E+01
n-C012-MT002-Chen-13683002-ang-E0015.570.1993                   49 2.00000E+01 1.59900E+02
n-C012-MT002-Chiba-22160005-ang-E0028.200.1997                  13 2.00000E+01 1.40000E+02
n-C012-MT002-Coon-11322003-ang-E0014.500.1958                   11 5.80002E+00 5.29000E+01
n-C012-MT002-Dashkov-41752002-ang-E0014.100.2022                75 1.55000E+01 1.67400E+02
n-C012-MT002-Dave-14189039-ang-E0009.600.1983                   28 1.85000E+01 1.56500E+02
n-C012-MT002-Dave-14189040-ang-E0011.000.1983                   22 1.94000E+01 1.58700E+02
n-C012-MT002-Dave-14189041-ang-E0012.800.1983                   28 2.39000E+01 1.58700E+02
n-C012-MT002-Dave-14189042-ang-E0014.000.1983                   27 2.44000E+01 1.56300E+02
n-C012-MT002-Dave-14189043-ang-E0015.000.1983                   27 2.45000E+01 1.59500E+02
n-C012-MT002-Deconninck-20195020-ang-E0028.400.1961              1 4.99999E+00 4.99999E+00
n-C012-MT002-Demanins-20492005-ang-E0001.980.1973              104 3.00000E+01 1.50000E+02
n-C012-MT002-Drigo-20969002-ang-E0004.700.1972                  14 2.50000E+01 1.55000E+02
n-C012-MT002-Fasoli-20502002-ang-E0002.154.1973                401 3.00000E+01 1.50000E+02
n-C012-MT002-Glasgow-12890002-ang-E0008.970.1976                30 2.49000E+01 1.59400E+02
n-C012-MT002-Glasgow-12890002-ang-E0009.200.1976                30 2.49000E+01 1.56400E+02
n-C012-MT002-Gorlov-40221005-ang-E0004.000.1965                 17 1.09167E+01 1.69750E+02
n-C012-MT002-Grin-21047002-ang-E0014.100.1969                    8 4.50000E+01 1.50000E+02
n-C012-MT002-Gul-30593012-ang-E0014.700.1981                    10 3.00000E+01 1.30000E+02
n-C012-MT002-Hammer-23737002-ang-E0007.550.1986                 91 2.10000E+01 1.24000E+02
n-C012-MT002-Haouat-22544002-ang-E0008.000.1978                108 1.00000E+01 1.59900E+02
n-C012-MT002-Harlowjr-11288004-ang-E0017.300.1965              135 5.79000E+01 1.20900E+02
n-C012-MT002-Hata-22189002-ang-E0014.130.1990                    5 1.23000E+01 5.27000E+01
n-C012-MT002-Hill-11300002-ang-E0005.000.1956                    6 9.20003E+00 3.24000E+01
n-C012-MT002-Hill-11321002-ang-E0005.000.1958                   13 2.78000E+01 1.47400E+02
n-C012-MT002-HuangTangzii-30684002-ang-E0014.100.1983           41 8.00000E+01 1.79000E+02
n-C012-MT002-Klug-22847002-ang-E0096.000.2003                   22 1.03000E+01 6.69000E+01
n-C012-MT002-Korzh-40685003-ang-E0000.500.1964                   8 3.00029E+01 1.39996E+02
n-C012-MT002-Lane-10415007-ang-E0000.050.1961                  256 2.33000E+01 1.44200E+02
n-C012-MT002-LiAnlii-32548002-ang-E0014.700.1980                 9 1.50000E+01 1.35000E+02
n-C012-MT002-Meier-21043002-ang-E0002.400.1954                  81 3.42000E+01 1.40000E+02
n-C012-MT002-Mermod-23030002-ang-E0094.800.2006                 18 1.00000E+01 8.05000E+01
n-C012-MT002-Mezzetti-21614002-ang-E0014.200.1978                7 1.44900E+02 1.75000E+02
n-C012-MT002-Niizeki-221670022-ang-E0035.000.1990               11 1.01000E+01 9.02000E+01
n-C012-MT002-Olsson-22098003-ang-E0016.500.1989                228 1.00000E+01 1.60000E+02
n-C012-MT002-Osborne-13946002-ang-E0065.000.2004                63 7.00003E+00 2.11000E+01
n-C012-MT002-Rodgers-11276002-ang-E0002.330.1967                 6 3.00000E+01 1.19900E+02
n-C012-MT002-Rogers-11269002-ang-E0000.707.1961                 10 3.00000E+01 1.39900E+02
n-C012-MT002-Salmon-21123002-ang-E0096.000.1960                  7 2.00008E+00 2.00000E+01
n-C012-MT002-Schmidt-32001015-ang-E0007.750.1987                14 2.00000E+01 1.60000E+02
n-C012-MT002-Shirato-22284003-ang-E0014.100.1992                 8 1.23000E+01 5.28000E+01
n-C012-MT002-Singletary-11325002-ang-E0014.100.1959             10 2.94000E+01 1.49200E+02
n-C012-MT002-Takahashi-22075177-ang-E0014.100.1987              16 1.50000E+01 1.60000E+02
n-C012-MT002-Tesch-21663007-ang-E0014.100.1962                  12 2.50000E+01 1.59800E+02
n-C012-MT002-Thumm-20710002-ang-E0015.850.1980                  19 4.56000E+01 1.39300E+02
n-C012-MT002-Thumm-20710006-ang-E0015.000.1980                   3 8.25000E+01 1.09700E+02
n-C012-MT002-Vanhoy-14452002-ang-E0003.800.2015                 11 3.00000E+01 1.50000E+02
n-C012-MT002-Vanhoy-14452003-ang-E0003.570.2015                 10 3.00000E+01 1.50000E+02
n-C012-MT002-Vanhoy-14452004-ang-E0003.400.2015                 10 3.00000E+01 1.50000E+02
n-C012-MT002-Vanhoy-14452005-ang-E0003.200.2015                 10 3.00000E+01 1.50000E+02
n-C012-MT002-Vanhoy-14452006-ang-E0003.070.2015                 10 3.00000E+01 1.40000E+02
n-C012-MT002-Vanhoy-14452007-ang-E0002.800.2015                  8 3.00000E+01 1.43000E+02
n-C012-MT002-Vanhoy-14452008-ang-E0002.050.2015                 12 3.00000E+01 1.40000E+02
n-C012-MT002-Vanhoy-14452009-ang-E0001.480.2015                  7 3.00000E+01 1.40000E+02
n-C012-MT002-WanDairongg-32516002-ang-E0014.700.1991             6 2.98006E+00 8.49001E+00
n-C012-MT002-White-106850031-ang-E0004.078.1980                 27 2.00000E+01 1.59900E+02
n-C012-MT002-White-106850032-ang-E0004.078.1980                 27 2.00000E+01 1.59900E+02
n-C012-MT002-Wilenzick-11287003-ang-E0006.040.1965              14 2.15652E+01 1.52873E+02
n-C012-MT002-Yoshimura-20266003-ang-E0014.100.1965              13 3.00000E+01 1.50000E+02
