#              Filename                                         N    min         max
a-O016-MT801-Adachi-E2635015-ang-E0130.000.2018                  2 4.00074E-01 2.19998E+00
a-O016-MT801-Billen-T0236003-ang-E0014.550.1979                  1 6.44000E+01 7.49000E+01
a-O016-MT801-Billen-T0236003-ang-E0014.570.1979                  1 6.44000E+01 6.44000E+01
a-O016-MT801-Billen-T0236006-ang-E0017.960.1979                  6 3.17000E+01 1.70900E+02
a-O016-MT801-Billen-T0236006-ang-E0017.970.1979                  9 2.65000E+01 1.52700E+02
a-O016-MT801-Billen-T0236006-ang-E0017.980.1979                  9 2.65000E+01 1.70900E+02
a-O016-MT801-Blatchley-T0230006-ang-E0022.500.1965              50 2.60000E+01 1.76000E+02
a-O016-MT801-Burtebayev-D0841003-ang-E0048.100.2017             61 1.83000E+01 1.70300E+02
a-O016-MT801-Caskey-T0237003-ang-E0012.402.1985                241 4.48000E+01 4.48000E+01
a-O016-MT801-Corelli-T0245006-ang-E0018.300.1959                94 1.04000E+01 1.09300E+02
a-O016-MT801-Feofilov-F0483005-ang-E0023.700.1976              150 1.39000E+01 1.65500E+02
a-O016-MT801-Garman-F0290002-ang-E0009.632.1981                 33 1.85000E+01 8.00000E+01
a-O016-MT801-Garman-F0290003-ang-E0009.538.1981                118 3.17000E+01 3.17000E+01
a-O016-MT801-Hausser-T0233004-ang-E0014.220.1973                 3 5.31000E+01 1.77700E+02
a-O016-MT801-Hausser-T0233004-ang-E0014.230.1973                 2 5.31000E+01 1.77700E+02
a-O016-MT801-Hausser-T0233004-ang-E0014.240.1973                 3 5.31000E+01 1.77700E+02
a-O016-MT801-Hausser-T0233004-ang-E0014.250.1973                 3 1.64100E+02 1.64100E+02
a-O016-MT801-Ignatenko-F0572004-ang-E0021.290.1996              96 3.80000E+01 1.62000E+02
a-O016-MT801-Ignatenko-F0572005-ang-E0025.200.1996              39 1.85000E+01 1.65000E+02
a-O016-MT801-Ignatenko-F0572005-ang-E0025.200A001.1996          29 1.87000E+01 1.65200E+02
a-O016-MT801-Ignatenko-F0572005-ang-E0030.300.1996              46 1.85000E+01 1.65800E+02
a-O016-MT801-Ignatenko-F0572005-ang-E0030.300A001.1996          46 1.87000E+01 1.65900E+02
a-O016-MT801-Knopfle-F0707003-ang-E0146.000.1975                23 5.60000E+00 3.18000E+01
a-O016-MT801-Kokame-E2246003-ang-E0027.300.1965                 23 1.55000E+01 7.22000E+01
a-O016-MT801-Kokame-E2246004-ang-E0027.300.1965                 23 1.57000E+01 7.27000E+01
a-O016-MT801-Kokame-E2246006-ang-E0027.300.1965                 19 1.58000E+01 6.64000E+01
a-O016-MT801-Laymon-C0516002-ang-E0010.200.1992               1718 2.92000E+01 1.64600E+02
a-O016-MT801-Pavlova-D8017009-ang-E0040.100.1990                33 3.04000E+01 7.04000E+01
a-O016-MT801-Reed-C1187007-ang-E0050.000.1968                   39 9.40003E+00 6.99000E+01
a-O016-MT801-Reed-C1187007-ang-E0050.000A001.1968               88 9.40003E+00 5.53000E+01
a-O016-MT801-Reed-C1187007-ang-E0080.700.1968                   88 9.40003E+00 9.09000E+01
