#              Filename                                         N    min         max
n-Zr092-MT151-Bartolome-100020231.1969                          10 2.00400E-03 9.79100E-03
n-Zr092-MT151-Bartolome-100020231A001.1969                      10 2.00400E-03 9.79100E-03
n-Zr092-MT151-Bartolome-100020232.1969                          10 2.00400E-03 9.79100E-03
n-Zr092-MT151-Bartolome-100020232A001.1969                      10 2.00400E-03 9.79100E-03
n-Zr092-MT151-Bartolome-100020233.1969                           7 2.73000E-03 9.10800E-03
n-Zr092-MT151-Bartolome-100020233A001.1969                       7 2.73000E-03 9.10800E-03
n-Zr092-MT151-Bartolome-100020311.1969                           2 5.89750E-03 5.89750E-03
n-Zr092-MT151-Bartolome-100020311A001.1969                       2 5.89750E-03 5.89750E-03
n-Zr092-MT151-Bartolome-100020312.1969                           2 5.89750E-03 5.89750E-03
n-Zr092-MT151-Bartolome-100020312A001.1969                       2 5.89750E-03 5.89750E-03
n-Zr092-MT151-Block-118940041.1963                               5 2.70000E-03 4.72000E-02
n-Zr092-MT151-Block-118940042.1963                               5 2.70000E-03 4.72000E-02
n-Zr092-MT151-Block-118940043.1963                               3 2.70000E-03 6.89000E-03
n-Zr092-MT151-Block-118940044.1963                               3 2.70000E-03 6.89000E-03
n-Zr092-MT151-Block-12074006.1964                                8 2.01000E-03 9.83000E-03
n-Zr092-MT151-Good-118760071.1968                               15 2.70000E-03 5.20000E-02
n-Zr092-MT151-Good-118760072.1968                               12 2.70000E-03 4.68000E-02
n-Zr092-MT151-Good-118760073.1968                               12 2.70000E-03 4.68000E-02
n-Zr092-MT151-Good-11876008.1968                                 1 2.60000E-02 2.60000E-02
n-Zr092-MT151-Good-11876009.1968                                 2 6.00000E-03 3.20000E-02
n-Zr092-MT151-Kapchigashev-40778020.1966                         1 2.50000E-02 2.50000E-02
n-Zr092-MT151-Morgenstern-206840181.1969                         1 2.66100E-03 2.66100E-03
n-Zr092-MT151-Moskalev-40758006.1964                             1 4.37000E-03 4.37000E-03
n-Zr092-MT151-Moskalev-40758007.1964                             5 1.86000E-03 6.88000E-03
n-Zr092-MT151-Olsen-118430041.1961                               1 6.94200E-03 6.94200E-03
n-Zr092-MT151-Olsen-118430042.1961                               1 6.94200E-03 6.94200E-03
n-Zr092-MT151-Seth-11665011.1964                                 2 3.26500E-01 3.26500E-01
n-Zr092-MT151-Tagliente-231170021.2010                          44 2.01291E-03 3.94180E-02
n-Zr092-MT151-Tagliente-231940051.2013                           4 2.01300E-03 5.04600E-03
n-Zr092-MT151-Tagliente-237590021.2022                          73-1.35000E-03 8.08110E-02
