#              Filename                                         N    min         max
n-Sb000-MT151-Camarda-10765008.1974                              1 3.00500E-01 3.00500E-01
n-Sb000-MT151-Camarda-10765008A001.1974                          1 3.00500E-01 3.00500E-01
n-Sb000-MT151-Dilg-20583039.1972                                 1 2.70000E-03 2.70000E-03
n-Sb000-MT151-Gibbons-11329088.1961                              2 1.05000E-01 1.05000E-01
n-Sb000-MT151-Gibbons-113290891.1961                             1 1.05000E-01 1.05000E-01
n-Sb000-MT151-Gibbons-113290892.1961                             1 1.05000E-01 1.05000E-01
n-Sb000-MT151-Havensjr-111390081.1946                            2 6.30000E-06 1.92000E-05
n-Sb000-MT151-Havensjr-111390081A001.1946                        2 6.30000E-06 1.92000E-05
n-Sb000-MT151-Kapchigashev-40778056.1966                         1 2.50000E-02 2.50000E-02
n-Sb000-MT151-Ohkubo-23490006.1972                               1 3.50000E-04 3.50000E-04
n-Sb000-MT151-Popov-40934044.1985                                1 1.27400E-04 1.27400E-04
n-Sb000-MT151-Popov-40934047.1985                                2 1.27400E-04 1.27400E-04
n-Sb000-MT151-Rainwater-116850101.1947                           3 5.80000E-06 2.10000E-05
n-Sb000-MT151-Spitz-30114011.1968                                1 1.90000E-02 1.90000E-02
n-Sb000-MT151-Tabony-11953004.1968                               3 3.25000E-01 3.25000E-01
n-Sb000-MT151-Wynchank-119130111.1968                           15 1.54100E-05 2.99300E-04
n-Sb000-MT151-Wynchank-119130112.1968                           15 1.54100E-05 2.99300E-04
n-Sb000-MT151-Wynchank-119130121.1968                          295 1.54100E-05 2.99600E-03
n-Sb000-MT151-Wynchank-11913013.1968                             2 6.00000E-04 1.50000E-03
n-Sb000-MT151-Wynchank-11913014.1968                             3 5.00000E-04 1.25000E+00
