#              Filename                                         N    min         max
n-He003-MT001-Alfimenkov-40655002.1981                          22 8.20000E-04 1.40000E-01
n-He003-MT001-Alfimenkov-41630002.1982                          57 5.95080E-07 2.21110E-04
n-He003-MT001-Alsnielsen-20105003.1964                          22 3.02800E-10 1.10360E-05
n-He003-MT001-Battat-11021004.1959                              40 1.40000E-01 2.14000E+01
n-He003-MT001-Battat-11021004A001.1959                          40 1.40000E-01 2.14000E+01
n-He003-MT001-Goulding-10278003.1973                           835 7.00230E-01 2.99360E+01
n-He003-MT001-Goulding-10278003A001.1973                       835 7.00230E-01 2.99360E+01
n-He003-MT001-Goulding-10278004.1973                           141 3.02170E+00 2.91440E+01
n-He003-MT001-Goulding-10278004A001.1973                       141 3.02170E+00 2.91440E+01
n-He003-MT001-Haesner-21883002.1983                             20 2.00000E+00 4.00000E+01
n-He003-MT001-Haesner-21883005.1983                             40 1.00000E+00 4.00000E+01
n-He003-MT001-Hughes-12669003.1948                               1 2.53000E-08 2.53000E-08
n-He003-MT001-Keith-13627004.1996                                4 1.94000E+00 7.46000E+00
n-He003-MT001-Keith-13627005.1996                                3 3.65000E+00 7.46000E+00
n-He003-MT001-Keith-13895002.2004                             1650 1.19500E-07 2.99000E-06
n-He003-MT001-Keith-13895003.2004                             1670 3.80700E-07 8.26700E-06
n-He003-MT001-Keith-13895004.2004                              430 6.83400E-06 7.21800E-05
n-He003-MT001-Keith-13895005.2004                              635 1.53300E-05 3.92700E-04
n-He003-MT001-Keith-13895006.2004                               16 1.24300E-07 2.05500E-06
n-He003-MT001-Keith-13895007.2004                               16 3.91600E-07 4.43700E-06
n-He003-MT001-Keith-13895008.2004                                4 7.25100E-06 2.38500E-05
n-He003-MT001-Keith-13895009.2004                                7 1.60200E-05 3.30000E-04
n-He003-MT001-King-11148003.1949                                 7 1.40000E-09 3.19000E-08
n-He003-MT001-King-11148003A001.1949                             7 1.40000E-09 3.19000E-08
