#              Filename                                         N    min         max
n-Ti000-MT001-Abfalterer-13753015.2001                         467 5.29300E+00 5.59100E+02
n-Ti000-MT001-Adair-11636002.1950                               17 8.30000E-02 1.40900E+00
n-Ti000-MT001-Barnard-10048091.1974                            412 1.00100E-01 1.49400E+00
n-Ti000-MT001-Barnard-10048091A001.1974                        412 1.00100E-01 1.49400E+00
n-Ti000-MT001-Barnard-10048092.1974                            602 4.62600E-01 1.02700E+00
n-Ti000-MT001-Barnard-10048092A001.1974                        602 4.62600E-01 1.02700E+00
n-Ti000-MT001-Bratenahl-11155011.1958                            6 7.01000E+00 1.39700E+01
n-Ti000-MT001-Bratenahl-11155011A001.1958                        6 7.01000E+00 1.39700E+01
n-Ti000-MT001-Cabe-20480009.1973                               460 1.49100E-01 1.17070E+00
n-Ti000-MT001-Cabe-20480010.1973                               548 1.17480E+00 4.03500E+00
n-Ti000-MT001-Carlson-11497006.1967                            168 4.50000E+00 7.88900E+00
n-Ti000-MT001-Conner-11320004.1958                               6 1.31400E+01 1.56000E+01
n-Ti000-MT001-Coon-12524019.1952                                 1 1.41200E+01 1.41200E+01
n-Ti000-MT001-Culler-11088009.1955                              12 6.10000E+01 1.06800E+02
n-Ti000-MT001-Culler-11088009A001.1955                          12 6.10000E+01 1.06800E+02
n-Ti000-MT001-Dvorack-11305005.1953                             13 2.21000E+00 2.74500E+00
n-Ti000-MT001-Filippov-40082007.1968                            27 9.00000E-02 3.28000E+00
n-Ti000-MT001-Fosterjr-10047026.1971                           250 2.25300E+00 1.48640E+01
n-Ti000-MT001-Fosterjr-10047026A001.1971                       250 2.25300E+00 1.48640E+01
n-Ti000-MT001-Gabriel-12747002.1982                              3 2.14000E-13 2.86000E-13
n-Ti000-MT001-Garg-10172054.1971                              3731 5.84400E-04 2.16500E-01
n-Ti000-MT001-Garg-10172054A001.1971                          3731 5.84400E-04 2.16500E-01
n-Ti000-MT001-Good-11402010.1958                                88 2.80000E-03 2.40000E-02
n-Ti000-MT001-Goodman-11057009.1952                              1 1.40000E+01 1.40000E+01
n-Ti000-MT001-Goodman-11057009A001.1952                          1 1.40000E+01 1.40000E+01
n-Ti000-MT001-Guenther-10669002.1978                            65 9.74400E-01 4.37100E+00
n-Ti000-MT001-Guenther-10669002A001.1978                        65 9.74400E-01 4.37100E+00
n-Ti000-MT001-Hibdon-11244008.1955                              63 1.60000E-03 5.44000E-02
n-Ti000-MT001-Hibdon-11386010.1952                               7 3.01000E-03 1.50230E-02
n-Ti000-MT001-Hibdon-11386011.1952                              11 1.71950E-02 3.93660E-02
n-Ti000-MT001-Hibdon-11386012.1952                              15 1.98800E-03 2.09010E-02
n-Ti000-MT001-Hibdon-11386013.1952                               4 2.00700E-02 2.30090E-02
n-Ti000-MT001-Hibdon-13041011.1950                               1 1.20000E-04 1.20000E-04
n-Ti000-MT001-Joki-11635004.1961                               476 2.51000E-08 4.51500E-05
n-Ti000-MT001-Kent-11617010.1962                                 1 3.66000E+00 3.66000E+00
n-Ti000-MT001-Kim-31581003.2003                                 35 9.58000E-09 9.33129E-05
n-Ti000-MT001-Koester-22217015.1990                              1 1.97000E-03 1.97000E-03
n-Ti000-MT001-Koester-22241011.1993                              5 1.26000E-06 1.97000E-03
n-Ti000-MT001-Lasday-11041005.1951                               1 1.39000E+01 1.39000E+01
n-Ti000-MT001-Lasday-11041005A001.1951                           1 1.39000E+01 1.39000E+01
n-Ti000-MT001-Mori-22626002.1983                                34 8.11050E-03 1.05550E+00
n-Ti000-MT001-Nereson-11308007.1954                             30 2.71400E+00 1.32180E+01
n-Ti000-MT001-Newson-11368006.1961                              99 3.50000E-02 3.00000E-01
n-Ti000-MT001-Palmer-11629002.1953                             102 1.12000E-06 1.19000E-01
n-Ti000-MT001-Peterson-11108015.1960                             4 1.75000E+01 2.86000E+01
n-Ti000-MT001-Peterson-11108015A001.1960                         4 1.75000E+01 2.86000E+01
n-Ti000-MT001-Pierre-11486010.1959                               1 1.40000E+01 1.40000E+01
n-Ti000-MT001-Policroniades-31468002.1994                        6 2.98000E+00 6.71000E+00
n-Ti000-MT001-Rapp-14576004.2019                              6224 4.00000E-01 2.50300E+01
n-Ti000-MT001-Rapp-14576005.2019                              7770 4.00500E-01 2.50400E+01
n-Ti000-MT001-Rapp-14576006.2019                              6224 4.00000E-01 2.50300E+01
n-Ti000-MT001-Rapp-14576007.2019                              7770 4.00500E-01 2.50400E+01
n-Ti000-MT001-Schmidt-23424006.1967                             56 9.36000E-08 7.31170E-07
n-Ti000-MT001-Schmidt-23424007.1967                             57 9.53600E-08 7.29830E-07
n-Ti000-MT001-Schmidt-23424008.1967                             53 9.52000E-08 7.30310E-07
n-Ti000-MT001-Schmidt-23424009.1967                             31 1.02610E-07 1.69210E-07
n-Ti000-MT001-Schmidt-23424010.1967                             31 1.02330E-07 1.69380E-07
n-Ti000-MT001-Schmidt-23424011.1967                             31 1.02520E-07 1.73940E-07
n-Ti000-MT001-Schmunk-11634002.1960                             93 2.02000E-09 2.87800E-07
n-Ti000-MT001-Schwartz-10003002.1974                          2648 4.98500E-01 3.99960E+00
n-Ti000-MT001-Schwartz-10003002A001.1974                      2648 4.98500E-01 3.99960E+00
n-Ti000-MT001-Tsukada-22628006.1966                              2 3.95000E+00 4.70000E+00
n-Ti000-MT001-Walt-11215016.1955                                 1 4.10000E+00 4.10000E+00
n-Ti000-MT001-Walt-11215016A001.1955                             1 4.10000E+00 4.10000E+00
