#              Filename                                         N    min         max
n-Ca044-MT151-Bilpuch-115990051.1961                             3 2.20000E-02 8.20000E-02
n-Ca044-MT151-Bilpuch-115990052.1961                             3 2.20000E-02 8.20000E-02
n-Ca044-MT151-Bilpuch-115990053.1961                             3 2.20000E-02 8.20000E-02
n-Ca044-MT151-Bilpuch-115990061.1961                             2 1.50000E-01 2.47000E-01
n-Ca044-MT151-Bilpuch-115990062.1961                             2 1.50000E-01 2.47000E-01
n-Ca044-MT151-Bilpuch-115990063.1961                             2 1.50000E-01 2.47000E-01
n-Ca044-MT151-Farrell-116010141.1966                            17 5.30000E-02 5.60500E-01
n-Ca044-MT151-Farrell-116010142.1966                            16 1.03000E-01 5.60500E-01
n-Ca044-MT151-Farrell-116010143.1966                            16 1.03000E-01 5.60500E-01
n-Ca044-MT151-Farrell-116010251.1966                            26 1.33000E-01 5.76000E-01
n-Ca044-MT151-Farrell-116010252.1966                             5 2.21000E-01 5.76000E-01
n-Ca044-MT151-Musgrove-303560081.1977                           29 1.21800E-02 1.64600E-01
n-Ca044-MT151-Musgrove-303560083.1977                           29 1.21800E-02 1.64600E-01
n-Ca044-MT151-Musgrove-303560084.1977                            5 2.31000E-02 1.61200E-01
n-Ca044-MT151-Musgrove-303560085.1977                            9 1.51100E-02 1.61200E-01
n-Ca044-MT151-Musgrove-303560086.1977                           11 1.51100E-02 1.61200E-01
n-Ca044-MT151-Musgrove-303560101.1977                            1 8.37500E-02 8.37500E-02
n-Ca044-MT151-Musgrove-303560102.1977                            1 8.37500E-02 8.37500E-02
n-Ca044-MT151-Musgrove-303560103.1977                            2 8.37500E-02 8.37500E-02
n-Ca044-MT151-Singh-104980041.1974                               1 5.18000E-02 5.18000E-02
n-Ca044-MT151-Singh-104980041A001.1974                           1 5.18000E-02 5.18000E-02
