#              Filename                                         N    min         max
n-U233-MT151-Adamchuk-40063004.1955                              8 1.82000E-06 1.60000E-05
n-U233-MT151-Alfimenkov-414840021.2000                          18 1.90000E-07 1.43400E-05
n-U233-MT151-Alfimenkov-414840022.2000                          18 1.90000E-07 1.43400E-05
n-U233-MT151-Alfimenkov-414840023.2000                          15 3.40000E-07 1.43400E-05
n-U233-MT151-Blons-204460041.1971                              169 5.89000E-06 1.24120E-04
n-U233-MT151-Blons-204460042.1971                              169 5.89000E-06 1.24120E-04
n-U233-MT151-Blons-20446005.1971                                 2 6.49500E-05 6.49500E-05
n-U233-MT151-Felvinci-102000021.1971                            38 1.55000E-06 2.95400E-05
n-U233-MT151-Felvinci-102000021A001.1971                        38 1.55000E-06 2.95400E-05
n-U233-MT151-Felvinci-102000022.1971                            38 1.55000E-06 2.95400E-05
n-U233-MT151-Felvinci-102000022A001.1971                        38 1.55000E-06 2.95400E-05
n-U233-MT151-Guseva-413500021.1994                              15 2.34000E-06 6.94100E-05
n-U233-MT151-Guseva-413500022.1994                              15 2.34000E-06 6.94100E-05
n-U233-MT151-James-20916005.1964                                 1 6.00000E-05 6.00000E-05
n-U233-MT151-Kolar-20114006.1970                                72 2.80000E-06 5.21500E-05
n-U233-MT151-Kolar-20114007.1970                                 1 1.62500E-05 1.62500E-05
n-U233-MT151-Kolar-20114008.1970                                72 2.80000E-06 5.21500E-05
n-U233-MT151-Kolar-20114012.1970                                 1 1.62500E-05 1.62500E-05
n-U233-MT151-Kolar-20114013.1970                                 1 1.62500E-05 1.62500E-05
n-U233-MT151-Lynn-210270031.1955                                 2 1.77500E-06 3.62000E-06
n-U233-MT151-Lynn-21027007.1955                                 34 2.30000E-06 9.81000E+01
n-U233-MT151-Mcdaniel-14737002.1944                              4 1.70000E-06 1.00000E-04
n-U233-MT151-Miller-123150032.1956                               7-5.00000E-06 4.70000E-06
n-U233-MT151-Miller-123150033.1956                               7-5.00000E-06 4.70000E-06
n-U233-MT151-Moore-12341004.1960                                 1 1.00000E-05 1.00000E-05
n-U233-MT151-Moore-123420021.1960                               10 1.95000E-07 1.04700E-05
n-U233-MT151-Moore-123420025.1960                               10 1.95000E-07 1.04700E-05
n-U233-MT151-Moore-123420031.1960                                2 1.55000E-06 4.75000E-06
n-U233-MT151-Moore-123420032.1960                                2 1.55000E-06 4.75000E-06
n-U233-MT151-Moore-123420033.1960                                2 1.55000E-06 4.75000E-06
n-U233-MT151-Moore-123420034.1960                                2 1.55000E-06 4.75000E-06
n-U233-MT151-Moore-123420041.1960                                8 1.50000E-07 1.04700E-05
n-U233-MT151-Nifenecker-208140061.1965                          37 1.82300E-06 2.95400E-05
n-U233-MT151-Nifenecker-208140062.1965                          37 1.82300E-06 2.95400E-05
n-U233-MT151-Nifenecker-208140064.1965                          37 1.82300E-06 2.95400E-05
n-U233-MT151-Nifenecker-20814007.1965                            1 1.56815E-05 1.56815E-05
n-U233-MT151-Nikitin-41219002.1955                               9 1.70000E-06 2.10000E-05
n-U233-MT151-Nikitin-412210034.1955                              3 1.45000E-06 2.23000E-06
n-U233-MT151-Nikitin-412210035.1955                              3 1.45000E-06 2.23000E-06
n-U233-MT151-Pattenden-123580021.1960                           27-1.00000E-06 2.54800E-05
n-U233-MT151-Pattenden-123580031.1960                            1 1.88000E-07 1.88000E-07
n-U233-MT151-Pilcher-12290004.1955                               1 6.70000E-06 6.70000E-06
n-U233-MT151-Pilcher-12290006.1955                              16 3.21000E-06 1.90000E-05
n-U233-MT151-Ryabov-40070024.1970                               13 1.79000E-06 2.06000E-05
n-U233-MT151-Ryabov-40070025.1970                                1 1.10000E-05 1.10000E-05
n-U233-MT151-Sailor-12363002.1955                                5 4.50000E-06 9.25000E-06
n-U233-MT151-Sailor-123630031.1955                               5 1.78500E-06 1.03750E-05
n-U233-MT151-Sailor-123630032.1955                               5 1.78500E-06 1.03750E-05
n-U233-MT151-Sailor-123630034.1955                               5 1.78500E-06 1.03750E-05
n-U233-MT151-Sauter-123440051.1968                              30 1.59000E-06 3.07600E-05
n-U233-MT151-Sokolovsky-403830021.1957                           9 6.80000E-06 3.70000E-05
n-U233-MT151-Sokolovsky-403830023.1957                           9 6.80000E-06 3.70000E-05
n-U233-MT151-Sokolovsky-40383003.1957                            7 6.25000E-05 1.10000E-04
n-U233-MT151-Sokolovsky-403830051.1957                          26 6.80000E-06 5.80000E-05
n-U233-MT151-Sokolovsky-403830052.1957                          26 6.80000E-06 5.80000E-05
n-U233-MT151-Sokolovsky-403830053.1957                          26 6.80000E-06 5.80000E-05
