#              Filename                                         N    min         max
n-Sb000-MT102-Belanova-40072012.1965                             1 2.40000E-02 2.40000E-02
n-Sb000-MT102-Belanova-40072030.1965                             1 2.40000E-02 2.40000E-02
n-Sb000-MT102-Belanova-40374014.1958                             3 2.50000E-02 8.30000E-01
n-Sb000-MT102-Block-11935008.1961                               36 2.10000E-04 8.40000E-03
n-Sb000-MT102-Brzosko-30159005.1971                              1 4.00000E-01 4.00000E-01
n-Sb000-MT102-Budnar-30532038.1979                               1 1.41000E+01 1.41000E+01
n-Sb000-MT102-Diven-11616020.1960                                7 1.75000E-01 1.00000E+00
n-Sb000-MT102-Gibbons-11329034.1961                              2 3.00000E-02 6.50000E-02
n-Sb000-MT102-Gibbons-11329035.1961                             53 7.50000E-03 1.76000E-01
n-Sb000-MT102-Leipunskiy-40244116.1958                           1 2.00000E-01 2.00000E-01
n-Sb000-MT102-Mughabghab-V10020021.2006                          1 2.53000E-08 2.53000E-08
n-Sb000-MT102-Poenitz-12832015.1982                             10 6.00000E-01 3.50000E+00
n-Sb000-MT102-Popov-40797010.1962                              101 1.25000E-06 3.40000E-02
n-Sb000-MT102-Schmitt-11778010.1960                              1 2.40000E-02 2.40000E-02
n-Sb000-MT102-Spitz-30114008.1968                               12 1.10000E-02 7.30000E-02
n-Sb000-MT102-Tolstikov-40005006.1968                           18 2.00000E-01 2.72300E+00
n-Sb000-MT102-Yamamoto-22196002.1990                            37 1.33800E-08 8.85900E-07
n-Sb000-MT102-Yamamoto-22370003.1996                            11 1.73500E-08 1.89100E-06
n-Sb000-MT102-Yamamoto-22370005.1996                            55 1.33800E-08 8.03900E-06
