#              Filename                                         N    min         max
n-Pb208-MT051-Bainum-10699005-ang-E0011.000.1977                70 1.50000E+01 1.20100E+02
n-Pb208-MT051-Belovitskii-40700002-ang-E0013.700.1972            7 6.50000E+01 1.19000E+02
n-Pb208-MT051-Finlay-12865003-ang-E0020.000.1984                45 1.00000E+01 1.61000E+02
n-Pb208-MT051-Finlay-12865003-ang-E0022.000.1984                42 1.40000E+01 1.60000E+02
n-Pb208-MT051-Kinney-10412019-ang-E0005.500.1974                15 2.76000E+01 1.33600E+02
n-Pb208-MT051-Kinney-10412019-ang-E0005.500A001.1974            15 2.76000E+01 1.33600E+02
n-Pb208-MT051-Kinney-10412019-ang-E0006.000.1974                15 8.26000E+01 9.76000E+01
n-Pb208-MT051-Kinney-10412023-ang-E0005.500.1974                15 2.76000E+01 1.33700E+02
n-Pb208-MT051-Kinney-10412023-ang-E0005.500A001.1974            15 2.76000E+01 1.33700E+02
n-Pb208-MT051-Kinney-10412023-ang-E0006.000.1974                15 8.27000E+01 9.77000E+01
n-Pb208-MT051-Kinney-10412024-ang-E0006.000.1974                10 8.27000E+01 9.77000E+01
n-Pb208-MT051-Kinney-10412025-ang-E0006.000.1974                10 8.27000E+01 9.77000E+01
n-Pb208-MT051-Kinney-10412026-ang-E0006.000.1974                18 8.28000E+01 9.78000E+01
n-Pb208-MT051-Kinney-10412027-ang-E0006.000.1974                 3 8.28000E+01 9.79000E+01
n-Pb208-MT051-Kinney-10412027-ang-E0006.000A001.1974             3 8.28000E+01 9.79000E+01
n-Pb208-MT051-Kinney-10412027-ang-E0006.490.1974                 3 8.27000E+01 9.78000E+01
n-Pb208-MT051-Kinney-10412027-ang-E0006.490A001.1974             3 8.27000E+01 9.78000E+01
n-Pb208-MT051-Kinney-10412027-ang-E0007.000.1974                 3 8.27000E+01 1.26200E+02
n-Pb208-MT051-Kinney-10412028-ang-E0006.490.1974                 3 8.28000E+01 9.79000E+01
n-Pb208-MT051-Kinney-10412028-ang-E0006.490A001.1974             3 8.28000E+01 9.79000E+01
n-Pb208-MT051-Kinney-10412028-ang-E0007.000.1974                 6 8.27000E+01 1.18700E+02
n-Pb208-MT051-Kinney-10412028-ang-E0007.000A001.1974             6 8.27000E+01 1.18700E+02
n-Pb208-MT051-Kinney-10412028-ang-E0007.500.1974                 3 8.27000E+01 9.77000E+01
n-Pb208-MT051-Kinney-10412028-ang-E0007.500A001.1974             3 8.27000E+01 9.77000E+01
n-Pb208-MT051-Kinney-10412028-ang-E0008.010.1974                 2 9.02000E+01 9.77000E+01
n-Pb208-MT051-Kinney-10412028-ang-E0008.010A001.1974             2 9.02000E+01 9.77000E+01
n-Pb208-MT051-Kinney-10412029-ang-E0008.500.1974                 7 5.51000E+01 5.51000E+01
n-Pb208-MT051-Towle-21128002-ang-E0003.960.1963                 13 3.01000E+01 1.37100E+02
