#              Filename                                         N    min         max
a-C012-MT807-John-C1109005-ang-E0240.000.2003                  107 9.99951E-01 6.79999E+00
a-C012-MT807-Ophel-F0983004-ang-E0008.000.1971                   1 9.00000E+01 1.54000E+02
a-C012-MT807-Ophel-F0983004-ang-E0008.997.1971                   1 1.09500E+02 1.54000E+02
a-C012-MT807-Ophel-F0983004-ang-E0009.000.1971                   1 5.23700E+01 1.40800E+02
a-C012-MT807-Ophel-F0983004-ang-E0009.002.1971                   2 9.00000E+01 1.49400E+02
a-C012-MT807-Ophel-F0983004-ang-E0009.005.1971                   1 1.40800E+02 1.49400E+02
a-C012-MT807-Ophel-F0983004-ang-E0009.005A001.1971               1 5.23700E+01 1.40800E+02
a-C012-MT807-Ophel-F0983004-ang-E0009.006.1971                   3 3.96000E+01 1.23800E+02
a-C012-MT807-Ophel-F0983004-ang-E0009.006A001.1971               1 2.59800E+01 3.96000E+01
a-C012-MT807-Ophel-F0983004-ang-E0009.016.1971                   1 2.59800E+01 5.74200E+01
a-C012-MT807-Ophel-F0983004-ang-E0009.022.1971                   1 5.74200E+01 1.09500E+02
a-C012-MT807-Ophel-F0983004-ang-E0009.042.1971                   1 1.09500E+02 1.49400E+02
a-C012-MT807-Ophel-F0983004-ang-E0009.045.1971                   1 1.49400E+02 1.54000E+02
a-C012-MT807-Ophel-F0983004-ang-E0009.045A001.1971               1 9.00000E+01 1.54000E+02
a-C012-MT807-Ophel-F0983004-ang-E0009.048.1971                   1 3.96000E+01 9.00000E+01
a-C012-MT807-Ophel-F0983004-ang-E0009.051.1971                   1 3.96000E+01 5.23700E+01
a-C012-MT807-Ophel-F0983004-ang-E0009.051A001.1971               1 5.23700E+01 7.08000E+01
a-C012-MT807-Ophel-F0983004-ang-E0009.052.1971                   1 7.08000E+01 1.22600E+02
a-C012-MT807-Ophel-F0983004-ang-E0009.053.1971                   1 5.74200E+01 1.22600E+02
a-C012-MT807-Ophel-F0983004-ang-E0009.057.1971                   2 5.74200E+01 1.40800E+02
a-C012-MT807-Ophel-F0983004-ang-E0009.057A001.1971               1 2.59800E+01 1.23800E+02
a-C012-MT807-Ophel-F0983004-ang-E0009.062.1971                   1 2.59800E+01 9.00000E+01
a-C012-MT807-Ophel-F0983004-ang-E0009.093.1971                   1 9.00000E+01 1.09500E+02
a-C012-MT807-Ophel-F0983004-ang-E0009.094.1971                   1 1.09500E+02 1.54000E+02
a-C012-MT807-Ophel-F0983004-ang-E0009.097.1971                   1 1.22600E+02 1.54000E+02
a-C012-MT807-Ophel-F0983004-ang-E0009.099.1971                   1 1.22600E+02 1.49400E+02
a-C012-MT807-Ophel-F0983004-ang-E0009.102.1971                   1 1.40800E+02 1.49400E+02
a-C012-MT807-Ophel-F0983004-ang-E0009.102A001.1971               1 3.96000E+01 1.40800E+02
a-C012-MT807-Ophel-F0983004-ang-E0009.102A002.1971               1 3.96000E+01 5.74200E+01
a-C012-MT807-Ophel-F0983004-ang-E0009.103.1971                   1 5.74200E+01 1.23800E+02
a-C012-MT807-Ophel-F0983004-ang-E0009.103A001.1971               1 5.23700E+01 1.23800E+02
a-C012-MT807-Ophel-F0983004-ang-E0009.109.1971                   1 5.23700E+01 7.08000E+01
a-C012-MT807-Ophel-F0983004-ang-E0009.109A001.1971               1 2.59800E+01 7.08000E+01
a-C012-MT807-Ophel-F0983004-ang-E0009.113.1971                   1 2.59800E+01 1.09500E+02
a-C012-MT807-Ophel-F0983004-ang-E0009.145.1971                   1 1.09500E+02 1.49400E+02
a-C012-MT807-Ophel-F0983004-ang-E0009.147.1971                   1 1.49400E+02 1.54000E+02
a-C012-MT807-Ophel-F0983004-ang-E0009.148.1971                   1 5.74200E+01 1.54000E+02
a-C012-MT807-Ophel-F0983004-ang-E0009.149.1971                   1 5.74200E+01 1.22600E+02
a-C012-MT807-Ophel-F0983004-ang-E0009.150.1971                   1 9.00000E+01 1.22600E+02
a-C012-MT807-Ophel-F0983004-ang-E0009.150A001.1971               1 9.00000E+01 1.40800E+02
a-C012-MT807-Ophel-F0983004-ang-E0009.153.1971                   1 3.96000E+01 1.40800E+02
a-C012-MT807-Ophel-F0983004-ang-E0009.154.1971                   1 3.96000E+01 5.23700E+01
a-C012-MT807-Ophel-F0983004-ang-E0009.154A001.1971               2 5.23700E+01 1.23800E+02
a-C012-MT807-Ophel-F0983004-ang-E0009.156.1971                   1 2.59800E+01 7.08000E+01
a-C012-MT807-Ophel-F0983004-ang-E0009.170.1971                   1 2.59800E+01 1.09500E+02
a-C012-MT807-Ophel-F0983004-ang-E0009.191.1971                   1 1.09500E+02 1.49400E+02
a-C012-MT807-Ophel-F0983004-ang-E0009.193.1971                   1 1.49400E+02 1.54000E+02
a-C012-MT807-Ophel-F0983004-ang-E0009.194.1971                   1 1.23800E+02 1.54000E+02
a-C012-MT807-Ophel-F0983004-ang-E0009.194A001.1971               1 9.00000E+01 1.23800E+02
a-C012-MT807-Ophel-F0983004-ang-E0009.196.1971                   2 7.08000E+01 1.22600E+02
a-C012-MT807-Ophel-F0983004-ang-E0009.196A001.1971               1 7.08000E+01 1.40800E+02
a-C012-MT807-Ophel-F0983004-ang-E0009.199.1971                   1 5.74200E+01 1.40800E+02
a-C012-MT807-Ophel-F0983004-ang-E0009.201.1971                   1 3.96000E+01 5.74200E+01
a-C012-MT807-Ophel-F0983004-ang-E0009.205.1971                   1 3.96000E+01 5.23700E+01
a-C012-MT807-Ophel-F0983004-ang-E0009.206.1971                   1 2.59800E+01 5.23700E+01
a-C012-MT807-Ophel-F0983004-ang-E0009.216.1971                   1 2.59800E+01 1.09500E+02
a-C012-MT807-Ophel-F0983004-ang-E0009.242.1971                   1 9.00000E+01 1.09500E+02
a-C012-MT807-Ophel-F0983004-ang-E0009.247.1971                   1 9.00000E+01 1.40800E+02
a-C012-MT807-Ophel-F0983004-ang-E0009.250.1971                   1 1.40800E+02 1.49400E+02
a-C012-MT807-Ophel-F0983004-ang-E0009.250A001.1971               1 1.49400E+02 1.54000E+02
a-C012-MT807-Ophel-F0983004-ang-E0009.251.1971                   1 1.23800E+02 1.54000E+02
a-C012-MT807-Ophel-F0983004-ang-E0009.251A001.1971               1 1.22600E+02 1.23800E+02
a-C012-MT807-Ophel-F0983004-ang-E0009.253.1971                   1 3.96000E+01 1.22600E+02
a-C012-MT807-Ophel-F0983004-ang-E0009.256.1971                   1 3.96000E+01 5.23700E+01
a-C012-MT807-Ophel-F0983004-ang-E0009.257.1971                   1 5.23700E+01 5.74200E+01
a-C012-MT807-Ophel-F0983004-ang-E0009.258.1971                   1 5.74200E+01 7.08000E+01
a-C012-MT807-Ophel-F0983004-ang-E0009.259.1971                   1 2.59800E+01 7.08000E+01
a-C012-MT807-Ophel-F0983004-ang-E0009.268.1971                   1 2.59800E+01 1.23800E+02
a-C012-MT807-Ophel-F0983004-ang-E0009.297.1971                   1 9.00000E+01 1.23800E+02
a-C012-MT807-Ophel-F0983004-ang-E0009.298.1971                   1 9.00000E+01 1.09500E+02
a-C012-MT807-Ophel-F0983004-ang-E0009.299.1971                   1 1.09500E+02 1.40800E+02
a-C012-MT807-Ophel-F0983004-ang-E0009.301.1971                   1 1.40800E+02 1.49400E+02
a-C012-MT807-Ophel-F0983004-ang-E0009.302.1971                   1 1.49400E+02 1.54000E+02
a-C012-MT807-Ophel-F0983004-ang-E0009.303.1971                   1 5.74200E+01 1.54000E+02
a-C012-MT807-Ophel-F0983004-ang-E0009.304.1971                   1 5.74200E+01 1.22600E+02
a-C012-MT807-Ophel-F0983004-ang-E0009.304A001.1971               1 7.08000E+01 1.22600E+02
a-C012-MT807-Ophel-F0983004-ang-E0009.305.1971                   1 3.96000E+01 7.08000E+01
a-C012-MT807-Ophel-F0983004-ang-E0009.307.1971                   1 3.96000E+01 5.23700E+01
a-C012-MT807-Ophel-F0983004-ang-E0009.309.1971                   1 2.59800E+01 5.23700E+01
a-C012-MT807-Ophel-F0983004-ang-E0009.313.1971                   1 2.59800E+01 1.40800E+02
a-C012-MT807-Ophel-F0983004-ang-E0009.346.1971                   1 1.40800E+02 1.49400E+02
a-C012-MT807-Ophel-F0983004-ang-E0009.347.1971                   1 1.49400E+02 1.54000E+02
a-C012-MT807-Ophel-F0983004-ang-E0009.348.1971                   1 1.23800E+02 1.54000E+02
a-C012-MT807-Ophel-F0983004-ang-E0009.349.1971                   1 9.00000E+01 1.23800E+02
a-C012-MT807-Ophel-F0983004-ang-E0009.349A001.1971               1 9.00000E+01 1.22600E+02
a-C012-MT807-Ophel-F0983004-ang-E0009.350.1971                   1 1.09500E+02 1.22600E+02
a-C012-MT807-Ophel-F0983004-ang-E0009.351.1971                   1 3.96000E+01 1.09500E+02
a-C012-MT807-Ophel-F0983004-ang-E0009.353.1971                   1 3.96000E+01 5.74200E+01
a-C012-MT807-Ophel-F0983004-ang-E0009.355.1971                   1 5.74200E+01 7.08000E+01
a-C012-MT807-Ophel-F0983004-ang-E0009.356.1971                   1 5.23700E+01 7.08000E+01
a-C012-MT807-Ophel-F0983004-ang-E0009.360.1971                   1 2.59800E+01 5.23700E+01
a-C012-MT807-Ophel-F0983004-ang-E0009.365.1971                   1 2.59800E+01 1.49400E+02
a-C012-MT807-Ophel-F0983004-ang-E0009.393.1971                   1 1.09500E+02 1.49400E+02
a-C012-MT807-Ophel-F0983004-ang-E0009.396.1971                   1 9.00000E+01 1.09500E+02
a-C012-MT807-Ophel-F0983004-ang-E0009.400.1971                   2 9.00000E+01 1.54000E+02
a-C012-MT807-Ophel-F0983004-ang-E0009.400A001.1971               1 5.74200E+01 1.23800E+02
a-C012-MT807-Ophel-F0983004-ang-E0009.401.1971                   1 5.74200E+01 1.22600E+02
a-C012-MT807-Ophel-F0983004-ang-E0009.402.1971                   1 1.22600E+02 1.40800E+02
a-C012-MT807-Ophel-F0983004-ang-E0009.403.1971                   1 3.96000E+01 1.40800E+02
a-C012-MT807-Ophel-F0983004-ang-E0009.404.1971                   1 3.96000E+01 5.23700E+01
a-C012-MT807-Ophel-F0983004-ang-E0009.406.1971                   1 5.23700E+01 7.08000E+01
a-C012-MT807-Ophel-F0983004-ang-E0009.408.1971                   1 2.59800E+01 7.08000E+01
a-C012-MT807-Ophel-F0983004-ang-E0009.416.1971                   1 2.59800E+01 1.49400E+02
a-C012-MT807-Ophel-F0983004-ang-E0009.445.1971                   1 9.00000E+01 1.49400E+02
a-C012-MT807-Ophel-F0983004-ang-E0009.445A001.1971               1 9.00000E+01 1.09500E+02
a-C012-MT807-Ophel-F0983004-ang-E0009.448.1971                   1 1.09500E+02 1.40800E+02
a-C012-MT807-Ophel-F0983004-ang-E0009.449.1971                   1 1.40800E+02 1.54000E+02
a-C012-MT807-Ophel-F0983004-ang-E0009.451.1971                   1 1.23800E+02 1.54000E+02
a-C012-MT807-Ophel-F0983004-ang-E0009.451A001.1971               1 5.74200E+01 1.23800E+02
a-C012-MT807-Ophel-F0983004-ang-E0009.452.1971                   1 5.74200E+01 7.08000E+01
a-C012-MT807-Ophel-F0983004-ang-E0009.454.1971                   1 5.23700E+01 7.08000E+01
a-C012-MT807-Ophel-F0983004-ang-E0009.457.1971                   1 5.23700E+01 1.22600E+02
a-C012-MT807-Ophel-F0983004-ang-E0009.459.1971                   1 3.96000E+01 1.22600E+02
a-C012-MT807-Ophel-F0983004-ang-E0009.460.1971                   1 2.59800E+01 3.96000E+01
a-C012-MT807-Ophel-F0983004-ang-E0009.462.1971                   1 2.59800E+01 1.09500E+02
a-C012-MT807-Ophel-F0983004-ang-E0009.493.1971                   1 1.09500E+02 1.49400E+02
a-C012-MT807-Ophel-F0983004-ang-E0009.496.1971                   1 9.00000E+01 1.49400E+02
a-C012-MT807-Ophel-F0983004-ang-E0009.496A001.1971               1 9.00000E+01 1.23800E+02
a-C012-MT807-Ophel-F0983004-ang-E0009.497.1971                   1 1.23800E+02 1.40800E+02
a-C012-MT807-Ophel-F0983004-ang-E0009.500.1971                   1 1.40800E+02 1.54000E+02
a-C012-MT807-Ophel-F0983004-ang-E0009.503.1971                   1 5.23700E+01 1.54000E+02
a-C012-MT807-Ophel-F0983004-ang-E0009.503A001.1971               1 5.23700E+01 5.74200E+01
a-C012-MT807-Ophel-F0983004-ang-E0009.503A002.1971               1 5.74200E+01 1.22600E+02
a-C012-MT807-Ophel-F0983004-ang-E0009.505.1971                   1 7.08000E+01 1.22600E+02
a-C012-MT807-Ophel-F0983004-ang-E0009.505A001.1971               1 3.96000E+01 7.08000E+01
a-C012-MT807-Ophel-F0983004-ang-E0009.506.1971                   1 2.59800E+01 3.96000E+01
a-C012-MT807-Ophel-F0983004-ang-E0009.519.1971                   1 2.59800E+01 1.49400E+02
a-C012-MT807-Ophel-F0983004-ang-E0009.547.1971                   1 1.49400E+02 1.54000E+02
a-C012-MT807-Ophel-F0983004-ang-E0009.549.1971                   1 1.23800E+02 1.54000E+02
a-C012-MT807-Ophel-F0983004-ang-E0009.549A001.1971               1 1.09500E+02 1.23800E+02
a-C012-MT807-Ophel-F0983004-ang-E0009.551.1971                   1 1.09500E+02 1.40800E+02
a-C012-MT807-Ophel-F0983004-ang-E0009.551A001.1971               1 7.08000E+01 1.40800E+02
a-C012-MT807-Ophel-F0983004-ang-E0009.551A002.1971               1 3.96000E+01 7.08000E+01
a-C012-MT807-Ophel-F0983004-ang-E0009.551A003.1971               1 3.96000E+01 9.00000E+01
a-C012-MT807-Ophel-F0983004-ang-E0009.553.1971                   1 5.23700E+01 9.00000E+01
a-C012-MT807-Ophel-F0983004-ang-E0009.554.1971                   1 5.23700E+01 5.74200E+01
a-C012-MT807-Ophel-F0983004-ang-E0009.555.1971                   1 5.74200E+01 1.22600E+02
a-C012-MT807-Ophel-F0983004-ang-E0009.557.1971                   1 2.59800E+01 1.22600E+02
a-C012-MT807-Ophel-F0983004-ang-E0009.565.1971                   1 2.59800E+01 1.40800E+02
a-C012-MT807-Ophel-F0983004-ang-E0009.596.1971                   1 1.09500E+02 1.40800E+02
a-C012-MT807-Ophel-F0983004-ang-E0009.596A001.1971               1 1.09500E+02 1.49400E+02
a-C012-MT807-Ophel-F0983004-ang-E0009.599.1971                   1 9.00000E+01 1.49400E+02
a-C012-MT807-Ophel-F0983004-ang-E0009.599A001.1971               1 9.00000E+01 1.54000E+02
a-C012-MT807-Ophel-F0983004-ang-E0009.600.1971                   1 1.22600E+02 1.54000E+02
a-C012-MT807-Ophel-F0983004-ang-E0009.602.1971                   1 3.96000E+01 1.22600E+02
a-C012-MT807-Ophel-F0983004-ang-E0009.602A001.1971               1 3.96000E+01 5.23700E+01
a-C012-MT807-Ophel-F0983004-ang-E0009.606.1971                   2 5.23700E+01 1.23800E+02
a-C012-MT807-Ophel-F0983004-ang-E0009.606A001.1971               1 5.74200E+01 7.08000E+01
a-C012-MT807-Ophel-F0983004-ang-E0009.609.1971                   1 2.59800E+01 7.08000E+01
a-C012-MT807-Ophel-F0983004-ang-E0009.617.1971                   1 2.59800E+01 1.49400E+02
a-C012-MT807-Ophel-F0983004-ang-E0009.638.1971                   1 1.09500E+02 1.49400E+02
a-C012-MT807-Ophel-F0983004-ang-E0009.642.1971                   1 1.09500E+02 1.40800E+02
a-C012-MT807-Ophel-F0983004-ang-E0009.647.1971                   1 1.22600E+02 1.40800E+02
a-C012-MT807-Ophel-F0983004-ang-E0009.648.1971                   1 7.08000E+01 1.22600E+02
a-C012-MT807-Ophel-F0983004-ang-E0009.649.1971                   1 7.08000E+01 9.00000E+01
a-C012-MT807-Ophel-F0983004-ang-E0009.650.1971                   1 9.00000E+01 1.54000E+02
a-C012-MT807-Ophel-F0983004-ang-E0009.651.1971                   1 5.23700E+01 1.54000E+02
a-C012-MT807-Ophel-F0983004-ang-E0009.651A001.1971               2 5.23700E+01 1.23800E+02
a-C012-MT807-Ophel-F0983004-ang-E0009.652.1971                   1 3.96000E+01 5.74200E+01
a-C012-MT807-Ophel-F0983004-ang-E0009.654.1971                   1 2.59800E+01 3.96000E+01
a-C012-MT807-Ophel-F0983004-ang-E0009.663.1971                   1 2.59800E+01 1.09500E+02
a-C012-MT807-Ophel-F0983004-ang-E0009.693.1971                   1 9.00000E+01 1.09500E+02
a-C012-MT807-Ophel-F0983004-ang-E0009.695.1971                   1 9.00000E+01 1.54000E+02
a-C012-MT807-Ophel-F0983004-ang-E0009.697.1971                   1 1.40800E+02 1.54000E+02
a-C012-MT807-Ophel-F0983004-ang-E0009.698.1971                   1 1.22600E+02 1.40800E+02
a-C012-MT807-Ophel-F0983004-ang-E0009.700.1971                   1 7.08000E+01 1.22600E+02
a-C012-MT807-Ophel-F0983004-ang-E0009.701.1971                   1 7.08000E+01 1.49400E+02
a-C012-MT807-Ophel-F0983004-ang-E0009.701A001.1971               1 5.23700E+01 1.49400E+02
a-C012-MT807-Ophel-F0983004-ang-E0009.703.1971                   1 5.23700E+01 5.74200E+01
a-C012-MT807-Ophel-F0983004-ang-E0009.703A001.1971               1 3.96000E+01 5.74200E+01
a-C012-MT807-Ophel-F0983004-ang-E0009.705.1971                   1 3.96000E+01 1.23800E+02
a-C012-MT807-Ophel-F0983004-ang-E0009.709.1971                   1 2.59800E+01 1.23800E+02
a-C012-MT807-Ophel-F0983004-ang-E0009.726.1971                   1 2.59800E+01 1.54000E+02
a-C012-MT807-Ophel-F0983004-ang-E0009.743.1971                   1 1.40800E+02 1.54000E+02
a-C012-MT807-Ophel-F0983004-ang-E0009.744.1971                   1 1.09500E+02 1.40800E+02
a-C012-MT807-Ophel-F0983004-ang-E0009.745.1971                   1 9.00000E+01 1.09500E+02
a-C012-MT807-Ophel-F0983004-ang-E0009.746.1971                   1 7.08000E+01 9.00000E+01
a-C012-MT807-Ophel-F0983004-ang-E0009.747.1971                   1 7.08000E+01 1.23800E+02
a-C012-MT807-Ophel-F0983004-ang-E0009.749.1971                   1 3.96000E+01 1.23800E+02
a-C012-MT807-Ophel-F0983004-ang-E0009.750.1971                   1 3.96000E+01 1.22600E+02
a-C012-MT807-Ophel-F0983004-ang-E0009.751.1971                   1 1.22600E+02 1.49400E+02
a-C012-MT807-Ophel-F0983004-ang-E0009.752.1971                   1 5.23700E+01 1.49400E+02
a-C012-MT807-Ophel-F0983004-ang-E0009.754.1971                   1 5.23700E+01 5.74200E+01
a-C012-MT807-Ophel-F0983004-ang-E0009.760.1971                   1 2.59800E+01 5.74200E+01
a-C012-MT807-Ophel-F0983004-ang-E0009.771.1971                   1 2.59800E+01 1.54000E+02
a-C012-MT807-Ophel-F0983004-ang-E0009.794.1971                   1 1.40800E+02 1.54000E+02
a-C012-MT807-Ophel-F0983004-ang-E0009.795.1971                   1 1.09500E+02 1.40800E+02
a-C012-MT807-Ophel-F0983004-ang-E0009.796.1971                   1 9.00000E+01 1.09500E+02
a-C012-MT807-Ophel-F0983004-ang-E0009.797.1971                   1 9.00000E+01 1.49400E+02
a-C012-MT807-Ophel-F0983004-ang-E0009.798.1971                   1 7.08000E+01 1.49400E+02
a-C012-MT807-Ophel-F0983004-ang-E0009.798A001.1971               1 5.23700E+01 7.08000E+01
a-C012-MT807-Ophel-F0983004-ang-E0009.800.1971                   2 3.96000E+01 1.23800E+02
a-C012-MT807-Ophel-F0983004-ang-E0009.801.1971                   1 3.96000E+01 1.22600E+02
a-C012-MT807-Ophel-F0983004-ang-E0009.803.1971                   1 5.74200E+01 1.22600E+02
a-C012-MT807-Ophel-F0983004-ang-E0009.811.1971                   1 2.59800E+01 5.74200E+01
a-C012-MT807-Ophel-F0983004-ang-E0009.817.1971                   1 2.59800E+01 9.00000E+01
a-C012-MT807-Ophel-F0983004-ang-E0009.843.1971                   1 7.08000E+01 9.00000E+01
a-C012-MT807-Ophel-F0983004-ang-E0009.844.1971                   1 5.23700E+01 7.08000E+01
a-C012-MT807-Ophel-F0983004-ang-E0009.846.1971                   1 5.23700E+01 1.40800E+02
a-C012-MT807-Ophel-F0983004-ang-E0009.846A001.1971               1 1.09500E+02 1.40800E+02
a-C012-MT807-Ophel-F0983004-ang-E0009.847.1971                   1 1.09500E+02 1.49400E+02
a-C012-MT807-Ophel-F0983004-ang-E0009.849.1971                   1 1.22600E+02 1.49400E+02
a-C012-MT807-Ophel-F0983004-ang-E0009.849A001.1971               1 1.22600E+02 1.54000E+02
a-C012-MT807-Ophel-F0983004-ang-E0009.851.1971                   1 1.23800E+02 1.54000E+02
a-C012-MT807-Ophel-F0983004-ang-E0009.851A001.1971               1 3.96000E+01 1.23800E+02
a-C012-MT807-Ophel-F0983004-ang-E0009.852.1971                   1 3.96000E+01 5.74200E+01
a-C012-MT807-Ophel-F0983004-ang-E0009.862.1971                   1 2.59800E+01 5.74200E+01
a-C012-MT807-Ophel-F0983004-ang-E0009.868.1971                   1 2.59800E+01 1.49400E+02
a-C012-MT807-Ophel-F0983004-ang-E0009.894.1971                   1 9.00000E+01 1.49400E+02
a-C012-MT807-Ophel-F0983004-ang-E0009.894A001.1971               1 7.08000E+01 9.00000E+01
a-C012-MT807-Ophel-F0983004-ang-E0009.896.1971                   1 7.08000E+01 1.40800E+02
a-C012-MT807-Ophel-F0983004-ang-E0009.897.1971                   1 1.09500E+02 1.40800E+02
a-C012-MT807-Ophel-F0983004-ang-E0009.899.1971                   1 1.09500E+02 1.22600E+02
a-C012-MT807-Ophel-F0983004-ang-E0009.900.1971                   1 5.74200E+01 1.22600E+02
a-C012-MT807-Ophel-F0983004-ang-E0009.902.1971                   1 5.74200E+01 1.54000E+02
a-C012-MT807-Ophel-F0983004-ang-E0009.902A001.1971               1 5.23700E+01 1.54000E+02
a-C012-MT807-Ophel-F0983004-ang-E0009.903.1971                   2 3.96000E+01 1.23800E+02
a-C012-MT807-Ophel-F0983004-ang-E0009.909.1971                   1 2.59800E+01 3.96000E+01
a-C012-MT807-Ophel-F0983004-ang-E0009.920.1971                   1 2.59800E+01 1.40800E+02
a-C012-MT807-Ophel-F0983004-ang-E0009.943.1971                   1 9.00000E+01 1.40800E+02
a-C012-MT807-Ophel-F0983004-ang-E0009.946.1971                   2 9.00000E+01 1.49400E+02
a-C012-MT807-Ophel-F0983004-ang-E0009.946A001.1971               1 7.08000E+01 1.22600E+02
a-C012-MT807-Ophel-F0983004-ang-E0009.947.1971                   1 7.08000E+01 1.54000E+02
a-C012-MT807-Ophel-F0983004-ang-E0009.948.1971                   1 1.23800E+02 1.54000E+02
a-C012-MT807-Ophel-F0983004-ang-E0009.949.1971                   1 1.09500E+02 1.23800E+02
a-C012-MT807-Ophel-F0983004-ang-E0009.950.1971                   1 3.96000E+01 1.09500E+02
a-C012-MT807-Ophel-F0983004-ang-E0009.954.1971                   1 3.96000E+01 5.23700E+01
a-C012-MT807-Ophel-F0983004-ang-E0009.954A001.1971               1 5.23700E+01 5.74200E+01
a-C012-MT807-Ophel-F0983004-ang-E0009.959.1971                   1 2.59800E+01 5.74200E+01
a-C012-MT807-Ophel-F0983004-ang-E0009.971.1971                   1 2.59800E+01 9.00000E+01
a-C012-MT807-Ophel-F0983004-ang-E0009.991.1971                   1 9.00000E+01 1.49400E+02
a-C012-MT807-Ophel-F0983004-ang-E0009.991A001.1971               1 1.09500E+02 1.49400E+02
a-C012-MT807-Ophel-F0983004-ang-E0009.995.1971                   1 1.09500E+02 1.54000E+02
a-C012-MT807-Ophel-F0983004-ang-E0009.999.1971                   1 3.96000E+01 1.54000E+02
a-C012-MT807-Ophel-F0983004-ang-E0009.999A001.1971               1 3.96000E+01 1.40800E+02
a-C012-MT807-Ophel-F0983004-ang-E0010.000.1971                   2 5.23700E+01 1.23800E+02
a-C012-MT807-Ophel-F0983004-ang-E0010.004.1971                   3 2.59800E+01 1.22600E+02
a-C012-MT807-Ophel-F0983004-ang-E0010.017.1971                   1 2.59800E+01 1.09500E+02
a-C012-MT807-Ophel-F0983004-ang-E0010.041.1971                   1 9.00000E+01 1.09500E+02
a-C012-MT807-Ophel-F0983004-ang-E0010.042.1971                   1 7.08000E+01 9.00000E+01
a-C012-MT807-Ophel-F0983004-ang-E0010.044.1971                   1 7.08000E+01 1.49400E+02
a-C012-MT807-Ophel-F0983004-ang-E0010.048.1971                   1 3.96000E+01 1.49400E+02
a-C012-MT807-Ophel-F0983004-ang-E0010.050.1971                   1 3.96000E+01 5.23700E+01
a-C012-MT807-Ophel-F0983004-ang-E0010.051.1971                   3 5.23700E+01 1.54000E+02
a-C012-MT807-Ophel-F0983004-ang-E0010.057.1971                   1 1.22600E+02 1.40800E+02
a-C012-MT807-Ophel-F0983004-ang-E0010.061.1971                   1 5.74200E+01 1.22600E+02
a-C012-MT807-Ophel-F0983004-ang-E0010.062.1971                   1 2.59800E+01 5.74200E+01
a-C012-MT807-Ophel-F0983004-ang-E0010.063.1971                   1 2.59800E+01 9.00000E+01
a-C012-MT807-Ophel-F0983004-ang-E0010.093.1971                   1 9.00000E+01 1.23800E+02
a-C012-MT807-Ophel-F0983004-ang-E0010.097.1971                   1 1.09500E+02 1.23800E+02
a-C012-MT807-Ophel-F0983004-ang-E0010.098.1971                   1 1.09500E+02 1.49400E+02
a-C012-MT807-Ophel-F0983004-ang-E0010.100.1971                   1 7.08000E+01 1.49400E+02
a-C012-MT807-Ophel-F0983004-ang-E0010.101.1971                   2 7.08000E+01 1.40800E+02
a-C012-MT807-Ophel-F0983004-ang-E0010.102.1971                   1 5.23700E+01 1.40800E+02
a-C012-MT807-Ophel-F0983004-ang-E0010.103.1971                   1 3.96000E+01 5.23700E+01
a-C012-MT807-Ophel-F0983004-ang-E0010.107.1971                   2 3.96000E+01 1.54000E+02
a-C012-MT807-Ophel-F0983004-ang-E0010.108.1971                   1 2.59800E+01 1.54000E+02
a-C012-MT807-Ophel-F0983004-ang-E0010.114.1971                   1 2.59800E+01 1.49400E+02
a-C012-MT807-Ophel-F0983004-ang-E0010.141.1971                   1 1.09500E+02 1.49400E+02
a-C012-MT807-Ophel-F0983004-ang-E0010.144.1971                   1 1.09500E+02 1.54000E+02
a-C012-MT807-Ophel-F0983004-ang-E0010.148.1971                   1 1.23800E+02 1.54000E+02
a-C012-MT807-Ophel-F0983004-ang-E0010.149.1971                   1 9.00000E+01 1.23800E+02
a-C012-MT807-Ophel-F0983004-ang-E0010.150.1971                   1 7.08000E+01 9.00000E+01
a-C012-MT807-Ophel-F0983004-ang-E0010.152.1971                   2 5.23700E+01 1.22600E+02
a-C012-MT807-Ophel-F0983004-ang-E0010.154.1971                   2 3.96000E+01 5.74200E+01
a-C012-MT807-Ophel-F0983004-ang-E0010.158.1971                   1 3.96000E+01 1.40800E+02
a-C012-MT807-Ophel-F0983004-ang-E0010.159.1971                   1 2.59800E+01 1.40800E+02
a-C012-MT807-Ophel-F0983004-ang-E0010.166.1971                   1 2.59800E+01 9.00000E+01
a-C012-MT807-Ophel-F0983004-ang-E0010.190.1971                   1 9.00000E+01 1.40800E+02
a-C012-MT807-Ophel-F0983004-ang-E0010.193.1971                   2 1.09500E+02 1.49400E+02
a-C012-MT807-Ophel-F0983004-ang-E0010.196.1971                   1 5.74200E+01 1.09500E+02
a-C012-MT807-Ophel-F0983004-ang-E0010.200.1971                   3 5.23700E+01 1.54000E+02
a-C012-MT807-Ophel-F0983004-ang-E0010.206.1971                   1 3.96000E+01 5.23700E+01
a-C012-MT807-Ophel-F0983004-ang-E0010.209.1971                   3 2.59800E+01 1.22600E+02
a-C012-MT807-Ophel-F0983004-ang-E0010.212.1971                   1 2.59800E+01 5.74200E+01
a-C012-MT807-Ophel-F0983004-ang-E0010.222.1971                   1 5.74200E+01 9.00000E+01
a-C012-MT807-Ophel-F0983004-ang-E0010.241.1971                   1 9.00000E+01 1.40800E+02
a-C012-MT807-Ophel-F0983004-ang-E0010.244.1971                   1 1.23800E+02 1.40800E+02
a-C012-MT807-Ophel-F0983004-ang-E0010.246.1971                   1 1.09500E+02 1.23800E+02
a-C012-MT807-Ophel-F0983004-ang-E0010.247.1971                   1 3.96000E+01 1.09500E+02
a-C012-MT807-Ophel-F0983004-ang-E0010.249.1971                   2 3.96000E+01 1.49400E+02
a-C012-MT807-Ophel-F0983004-ang-E0010.250.1971                   1 5.23700E+01 1.49400E+02
a-C012-MT807-Ophel-F0983004-ang-E0010.251.1971                   2 5.23700E+01 1.54000E+02
a-C012-MT807-Ophel-F0983004-ang-E0010.255.1971                   1 5.74200E+01 1.22600E+02
a-C012-MT807-Ophel-F0983004-ang-E0010.256.1971                   1 2.59800E+01 5.74200E+01
a-C012-MT807-Ophel-F0983004-ang-E0010.263.1971                   1 2.59800E+01 9.00000E+01
a-C012-MT807-Ophel-F0983004-ang-E0010.292.1971                   1 9.00000E+01 1.40800E+02
a-C012-MT807-Ophel-F0983004-ang-E0010.295.1971                   1 1.09500E+02 1.40800E+02
a-C012-MT807-Ophel-F0983004-ang-E0010.299.1971                   1 3.96000E+01 1.09500E+02
a-C012-MT807-Ophel-F0983004-ang-E0010.300.1971                   2 3.96000E+01 1.22600E+02
a-C012-MT807-Ophel-F0983004-ang-E0010.301.1971                   2 1.22600E+02 1.54000E+02
a-C012-MT807-Ophel-F0983004-ang-E0010.302.1971                   1 1.23800E+02 1.54000E+02
a-C012-MT807-Ophel-F0983004-ang-E0010.303.1971                   1 5.74200E+01 1.23800E+02
a-C012-MT807-Ophel-F0983004-ang-E0010.307.1971                   1 5.23700E+01 5.74200E+01
a-C012-MT807-Ophel-F0983004-ang-E0010.309.1971                   1 2.59800E+01 5.23700E+01
a-C012-MT807-Ophel-F0983004-ang-E0010.320.1971                   1 2.59800E+01 1.54000E+02
a-C012-MT807-Ophel-F0983004-ang-E0010.348.1971                   1 9.00000E+01 1.54000E+02
a-C012-MT807-Ophel-F0983004-ang-E0010.349.1971                   2 9.00000E+01 1.23800E+02
a-C012-MT807-Ophel-F0983004-ang-E0010.350.1971                   1 3.96000E+01 1.09500E+02
a-C012-MT807-Ophel-F0983004-ang-E0010.351.1971                   1 3.96000E+01 7.08000E+01
a-C012-MT807-Ophel-F0983004-ang-E0010.352.1971                   4 5.23700E+01 1.49400E+02
a-C012-MT807-Ophel-F0983004-ang-E0010.354.1971                   1 5.23700E+01 5.74200E+01
a-C012-MT807-Ophel-F0983004-ang-E0010.359.1971                   1 2.59800E+01 5.74200E+01
a-C012-MT807-Ophel-F0983004-ang-E0010.371.1971                   1 2.59800E+01 1.09500E+02
a-C012-MT807-Ophel-F0983004-ang-E0010.396.1971                   1 1.09500E+02 1.40800E+02
a-C012-MT807-Ophel-F0983004-ang-E0010.398.1971                   1 1.40800E+02 1.54000E+02
a-C012-MT807-Ophel-F0983004-ang-E0010.399.1971                   1 5.23700E+01 1.54000E+02
a-C012-MT807-Ophel-F0983004-ang-E0010.400.1971                   3 3.96000E+01 1.23800E+02
a-C012-MT807-Ophel-F0983004-ang-E0010.403.1971                   3 3.96000E+01 1.49400E+02
a-C012-MT807-Ophel-F0983004-ang-E0010.404.1971                   1 2.59800E+01 1.49400E+02
a-C012-MT807-Ophel-F0983004-ang-E0010.428.1971                   1 2.59800E+01 5.23700E+01
a-C012-MT807-Ophel-F0983004-ang-E0010.446.1971                   1 5.23700E+01 1.09500E+02
a-C012-MT807-Ophel-F0983004-ang-E0010.447.1971                   1 1.09500E+02 1.22600E+02
a-C012-MT807-Ophel-F0983004-ang-E0010.449.1971                   2 1.22600E+02 1.49400E+02
a-C012-MT807-Ophel-F0983004-ang-E0010.450.1971                   1 1.23800E+02 1.49400E+02
a-C012-MT807-Ophel-F0983004-ang-E0010.451.1971                   2 3.96000E+01 1.54000E+02
a-C012-MT807-Ophel-F0983004-ang-E0010.459.1971                   1 3.96000E+01 1.09500E+02
a-C012-MT807-Ophel-F0983004-ang-E0010.493.1971                   1 1.09500E+02 1.40800E+02
a-C012-MT807-Ophel-F0983004-ang-E0010.500.1971                   1 5.23700E+01 1.40800E+02
a-C012-MT807-Ophel-F0983004-ang-E0010.503.1971                   2 3.96000E+01 1.23800E+02
a-C012-MT807-Ophel-F0983004-ang-E0010.505.1971                   1 3.96000E+01 1.49400E+02
a-C012-MT807-Ophel-F0983004-ang-E0010.507.1971                   1 1.09500E+02 1.49400E+02
a-C012-MT807-Ophel-F0983004-ang-E0010.545.1971                   1 1.09500E+02 1.23800E+02
a-C012-MT807-Ophel-F0983004-ang-E0010.549.1971                   1 1.23800E+02 1.49400E+02
a-C012-MT807-Ophel-F0983004-ang-E0010.552.1971                   1 1.09500E+02 1.49400E+02
a-C012-MT807-Ophel-F0983004-ang-E0010.596.1971                   1 1.09500E+02 1.49400E+02
a-C012-MT807-Ophel-F0983004-ang-E0010.604.1971                   1 1.23800E+02 1.49400E+02
a-C012-MT807-Ophel-F0983004-ang-E0010.606.1971                   1 1.09500E+02 1.23800E+02
a-C012-MT807-Ophel-F0983004-ang-E0010.642.1971                   1 1.09500E+02 1.23800E+02
a-C012-MT807-Ophel-F0983004-ang-E0010.651.1971                   1 1.23800E+02 1.49400E+02
a-C012-MT807-Ophel-F0983004-ang-E0010.655.1971                   1 1.09500E+02 1.49400E+02
a-C012-MT807-Ophel-F0983004-ang-E0010.699.1971                   2 1.09500E+02 1.23800E+02
