#              Filename                                         N    min         max
n-Ar040-MT151-Liou-104100021.1975                                6 7.62000E-02 3.90600E-01
n-Ar040-MT151-Liou-104100021A001.1975                            6 7.62000E-02 3.90600E-01
n-Ar040-MT151-Liou-104100022.1975                                6 7.62000E-02 3.90600E-01
n-Ar040-MT151-Liou-104100022A001.1975                            6 7.62000E-02 3.90600E-01
n-Ar040-MT151-Liou-104100023.1975                                6 7.62000E-02 3.90600E-01
n-Ar040-MT151-Liou-104100023A001.1975                            6 7.62000E-02 3.90600E-01
n-Ar040-MT151-Liou-104100031.1975                               18 1.11700E-02 5.69300E-01
n-Ar040-MT151-Liou-104100031A001.1975                           18 1.11700E-02 5.69300E-01
n-Ar040-MT151-Liou-104100032.1975                               18 1.11700E-02 5.69300E-01
n-Ar040-MT151-Liou-104100032A001.1975                           18 1.11700E-02 5.69300E-01
n-Ar040-MT151-Liou-104100033.1975                                3 1.15700E-01 4.69300E-01
n-Ar040-MT151-Liou-104100033A001.1975                            3 1.15700E-01 4.69300E-01
n-Ar040-MT151-Liou-104100034.1975                               18 1.11700E-02 5.69300E-01
n-Ar040-MT151-Liou-104100034A001.1975                           18 1.11700E-02 5.69300E-01
n-Ar040-MT151-Liou-104100041.1975                                2 2.90235E-01 3.36100E-01
n-Ar040-MT151-Liou-104100041A001.1975                            2 2.90235E-01 3.36100E-01
n-Ar040-MT151-Liou-104100042.1975                                2 2.90235E-01 3.36100E-01
n-Ar040-MT151-Liou-104100042A001.1975                            2 2.90235E-01 3.36100E-01
n-Ar040-MT151-Liou-104100043.1975                                2 2.90235E-01 3.36100E-01
n-Ar040-MT151-Liou-104100043A001.1975                            2 2.90235E-01 3.36100E-01
n-Ar040-MT151-Macklin-131400021.1989                            13 1.11810E-02 1.49880E-01
n-Ar040-MT151-Macklin-131400023.1989                            12 1.11810E-02 1.49880E-01
n-Ar040-MT151-Seibeljr-126830041.1969                           24 7.70000E-02 6.28000E-01
n-Ar040-MT151-Seibeljr-126830042.1969                            7 7.70000E-02 5.96000E-01
n-Ar040-MT151-Seibeljr-126830043.1969                           18 7.70000E-02 6.28000E-01
n-Ar040-MT151-Seibeljr-126830044.1969                           24 7.70000E-02 6.28000E-01
n-Ar040-MT151-Seibeljr-126830045.1969                            6 1.73000E-01 5.96000E-01
n-Ar040-MT151-Winters-135010041.1991                           206 1.11810E-02 1.51795E+00
n-Ar040-MT151-Winters-135010042.1991                           134 1.11810E-02 1.51795E+00
n-Ar040-MT151-Winters-135010044.1991                           206 1.11810E-02 1.51795E+00
n-Ar040-MT151-Winters-135010051.1991                             3 7.63500E-01 7.63500E-01
n-Ar040-MT151-Winters-135010052.1991                             2 7.63500E-01 7.63500E-01
n-Ar040-MT151-Winters-13501006.1991                              2 7.63500E-01 7.63500E-01
