#              Filename                                         N    min         max
p-Ti046-MT601-Antropov-F0923003-ang-E0005.177.1976               1 9.00000E+01 9.60000E+01
p-Ti046-MT601-Antropov-F0923003-ang-E0005.180.1976               1 8.16000E+01 9.00000E+01
p-Ti046-MT601-Antropov-F0923003-ang-E0005.247.1976               1 8.16000E+01 9.00000E+01
p-Ti046-MT601-Antropov-F0923003-ang-E0005.248.1976               1 9.00000E+01 9.60000E+01
p-Ti046-MT601-Antropov-F0923003-ang-E0005.250.1976               1 9.00000E+01 9.60000E+01
p-Ti046-MT601-Antropov-F0923003-ang-E0005.327.1976               1 9.00000E+01 9.60000E+01
p-Ti046-MT601-Antropov-F0923003-ang-E0005.329.1976               1 8.16000E+01 9.60000E+01
p-Ti046-MT601-Antropov-F0923003-ang-E0005.333.1976               1 8.16000E+01 9.00000E+01
p-Ti046-MT601-Antropov-F0923003-ang-E0005.387.1976               1 8.16000E+01 9.00000E+01
p-Ti046-MT601-Antropov-F0923003-ang-E0005.390.1976               1 8.16000E+01 9.60000E+01
p-Ti046-MT601-Antropov-F0923003-ang-E0005.390A001.1976           1 9.60000E+01 9.60000E+01
p-Ti046-MT601-Antropov-F0936005-ang-E0006.000.1976              89 2.54000E+01 1.67800E+02
p-Ti046-MT601-Antropov-F0936008-ang-E0006.000.1976              18 3.20000E+01 1.66000E+02
p-Ti046-MT601-Antropov-F0936009-ang-E0006.000.1976              17 3.22000E+01 1.66300E+02
p-Ti046-MT601-Fujiwara-E1131004-ang-E0065.000.1987              13 1.30000E+01 5.00000E+01
p-Ti046-MT601-Krivonosov-F0920002-ang-E0001.755.1976             7 5.60000E+01 5.60000E+01
p-Ti046-MT601-Rao-O1105003-ang-E0035.000.1991                   31 2.33000E+01 1.03500E+02
p-Ti046-MT601-Rao-O1120003-ang-E0045.000.1994                   40 1.04000E+01 1.38400E+02
p-Ti046-MT601-Rao-O1120003-ang-E0050.000.1994                   24 1.04000E+01 9.39000E+01
p-Ti046-MT601-Woo-C1261006-ang-E0100.000.1984                   53 9.49999E+00 1.03800E+02
