#              Filename                                         N    min         max
n-Cd112-MT151-Asami-213260051.1968                               2 6.67000E-05 8.32000E-05
n-Cd112-MT151-Asami-213260052.1968                               1 6.67000E-05 6.67000E-05
n-Cd112-MT151-Hayakawa-237430022.2021                           14 6.68000E-05 4.10800E-03
n-Cd112-MT151-Jackson-11992007.1961                              3 6.78000E-05 2.26800E-04
n-Cd112-MT151-Julien-206870231.1969                              2 6.67000E-05 8.33000E-05
n-Cd112-MT151-Julien-206870232.1969                              2 6.67000E-05 8.33000E-05
n-Cd112-MT151-Julien-206870233.1969                              1 6.67000E-05 6.67000E-05
n-Cd112-MT151-Julien-206870234.1969                              1 6.67000E-05 6.67000E-05
n-Cd112-MT151-Julien-206870235.1969                              1 6.67000E-05 6.67000E-05
n-Cd112-MT151-Julien-206870236.1969                              1 6.67000E-05 6.67000E-05
n-Cd112-MT151-Liou-105270051.1974                               98 6.67700E-05 1.14550E-02
n-Cd112-MT151-Liou-105270051A001.1974                           98 6.67700E-05 1.14550E-02
n-Cd112-MT151-Liou-105270052.1974                               98 6.67700E-05 1.14550E-02
n-Cd112-MT151-Liou-105270052A001.1974                           98 6.67700E-05 1.14550E-02
n-Cd112-MT151-Liou-10527016.1974                                 1 5.76088E-03 5.76088E-03
n-Cd112-MT151-Liou-10527016A001.1974                             1 5.76088E-03 5.76088E-03
n-Cd112-MT151-Liou-10527017.1974                                 1 5.76088E-03 5.76088E-03
n-Cd112-MT151-Liou-10527017A001.1974                             1 5.76088E-03 5.76088E-03
n-Cd112-MT151-Liou-10527018.1974                                 2 3.47853E-03 5.76088E-03
n-Cd112-MT151-Liou-10527018A001.1974                             2 3.47853E-03 5.76088E-03
n-Cd112-MT151-Popov-40934027.1985                                1 1.25900E-04 1.25900E-04
n-Cd112-MT151-Popov-40934064.1985                                2 1.27400E-04 1.27400E-04
n-Cd112-MT151-Priestmeyer-226010051.1977                         3 6.65000E-05 4.41000E-04
n-Cd112-MT151-Priestmeyer-226010052.1977                         3 6.65000E-05 4.41000E-04
n-Cd112-MT151-Priestmeyer-226010053.1977                         1 6.65000E-05 6.65000E-05
n-Cd112-MT151-Schwartz-121520091.1956                            1 6.70000E-05 6.70000E-05
n-Cd112-MT151-Schwartz-121520092.1956                            1 6.70000E-05 6.70000E-05
n-Cd112-MT151-Schwartz-121520093.1956                            1 6.70000E-05 6.70000E-05
n-Cd112-MT151-Shchepkin-40129003.1972                           38 6.69100E-05 3.97500E-03
n-Cd112-MT151-Shchepkin-40129005.1972                            2 1.54345E-03 1.55121E-03
n-Cd112-MT151-Shchepkin-40129006.1972                            1 1.54345E-03 1.54345E-03
n-Cd112-MT151-Shchepkin-40129008.1972                            4 1.54345E-03 1.54345E-03
n-Cd112-MT151-Shchepkin-401290091.1972                          29 6.69100E-05 3.01300E-03
n-Cd112-MT151-Shchepkin-401290092.1972                          29 6.69100E-05 3.01300E-03
n-Cd112-MT151-Shchepkin-401290093.1972                          12 6.69100E-05 2.75100E-03
n-Cd112-MT151-Shchepkin-401290094.1972                          29 6.69100E-05 3.01300E-03
n-Cd112-MT151-Shchepkin-412680041.1966                           8 6.67000E-05 1.45000E-03
n-Cd112-MT151-Shchepkin-412680042.1966                           7 6.67000E-05 1.12500E-03
n-Cd112-MT151-Shchepkin-412680043.1966                           7 6.67000E-05 1.12500E-03
n-Cd112-MT151-Shchepkin-41268010.1966                            1 7.58350E-04 7.58350E-04
n-Cd112-MT151-Simpson-119680051.1957                             1 6.68000E-05 6.68000E-05
n-Cd112-MT151-Simpson-119680052.1957                             1 6.68000E-05 6.68000E-05
n-Cd112-MT151-Simpson-119680053.1957                             1 6.68000E-05 6.68000E-05
n-Cd112-MT151-Simpson-119680054.1957                             1 6.68000E-05 6.68000E-05
n-Cd112-MT151-Volev-231960301.2013                              17 6.67800E-05 5.57837E-03
n-Cd112-MT151-Volev-231960302.2013                              17 6.67800E-05 5.57837E-03
n-Cd112-MT151-Volev-231960303.2013                               7 6.67800E-05 4.56132E-03
n-Cd112-MT151-Volev-231960304.2013                               9 6.67800E-05 4.56132E-03
n-Cd112-MT151-Wisshak-234870031.2003                            77 2.81300E-03 1.00400E-02
n-Cd112-MT151-ZoInOkkk-413870081.1984                            1 2.00500E-01 2.00500E-01
n-Cd112-MT151-ZoInOkkk-413870082.1984                            1 2.00500E-01 2.00500E-01
n-Cd112-MT151-ZoInOkkk-413870091.1984                            2 2.00500E-01 2.00500E-01
n-Cd112-MT151-ZoInOkkk-413870092.1984                            2 2.00500E-01 2.00500E-01
