#              Filename                                         N    min         max
d-F019-MT800-Dieumegard-D0134006-E0000.711.1980                209 1.50000E+02 1.50000E+02
d-F019-MT800-Elbehay-D0071002-E0000.998.1965                     1 3.00000E+01 1.50000E+02
d-F019-MT800-Elbehay-D0071002-E0000.999.1965                     1 3.00000E+01 1.50000E+02
d-F019-MT800-Elbehay-D0071002-E0001.021.1965                     1 3.00000E+01 1.50000E+02
d-F019-MT800-Elbehay-D0071002-E0001.024.1965                     1 3.00000E+01 1.50000E+02
d-F019-MT800-Elbehay-D0071002-E0001.048.1965                     1 3.00000E+01 1.50000E+02
d-F019-MT800-Elbehay-D0071002-E0001.049.1965                     1 1.50000E+02 1.50000E+02
d-F019-MT800-Elbehay-D0071004-E0001.100.1965                    11 2.00890E+01 1.50440E+02
d-F019-MT800-Elbehay-D0071004-E0001.250.1965                    11 1.96090E+01 1.50700E+02
d-F019-MT800-Elbehay-D0071004-E0001.350.1965                    11 1.96090E+01 1.49810E+02
d-F019-MT800-Elbehay-D0071004-E0001.400.1965                    13 2.02490E+01 1.59610E+02
d-F019-MT800-Elbehay-D0071004-E0001.600.1965                    13 1.99920E+01 1.60360E+02
d-F019-MT800-Elbehay-D0071004-E0001.700.1965                    13 1.99920E+01 1.59850E+02
d-F019-MT800-Elbehay-D0071004-E0001.800.1965                    13 1.98680E+01 1.60330E+02
d-F019-MT800-Elbehay-D0071004-E0001.900.1965                    13 1.98680E+01 1.59690E+02
d-F019-MT800-Elbehay-D0071004-E0002.100.1965                     7 7.96060E+01 1.60320E+02
d-F019-MT800-Elbehay-D0071004-E0002.200.1965                     7 7.96060E+01 1.60500E+02
d-F019-MT800-Elbehay-D0071004-E0002.300.1965                     7 2.00900E+01 1.60780E+02
d-F019-MT800-Hu-E2220013-E0011.100.1960                         14 1.95000E+01 1.49700E+02
d-F019-MT800-Hu-E2220014-E0011.400.1960                         14 1.95000E+01 1.49800E+02
d-F019-MT800-Jahns-F1054002-E0002.217.1964                      48 7.00000E+01 7.00000E+01
d-F019-MT800-Laribi-D0062004-E0003.000.1972                     42 2.85000E+01 1.39100E+02
d-F019-MT800-Maki-E2235005-E0001.068.1962                       73 9.00000E+01 9.00000E+01
d-F019-MT800-Maurel-D0154002-E0000.711.1981                    209 1.50000E+02 1.50000E+02
d-F019-MT800-Mayo-F1179003-E0027.500.1964                       35 1.49000E+01 1.20100E+02
d-F019-MT800-Paneta-O2066004-E0001.793.2012                     97 1.50000E+02 1.70000E+02
d-F019-MT800-Stanojevic-F0731002-E0000.950.1965                269 4.00074E-01 1.49900E+02
d-F019-MT800-Takamatsu-E1872002-E0014.700.1962                  15 2.06000E+01 1.60600E+02
d-F019-MT800-Zalyubovskii-D5128003-E0002.600.1968               10 7.01239E+01 1.65894E+02
d-F019-MT800-Zalyubovskii-D5128003-E0002.700.1968               10 6.20003E+01 1.65525E+02
d-F019-MT800-Zalyubovskii-D5128003-E0002.900.1968                9 6.01565E+01 1.58802E+02
d-F019-MT800-Zalyubovskii-D5128003-E0003.000.1968               10 6.01565E+01 1.61772E+02
d-F019-MT800-Zalyubovskii-D5128003-E0003.150.1968               10 6.09650E+01 1.60910E+02
d-F019-MT800-Zalyubovskii-D5128003-E0003.250.1968               10 6.09650E+01 1.60814E+02
d-F019-MT800-Zalyubovskii-D5128003-E0003.400.1968               10 5.93200E+01 1.63389E+02
d-F019-MT800-Zalyubovskii-D5128003-E0003.550.1968               10 5.93200E+01 1.59955E+02
d-F019-MT800-Zalyubovskii-D5128003-E0003.650.1968               10 5.98485E+01 1.57542E+02
