#              Filename                                         N    min         max
p-N014-MT601-Aoki-E0788008-ang-E0021.000.1982                   15 2.00000E+01 1.58600E+02
p-N014-MT601-Aoki-E0788010-ang-E0021.000.1982                   16 1.96000E+01 1.57300E+02
p-N014-MT601-Aoki-E1422006-ang-E0021.000.1979                   15 1.92000E+01 1.59500E+02
p-N014-MT601-Blanpied-C0656003-ang-E0800.000.1982              237 5.30001E+00 2.99000E+01
p-N014-MT601-Comfort-C0585007-ang-E0121.800.1980                31 5.50000E+00 5.24000E+01
p-N014-MT601-Crawley-C0476002-ang-E0024.800.1970                20 1.91000E+01 1.60100E+02
p-N014-MT601-Curtis-D5055004-ang-E0014.500.1971                 17 1.46000E+01 1.30300E+02
p-N014-MT601-Hansen-D5049006-ang-E0008.600.1973                 22 2.48000E+01 1.69500E+02
p-N014-MT601-Hansen-D5049007-ang-E0010.600.1973                 29 2.06000E+01 1.71500E+02
p-N014-MT601-Hansen-D5049008-ang-E0012.600.1973                 31 2.66000E+01 1.67100E+02
p-N014-MT601-Hansen-D5049009-ang-E0014.600.1973                 28 2.60000E+01 1.61800E+02
p-N014-MT601-Ieki-E1316006-ang-E0035.000.1990                   21 7.99998E+00 1.27700E+02
p-N014-MT601-Kuan-C1657006-ang-E0003.155.1977                   32 9.00000E+01 9.00000E+01
p-N014-MT601-Lutz-D5056002-ang-E0016.970.1972                    1 8.59000E+01 1.21500E+02
p-N014-MT601-Lutz-D5056002-ang-E0017.030.1972                    1 8.59000E+01 1.21500E+02
p-N014-MT601-Lutz-D5056002-ang-E0017.080.1972                    1 1.21500E+02 1.58500E+02
p-N014-MT601-Lutz-D5056002-ang-E0017.120.1972                    1 8.59000E+01 1.58500E+02
p-N014-MT601-Lutz-D5056002-ang-E0017.130.1972                    1 8.59000E+01 1.21500E+02
p-N014-MT601-Lutz-D5056002-ang-E0017.160.1972                    1 1.21500E+02 1.58500E+02
p-N014-MT601-Lutz-D5056002-ang-E0017.220.1972                    1 8.59000E+01 1.58500E+02
p-N014-MT601-Lutz-D5056002-ang-E0017.230.1972                    1 8.59000E+01 1.21500E+02
p-N014-MT601-Lutz-D5056002-ang-E0017.280.1972                    1 1.21500E+02 1.58500E+02
p-N014-MT601-Lutz-D5056002-ang-E0017.320.1972                    1 8.59000E+01 1.58500E+02
p-N014-MT601-Lutz-D5056002-ang-E0017.340.1972                    1 8.59000E+01 1.21500E+02
p-N014-MT601-Lutz-D5056002-ang-E0017.370.1972                    1 1.21500E+02 1.58500E+02
p-N014-MT601-Lutz-D5056002-ang-E0017.410.1972                    1 8.59000E+01 1.58500E+02
p-N014-MT601-Lutz-D5056002-ang-E0017.430.1972                    1 8.59000E+01 1.21500E+02
p-N014-MT601-Lutz-D5056002-ang-E0017.470.1972                    1 1.21500E+02 1.58500E+02
p-N014-MT601-Lutz-D5056002-ang-E0017.510.1972                    1 8.59000E+01 1.58500E+02
p-N014-MT601-Lutz-D5056002-ang-E0017.530.1972                    1 8.59000E+01 1.21500E+02
p-N014-MT601-Lutz-D5056002-ang-E0017.580.1972                    1 1.21500E+02 1.58500E+02
p-N014-MT601-Lutz-D5056002-ang-E0017.620.1972                    1 8.59000E+01 1.58500E+02
p-N014-MT601-Lutz-D5056002-ang-E0017.640.1972                    1 8.59000E+01 1.21500E+02
p-N014-MT601-Lutz-D5056002-ang-E0017.680.1972                    1 1.21500E+02 1.58500E+02
p-N014-MT601-Lutz-D5056002-ang-E0017.710.1972                    1 8.59000E+01 1.58500E+02
p-N014-MT601-Lutz-D5056002-ang-E0017.720.1972                    1 8.59000E+01 1.21500E+02
p-N014-MT601-Lutz-D5056002-ang-E0017.770.1972                    1 1.21500E+02 1.58500E+02
p-N014-MT601-Lutz-D5056002-ang-E0017.810.1972                    1 8.59000E+01 1.58500E+02
p-N014-MT601-Lutz-D5056002-ang-E0017.830.1972                    1 8.59000E+01 1.21500E+02
p-N014-MT601-Lutz-D5056002-ang-E0017.870.1972                    1 1.21500E+02 1.58500E+02
p-N014-MT601-Lutz-D5056002-ang-E0017.900.1972                    1 8.59000E+01 1.58500E+02
p-N014-MT601-Lutz-D5056002-ang-E0017.920.1972                    1 8.59000E+01 1.21500E+02
p-N014-MT601-Lutz-D5056002-ang-E0017.980.1972                    1 1.21500E+02 1.58500E+02
p-N014-MT601-Lutz-D5056002-ang-E0018.020.1972                    1 8.59000E+01 1.58500E+02
p-N014-MT601-Lutz-D5056002-ang-E0018.030.1972                    1 8.59000E+01 1.21500E+02
p-N014-MT601-Lutz-D5056002-ang-E0018.080.1972                    1 1.21500E+02 1.58500E+02
p-N014-MT601-Lutz-D5056002-ang-E0018.120.1972                    1 8.59000E+01 1.58500E+02
p-N014-MT601-Lutz-D5056002-ang-E0018.130.1972                    1 8.59000E+01 1.21500E+02
p-N014-MT601-Lutz-D5056002-ang-E0018.170.1972                    1 1.21500E+02 1.58500E+02
p-N014-MT601-Lutz-D5056002-ang-E0018.210.1972                    1 8.59000E+01 1.58500E+02
p-N014-MT601-Lutz-D5056002-ang-E0018.230.1972                    1 8.59000E+01 1.21500E+02
p-N014-MT601-Lutz-D5056002-ang-E0018.270.1972                    1 1.21500E+02 1.58500E+02
p-N014-MT601-Lutz-D5056002-ang-E0018.320.1972                    1 8.59000E+01 1.58500E+02
p-N014-MT601-Lutz-D5056002-ang-E0018.340.1972                    1 8.59000E+01 1.21500E+02
p-N014-MT601-Lutz-D5056002-ang-E0018.370.1972                    1 1.21500E+02 1.58500E+02
p-N014-MT601-Lutz-D5056002-ang-E0018.410.1972                    1 8.59000E+01 1.58500E+02
p-N014-MT601-Lutz-D5056002-ang-E0018.420.1972                    1 8.59000E+01 1.21500E+02
p-N014-MT601-Lutz-D5056002-ang-E0018.470.1972                    1 1.21500E+02 1.58500E+02
p-N014-MT601-Lutz-D5056002-ang-E0018.510.1972                    1 8.59000E+01 1.58500E+02
p-N014-MT601-Lutz-D5056002-ang-E0018.520.1972                    1 8.59000E+01 1.21500E+02
p-N014-MT601-Lutz-D5056002-ang-E0018.580.1972                    1 1.21500E+02 1.58500E+02
p-N014-MT601-Lutz-D5056002-ang-E0018.610.1972                    1 8.59000E+01 1.58500E+02
p-N014-MT601-Lutz-D5056002-ang-E0018.640.1972                    1 8.59000E+01 1.21500E+02
p-N014-MT601-Lutz-D5056002-ang-E0018.660.1972                    1 1.21500E+02 1.58500E+02
p-N014-MT601-Lutz-D5056002-ang-E0018.710.1972                    1 8.59000E+01 1.58500E+02
p-N014-MT601-Lutz-D5056002-ang-E0018.720.1972                    1 8.59000E+01 1.21500E+02
p-N014-MT601-Lutz-D5056002-ang-E0018.770.1972                    1 1.21500E+02 1.58500E+02
p-N014-MT601-Lutz-D5056002-ang-E0018.810.1972                    1 8.59000E+01 1.58500E+02
p-N014-MT601-Lutz-D5056002-ang-E0018.830.1972                    1 8.59000E+01 1.21500E+02
p-N014-MT601-Lutz-D5056002-ang-E0018.850.1972                    1 1.21500E+02 1.58500E+02
p-N014-MT601-Lutz-D5056002-ang-E0018.900.1972                    1 8.59000E+01 1.58500E+02
p-N014-MT601-Lutz-D5056002-ang-E0018.930.1972                    1 8.59000E+01 1.21500E+02
p-N014-MT601-Lutz-D5056002-ang-E0018.970.1972                    1 1.21500E+02 1.58500E+02
p-N014-MT601-Lutz-D5056002-ang-E0019.000.1972                    1 8.59000E+01 1.58500E+02
p-N014-MT601-Lutz-D5056002-ang-E0019.030.1972                    1 8.59000E+01 1.21500E+02
p-N014-MT601-Lutz-D5056002-ang-E0019.080.1972                    1 1.21500E+02 1.58500E+02
p-N014-MT601-Lutz-D5056002-ang-E0019.120.1972                    1 8.59000E+01 1.58500E+02
p-N014-MT601-Lutz-D5056002-ang-E0019.130.1972                    1 8.59000E+01 1.21500E+02
p-N014-MT601-Lutz-D5056002-ang-E0019.160.1972                    1 1.21500E+02 1.58500E+02
p-N014-MT601-Lutz-D5056002-ang-E0019.210.1972                    1 8.59000E+01 1.58500E+02
p-N014-MT601-Lutz-D5056002-ang-E0019.230.1972                    1 8.59000E+01 1.21500E+02
p-N014-MT601-Lutz-D5056002-ang-E0019.270.1972                    1 1.21500E+02 1.58500E+02
p-N014-MT601-Lutz-D5056002-ang-E0019.320.1972                    1 8.59000E+01 1.58500E+02
p-N014-MT601-Lutz-D5056002-ang-E0019.330.1972                    1 8.59000E+01 1.21500E+02
p-N014-MT601-Lutz-D5056002-ang-E0019.370.1972                    1 1.21500E+02 1.58500E+02
p-N014-MT601-Lutz-D5056002-ang-E0019.400.1972                    1 8.59000E+01 1.58500E+02
p-N014-MT601-Lutz-D5056002-ang-E0019.420.1972                    1 8.59000E+01 1.21500E+02
p-N014-MT601-Lutz-D5056002-ang-E0019.460.1972                    1 1.21500E+02 1.58500E+02
p-N014-MT601-Lutz-D5056002-ang-E0019.510.1972                    1 8.59000E+01 1.58500E+02
p-N014-MT601-Lutz-D5056002-ang-E0019.530.1972                    1 8.59000E+01 1.21500E+02
p-N014-MT601-Lutz-D5056002-ang-E0019.570.1972                    1 1.21500E+02 1.58500E+02
p-N014-MT601-Lutz-D5056002-ang-E0019.620.1972                    1 8.59000E+01 1.58500E+02
p-N014-MT601-Lutz-D5056002-ang-E0019.630.1972                    1 8.59000E+01 1.21500E+02
p-N014-MT601-Lutz-D5056002-ang-E0019.670.1972                    1 1.21500E+02 1.58500E+02
p-N014-MT601-Lutz-D5056002-ang-E0019.700.1972                    1 8.59000E+01 1.58500E+02
p-N014-MT601-Lutz-D5056002-ang-E0019.720.1972                    1 8.59000E+01 1.21500E+02
p-N014-MT601-Lutz-D5056002-ang-E0019.780.1972                    1 1.21500E+02 1.58500E+02
p-N014-MT601-Lutz-D5056002-ang-E0019.820.1972                    1 8.59000E+01 1.58500E+02
p-N014-MT601-Lutz-D5056002-ang-E0019.840.1972                    1 8.59000E+01 1.21500E+02
p-N014-MT601-Lutz-D5056002-ang-E0019.860.1972                    1 1.21500E+02 1.58500E+02
p-N014-MT601-Lutz-D5056002-ang-E0019.900.1972                    1 8.59000E+01 1.58500E+02
p-N014-MT601-Lutz-D5056002-ang-E0019.930.1972                    1 8.59000E+01 1.21500E+02
p-N014-MT601-Lutz-D5056002-ang-E0019.970.1972                    1 1.21500E+02 1.58500E+02
p-N014-MT601-Lutz-D5056002-ang-E0020.010.1972                    1 8.59000E+01 1.58500E+02
p-N014-MT601-Lutz-D5056002-ang-E0020.030.1972                    1 8.59000E+01 1.21500E+02
p-N014-MT601-Lutz-D5056002-ang-E0020.080.1972                    1 1.21500E+02 1.58500E+02
p-N014-MT601-Lutz-D5056002-ang-E0020.120.1972                    1 8.59000E+01 1.58500E+02
p-N014-MT601-Lutz-D5056002-ang-E0020.140.1972                    1 8.59000E+01 1.21500E+02
p-N014-MT601-Lutz-D5056002-ang-E0020.180.1972                    1 1.21500E+02 1.58500E+02
p-N014-MT601-Lutz-D5056002-ang-E0020.200.1972                    1 8.59000E+01 1.58500E+02
p-N014-MT601-Lutz-D5056002-ang-E0020.230.1972                    1 8.59000E+01 1.21500E+02
p-N014-MT601-Lutz-D5056002-ang-E0020.270.1972                    1 1.21500E+02 1.58500E+02
p-N014-MT601-Lutz-D5056002-ang-E0020.310.1972                    1 8.59000E+01 1.58500E+02
p-N014-MT601-Lutz-D5056002-ang-E0020.340.1972                    1 8.59000E+01 1.21500E+02
p-N014-MT601-Lutz-D5056002-ang-E0020.370.1972                    1 1.21500E+02 1.58500E+02
p-N014-MT601-Lutz-D5056002-ang-E0020.410.1972                    1 8.59000E+01 1.58500E+02
p-N014-MT601-Lutz-D5056002-ang-E0020.440.1972                    1 8.59000E+01 1.21500E+02
p-N014-MT601-Lutz-D5056002-ang-E0020.470.1972                    1 1.21500E+02 1.58500E+02
p-N014-MT601-Lutz-D5056002-ang-E0020.510.1972                    1 8.59000E+01 1.58500E+02
p-N014-MT601-Lutz-D5056002-ang-E0020.540.1972                    1 8.59000E+01 1.21500E+02
p-N014-MT601-Lutz-D5056002-ang-E0020.570.1972                    1 1.21500E+02 1.58500E+02
p-N014-MT601-Lutz-D5056002-ang-E0020.620.1972                    1 8.59000E+01 1.58500E+02
p-N014-MT601-Lutz-D5056002-ang-E0020.640.1972                    1 8.59000E+01 1.21500E+02
p-N014-MT601-Lutz-D5056002-ang-E0020.660.1972                    1 1.21500E+02 1.58500E+02
p-N014-MT601-Lutz-D5056002-ang-E0020.700.1972                    1 8.59000E+01 1.58500E+02
p-N014-MT601-Lutz-D5056002-ang-E0020.740.1972                    1 8.59000E+01 1.21500E+02
p-N014-MT601-Lutz-D5056002-ang-E0020.770.1972                    1 1.21500E+02 1.58500E+02
p-N014-MT601-Lutz-D5056002-ang-E0020.810.1972                    1 8.59000E+01 1.58500E+02
p-N014-MT601-Lutz-D5056002-ang-E0020.850.1972                    1 8.59000E+01 1.21500E+02
p-N014-MT601-Lutz-D5056002-ang-E0020.860.1972                    1 1.21500E+02 1.58500E+02
p-N014-MT601-Lutz-D5056002-ang-E0020.900.1972                    1 8.59000E+01 1.58500E+02
p-N014-MT601-Lutz-D5056002-ang-E0020.940.1972                    1 8.59000E+01 1.21500E+02
p-N014-MT601-Lutz-D5056002-ang-E0020.970.1972                    1 1.21500E+02 1.58500E+02
p-N014-MT601-Lutz-D5056002-ang-E0021.010.1972                    1 8.59000E+01 1.58500E+02
p-N014-MT601-Lutz-D5056002-ang-E0021.040.1972                    1 8.59000E+01 1.21500E+02
p-N014-MT601-Lutz-D5056002-ang-E0021.080.1972                    1 1.21500E+02 1.58500E+02
p-N014-MT601-Lutz-D5056002-ang-E0021.120.1972                    1 8.59000E+01 1.58500E+02
p-N014-MT601-Lutz-D5056002-ang-E0021.130.1972                    1 8.59000E+01 1.21500E+02
p-N014-MT601-Lutz-D5056002-ang-E0021.160.1972                    1 1.21500E+02 1.58500E+02
p-N014-MT601-Lutz-D5056002-ang-E0021.200.1972                    1 8.59000E+01 1.58500E+02
p-N014-MT601-Lutz-D5056002-ang-E0021.230.1972                    1 8.59000E+01 1.21500E+02
p-N014-MT601-Lutz-D5056002-ang-E0021.270.1972                    1 1.21500E+02 1.58500E+02
p-N014-MT601-Lutz-D5056002-ang-E0021.310.1972                    1 8.59000E+01 1.58500E+02
p-N014-MT601-Lutz-D5056002-ang-E0021.330.1972                    1 8.59000E+01 1.21500E+02
p-N014-MT601-Lutz-D5056002-ang-E0021.360.1972                    1 1.21500E+02 1.58500E+02
p-N014-MT601-Lutz-D5056002-ang-E0021.400.1972                    1 8.59000E+01 1.58500E+02
p-N014-MT601-Lutz-D5056002-ang-E0021.420.1972                    1 8.59000E+01 1.21500E+02
p-N014-MT601-Lutz-D5056002-ang-E0021.470.1972                    1 1.21500E+02 1.58500E+02
p-N014-MT601-Lutz-D5056002-ang-E0021.510.1972                    1 8.59000E+01 1.58500E+02
p-N014-MT601-Lutz-D5056002-ang-E0021.530.1972                    1 8.59000E+01 1.21500E+02
p-N014-MT601-Lutz-D5056002-ang-E0021.570.1972                    1 1.21500E+02 1.58500E+02
p-N014-MT601-Lutz-D5056002-ang-E0021.610.1972                    1 8.59000E+01 1.58500E+02
p-N014-MT601-Lutz-D5056002-ang-E0021.640.1972                    1 8.59000E+01 1.21500E+02
p-N014-MT601-Lutz-D5056002-ang-E0021.670.1972                    1 1.21500E+02 1.58500E+02
p-N014-MT601-Lutz-D5056002-ang-E0021.700.1972                    1 8.59000E+01 1.58500E+02
p-N014-MT601-Lutz-D5056002-ang-E0021.730.1972                    1 8.59000E+01 1.21500E+02
p-N014-MT601-Lutz-D5056002-ang-E0021.780.1972                    1 1.21500E+02 1.58500E+02
p-N014-MT601-Lutz-D5056002-ang-E0021.800.1972                    1 8.59000E+01 1.58500E+02
p-N014-MT601-Lutz-D5056002-ang-E0021.830.1972                    1 8.59000E+01 1.21500E+02
p-N014-MT601-Lutz-D5056002-ang-E0021.860.1972                    1 1.21500E+02 1.58500E+02
p-N014-MT601-Lutz-D5056002-ang-E0021.900.1972                    1 8.59000E+01 1.58500E+02
p-N014-MT601-Lutz-D5056002-ang-E0021.930.1972                    1 8.59000E+01 1.21500E+02
p-N014-MT601-Lutz-D5056002-ang-E0021.960.1972                    1 8.59000E+01 1.21500E+02
p-N014-MT601-Lutz-D5056002-ang-E0022.030.1972                    1 8.59000E+01 1.21500E+02
p-N014-MT601-Lutz-D5056002-ang-E0022.070.1972                    1 1.21500E+02 1.58500E+02
p-N014-MT601-Lutz-D5056002-ang-E0022.110.1972                    1 8.59000E+01 1.58500E+02
p-N014-MT601-Lutz-D5056002-ang-E0022.140.1972                    1 8.59000E+01 1.21500E+02
p-N014-MT601-Lutz-D5056002-ang-E0022.160.1972                    1 8.59000E+01 1.21500E+02
p-N014-MT601-Lutz-D5056002-ang-E0022.240.1972                    1 8.59000E+01 1.21500E+02
p-N014-MT601-Lutz-D5056002-ang-E0022.270.1972                    1 1.21500E+02 1.58500E+02
p-N014-MT601-Lutz-D5056002-ang-E0022.310.1972                    1 8.59000E+01 1.58500E+02
p-N014-MT601-Lutz-D5056002-ang-E0022.330.1972                    1 8.59000E+01 1.21500E+02
p-N014-MT601-Lutz-D5056002-ang-E0022.360.1972                    1 1.21500E+02 1.58500E+02
p-N014-MT601-Lutz-D5056002-ang-E0022.390.1972                    1 8.59000E+01 1.58500E+02
p-N014-MT601-Lutz-D5056002-ang-E0022.430.1972                    1 8.59000E+01 1.21500E+02
p-N014-MT601-Lutz-D5056002-ang-E0022.470.1972                    1 1.21500E+02 1.58500E+02
p-N014-MT601-Lutz-D5056002-ang-E0022.510.1972                    1 8.59000E+01 1.58500E+02
p-N014-MT601-Lutz-D5056002-ang-E0022.530.1972                    1 8.59000E+01 1.21500E+02
p-N014-MT601-Lutz-D5056002-ang-E0022.570.1972                    1 8.59000E+01 1.21500E+02
p-N014-MT601-Lutz-D5056002-ang-E0022.640.1972                    1 8.59000E+01 1.21500E+02
p-N014-MT601-Lutz-D5056002-ang-E0022.660.1972                    1 1.21500E+02 1.58500E+02
p-N014-MT601-Lutz-D5056002-ang-E0022.700.1972                    1 8.59000E+01 1.58500E+02
p-N014-MT601-Lutz-D5056002-ang-E0022.730.1972                    1 8.59000E+01 1.21500E+02
p-N014-MT601-Lutz-D5056002-ang-E0022.770.1972                    1 1.21500E+02 1.58500E+02
p-N014-MT601-Lutz-D5056002-ang-E0022.810.1972                    1 8.59000E+01 1.58500E+02
p-N014-MT601-Lutz-D5056002-ang-E0022.840.1972                    1 8.59000E+01 1.21500E+02
p-N014-MT601-Lutz-D5056002-ang-E0022.860.1972                    1 1.21500E+02 1.58500E+02
p-N014-MT601-Lutz-D5056002-ang-E0022.900.1972                    1 8.59000E+01 1.58500E+02
p-N014-MT601-Lutz-D5056002-ang-E0022.930.1972                    1 8.59000E+01 1.21500E+02
p-N014-MT601-Lutz-D5056002-ang-E0022.970.1972                    1 1.21500E+02 1.58500E+02
p-N014-MT601-Lutz-D5056002-ang-E0023.000.1972                    1 8.59000E+01 1.58500E+02
p-N014-MT601-Lutz-D5056002-ang-E0023.040.1972                    1 8.59000E+01 1.21500E+02
p-N014-MT601-Lutz-D5056002-ang-E0023.070.1972                    1 1.21500E+02 1.58500E+02
p-N014-MT601-Lutz-D5056002-ang-E0023.100.1972                    1 8.59000E+01 1.58500E+02
p-N014-MT601-Lutz-D5056002-ang-E0023.140.1972                    1 8.59000E+01 1.21500E+02
p-N014-MT601-Lutz-D5056002-ang-E0023.170.1972                    1 1.21500E+02 1.58500E+02
p-N014-MT601-Lutz-D5056002-ang-E0023.200.1972                    1 8.59000E+01 1.58500E+02
p-N014-MT601-Lutz-D5056002-ang-E0023.220.1972                    1 8.59000E+01 1.21500E+02
p-N014-MT601-Lutz-D5056002-ang-E0023.280.1972                    1 1.21500E+02 1.58500E+02
p-N014-MT601-Lutz-D5056002-ang-E0023.300.1972                    1 8.59000E+01 1.58500E+02
p-N014-MT601-Lutz-D5056002-ang-E0023.340.1972                    1 8.59000E+01 1.21500E+02
p-N014-MT601-Lutz-D5056002-ang-E0023.370.1972                    1 1.21500E+02 1.58500E+02
p-N014-MT601-Lutz-D5056002-ang-E0023.400.1972                    1 8.59000E+01 1.58500E+02
p-N014-MT601-Lutz-D5056002-ang-E0023.440.1972                    1 8.59000E+01 1.21500E+02
p-N014-MT601-Lutz-D5056002-ang-E0023.470.1972                    1 1.21500E+02 1.58500E+02
p-N014-MT601-Lutz-D5056002-ang-E0023.500.1972                    1 8.59000E+01 1.58500E+02
p-N014-MT601-Lutz-D5056002-ang-E0023.530.1972                    1 8.59000E+01 1.21500E+02
p-N014-MT601-Lutz-D5056002-ang-E0023.580.1972                    1 1.21500E+02 1.58500E+02
p-N014-MT601-Lutz-D5056002-ang-E0023.610.1972                    1 8.59000E+01 1.58500E+02
p-N014-MT601-Lutz-D5056002-ang-E0023.630.1972                    1 8.59000E+01 1.21500E+02
p-N014-MT601-Lutz-D5056002-ang-E0023.670.1972                    1 1.21500E+02 1.58500E+02
p-N014-MT601-Lutz-D5056002-ang-E0023.700.1972                    1 8.59000E+01 1.58500E+02
p-N014-MT601-Lutz-D5056002-ang-E0023.720.1972                    1 8.59000E+01 1.21500E+02
p-N014-MT601-Lutz-D5056002-ang-E0023.770.1972                    1 1.21500E+02 1.58500E+02
p-N014-MT601-Lutz-D5056002-ang-E0023.810.1972                    1 8.59000E+01 1.58500E+02
p-N014-MT601-Lutz-D5056002-ang-E0023.820.1972                    1 8.59000E+01 1.21500E+02
p-N014-MT601-Lutz-D5056002-ang-E0023.870.1972                    1 1.21500E+02 1.58500E+02
p-N014-MT601-Lutz-D5056002-ang-E0023.900.1972                    1 8.59000E+01 1.58500E+02
p-N014-MT601-Lutz-D5056002-ang-E0023.930.1972                    1 8.59000E+01 1.21500E+02
p-N014-MT601-Lutz-D5056002-ang-E0023.970.1972                    1 1.21500E+02 1.58500E+02
p-N014-MT601-Lutz-D5056002-ang-E0024.000.1972                    1 8.59000E+01 1.58500E+02
p-N014-MT601-Lutz-D5056002-ang-E0024.030.1972                    1 8.59000E+01 1.21500E+02
p-N014-MT601-Lutz-D5056002-ang-E0024.090.1972                    1 1.21500E+02 1.58500E+02
p-N014-MT601-Lutz-D5056002-ang-E0024.110.1972                    1 8.59000E+01 1.58500E+02
p-N014-MT601-Lutz-D5056002-ang-E0024.130.1972                    1 8.59000E+01 1.21500E+02
p-N014-MT601-Lutz-D5056002-ang-E0024.170.1972                    1 1.21500E+02 1.58500E+02
p-N014-MT601-Lutz-D5056002-ang-E0024.200.1972                    1 8.59000E+01 1.58500E+02
p-N014-MT601-Lutz-D5056002-ang-E0024.230.1972                    1 8.59000E+01 1.21500E+02
p-N014-MT601-Lutz-D5056002-ang-E0024.280.1972                    1 1.21500E+02 1.58500E+02
p-N014-MT601-Lutz-D5056002-ang-E0024.310.1972                    1 8.59000E+01 1.58500E+02
p-N014-MT601-Lutz-D5056002-ang-E0024.340.1972                    1 8.59000E+01 1.21500E+02
p-N014-MT601-Lutz-D5056002-ang-E0024.370.1972                    1 1.21500E+02 1.58500E+02
p-N014-MT601-Lutz-D5056002-ang-E0024.400.1972                    1 8.59000E+01 1.58500E+02
p-N014-MT601-Lutz-D5056002-ang-E0024.430.1972                    1 8.59000E+01 1.21500E+02
p-N014-MT601-Lutz-D5056002-ang-E0024.460.1972                    1 1.21500E+02 1.58500E+02
p-N014-MT601-Lutz-D5056002-ang-E0024.510.1972                    1 8.59000E+01 1.58500E+02
p-N014-MT601-Lutz-D5056002-ang-E0024.540.1972                    1 8.59000E+01 1.21500E+02
p-N014-MT601-Lutz-D5056002-ang-E0024.580.1972                    1 1.21500E+02 1.58500E+02
p-N014-MT601-Lutz-D5056002-ang-E0024.610.1972                    1 8.59000E+01 1.58500E+02
p-N014-MT601-Lutz-D5056002-ang-E0024.640.1972                    1 8.59000E+01 1.21500E+02
p-N014-MT601-Lutz-D5056002-ang-E0024.670.1972                    1 1.21500E+02 1.58500E+02
p-N014-MT601-Lutz-D5056002-ang-E0024.710.1972                    1 8.59000E+01 1.58500E+02
p-N014-MT601-Lutz-D5056002-ang-E0024.730.1972                    1 8.59000E+01 1.21500E+02
p-N014-MT601-Lutz-D5056002-ang-E0024.770.1972                    1 1.21500E+02 1.58500E+02
p-N014-MT601-Lutz-D5056002-ang-E0024.810.1972                    1 8.59000E+01 1.58500E+02
p-N014-MT601-Lutz-D5056002-ang-E0024.840.1972                    1 8.59000E+01 1.21500E+02
p-N014-MT601-Lutz-D5056002-ang-E0024.860.1972                    1 1.21500E+02 1.58500E+02
p-N014-MT601-Lutz-D5056002-ang-E0024.900.1972                    1 8.59000E+01 1.58500E+02
p-N014-MT601-Lutz-D5056002-ang-E0024.940.1972                    1 8.59000E+01 1.21500E+02
p-N014-MT601-Lutz-D5056002-ang-E0024.970.1972                    1 1.21500E+02 1.58500E+02
p-N014-MT601-Lutz-D5056002-ang-E0025.000.1972                    1 8.59000E+01 1.58500E+02
p-N014-MT601-Lutz-D5056002-ang-E0025.040.1972                    1 8.59000E+01 1.21500E+02
p-N014-MT601-Lutz-D5056002-ang-E0025.070.1972                    1 1.21500E+02 1.58500E+02
p-N014-MT601-Lutz-D5056002-ang-E0025.110.1972                    1 8.59000E+01 1.58500E+02
p-N014-MT601-Lutz-D5056002-ang-E0025.140.1972                    1 8.59000E+01 1.21500E+02
p-N014-MT601-Lutz-D5056002-ang-E0025.170.1972                    1 1.21500E+02 1.58500E+02
p-N014-MT601-Lutz-D5056002-ang-E0025.200.1972                    1 8.59000E+01 1.58500E+02
p-N014-MT601-Lutz-D5056002-ang-E0025.240.1972                    1 8.59000E+01 1.21500E+02
p-N014-MT601-Lutz-D5056002-ang-E0025.260.1972                    1 1.21500E+02 1.58500E+02
p-N014-MT601-Lutz-D5056002-ang-E0025.310.1972                    1 8.59000E+01 1.58500E+02
p-N014-MT601-Lutz-D5056002-ang-E0025.330.1972                    1 8.59000E+01 1.21500E+02
p-N014-MT601-Lutz-D5056002-ang-E0025.360.1972                    1 1.21500E+02 1.58500E+02
p-N014-MT601-Lutz-D5056002-ang-E0025.400.1972                    1 8.59000E+01 1.58500E+02
p-N014-MT601-Lutz-D5056002-ang-E0025.420.1972                    1 8.59000E+01 1.21500E+02
p-N014-MT601-Lutz-D5056002-ang-E0025.470.1972                    1 1.21500E+02 1.58500E+02
p-N014-MT601-Lutz-D5056002-ang-E0025.510.1972                    1 8.59000E+01 1.58500E+02
p-N014-MT601-Lutz-D5056002-ang-E0025.520.1972                    1 8.59000E+01 1.21500E+02
p-N014-MT601-Lutz-D5056002-ang-E0025.560.1972                    1 1.21500E+02 1.58500E+02
p-N014-MT601-Lutz-D5056002-ang-E0025.610.1972                    1 8.59000E+01 1.58500E+02
p-N014-MT601-Lutz-D5056002-ang-E0025.640.1972                    1 8.59000E+01 1.21500E+02
p-N014-MT601-Lutz-D5056002-ang-E0025.660.1972                    1 1.21500E+02 1.58500E+02
p-N014-MT601-Lutz-D5056002-ang-E0025.700.1972                    1 8.59000E+01 1.58500E+02
p-N014-MT601-Lutz-D5056002-ang-E0025.730.1972                    1 8.59000E+01 1.21500E+02
p-N014-MT601-Lutz-D5056002-ang-E0025.770.1972                    1 1.21500E+02 1.58500E+02
p-N014-MT601-Lutz-D5056002-ang-E0025.800.1972                    1 8.59000E+01 1.58500E+02
p-N014-MT601-Lutz-D5056002-ang-E0025.830.1972                    1 8.59000E+01 1.21500E+02
p-N014-MT601-Lutz-D5056002-ang-E0025.850.1972                    1 1.21500E+02 1.58500E+02
p-N014-MT601-Lutz-D5056002-ang-E0025.890.1972                    1 8.59000E+01 1.58500E+02
p-N014-MT601-Lutz-D5056002-ang-E0025.930.1972                    1 8.59000E+01 1.21500E+02
p-N014-MT601-Lutz-D5056002-ang-E0025.960.1972                    1 1.21500E+02 1.58500E+02
p-N014-MT601-Lutz-D5056002-ang-E0025.990.1972                    1 8.59000E+01 1.58500E+02
p-N014-MT601-Lutz-D5056002-ang-E0026.020.1972                    1 8.59000E+01 1.21500E+02
p-N014-MT601-Lutz-D5056002-ang-E0026.070.1972                    1 1.21500E+02 1.58500E+02
p-N014-MT601-Lutz-D5056002-ang-E0026.100.1972                    1 8.59000E+01 1.58500E+02
p-N014-MT601-Lutz-D5056002-ang-E0026.130.1972                    1 8.59000E+01 1.21500E+02
p-N014-MT601-Lutz-D5056002-ang-E0026.160.1972                    1 1.21500E+02 1.58500E+02
p-N014-MT601-Lutz-D5056002-ang-E0026.200.1972                    1 8.59000E+01 1.58500E+02
p-N014-MT601-Lutz-D5056002-ang-E0026.220.1972                    1 8.59000E+01 1.21500E+02
p-N014-MT601-Lutz-D5056002-ang-E0026.260.1972                    1 1.21500E+02 1.58500E+02
p-N014-MT601-Lutz-D5056002-ang-E0026.300.1972                    1 8.59000E+01 1.58500E+02
p-N014-MT601-Lutz-D5056002-ang-E0026.340.1972                    1 8.59000E+01 1.21500E+02
p-N014-MT601-Lutz-D5056002-ang-E0026.360.1972                    1 1.21500E+02 1.58500E+02
p-N014-MT601-Lutz-D5056002-ang-E0026.390.1972                    1 1.58500E+02 1.58500E+02
p-N014-MT601-Lutz-D5056015-ang-E0018.000.1972                  158 2.01000E+01 1.49900E+02
p-N014-MT601-Oda-E2218007-ang-E0007.730.1960                    18 2.50000E+01 1.50400E+02
p-N014-MT601-Oda-E2218007-ang-E0008.520.1960                    22 2.52000E+01 1.65900E+02
p-N014-MT601-Oda-E2218007-ang-E0010.500.1960                    19 2.01000E+01 1.66000E+02
p-N014-MT601-Oda-E2218007-ang-E0014.100.1960                    23 2.01000E+01 1.65700E+02
p-N014-MT601-Oda-E2301003-ang-E0010.500.1971                    33 1.49000E+01 1.70000E+02
p-N014-MT601-Oda-E2301003-ang-E0013.560.1971                    10 1.49000E+01 1.55500E+02
p-N014-MT601-Oda-E2301003-ang-E0013.930.1971                    10 2.78000E+01 1.57500E+02
p-N014-MT601-Oda-E2301003-ang-E0014.330.1971                    20 1.84000E+01 1.48900E+02
p-N014-MT601-Oda-E2301003-ang-E0014.620.1971                     9 1.52000E+01 1.54000E+02
p-N014-MT601-West-C1513003-ang-E0003.708.1969                    1 1.01800E+02 1.55800E+02
p-N014-MT601-West-C1513003-ang-E0003.709.1969                    1 8.18000E+01 1.01800E+02
p-N014-MT601-West-C1513003-ang-E0003.712.1969                    1 8.18000E+01 1.01800E+02
p-N014-MT601-West-C1513003-ang-E0003.713.1969                    2 1.01800E+02 1.55800E+02
p-N014-MT601-West-C1513003-ang-E0003.715.1969                    1 1.31900E+02 1.55800E+02
p-N014-MT601-West-C1513003-ang-E0003.719.1969                    1 8.18000E+01 1.31900E+02
p-N014-MT601-West-C1513003-ang-E0003.720.1969                    2 8.18000E+01 1.55800E+02
p-N014-MT601-West-C1513003-ang-E0003.722.1969                    1 8.18000E+01 1.55800E+02
p-N014-MT601-West-C1513003-ang-E0003.725.1969                    2 8.18000E+01 1.31900E+02
p-N014-MT601-West-C1513003-ang-E0003.726.1969                    1 1.20100E+02 1.31900E+02
p-N014-MT601-West-C1513003-ang-E0003.732.1969                    1 1.01800E+02 1.20100E+02
p-N014-MT601-West-C1513003-ang-E0003.733.1969                    2 8.18000E+01 1.55800E+02
p-N014-MT601-West-C1513003-ang-E0003.734.1969                    1 8.18000E+01 1.31900E+02
p-N014-MT601-West-C1513003-ang-E0003.735.1969                    1 1.31900E+02 1.55800E+02
p-N014-MT601-West-C1513003-ang-E0003.738.1969                    1 1.01800E+02 1.55800E+02
p-N014-MT601-West-C1513003-ang-E0003.739.1969                    1 1.01800E+02 1.20100E+02
p-N014-MT601-West-C1513003-ang-E0003.743.1969                    1 8.18000E+01 1.20100E+02
p-N014-MT601-West-C1513003-ang-E0003.744.1969                    2 6.38000E+01 1.55800E+02
p-N014-MT601-West-C1513003-ang-E0003.745.1969                    1 6.38000E+01 1.01800E+02
p-N014-MT601-West-C1513003-ang-E0003.746.1969                    2 1.01800E+02 1.55800E+02
p-N014-MT601-West-C1513003-ang-E0003.749.1969                    1 6.38000E+01 1.55800E+02
p-N014-MT601-West-C1513003-ang-E0003.750.1969                    3 6.38000E+01 1.20100E+02
p-N014-MT601-West-C1513003-ang-E0003.751.1969                    1 8.18000E+01 1.01800E+02
p-N014-MT601-West-C1513003-ang-E0003.754.1969                    1 8.18000E+01 1.01800E+02
p-N014-MT601-West-C1513003-ang-E0003.755.1969                    2 1.01800E+02 1.55800E+02
p-N014-MT601-West-C1513003-ang-E0003.756.1969                    1 8.18000E+01 1.31900E+02
p-N014-MT601-West-C1513003-ang-E0003.760.1969                    2 8.18000E+01 1.55800E+02
p-N014-MT601-West-C1513003-ang-E0003.761.1969                    1 1.01800E+02 1.20100E+02
p-N014-MT601-West-C1513003-ang-E0003.762.1969                    1 6.38000E+01 1.01800E+02
p-N014-MT601-West-C1513003-ang-E0003.763.1969                    2 6.38000E+01 1.55800E+02
p-N014-MT601-West-C1513003-ang-E0003.768.1969                    4 6.38000E+01 1.31900E+02
p-N014-MT601-West-C1513003-ang-E0003.771.1969                    2 6.38000E+01 1.55800E+02
p-N014-MT601-West-C1513003-ang-E0003.772.1969                    1 8.18000E+01 1.01800E+02
p-N014-MT601-West-C1513003-ang-E0003.774.1969                    1 8.18000E+01 1.31900E+02
p-N014-MT601-West-C1513003-ang-E0003.775.1969                    1 1.20100E+02 1.31900E+02
p-N014-MT601-West-C1513003-ang-E0003.776.1969                    1 8.18000E+01 1.20100E+02
p-N014-MT601-West-C1513003-ang-E0003.777.1969                    1 8.18000E+01 1.55800E+02
p-N014-MT601-West-C1513003-ang-E0003.778.1969                    1 6.38000E+01 1.55800E+02
p-N014-MT601-West-C1513003-ang-E0003.779.1969                    2 6.38000E+01 1.31900E+02
p-N014-MT601-West-C1513003-ang-E0003.783.1969                    1 8.18000E+01 1.31900E+02
p-N014-MT601-West-C1513003-ang-E0003.784.1969                    1 8.18000E+01 1.55800E+02
p-N014-MT601-West-C1513003-ang-E0003.786.1969                    1 1.01800E+02 1.55800E+02
p-N014-MT601-West-C1513003-ang-E0003.788.1969                    1 8.18000E+01 1.01800E+02
p-N014-MT601-West-C1513003-ang-E0003.789.1969                    2 6.38000E+01 1.20100E+02
p-N014-MT601-West-C1513003-ang-E0003.790.1969                    2 6.38000E+01 1.31900E+02
p-N014-MT601-West-C1513003-ang-E0003.791.1969                    2 6.38000E+01 1.55800E+02
p-N014-MT601-West-C1513003-ang-E0003.796.1969                    2 6.38000E+01 1.01800E+02
p-N014-MT601-West-C1513003-ang-E0003.797.1969                    1 8.18000E+01 1.20100E+02
p-N014-MT601-West-C1513003-ang-E0003.798.1969                    1 1.20100E+02 1.31900E+02
p-N014-MT601-West-C1513003-ang-E0003.801.1969                    1 1.01800E+02 1.31900E+02
p-N014-MT601-West-C1513003-ang-E0003.802.1969                    2 8.18000E+01 1.55800E+02
p-N014-MT601-West-C1513003-ang-E0003.804.1969                    2 6.38000E+01 1.20100E+02
p-N014-MT601-West-C1513003-ang-E0003.805.1969                    1 6.38000E+01 1.01800E+02
p-N014-MT601-West-C1513003-ang-E0003.807.1969                    3 1.01800E+02 1.55800E+02
p-N014-MT601-West-C1513003-ang-E0003.808.1969                    1 1.31900E+02 1.55800E+02
p-N014-MT601-West-C1513003-ang-E0003.812.1969                    2 6.38000E+01 1.55800E+02
p-N014-MT601-West-C1513003-ang-E0003.813.1969                    2 6.38000E+01 1.01800E+02
p-N014-MT601-West-C1513003-ang-E0003.815.1969                    3 8.18000E+01 1.31900E+02
p-N014-MT601-West-C1513003-ang-E0003.817.1969                    2 6.38000E+01 1.55800E+02
p-N014-MT601-West-C1513003-ang-E0003.818.1969                    1 6.38000E+01 1.20100E+02
p-N014-MT601-West-C1513003-ang-E0003.820.1969                    1 1.20100E+02 1.31900E+02
p-N014-MT601-West-C1513003-ang-E0003.821.1969                    1 6.38000E+01 1.31900E+02
p-N014-MT601-West-C1513003-ang-E0003.823.1969                    3 6.38000E+01 1.55800E+02
p-N014-MT601-West-C1513003-ang-E0003.826.1969                    1 6.38000E+01 1.01800E+02
p-N014-MT601-West-C1513003-ang-E0003.828.1969                    2 6.38000E+01 1.20100E+02
p-N014-MT601-West-C1513003-ang-E0003.830.1969                    2 8.18000E+01 1.31900E+02
p-N014-MT601-West-C1513004-ang-E0003.868.1969                   17 3.08000E+01 1.58800E+02
p-N014-MT601-West-C1513004-ang-E0003.900.1969                   20 3.13000E+01 1.58200E+02
p-N014-MT601-West-C1513004-ang-E0003.966.1969                   20 3.08000E+01 1.60600E+02
p-N014-MT601-West-C1513004-ang-E0003.988.1969                   19 3.08000E+01 1.61500E+02
p-N014-MT601-West-C1513004-ang-E0003.995.1969                   17 3.15000E+01 1.57800E+02
p-N014-MT601-West-C1513004-ang-E0004.021.1969                   18 3.07000E+01 1.61100E+02
p-N014-MT601-West-C1513004-ang-E0004.126.1969                   19 3.07000E+01 1.60100E+02
p-N014-MT601-West-C1513004-ang-E0004.430.1969                   13 3.00000E+01 1.61600E+02
p-N014-MT601-West-C1513004-ang-E0004.770.1969                   13 3.00000E+01 1.59200E+02
p-N014-MT601-West-C1513005-ang-E0004.986.1969                    4 3.23000E+01 6.61000E+01
p-N014-MT601-West-C1513005-ang-E0005.021.1969                    3 3.36000E+01 5.53000E+01
p-N014-MT601-West-C1513005-ang-E0005.193.1969                    5 3.27000E+01 9.62000E+01
p-N014-MT601-West-C1513005-ang-E0005.303.1969                    9 3.19000E+01 1.62300E+02
p-N014-MT601-West-C1513005-ang-E0005.507.1969                   11 3.19000E+01 1.60600E+02
p-N014-MT601-West-C1513005-ang-E0005.550.1969                   10 3.27000E+01 1.62700E+02
p-N014-MT601-West-C1513006-ang-E0005.279.1969                   57 8.59140E+01 8.59140E+01
