#              Filename                                         N    min         max
n-U238-MT002-Allen-12207011-ang-E0000.500.1956                  18 2.50417E+01 1.30016E+02
n-U238-MT002-Anikin-40772002-ang-E0000.800.1986                 21 1.50011E+00 1.50011E+00
n-U238-MT002-Anikin-40772003-ang-E0000.800.1986                 21 3.00003E+00 3.00003E+00
n-U238-MT002-Annand-22029007-ang-E0003.000.1985                 23 9.00000E+01 9.00000E+01
n-U238-MT002-Barnard-21320002-ang-E0000.075.1966                 9 3.01173E+01 1.34027E+02
n-U238-MT002-Barnard-21320002-ang-E0000.157.1966                 9 3.17883E+01 1.33630E+02
n-U238-MT002-Beghian-10473002-ang-E0000.890.1979                12 9.00000E+01 9.00000E+01
n-U238-MT002-Beghian-10473005-ang-E0001.100.1979                28 4.50000E+01 1.52000E+02
n-U238-MT002-Bucher-10510003-ang-E0007.000.1975                 16 3.10009E+00 1.51000E+01
n-U238-MT002-Deconninck-20195022-ang-E0028.400.1961              1 9.00000E+01 9.00000E+01
n-U238-MT002-Deconninck-21858010-ang-E0014.000.1961              3 9.00000E+01 9.00000E+01
n-U238-MT002-Goswami-13506002-ang-E0000.200.1986                18 1.25000E+02 1.25000E+02
n-U238-MT002-Goswami-13506004-ang-E0000.185.1986                23 3.50000E+01 1.45000E+02
n-U238-MT002-Guzhovskii-40643004-ang-E0015.000.1962             67 9.00000E+01 9.00000E+01
n-U238-MT002-Haouat-20801016-ang-E0003.400.1978                 18 2.00000E+01 1.60000E+02
n-U238-MT002-Haouat-20839006-ang-E0002.500.1978                 19 2.00000E+01 1.60000E+02
n-U238-MT002-Haouat-21782022-ang-E0000.700.1982                 12 3.01200E+01 1.55100E+02
n-U238-MT002-Haouat-21782023-ang-E0001.500.1982                 20 2.00800E+01 1.55100E+02
n-U238-MT002-Kammerdiener-14329114-ang-E0014.000.1972           19 2.42000E+01 1.44300E+02
n-U238-MT002-Kornilov-41362002-ang-E0000.312.1996                4 1.20000E+02 1.20000E+02
n-U238-MT002-Litvinskii-40924004-ang-E0000.055.1987              7 3.00000E+01 1.50000E+02
n-U238-MT002-Litvinskii-40924015-ang-E0000.144.1987              9 3.00000E+01 1.50000E+02
n-U238-MT002-Litvinskii-41040004-ang-E0000.275.1990              7 3.00000E+01 1.50000E+02
n-U238-MT002-MaGongguii-30762011-ang-E0014.200.1988              6 9.00000E+01 9.00000E+01
n-U238-MT002-Morozov-40959004-ang-E0001.620.1987                20 7.99998E+00 2.30000E+01
n-U238-MT002-QiHuiquann-32603002-ang-E0012.000.1991             13 9.00000E+01 9.00000E+01
n-U238-MT002-TangHongqingg-326160121-ang-E0009.600.1991          3 9.00000E+01 9.00000E+01
n-U238-MT002-TangHongqingg-326160122-ang-E0009.600.1991          3 9.00000E+01 9.00000E+01
n-U238-MT002-Tsang-10696003-ang-E0000.144.1978                   9 3.00000E+01 1.50000E+02
n-U238-MT002-Tsang-10696003-ang-E0000.144A001.1978               9 3.00000E+01 1.50000E+02
n-U238-MT002-Voignier-21725004-ang-E0014.100.1968               15 9.00000E+01 9.00000E+01
n-U238-MT002-Vorotnikov-40560002-ang-E0000.680.1977              5 9.00000E+01 9.00000E+01
n-U238-MT002-WanDairongg-32517002-ang-E0014.700.1990             5 9.00000E+01 9.00000E+01
n-U238-MT002-Yu-10570003-ang-E0000.600.1975                     54 5.00068E-01 1.50011E+00
