#              Filename                                         N    min         max
n-He004-MT002-Arnold-21152002-ang-E0060.000.1960                 6 3.23000E+01 1.47100E+02
n-He004-MT002-Arnold-21152003-ang-E0104.000.1960                 8 2.00000E+01 8.06000E+01
n-He004-MT002-Arnold-21152004-ang-E0138.000.1960                10 2.00000E+01 1.00700E+02
n-He004-MT002-Cramer-10245002-ang-E0000.545.1972                14 2.00000E+01 1.50500E+02
n-He004-MT002-Cramer-10245002-ang-E0000.545A001.1972            14 2.00000E+01 1.50500E+02
n-He004-MT002-Cramer-10245002-ang-E0000.840.1972                18 2.00000E+01 1.55000E+02
n-He004-MT002-Cramer-10245002-ang-E0000.840A001.1972            18 2.00000E+01 1.55000E+02
n-He004-MT002-Fasoli-21267002-ang-E0014.100.1963                15 5.18000E+01 1.55900E+02
n-He004-MT002-Malaroda-21228002-ang-E0014.900.1963              30 3.96000E+01 1.29800E+02
n-He004-MT002-Niiler-10190006-ang-E0017.720.1971                14 2.51000E+01 1.40100E+02
n-He004-MT002-Niiler-10190006-ang-E0017.720A001.1971            14 2.51000E+01 1.40100E+02
n-He004-MT002-Niiler-10190007-ang-E0020.970.1971                18 2.01000E+01 1.40100E+02
n-He004-MT002-Niiler-10190007-ang-E0020.970A001.1971            18 2.01000E+01 1.40100E+02
n-He004-MT002-Niiler-10190008-ang-E0023.720.1971                13 2.01000E+01 1.20200E+02
n-He004-MT002-Niiler-10190008-ang-E0023.720A001.1971            13 2.01000E+01 1.20200E+02
n-He004-MT002-Shamu-30405003-ang-E0016.400.1964                 62 5.30000E+01 1.40300E+02
n-He004-MT002-Shamu-30405003-ang-E0020.000.1964                 62 5.47000E+01 1.44100E+02
n-He004-MT002-Shamu-30405003-ang-E0021.000.1964                 64 5.40000E+01 1.41300E+02
n-He004-MT002-Shamu-30405003-ang-E0021.850.1964                 71 5.37000E+01 1.42900E+02
n-He004-MT002-Shamu-30405003-ang-E0022.600.1964                 63 5.37000E+01 1.42300E+02
n-He004-MT002-Shamu-30405003-ang-E0023.700.1964                 46 6.08000E+01 1.38800E+02
n-He004-MT002-Shaw-21448002-ang-E0014.300.1955                   7 2.00000E+01 7.12000E+01
n-He004-MT002-Young-11006002-ang-E0001.790.1963                 22 2.49000E+01 1.34800E+02
n-He004-MT002-Young-11006002-ang-E0001.790A001.1963             22 2.49000E+01 1.34800E+02
