#              Filename                                         N    min         max     
n-Np237-MT459-Kirouac-10985013-E0001.420.1974                    5 1.42000E+00 1.42000E+00
n-Np237-MT459-Kirouac-10985013-E0001.420A001.1974                5 1.42000E+00 1.42000E+00
n-Np237-MT459-Finn-14441006-E0000.700.2015                      29 7.00000E-01 7.00000E-01
n-Np237-MT459-Asghar-21543012-E2.53E-08.1977                    43 2.53000E-08 2.53000E-08
n-Np237-MT459-Thierens-21651002-E2.53E-08.1980                  32 2.53000E-08 2.53000E-08
n-Np237-MT459-Coleman-23710002-E0014.500.1960                   18 1.45000E+01 1.45000E+01
n-Np237-MT459-Namboodiri-30950002-E0001.000.1968                22 1.00000E+00 1.00000E+00
n-Np237-MT459-SunTongyuu-32789002-E0014.700.1991                22 1.47000E+01 1.47000E+01
n-Np237-MT459-SunTongyuu-32789003-E0014.700.1991                 2 1.47000E+01 1.47000E+01
n-Np237-MT459-Teplykh-40545004-E0014.000.1979                    4 1.40000E+01 1.40000E+01
n-Np237-MT459-Teplykh-40545005-E0001.000.1979                    4 1.00000E+00 1.00000E+00
n-Np237-MT459-Gudkov-41157009-E0001.000.1992                     8 1.00000E+00 1.00000E+00
n-Np237-MT459-Gudkov-41157016-E0014.700.1992                     8 1.47000E+01 1.47000E+01
n-Np237-MT459-Roshchenko-41498002-E0000.340.2006                11 3.40000E-01 3.40000E-01
n-Np237-MT459-Roshchenko-41498002-E0000.590.2006                11 5.90000E-01 5.90000E-01
n-Np237-MT459-Roshchenko-41498002-E0000.810.2006                11 8.10000E-01 8.10000E-01
n-Np237-MT459-Roshchenko-41498002-E0001.010.2006                11 1.01000E+00 1.01000E+00
n-Np237-MT459-Roshchenko-41498002-E0003.230.2006                11 3.23000E+00 3.23000E+00
n-Np237-MT459-Roshchenko-41498002-E0003.750.2006                11 3.75000E+00 3.75000E+00
n-Np237-MT459-Roshchenko-41498002-E0004.200.2006                11 4.20000E+00 4.20000E+00
n-Np237-MT459-Roshchenko-41498002-E0004.720.2006                11 4.72000E+00 4.72000E+00
n-Np237-MT459-Roshchenko-41498002-E0004.900.2006                 8 4.90000E+00 4.90000E+00
