#              Filename                                         N    min         max
d-N014-MT801-Dragunov-F0388003-E0011.300.1966                   12 1.34000E+01 1.34000E+02
d-N014-MT801-Dragunov-F0388003-E0012.600.1966                   15 1.40000E+01 1.58800E+02
d-N014-MT801-Gurbich-D0448003-E0000.700.2008                   127 1.50000E+02 1.50000E+02
d-N014-MT801-Hu-E2220010-E0010.900.1960                         11 1.92000E+01 1.31400E+02
d-N014-MT801-Hu-E2220011-E0011.100.1960                         10 1.96000E+01 1.10700E+02
d-N014-MT801-Hu-E2220012-E0011.400.1960                         12 1.95000E+01 1.31200E+02
d-N014-MT801-Ignatenko-F0836004-E0015.400.1999                  30 1.86000E+01 1.62800E+02
d-N014-MT801-Ishimatsu-E1977003-E0001.103.1962                  63 9.00000E+01 9.00000E+01
d-N014-MT801-Koenig-D0395014-E0002.700.1977                     12 6.09000E+01 1.65300E+02
d-N014-MT801-Koenig-D0395014-E0002.720.1977                     12 6.16000E+01 1.65700E+02
d-N014-MT801-Koenig-D0395014-E0002.740.1977                     12 6.09000E+01 1.65200E+02
d-N014-MT801-Koenig-D0395014-E0002.760.1977                     11 6.09000E+01 1.64200E+02
d-N014-MT801-Kokkoris-O2533002-E0000.902.2019                  262 1.45000E+02 1.70000E+02
d-N014-MT801-Mansour-F1057003-E0001.099.1964                    14 9.00000E+01 9.00000E+01
d-N014-MT801-Mansour-F1057004-E0001.119.1964                    49 9.00000E+01 9.00000E+01
d-N014-MT801-Mansour-F1057009-E0001.100.1964                    16 1.91000E+01 1.49300E+02
d-N014-MT801-Mansour-F1057009-E0001.200.1964                    16 1.89000E+01 1.50000E+02
d-N014-MT801-Mansour-F1057009-E0001.300.1964                    15 1.89000E+01 1.50200E+02
d-N014-MT801-Mansour-F1057009-E0001.500.1964                    15 1.91000E+01 1.51000E+02
d-N014-MT801-Pellegrino-O1196003-E0000.500.2004                 33 1.50000E+02 1.50000E+02
d-N014-MT801-Yanabu-E2230004-E0014.700.1961                     16 2.05000E+01 1.59800E+02
