#              Filename                                         N    min         max
p-Mg026-MT002-Blanpied-C0580004-ang-E0800.000.1982              36 4.69999E+00 2.58000E+01
p-Mg026-MT002-Blanpied-C0689006-ang-E0800.000.1988              52 4.79996E+00 2.44000E+01
p-Mg026-MT002-Crawley-C0618006-ang-E0017.500.1967               16 1.50000E+01 1.30000E+02
p-Mg026-MT002-Crawley-C0828012-ang-E0017.500.1968               16 1.50000E+01 1.30000E+02
p-Mg026-MT002-Doukellis-C0733003-ang-E0005.300.1987            600 5.03000E+01 1.43700E+02
p-Mg026-MT002-Gubin-F0866003-ang-E0005.884.1974                  1 1.40000E+02 1.50000E+02
p-Mg026-MT002-Gubin-F0866003-ang-E0005.885.1974                  1 1.20000E+02 1.40000E+02
p-Mg026-MT002-Gubin-F0866003-ang-E0005.888.1974                  1 1.10000E+02 1.20000E+02
p-Mg026-MT002-Gubin-F0866003-ang-E0005.889.1974                  1 1.00000E+02 1.10000E+02
p-Mg026-MT002-Gubin-F0866003-ang-E0005.890.1974                  1 7.00000E+01 1.00000E+02
p-Mg026-MT002-Gubin-F0866003-ang-E0005.895.1974                  1 7.00000E+01 8.00000E+01
p-Mg026-MT002-Gubin-F0866003-ang-E0005.903.1974                  1 8.00000E+01 1.60000E+02
p-Mg026-MT002-Gubin-F0866003-ang-E0005.904.1974                  1 9.00000E+01 1.60000E+02
p-Mg026-MT002-Gubin-F0866003-ang-E0005.908.1974                  1 9.00000E+01 1.30000E+02
p-Mg026-MT002-Gubin-F0866003-ang-E0005.915.1974                  1 6.00000E+01 1.30000E+02
p-Mg026-MT002-Gubin-F0866003-ang-E0005.916.1974                  2 6.00000E+01 1.50000E+02
p-Mg026-MT002-Gubin-F0866003-ang-E0005.922.1974                  1 1.10000E+02 1.50000E+02
p-Mg026-MT002-Gubin-F0866003-ang-E0005.929.1974                  1 7.00000E+01 1.10000E+02
p-Mg026-MT002-Gubin-F0866003-ang-E0005.933.1974                  1 7.00000E+01 1.60000E+02
p-Mg026-MT002-Gubin-F0866003-ang-E0005.935.1974                  1 8.00000E+01 1.60000E+02
p-Mg026-MT002-Gubin-F0866003-ang-E0005.936.1974                  3 8.00000E+01 1.30000E+02
p-Mg026-MT002-Gubin-F0866003-ang-E0005.946.1974                  1 6.00000E+01 1.30000E+02
p-Mg026-MT002-Gubin-F0866003-ang-E0005.947.1974                  1 6.00000E+01 1.40000E+02
p-Mg026-MT002-Gubin-F0866003-ang-E0005.951.1974                  1 9.00000E+01 1.40000E+02
p-Mg026-MT002-Gubin-F0866003-ang-E0005.952.1974                  2 7.00000E+01 1.50000E+02
p-Mg026-MT002-Gubin-F0866003-ang-E0005.957.1974                  1 7.00000E+01 1.60000E+02
p-Mg026-MT002-Gubin-F0866003-ang-E0005.964.1974                  1 8.00000E+01 1.60000E+02
p-Mg026-MT002-Gubin-F0866003-ang-E0005.968.1974                  1 8.00000E+01 1.10000E+02
p-Mg026-MT002-Gubin-F0866003-ang-E0005.973.1974                  1 6.00000E+01 1.10000E+02
p-Mg026-MT002-Gubin-F0866003-ang-E0005.976.1974                  2 6.00000E+01 1.30000E+02
p-Mg026-MT002-Gubin-F0866003-ang-E0005.977.1974                  3 9.00000E+01 1.50000E+02
p-Mg026-MT002-Gubin-F0866003-ang-E0005.979.1974                  1 9.00000E+01 1.40000E+02
p-Mg026-MT002-Gubin-F0866003-ang-E0005.980.1974                  1 1.30000E+02 1.40000E+02
p-Mg026-MT002-Gubin-F0866003-ang-E0005.993.1974                  1 7.00000E+01 1.30000E+02
p-Mg026-MT002-Gubin-F0866003-ang-E0005.995.1974                  2 7.00000E+01 1.60000E+02
p-Mg026-MT002-Gubin-F0866003-ang-E0005.999.1974                  1 1.50000E+02 1.60000E+02
p-Mg026-MT002-Gubin-F0866003-ang-E0006.005.1974                  1 8.00000E+01 1.50000E+02
p-Mg026-MT002-Gubin-F0866003-ang-E0006.006.1974                  1 6.00000E+01 8.00000E+01
p-Mg026-MT002-Gubin-F0866003-ang-E0006.009.1974                  2 6.00000E+01 1.10000E+02
p-Mg026-MT002-Gubin-F0866003-ang-E0006.012.1974                  1 1.00000E+02 1.20000E+02
p-Mg026-MT002-Gubin-F0866003-ang-E0006.018.1974                  1 1.20000E+02 1.30000E+02
p-Mg026-MT002-Gubin-F0866003-ang-E0006.022.1974                  1 9.00000E+01 1.30000E+02
p-Mg026-MT002-Gubin-F0866003-ang-E0006.024.1974                  2 9.00000E+01 1.60000E+02
p-Mg026-MT002-Gubin-F0866003-ang-E0006.025.1974                  1 8.00000E+01 1.60000E+02
p-Mg026-MT002-Gubin-F0866003-ang-E0006.031.1974                  1 7.00000E+01 8.00000E+01
p-Mg026-MT002-Gubin-F0866003-ang-E0006.032.1974                  1 7.00000E+01 1.50000E+02
p-Mg026-MT002-Gubin-F0866003-ang-E0006.041.1974                  1 6.00000E+01 1.50000E+02
p-Mg026-MT002-Gubin-F0866003-ang-E0006.048.1974                  1 6.00000E+01 1.00000E+02
p-Mg026-MT002-Gubin-F0866003-ang-E0006.050.1974                  1 1.00000E+02 1.40000E+02
p-Mg026-MT002-Gubin-F0866003-ang-E0006.051.1974                  1 1.30000E+02 1.40000E+02
p-Mg026-MT002-Gubin-F0866003-ang-E0006.052.1974                  1 7.00000E+01 1.30000E+02
p-Mg026-MT002-Gubin-F0866003-ang-E0006.055.1974                  1 7.00000E+01 9.00000E+01
p-Mg026-MT002-Gubin-F0866003-ang-E0006.056.1974                  3 9.00000E+01 1.60000E+02
p-Mg026-MT002-Gubin-F0866003-ang-E0006.057.1974                  1 6.00000E+01 1.20000E+02
p-Mg026-MT002-Gubin-F0866003-ang-E0006.072.1974                  1 6.00000E+01 8.00000E+01
p-Mg026-MT002-Gubin-F0866003-ang-E0006.073.1974                  1 8.00000E+01 1.30000E+02
p-Mg026-MT002-Gubin-F0866003-ang-E0006.083.1974                  1 1.30000E+02 1.60000E+02
p-Mg026-MT002-Gubin-F0866003-ang-E0006.085.1974                  1 1.40000E+02 1.60000E+02
p-Mg026-MT002-Gubin-F0866003-ang-E0006.087.1974                  1 1.10000E+02 1.40000E+02
p-Mg026-MT002-Gubin-F0866003-ang-E0006.089.1974                  1 1.00000E+02 1.10000E+02
p-Mg026-MT002-Gubin-F0866003-ang-E0006.094.1974                  1 7.00000E+01 1.00000E+02
p-Mg026-MT002-Gubin-F0866003-ang-E0006.100.1974                  2 7.00000E+01 1.20000E+02
p-Mg026-MT002-Gubin-F0866003-ang-E0006.101.1974                  1 9.00000E+01 1.50000E+02
p-Mg026-MT002-Gubin-F0866003-ang-E0006.107.1974                  1 8.00000E+01 1.50000E+02
p-Mg026-MT002-Gubin-F0866003-ang-E0006.108.1974                  1 8.00000E+01 1.60000E+02
p-Mg026-MT002-Gubin-F0866003-ang-E0006.115.1974                  1 6.00000E+01 1.60000E+02
p-Mg026-MT002-Gubin-F0866003-ang-E0006.116.1974                  1 6.00000E+01 1.40000E+02
p-Mg026-MT002-Gubin-F0866003-ang-E0006.117.1974                  1 1.10000E+02 1.40000E+02
p-Mg026-MT002-Gubin-F0866003-ang-E0006.127.1974                  1 7.00000E+01 1.10000E+02
p-Mg026-MT002-Gubin-F0866003-ang-E0006.128.1974                  1 7.00000E+01 1.50000E+02
p-Mg026-MT002-Gubin-F0866003-ang-E0006.134.1974                  1 1.30000E+02 1.50000E+02
p-Mg026-MT002-Gubin-F0866003-ang-E0006.136.1974                  1 1.30000E+02 1.60000E+02
p-Mg026-MT002-Gubin-F0866003-ang-E0006.139.1974                  1 9.00000E+01 1.60000E+02
p-Mg026-MT002-Gubin-F0866003-ang-E0006.141.1974                  1 9.00000E+01 1.20000E+02
p-Mg026-MT002-Gubin-F0866003-ang-E0006.142.1974                  1 1.00000E+02 1.20000E+02
p-Mg026-MT002-Gubin-F0866003-ang-E0006.143.1974                  1 6.00000E+01 1.00000E+02
p-Mg026-MT002-Gubin-F0866003-ang-E0006.146.1974                  1 6.00000E+01 8.00000E+01
p-Mg026-MT002-Gubin-F0866003-ang-E0006.147.1974                  1 8.00000E+01 1.40000E+02
p-Mg026-MT002-Gubin-F0866003-ang-E0006.151.1974                  1 7.00000E+01 1.40000E+02
p-Mg026-MT002-Gubin-F0866003-ang-E0006.158.1974                  1 7.00000E+01 1.30000E+02
p-Mg026-MT002-Gubin-F0866003-ang-E0006.162.1974                  1 1.30000E+02 1.50000E+02
p-Mg026-MT002-Gubin-F0866003-ang-E0006.163.1974                  1 1.40000E+02 1.50000E+02
p-Mg026-MT002-Gubin-F0866003-ang-E0006.171.1974                  1 1.40000E+02 1.60000E+02
p-Mg026-MT002-Gubin-F0866003-ang-E0006.175.1974                  1 1.10000E+02 1.60000E+02
p-Mg026-MT002-Gubin-F0866003-ang-E0006.177.1974                  1 8.00000E+01 1.10000E+02
p-Mg026-MT002-Gubin-F0866003-ang-E0006.178.1974                  1 8.00000E+01 1.20000E+02
p-Mg026-MT002-Gubin-F0866003-ang-E0006.182.1974                  1 1.00000E+02 1.20000E+02
p-Mg026-MT002-Gubin-F0866003-ang-E0006.183.1974                  1 9.00000E+01 1.00000E+02
p-Mg026-MT002-Gubin-F0866003-ang-E0006.186.1974                  1 6.00000E+01 9.00000E+01
p-Mg026-MT002-Gubin-F0866003-ang-E0006.193.1974                  1 6.00000E+01 7.00000E+01
p-Mg026-MT002-Gubin-F0866003-ang-E0006.194.1974                  1 7.00000E+01 1.30000E+02
p-Mg026-MT002-Gubin-F0866003-ang-E0006.195.1974                  1 1.30000E+02 1.40000E+02
p-Mg026-MT002-Gubin-F0866003-ang-E0006.199.1974                  1 1.40000E+02 1.60000E+02
p-Mg026-MT002-Gubin-F0866003-ang-E0006.215.1974                  1 1.20000E+02 1.60000E+02
p-Mg026-MT002-Gubin-F0866003-ang-E0006.218.1974                  1 8.00000E+01 1.20000E+02
p-Mg026-MT002-Gubin-F0866003-ang-E0006.220.1974                  2 6.00000E+01 1.10000E+02
p-Mg026-MT002-Gubin-F0866003-ang-E0006.224.1974                  3 6.00000E+01 1.00000E+02
p-Mg026-MT002-Gubin-F0866003-ang-E0006.225.1974                  3 1.00000E+02 1.50000E+02
p-Mg026-MT002-Gubin-F0866003-ang-E0006.229.1974                  1 1.40000E+02 1.60000E+02
p-Mg026-MT002-Gubin-F0866003-ang-E0006.238.1974                  1 6.00000E+01 1.60000E+02
p-Mg026-MT002-Gubin-F0866003-ang-E0006.251.1974                  1 6.00000E+01 1.50000E+02
p-Mg026-MT002-Gubin-F0866003-ang-E0006.253.1974                  1 1.10000E+02 1.50000E+02
p-Mg026-MT002-Gubin-F0866003-ang-E0006.259.1974                  1 8.00000E+01 1.10000E+02
p-Mg026-MT002-Gubin-F0866003-ang-E0006.262.1974                  2 8.00000E+01 1.20000E+02
p-Mg026-MT002-Gubin-F0866003-ang-E0006.263.1974                  1 1.20000E+02 1.40000E+02
p-Mg026-MT002-Gubin-F0866003-ang-E0006.264.1974                  1 1.00000E+02 1.40000E+02
p-Mg026-MT002-Gubin-F0866003-ang-E0006.266.1974                  2 7.00000E+01 1.60000E+02
p-Mg026-MT002-Gubin-F0866003-ang-E0006.270.1974                  1 7.00000E+01 1.30000E+02
p-Mg026-MT002-Gubin-F0866003-ang-E0006.277.1974                  1 1.30000E+02 1.50000E+02
p-Mg026-MT002-Gubin-F0866003-ang-E0006.285.1974                  1 6.00000E+01 1.50000E+02
p-Mg026-MT002-Gubin-F0866003-ang-E0006.290.1974                  1 6.00000E+01 1.40000E+02
p-Mg026-MT002-Gubin-F0866003-ang-E0006.295.1974                  1 7.00000E+01 1.40000E+02
p-Mg026-MT002-Gubin-F0866003-ang-E0006.296.1974                  1 7.00000E+01 1.60000E+02
p-Mg026-MT002-Gubin-F0866003-ang-E0006.298.1974                  1 8.00000E+01 1.60000E+02
p-Mg026-MT002-Gubin-F0866003-ang-E0006.299.1974                  1 8.00000E+01 1.10000E+02
p-Mg026-MT002-Gubin-F0866003-ang-E0006.303.1974                  1 9.00000E+01 1.10000E+02
p-Mg026-MT002-Gubin-F0866003-ang-E0006.304.1974                  1 9.00000E+01 1.00000E+02
p-Mg026-MT002-Gubin-F0866003-ang-E0006.305.1974                  1 1.00000E+02 1.30000E+02
p-Mg026-MT002-Gubin-F0866003-ang-E0006.310.1974                  1 1.30000E+02 1.50000E+02
p-Mg026-MT002-Gubin-F0866003-ang-E0006.312.1974                  1 1.20000E+02 1.50000E+02
p-Mg026-MT002-Gubin-F0866003-ang-E0006.314.1974                  1 1.20000E+02 1.40000E+02
p-Mg026-MT002-Gubin-F0866003-ang-E0006.323.1974                  1 6.00000E+01 1.40000E+02
p-Mg026-MT002-Gubin-F0866003-ang-E0006.324.1974                  1 6.00000E+01 7.00000E+01
p-Mg026-MT002-Gubin-F0866003-ang-E0006.327.1974                  1 7.00000E+01 1.60000E+02
p-Mg026-MT002-Gubin-F0866003-ang-E0006.329.1974                  1 1.30000E+02 1.60000E+02
p-Mg026-MT002-Gubin-F0866003-ang-E0006.333.1974                  1 8.00000E+01 1.30000E+02
p-Mg026-MT002-Gubin-F0866003-ang-E0006.338.1974                  1 8.00000E+01 1.50000E+02
p-Mg026-MT002-Gubin-F0866003-ang-E0006.341.1974                  1 9.00000E+01 1.50000E+02
p-Mg026-MT002-Gubin-F0866003-ang-E0006.347.1974                  1 9.00000E+01 1.00000E+02
p-Mg026-MT002-Gubin-F0866003-ang-E0006.350.1974                  1 1.00000E+02 1.10000E+02
p-Mg026-MT002-Gubin-F0866003-ang-E0006.351.1974                  2 1.10000E+02 1.40000E+02
p-Mg026-MT002-Gubin-F0866003-ang-E0006.355.1974                  1 1.20000E+02 1.60000E+02
p-Mg026-MT002-Gubin-F0866003-ang-E0006.356.1974                  1 7.00000E+01 1.60000E+02
p-Mg026-MT002-Gubin-F0866003-ang-E0006.361.1974                  1 7.00000E+01 9.00000E+01
p-Mg026-MT002-Gubin-F0866003-ang-E0006.366.1974                  1 6.00000E+01 9.00000E+01
p-Mg026-MT002-Gubin-F0866003-ang-E0006.371.1974                  1 6.00000E+01 1.30000E+02
p-Mg026-MT002-Gubin-F0866003-ang-E0006.372.1974                  1 8.00000E+01 1.30000E+02
p-Mg026-MT002-Gubin-F0866003-ang-E0006.376.1974                  2 8.00000E+01 1.50000E+02
p-Mg026-MT002-Gubin-F0866003-ang-E0006.382.1974                  1 9.00000E+01 1.00000E+02
p-Mg026-MT002-Gubin-F0866003-ang-E0006.386.1974                  1 1.00000E+02 1.40000E+02
p-Mg026-MT002-Gubin-F0866003-ang-E0006.388.1974                  1 1.40000E+02 1.60000E+02
p-Mg026-MT002-Gubin-F0866003-ang-E0006.390.1974                  1 1.10000E+02 1.60000E+02
p-Mg026-MT002-Gubin-F0866003-ang-E0006.393.1974                  2 1.10000E+02 1.30000E+02
p-Mg026-MT002-Gubin-F0866003-ang-E0006.401.1974                  2 1.30000E+02 1.50000E+02
p-Mg026-MT002-Hausser-F1068002-ang-E0008.333.1968                1 9.80000E+01 1.34000E+02
p-Mg026-MT002-Hausser-F1068002-ang-E0008.336.1968                1 9.80000E+01 1.16000E+02
p-Mg026-MT002-Hausser-F1068002-ang-E0008.343.1968                1 9.80000E+01 1.16000E+02
p-Mg026-MT002-Hausser-F1068002-ang-E0008.364.1968                1 9.80000E+01 1.16000E+02
p-Mg026-MT002-Hausser-F1068002-ang-E0008.371.1968                1 1.16000E+02 1.34000E+02
p-Mg026-MT002-Hausser-F1068002-ang-E0008.377.1968                1 9.80000E+01 1.34000E+02
p-Mg026-MT002-Hausser-F1068002-ang-E0008.392.1968                1 9.80000E+01 1.16000E+02
p-Mg026-MT002-Hausser-F1068002-ang-E0008.404.1968                1 1.16000E+02 1.34000E+02
p-Mg026-MT002-Hausser-F1068002-ang-E0008.405.1968                1 9.80000E+01 1.34000E+02
p-Mg026-MT002-Hausser-F1068002-ang-E0008.420.1968                1 9.80000E+01 1.34000E+02
p-Mg026-MT002-Hausser-F1068002-ang-E0008.433.1968                1 1.16000E+02 1.34000E+02
p-Mg026-MT002-Hausser-F1068002-ang-E0008.437.1968                1 1.16000E+02 1.16000E+02
p-Mg026-MT002-Hausser-F1068004-ang-E0008.322.1968              207 1.52000E+02 1.52000E+02
p-Mg026-MT002-Hausser-F1068005-ang-E0008.323.1968              211 1.70000E+02 1.70000E+02
p-Mg026-MT002-Hausser-F1068007-ang-E0009.720.1968                5 9.73000E+01 1.69900E+02
p-Mg026-MT002-Hausser-F1068007-ang-E0012.570.1968                5 9.73000E+01 1.68400E+02
p-Mg026-MT002-Herman-O1090006-ang-E0009.100.1976                28 2.91000E+01 1.64400E+02
p-Mg026-MT002-Murata-E2277002-ang-E0001.201.1970                 2 8.78000E+01 1.65000E+02
p-Mg026-MT002-Murata-E2277002-ang-E0001.202.1970                 1 8.78000E+01 1.65000E+02
p-Mg026-MT002-Murata-E2277002-ang-E0001.203.1970                 1 8.78000E+01 1.65000E+02
p-Mg026-MT002-Murata-E2277002-ang-E0001.204.1970                 2 8.78000E+01 1.65000E+02
p-Mg026-MT002-Murata-E2277002-ang-E0001.205.1970                 1 8.78000E+01 1.65000E+02
p-Mg026-MT002-Murata-E2277002-ang-E0001.206.1970                 1 8.78000E+01 1.23400E+02
p-Mg026-MT002-Popov-F0955003-ang-E0001.538.1962                  1 8.78000E+01 1.23100E+02
p-Mg026-MT002-Popov-F0955003-ang-E0001.539.1962                  2 8.78000E+01 1.39600E+02
p-Mg026-MT002-Popov-F0955003-ang-E0001.549.1962                  1 8.78000E+01 1.23100E+02
p-Mg026-MT002-Popov-F0955003-ang-E0001.550.1962                  2 1.23100E+02 1.39600E+02
p-Mg026-MT002-Popov-F0955003-ang-E0001.559.1962                  1 8.78000E+01 1.39600E+02
p-Mg026-MT002-Popov-F0955003-ang-E0001.560.1962                  1 8.78000E+01 1.23100E+02
p-Mg026-MT002-Romanovskii-F0926002-ang-E0006.495.1986            1 1.20000E+02 1.50000E+02
p-Mg026-MT002-Romanovskii-F0926002-ang-E0006.499.1986            1 1.40000E+02 1.50000E+02
p-Mg026-MT002-Romanovskii-F0926002-ang-E0006.500.1986            1 9.00000E+01 1.40000E+02
p-Mg026-MT002-Romanovskii-F0926002-ang-E0006.504.1986            1 9.00000E+01 1.60000E+02
p-Mg026-MT002-Romanovskii-F0926002-ang-E0006.505.1986            1 1.00000E+02 1.60000E+02
p-Mg026-MT002-Romanovskii-F0926002-ang-E0006.514.1986            1 1.00000E+02 1.50000E+02
p-Mg026-MT002-Romanovskii-F0926002-ang-E0006.524.1986            1 1.10000E+02 1.50000E+02
p-Mg026-MT002-Romanovskii-F0926002-ang-E0006.525.1986            1 1.10000E+02 1.40000E+02
p-Mg026-MT002-Romanovskii-F0926002-ang-E0006.526.1986            1 1.30000E+02 1.40000E+02
p-Mg026-MT002-Romanovskii-F0926002-ang-E0006.532.1986            1 1.30000E+02 1.60000E+02
p-Mg026-MT002-Romanovskii-F0926002-ang-E0006.533.1986            1 9.00000E+01 1.60000E+02
p-Mg026-MT002-Romanovskii-F0926002-ang-E0006.535.1986            1 9.00000E+01 1.20000E+02
p-Mg026-MT002-Romanovskii-F0926002-ang-E0006.549.1986            1 1.00000E+02 1.20000E+02
p-Mg026-MT002-Romanovskii-F0926002-ang-E0006.549A001.1986        1 1.00000E+02 1.10000E+02
p-Mg026-MT002-Romanovskii-F0926002-ang-E0006.556.1986            1 1.10000E+02 1.40000E+02
p-Mg026-MT002-Romanovskii-F0926002-ang-E0006.561.1986            1 1.40000E+02 1.50000E+02
p-Mg026-MT002-Romanovskii-F0926002-ang-E0006.565.1986            1 1.50000E+02 1.60000E+02
p-Mg026-MT002-Romanovskii-F0926002-ang-E0006.571.1986            1 9.00000E+01 1.60000E+02
p-Mg026-MT002-Romanovskii-F0926002-ang-E0006.572.1986            1 9.00000E+01 1.00000E+02
p-Mg026-MT002-Romanovskii-F0926002-ang-E0006.582.1986            1 1.00000E+02 1.40000E+02
p-Mg026-MT002-Romanovskii-F0926002-ang-E0006.584.1986            1 1.10000E+02 1.40000E+02
p-Mg026-MT002-Romanovskii-F0926002-ang-E0006.586.1986            1 1.10000E+02 1.30000E+02
p-Mg026-MT002-Romanovskii-F0926002-ang-E0006.588.1986            1 1.30000E+02 1.50000E+02
p-Mg026-MT002-Romanovskii-F0926002-ang-E0006.598.1986            1 1.50000E+02 1.60000E+02
p-Mg026-MT002-Romanovskii-F0926002-ang-E0006.605.1986            1 1.20000E+02 1.60000E+02
p-Mg026-MT002-Romanovskii-F0926002-ang-E0006.607.1986            1 1.00000E+02 1.20000E+02
p-Mg026-MT002-Romanovskii-F0926002-ang-E0006.610.1986            1 9.00000E+01 1.00000E+02
p-Mg026-MT002-Romanovskii-F0926002-ang-E0006.618.1986            1 9.00000E+01 1.30000E+02
p-Mg026-MT002-Romanovskii-F0926002-ang-E0006.626.1986            1 1.30000E+02 1.40000E+02
p-Mg026-MT002-Romanovskii-F0926002-ang-E0006.628.1986            1 1.10000E+02 1.40000E+02
p-Mg026-MT002-Romanovskii-F0926002-ang-E0006.629.1986            1 1.10000E+02 1.60000E+02
p-Mg026-MT002-Romanovskii-F0926002-ang-E0006.638.1986            1 1.00000E+02 1.60000E+02
p-Mg026-MT002-Romanovskii-F0926002-ang-E0006.643.1986            1 1.00000E+02 1.20000E+02
p-Mg026-MT002-Romanovskii-F0926002-ang-E0006.645.1986            1 9.00000E+01 1.20000E+02
p-Mg026-MT002-Romanovskii-F0926002-ang-E0006.649.1986            1 9.00000E+01 1.10000E+02
p-Mg026-MT002-Romanovskii-F0926002-ang-E0006.655.1986            1 1.10000E+02 1.50000E+02
p-Mg026-MT002-Romanovskii-F0926002-ang-E0006.657.1986            1 1.30000E+02 1.50000E+02
p-Mg026-MT002-Romanovskii-F0926002-ang-E0006.657A001.1986        1 1.30000E+02 1.40000E+02
p-Mg026-MT002-Romanovskii-F0926002-ang-E0006.658.1986            1 1.40000E+02 1.60000E+02
p-Mg026-MT002-Romanovskii-F0926002-ang-E0006.671.1986            1 1.20000E+02 1.60000E+02
p-Mg026-MT002-Romanovskii-F0926002-ang-E0006.673.1986            1 1.00000E+02 1.20000E+02
p-Mg026-MT002-Romanovskii-F0926002-ang-E0006.676.1986            1 9.00000E+01 1.00000E+02
p-Mg026-MT002-Romanovskii-F0926002-ang-E0006.677.1986            1 9.00000E+01 1.40000E+02
p-Mg026-MT002-Romanovskii-F0926002-ang-E0006.694.1986            1 1.30000E+02 1.40000E+02
p-Mg026-MT002-Romanovskii-F0926002-ang-E0006.695.1986            1 1.10000E+02 1.30000E+02
p-Mg026-MT002-Romanovskii-F0926002-ang-E0006.696.1986            1 1.10000E+02 1.50000E+02
p-Mg026-MT002-Romanovskii-F0926002-ang-E0006.697.1986            1 1.50000E+02 1.60000E+02
p-Mg026-MT002-Romanovskii-F0926002-ang-E0006.698.1986            1 9.00000E+01 1.60000E+02
p-Mg026-MT002-Romanovskii-F0926002-ang-E0006.702.1986            1 9.00000E+01 1.00000E+02
p-Mg026-MT002-Romanovskii-F0926002-ang-E0006.709.1986            1 1.00000E+02 1.20000E+02
p-Mg026-MT002-Romanovskii-F0926002-ang-E0006.714.1986            1 9.00000E+01 1.20000E+02
p-Mg026-MT002-Romanovskii-F0926002-ang-E0006.722.1986            1 9.00000E+01 1.50000E+02
p-Mg026-MT002-Romanovskii-F0926002-ang-E0006.725.1986            1 1.50000E+02 1.60000E+02
p-Mg026-MT002-Romanovskii-F0926002-ang-E0006.726.1986            1 1.40000E+02 1.60000E+02
p-Mg026-MT002-Romanovskii-F0926002-ang-E0006.727.1986            1 1.10000E+02 1.40000E+02
p-Mg026-MT002-Romanovskii-F0926002-ang-E0006.734.1986            1 1.10000E+02 1.30000E+02
p-Mg026-MT002-Romanovskii-F0926002-ang-E0006.736.1986            1 1.00000E+02 1.30000E+02
p-Mg026-MT002-Romanovskii-F0926002-ang-E0006.740.1986            1 1.00000E+02 1.20000E+02
p-Mg026-MT002-Romanovskii-F0926002-ang-E0006.742.1986            1 1.20000E+02 1.60000E+02
p-Mg026-MT002-Romanovskii-F0926002-ang-E0006.744.1986            1 9.00000E+01 1.60000E+02
p-Mg026-MT002-Romanovskii-F0926002-ang-E0006.755.1986            1 9.00000E+01 1.10000E+02
p-Mg026-MT002-Romanovskii-F0926002-ang-E0006.759.1986            1 1.10000E+02 1.50000E+02
p-Mg026-MT002-Romanovskii-F0926002-ang-E0006.766.1986            1 1.30000E+02 1.50000E+02
p-Mg026-MT002-Romanovskii-F0926002-ang-E0006.766A001.1986        1 1.30000E+02 1.60000E+02
p-Mg026-MT002-Romanovskii-F0926002-ang-E0006.767.1986            1 1.40000E+02 1.60000E+02
p-Mg026-MT002-Romanovskii-F0926002-ang-E0006.767A001.1986        1 1.20000E+02 1.40000E+02
p-Mg026-MT002-Romanovskii-F0926002-ang-E0006.777.1986            1 9.00000E+01 1.20000E+02
p-Mg026-MT002-Romanovskii-F0926002-ang-E0006.783.1986            1 9.00000E+01 1.60000E+02
p-Mg026-MT002-Romanovskii-F0926002-ang-E0006.785.1986            1 1.10000E+02 1.60000E+02
p-Mg026-MT002-Romanovskii-F0926002-ang-E0006.790.1986            1 1.00000E+02 1.10000E+02
p-Mg026-MT002-Romanovskii-F0926002-ang-E0006.791.1986            1 1.00000E+02 1.50000E+02
p-Mg026-MT002-Romanovskii-F0926002-ang-E0006.799.1986            1 1.40000E+02 1.50000E+02
p-Mg026-MT002-Romanovskii-F0926002-ang-E0006.803.1986            1 1.30000E+02 1.40000E+02
p-Mg026-MT002-Romanovskii-F0926002-ang-E0006.804.1986            1 9.00000E+01 1.30000E+02
p-Mg026-MT002-Romanovskii-F0926002-ang-E0006.809.1986            1 9.00000E+01 1.20000E+02
p-Mg026-MT002-Romanovskii-F0926002-ang-E0006.810.1986            1 1.00000E+02 1.20000E+02
p-Mg026-MT002-Romanovskii-F0926002-ang-E0006.821.1986            1 1.00000E+02 1.10000E+02
p-Mg026-MT002-Romanovskii-F0926002-ang-E0006.822.1986            1 9.00000E+01 1.10000E+02
p-Mg026-MT002-Romanovskii-F0926002-ang-E0006.829.1986            1 9.00000E+01 1.60000E+02
p-Mg026-MT002-Romanovskii-F0926002-ang-E0006.833.1986            1 1.50000E+02 1.60000E+02
p-Mg026-MT002-Romanovskii-F0926002-ang-E0006.834.1986            1 1.40000E+02 1.50000E+02
p-Mg026-MT002-Romanovskii-F0926002-ang-E0006.843.1986            1 1.20000E+02 1.40000E+02
p-Mg026-MT002-Romanovskii-F0926002-ang-E0006.846.1986            1 1.20000E+02 1.30000E+02
p-Mg026-MT002-Romanovskii-F0926002-ang-E0006.850.1986            1 1.00000E+02 1.30000E+02
p-Mg026-MT002-Romanovskii-F0926002-ang-E0006.852.1986            1 9.00000E+01 1.00000E+02
p-Mg026-MT002-Romanovskii-F0926002-ang-E0006.865.1986            1 9.00000E+01 1.60000E+02
p-Mg026-MT002-Romanovskii-F0926002-ang-E0006.865A001.1986        1 1.50000E+02 1.60000E+02
p-Mg026-MT002-Romanovskii-F0926002-ang-E0006.872.1986            1 1.20000E+02 1.50000E+02
p-Mg026-MT002-Romanovskii-F0926002-ang-E0006.879.1986            1 1.00000E+02 1.20000E+02
p-Mg026-MT002-Romanovskii-F0926002-ang-E0006.879A001.1986        1 1.00000E+02 1.30000E+02
p-Mg026-MT002-Romanovskii-F0926002-ang-E0006.880.1986            1 1.10000E+02 1.30000E+02
p-Mg026-MT002-Romanovskii-F0926002-ang-E0006.881.1986            1 9.00000E+01 1.10000E+02
p-Mg026-MT002-Romanovskii-F0926002-ang-E0006.892.1986            1 9.00000E+01 1.50000E+02
p-Mg026-MT002-Romanovskii-F0926002-ang-E0006.900.1986            1 1.50000E+02 1.60000E+02
p-Mg026-MT002-Romanovskii-F0926002-ang-E0006.901.1986            1 1.10000E+02 1.60000E+02
p-Mg026-MT002-Romanovskii-F0926002-ang-E0006.906.1986            1 1.00000E+02 1.10000E+02
p-Mg026-MT002-Romanovskii-F0926002-ang-E0006.907.1986            1 1.00000E+02 1.20000E+02
p-Mg026-MT002-Romanovskii-F0926002-ang-E0006.912.1986            1 1.20000E+02 1.30000E+02
p-Mg026-MT002-Romanovskii-F0926002-ang-E0006.913.1986            1 1.30000E+02 1.40000E+02
p-Mg026-MT002-Romanovskii-F0926002-ang-E0006.914.1986            1 9.00000E+01 1.40000E+02
p-Mg026-MT002-Romanovskii-F0926002-ang-E0006.923.1986            1 9.00000E+01 1.60000E+02
p-Mg026-MT002-Romanovskii-F0926002-ang-E0006.937.1986            1 1.50000E+02 1.60000E+02
p-Mg026-MT002-Romanovskii-F0926002-ang-E0006.941.1986            1 1.00000E+02 1.50000E+02
p-Mg026-MT002-Romanovskii-F0926002-ang-E0006.943.1986            1 1.00000E+02 1.40000E+02
p-Mg026-MT002-Romanovskii-F0926002-ang-E0006.947.1986            1 1.30000E+02 1.40000E+02
p-Mg026-MT002-Romanovskii-F0926002-ang-E0006.949.1986            1 9.00000E+01 1.30000E+02
p-Mg026-MT002-Romanovskii-F0926002-ang-E0006.951.1986            1 9.00000E+01 9.00000E+01
p-Mg026-MT002-Wang-O1030002-ang-E0001.500.1972                 121 1.30000E+02 1.30000E+02
p-Mg026-MT002-Wang-O1030005-ang-E0001.500.1972                   9 5.98000E+01 1.48100E+02
p-Mg026-MT002-Wang-O1030005-ang-E0002.030.1972                  10 4.88000E+01 1.49500E+02
p-Mg026-MT002-Wang-O1030005-ang-E0002.500.1972                  11 4.88000E+01 1.48500E+02
p-Mg026-MT002-Zwieglinski-C1286002-ang-E0040.000.1983           39 7.89998E+00 1.20100E+02
