#              Filename                                         N    min         max
p-Te126-MT002-Foster-C2691004-ang-E0007.623.1968                 1 1.50200E+02 1.70100E+02
p-Te126-MT002-Foster-C2691004-ang-E0007.626.1968                 1 1.50200E+02 1.70100E+02
p-Te126-MT002-Foster-C2691004-ang-E0007.628.1968                 1 1.50200E+02 1.70100E+02
p-Te126-MT002-Foster-C2691004-ang-E0007.635.1968                 1 1.20400E+02 1.50200E+02
p-Te126-MT002-Foster-C2691004-ang-E0007.636.1968                 1 9.05000E+01 1.20400E+02
p-Te126-MT002-Foster-C2691004-ang-E0007.639.1968                 1 9.05000E+01 1.70100E+02
p-Te126-MT002-Foster-C2691004-ang-E0007.639A001.1968             1 1.20400E+02 1.70100E+02
p-Te126-MT002-Foster-C2691004-ang-E0007.644.1968                 1 9.05000E+01 1.20400E+02
p-Te126-MT002-Foster-C2691004-ang-E0007.645.1968                 1 9.05000E+01 1.50200E+02
p-Te126-MT002-Foster-C2691004-ang-E0007.646.1968                 1 1.50200E+02 1.70100E+02
p-Te126-MT002-Foster-C2691004-ang-E0007.648.1968                 1 9.05000E+01 1.70100E+02
p-Te126-MT002-Foster-C2691004-ang-E0007.654.1968                 1 9.05000E+01 1.50200E+02
p-Te126-MT002-Foster-C2691004-ang-E0007.655.1968                 1 1.20400E+02 1.50200E+02
p-Te126-MT002-Foster-C2691004-ang-E0007.656.1968                 1 1.20400E+02 1.70100E+02
p-Te126-MT002-Foster-C2691004-ang-E0007.657.1968                 1 1.50200E+02 1.70100E+02
p-Te126-MT002-Foster-C2691004-ang-E0007.657A001.1968             1 1.20400E+02 1.50200E+02
p-Te126-MT002-Foster-C2691004-ang-E0007.658.1968                 1 1.20400E+02 1.70100E+02
p-Te126-MT002-Foster-C2691004-ang-E0007.659.1968                 1 9.05000E+01 1.70100E+02
p-Te126-MT002-Foster-C2691004-ang-E0007.661.1968                 1 9.05000E+01 1.20400E+02
p-Te126-MT002-Foster-C2691004-ang-E0007.665.1968                 1 1.20400E+02 1.50200E+02
p-Te126-MT002-Foster-C2691004-ang-E0007.666.1968                 1 9.05000E+01 1.50200E+02
p-Te126-MT002-Foster-C2691004-ang-E0007.674.1968                 2 9.05000E+01 1.70100E+02
p-Te126-MT002-Foster-C2691004-ang-E0007.675.1968                 1 9.05000E+01 1.50200E+02
p-Te126-MT002-Foster-C2691004-ang-E0007.681.1968                 1 9.05000E+01 1.70100E+02
p-Te126-MT002-Foster-C2691004-ang-E0007.684.1968                 1 1.50200E+02 1.70100E+02
p-Te126-MT002-Foster-C2691004-ang-E0007.685.1968                 1 1.20400E+02 1.50200E+02
p-Te126-MT002-Foster-C2691004-ang-E0007.685A001.1968             1 1.20400E+02 1.20400E+02
p-Te126-MT002-Matoba-E1415004-ang-E0051.900.1975                27 6.90001E+00 8.59000E+01
