#              Filename                                         N    min         max
a-Mg025-MT798-Yasue-E1343023-E0050.000.1990                     10 4.59998E+00 4.17000E+01
a-Mg025-MT798-Yasue-E1343024-E0050.000.1990                     10 4.59998E+00 4.17000E+01
a-Mg025-MT798-Yasue-E1343025-E0050.000.1990                     10 4.99999E+00 4.20000E+01
a-Mg025-MT798-Yasue-E1343026-E0050.000.1990                      9 3.89998E+00 3.43000E+01
a-Mg025-MT798-Yasue-E1343027-E0050.000.1990                     10 4.19997E+00 4.06000E+01
a-Mg025-MT798-Yasue-E1343028-E0050.000.1990                     10 3.79999E+00 4.05000E+01
a-Mg025-MT798-Yasue-E1343029-E0050.000.1990                      9 4.50002E+00 3.53000E+01
a-Mg025-MT798-Yasue-E1343031-E0050.000.1990                     10 4.19997E+00 4.03000E+01
a-Mg025-MT798-Yasue-E1343033-E0050.000.1990                      9 3.99998E+00 3.48000E+01
a-Mg025-MT798-Yasue-E1343034-E0050.000.1990                     10 4.79996E+00 4.08000E+01
a-Mg025-MT798-Yasue-E1343035-E0050.000.1990                      8 1.02000E+01 4.11000E+01
a-Mg025-MT798-Yasue-E1343038-E0050.000.1990                     10 4.90001E+00 4.07000E+01
a-Mg025-MT798-Yasue-E1343040-E0050.000.1990                      9 5.50000E+00 3.56000E+01
a-Mg025-MT798-Yasue-E1343041-E0050.000.1990                     10 5.09997E+00 4.05000E+01
a-Mg025-MT798-Yasue-E1343042-E0050.000.1990                     10 5.19999E+00 4.07000E+01
a-Mg025-MT798-Yasue-E1343043-E0050.000.1990                     10 5.50000E+00 4.10000E+01
a-Mg025-MT798-Yasue-E1343076-E0050.000.1990                     10 4.30002E+00 4.05000E+01
a-Mg025-MT798-Yasue-E1343077-E0050.000.1990                      9 4.90001E+00 4.01000E+01
a-Mg025-MT798-Yasue-E1343078-E0050.000.1990                     10 5.09997E+00 4.06000E+01
