#              Filename                                         N    min         max
d-Li006-MT107-Arena-F0085002-E0018.200.1994                     31 1.15000E+01 9.27000E+01
d-Li006-MT107-Arena-F0085002-E0021.800.1994                     23 1.26000E+01 9.64000E+01
d-Li006-MT107-Arena-F0085002-E0024.800.1994                     21 1.26000E+01 9.71000E+01
d-Li006-MT107-Arena-F0085002-E0027.800.1994                     23 1.16000E+01 9.83000E+01
d-Li006-MT107-Arena-F0085002-E0033.200.1994                     25 1.11000E+01 1.00800E+02
d-Li006-MT107-Arena-F0085002-E0034.700.1994                     28 1.06000E+01 9.04000E+01
d-Li006-MT107-Arena-F0085002-E0036.800.1994                     23 1.06000E+01 9.55000E+01
d-Li006-MT107-Arena-F0085002-E0038.400.1994                     19 1.13000E+01 8.17000E+01
d-Li006-MT107-Arena-F0085002-E0042.500.1994                     25 1.13000E+01 7.70000E+01
d-Li006-MT107-Arena-F0085002-E0044.500.1994                     27 1.14000E+01 9.00000E+01
d-Li006-MT107-Bertrand-A1513002-E0000.300.1968                  14 9.80000E+00 1.58800E+02
d-Li006-MT107-Bertrand-A1513002-E0000.400.1968                  15 9.80000E+00 1.57000E+02
d-Li006-MT107-Bertrand-A1513002-E0000.500.1968                  16 9.69998E+00 1.58400E+02
d-Li006-MT107-Bertrand-A1513002-E0000.600.1968                  17 9.69998E+00 1.58300E+02
d-Li006-MT107-Bertrand-A1513002-E0000.700.1968                  17 1.01000E+01 1.59200E+02
d-Li006-MT107-CaiDunjiuu-S0017005-E0000.392.1985                30 1.12500E+02 1.12500E+02
d-Li006-MT107-CaiDunjiuu-S0017008-E0000.500.1985                71 1.50000E+01 1.58000E+02
d-Li006-MT107-CaiDunjiuu-S0017009-E0001.689.1985                66 1.50000E+01 1.58000E+02
d-Li006-MT107-Delbrouckhabaru-A1529002-E0000.199.1969           22 1.54000E+02 1.54000E+02
d-Li006-MT107-Elwyn-T0134002-E0000.118.1977                    185 1.50000E+01 1.65000E+02
d-Li006-MT107-Foteinou-O1968002-E0000.889.2011                 180 1.40000E+02 1.70000E+02
d-Li006-MT107-Lalremruata-D6090002-E0000.100.2009                5 3.00000E+01 1.40000E+02
d-Li006-MT107-Mcclenahan-A1414006-E0000.958.1975                48 1.96000E+01 1.70900E+02
d-Li006-MT107-Risler-A1536002-E0001.000.1977                    16 7.60001E+00 7.39000E+01
d-Li006-MT107-Risler-A1536002-E0001.500.1977                    16 6.69999E+00 7.37000E+01
d-Li006-MT107-Risler-A1536002-E0002.000.1977                    16 6.29999E+00 7.33000E+01
d-Li006-MT107-Risler-A1536002-E0002.500.1977                    16 6.29999E+00 7.28000E+01
d-Li006-MT107-Risler-A1536002-E0003.000.1977                    18 7.00003E+00 7.57000E+01
d-Li006-MT107-Risler-A1536002-E0003.500.1977                    16 7.10001E+00 7.31000E+01
d-Li006-MT107-Risler-A1536002-E0004.000.1977                    16 7.30001E+00 7.38000E+01
d-Li006-MT107-Soderstrum-C1551002-E0006.960.1986                10 6.60004E+00 7.21000E+01
d-Li006-MT107-Soderstrum-C1551002-E0007.040.1986                10 6.60004E+00 7.20000E+01
