#              Filename                                         N    min         max
a-O016-MT002-Abele-D0146008-ang-E0048.700.1987                 101 1.21000E+01 1.68500E+02
a-O016-MT002-Abele-D0146009-ang-E0054.100.1987                  76 9.60001E+00 1.57500E+02
a-O016-MT002-Adachi-E2635005-ang-E0130.000.2018                 48 3.79999E+00 4.75000E+01
a-O016-MT002-Bergman-T0231002-ang-E0023.120.1971                 2 1.40200E+02 1.45100E+02
a-O016-MT002-Bergman-T0231003-ang-E0018.890.1971                 1 9.73000E+01 1.35900E+02
a-O016-MT002-Bergman-T0231003-ang-E0018.900.1971                 2 9.73000E+01 1.43500E+02
a-O016-MT002-Bergman-T0231003-ang-E0018.910.1971                 1 1.16800E+02 1.43500E+02
a-O016-MT002-Bergman-T0231003-ang-E0018.920.1971                 3 7.60000E+01 1.51900E+02
a-O016-MT002-Bergman-T0231003-ang-E0018.930.1971                 5 7.60000E+01 1.58700E+02
a-O016-MT002-Bergman-T0231003-ang-E0018.940.1971                 2 9.73000E+01 1.26300E+02
a-O016-MT002-Bergman-T0231003-ang-E0018.950.1971                 3 7.60000E+01 1.40200E+02
a-O016-MT002-Bergman-T0231003-ang-E0018.960.1971                 5 7.60000E+01 1.58700E+02
a-O016-MT002-Bergman-T0231003-ang-E0018.970.1971                 5 1.11800E+02 1.51900E+02
a-O016-MT002-Bergman-T0231003-ang-E0018.990.1971                 2 9.73000E+01 1.12900E+02
a-O016-MT002-Bergman-T0231003-ang-E0019.000.1971                 8 9.73000E+01 1.52100E+02
a-O016-MT002-Bergman-T0231003-ang-E0019.010.1971                 6 1.16800E+02 1.58700E+02
a-O016-MT002-Bergman-T0231003-ang-E0019.020.1971                 1 7.60000E+01 1.43500E+02
a-O016-MT002-Bergman-T0231003-ang-E0019.030.1971                 4 7.60000E+01 1.40200E+02
a-O016-MT002-Bergman-T0231003-ang-E0019.040.1971                 2 1.12900E+02 1.45900E+02
a-O016-MT002-Bergman-T0231003-ang-E0019.050.1971                 5 9.73000E+01 1.52100E+02
a-O016-MT002-Bergman-T0231003-ang-E0019.060.1971                 6 9.73000E+01 1.58700E+02
a-O016-MT002-Bergman-T0231003-ang-E0019.070.1971                 3 7.60000E+01 1.45900E+02
a-O016-MT002-Bergman-T0231003-ang-E0019.080.1971                 3 7.60000E+01 1.40200E+02
a-O016-MT002-Bergman-T0231003-ang-E0019.090.1971                 5 1.11800E+02 1.58700E+02
a-O016-MT002-Bergman-T0231003-ang-E0019.100.1971                 4 9.73000E+01 1.29700E+02
a-O016-MT002-Bergman-T0231003-ang-E0019.110.1971                 4 9.73000E+01 1.51900E+02
a-O016-MT002-Bergman-T0231003-ang-E0019.120.1971                 3 1.16800E+02 1.35900E+02
a-O016-MT002-Bergman-T0231003-ang-E0019.130.1971                 2 7.60000E+01 1.43500E+02
a-O016-MT002-Bergman-T0231003-ang-E0019.140.1971                 7 7.60000E+01 1.58700E+02
a-O016-MT002-Bergman-T0231003-ang-E0019.150.1971                 6 9.73000E+01 1.51900E+02
a-O016-MT002-Bergman-T0231003-ang-E0019.160.1971                 3 1.16800E+02 1.58700E+02
a-O016-MT002-Bergman-T0231003-ang-E0019.170.1971                 5 7.60000E+01 1.51900E+02
a-O016-MT002-Bergman-T0231003-ang-E0019.180.1971                 3 7.60000E+01 1.52100E+02
a-O016-MT002-Bergman-T0231003-ang-E0019.190.1971                 2 1.11800E+02 1.35900E+02
a-O016-MT002-Bergman-T0231003-ang-E0019.200.1971                 7 7.60000E+01 1.58700E+02
a-O016-MT002-Bergman-T0231003-ang-E0019.210.1971                 4 7.60000E+01 1.45900E+02
a-O016-MT002-Bergman-T0231003-ang-E0019.220.1971                 6 9.73000E+01 1.52100E+02
a-O016-MT002-Bergman-T0231003-ang-E0019.230.1971                 2 1.11800E+02 1.58700E+02
a-O016-MT002-Bergman-T0231003-ang-E0019.240.1971                 1 1.11800E+02 1.12900E+02
a-O016-MT002-Bergman-T0231003-ang-E0019.250.1971                 7 1.12900E+02 1.45900E+02
a-O016-MT002-Bergman-T0231003-ang-E0019.260.1971                 6 7.60000E+01 1.45900E+02
a-O016-MT002-Bergman-T0231003-ang-E0019.270.1971                 2 7.60000E+01 1.11800E+02
a-O016-MT002-Bergman-T0231003-ang-E0019.280.1971                 6 1.11800E+02 1.58700E+02
a-O016-MT002-Bergman-T0231003-ang-E0019.290.1971                 1 1.11800E+02 1.12900E+02
a-O016-MT002-Bergman-T0231003-ang-E0019.300.1971                 5 1.11800E+02 1.45900E+02
a-O016-MT002-Bergman-T0231003-ang-E0019.310.1971                 1 7.60000E+01 1.40200E+02
a-O016-MT002-Bergman-T0231003-ang-E0019.320.1971                 5 7.60000E+01 1.52100E+02
a-O016-MT002-Bergman-T0231003-ang-E0019.330.1971                 6 9.73000E+01 1.45900E+02
a-O016-MT002-Bergman-T0231003-ang-E0019.340.1971                 4 1.11800E+02 1.58700E+02
a-O016-MT002-Bergman-T0231003-ang-E0019.350.1971                 4 7.60000E+01 1.51900E+02
a-O016-MT002-Bergman-T0231003-ang-E0019.360.1971                 4 7.60000E+01 1.52100E+02
a-O016-MT002-Bergman-T0231003-ang-E0019.370.1971                 2 9.73000E+01 1.35900E+02
a-O016-MT002-Bergman-T0231003-ang-E0019.380.1971                 3 1.16800E+02 1.58700E+02
a-O016-MT002-Bergman-T0231003-ang-E0019.390.1971                 2 9.73000E+01 1.51900E+02
a-O016-MT002-Bergman-T0231003-ang-E0019.400.1971                 7 7.60000E+01 1.40200E+02
a-O016-MT002-Bergman-T0231003-ang-E0019.410.1971                 5 7.60000E+01 1.52100E+02
a-O016-MT002-Bergman-T0231003-ang-E0019.440.1971                 5 9.73000E+01 1.58700E+02
a-O016-MT002-Bergman-T0231003-ang-E0019.450.1971                 3 7.60000E+01 1.51900E+02
a-O016-MT002-Bergman-T0231003-ang-E0019.460.1971                 4 7.60000E+01 1.52100E+02
a-O016-MT002-Bergman-T0231003-ang-E0019.470.1971                 4 1.16800E+02 1.58700E+02
a-O016-MT002-Bergman-T0231003-ang-E0019.480.1971                 3 9.73000E+01 1.29700E+02
a-O016-MT002-Bergman-T0231003-ang-E0019.490.1971                 3 9.73000E+01 1.40200E+02
a-O016-MT002-Bergman-T0231003-ang-E0019.500.1971                 3 1.11800E+02 1.11800E+02
a-O016-MT002-Bergman-T0231004-ang-E0019.875.1971               359 3.07000E+01 1.74700E+02
a-O016-MT002-Berthoumieux-F0587002-ang-E0002.994.1998            1 1.16000E+02 1.36000E+02
a-O016-MT002-Berthoumieux-F0587002-ang-E0002.994A001.1998        1 1.36000E+02 1.61000E+02
a-O016-MT002-Berthoumieux-F0587002-ang-E0002.994A002.1998        1 1.36000E+02 1.61000E+02
a-O016-MT002-Berthoumieux-F0587002-ang-E0003.004.1998            1 1.36000E+02 1.61000E+02
a-O016-MT002-Berthoumieux-F0587002-ang-E0003.006.1998            1 1.16000E+02 1.61000E+02
a-O016-MT002-Berthoumieux-F0587002-ang-E0003.008.1998            1 1.16000E+02 1.36000E+02
a-O016-MT002-Berthoumieux-F0587002-ang-E0003.009.1998            1 1.36000E+02 1.61000E+02
a-O016-MT002-Berthoumieux-F0587002-ang-E0003.010.1998            1 1.16000E+02 1.61000E+02
a-O016-MT002-Berthoumieux-F0587002-ang-E0003.011.1998            1 1.16000E+02 1.16000E+02
a-O016-MT002-Billen-T0236002-ang-E0014.570.1979                  1 7.00000E+01 1.00000E+02
a-O016-MT002-Billen-T0236002-ang-E0014.580.1979                  4 4.00000E+01 1.25000E+02
a-O016-MT002-Billen-T0236002-ang-E0014.590.1979                  4 4.00000E+01 1.70000E+02
a-O016-MT002-Blatchley-T0230005-ang-E0022.500.1965              61 3.10000E+01 1.75000E+02
a-O016-MT002-Brady-F0198003-ang-E0008.640.1967                  28 2.29000E+01 1.63500E+02
a-O016-MT002-Brady-F0198003-ang-E0009.310.1967                  29 2.01000E+01 1.63300E+02
a-O016-MT002-Brady-F0198003-ang-E0010.130.1967                  32 2.01000E+01 1.63800E+02
a-O016-MT002-Budzanowski-D0560021-ang-E0024.700.1964            31 3.53000E+01 1.07200E+02
a-O016-MT002-Budzanowski-D0877002-ang-E0022.680.1973            26 1.79000E+02 1.79000E+02
a-O016-MT002-Burtebayev-D0841002-ang-E0048.100.2017             67 1.00000E+01 1.70000E+02
a-O016-MT002-Cameron-C1031003-ang-E0002.402.1953               664 1.64100E+02 1.64100E+02
a-O016-MT002-Caskey-T0237002-ang-E0009.189.1985                  2 4.50000E+01 1.10000E+02
a-O016-MT002-Caskey-T0237002-ang-E0009.189A001.1985              1 9.00000E+01 1.20000E+02
a-O016-MT002-Caskey-T0237002-ang-E0009.189A002.1985              3 2.50000E+01 1.40100E+02
a-O016-MT002-Caskey-T0237002-ang-E0009.190.1985                  1 2.50000E+01 7.50000E+01
a-O016-MT002-Caskey-T0237002-ang-E0009.190A001.1985              1 4.00000E+01 7.50000E+01
a-O016-MT002-Caskey-T0237002-ang-E0009.190A002.1985              2 4.00000E+01 1.65000E+02
a-O016-MT002-Caskey-T0237002-ang-E0009.191.1985                  1 9.50000E+01 1.65000E+02
a-O016-MT002-Caskey-T0237002-ang-E0009.191A001.1985              1 3.00000E+01 9.50000E+01
a-O016-MT002-Caskey-T0237002-ang-E0009.191A002.1985              1 3.00000E+01 1.15000E+02
a-O016-MT002-Caskey-T0237002-ang-E0009.192.1985                  1 1.15000E+02 1.40100E+02
a-O016-MT002-Caskey-T0237002-ang-E0009.193.1985                  1 2.50000E+01 1.40100E+02
a-O016-MT002-Caskey-T0237002-ang-E0009.193A001.1985              1 2.50000E+01 9.00000E+01
a-O016-MT002-Caskey-T0237002-ang-E0009.194.1985                  1 9.00000E+01 1.20000E+02
a-O016-MT002-Caskey-T0237002-ang-E0009.194A001.1985              2 4.00000E+01 1.30100E+02
a-O016-MT002-Caskey-T0237002-ang-E0009.195.1985                  1 4.00000E+01 9.50000E+01
a-O016-MT002-Caskey-T0237002-ang-E0009.195A001.1985              1 4.50000E+01 9.50000E+01
a-O016-MT002-Caskey-T0237002-ang-E0009.196.1985                  1 4.50000E+01 1.10000E+02
a-O016-MT002-Caskey-T0237002-ang-E0009.196A001.1985              1 1.10000E+02 1.65000E+02
a-O016-MT002-Caskey-T0237002-ang-E0009.196A002.1985              1 3.00000E+01 1.65000E+02
a-O016-MT002-Caskey-T0237002-ang-E0009.196A003.1985              2 3.00000E+01 7.50000E+01
a-O016-MT002-Caskey-T0237002-ang-E0009.197.1985                  1 2.50000E+01 6.00000E+01
a-O016-MT002-Caskey-T0237002-ang-E0009.197A001.1985              1 2.50000E+01 9.00000E+01
a-O016-MT002-Caskey-T0237002-ang-E0009.198.1985                  1 4.50000E+01 9.00000E+01
a-O016-MT002-Caskey-T0237002-ang-E0009.198A001.1985              1 2.50000E+01 4.50000E+01
a-O016-MT002-Caskey-T0237002-ang-E0009.199.1985                  1 2.50000E+01 4.00000E+01
a-O016-MT002-Caskey-T0237002-ang-E0009.199A001.1985              1 4.00000E+01 1.30100E+02
a-O016-MT002-Caskey-T0237002-ang-E0009.199A002.1985              1 1.30100E+02 1.40100E+02
a-O016-MT002-Caskey-T0237002-ang-E0009.199A003.1985              1 1.40100E+02 1.65000E+02
a-O016-MT002-Caskey-T0237002-ang-E0009.199A004.1985              1 7.50000E+01 1.65000E+02
a-O016-MT002-Caskey-T0237002-ang-E0009.200.1985                  1 3.00000E+01 7.50000E+01
a-O016-MT002-Caskey-T0237002-ang-E0009.200A001.1985              1 3.00000E+01 1.20000E+02
a-O016-MT002-Caskey-T0237002-ang-E0009.200A002.1985              1 1.10000E+02 1.20000E+02
a-O016-MT002-Caskey-T0237002-ang-E0009.200A003.1985              1 9.50000E+01 1.10000E+02
a-O016-MT002-Caskey-T0237002-ang-E0009.201.1985                  1 9.50000E+01 1.70000E+02
a-O016-MT002-Caskey-T0237002-ang-E0009.202.1985                  1 5.50000E+01 1.70000E+02
a-O016-MT002-Caskey-T0237002-ang-E0009.212.1985                  1 5.50000E+01 9.00000E+01
a-O016-MT002-Caskey-T0237002-ang-E0009.219.1985                  1 6.00000E+01 9.00000E+01
a-O016-MT002-Caskey-T0237002-ang-E0009.219A001.1985              1 6.00000E+01 1.10000E+02
a-O016-MT002-Caskey-T0237002-ang-E0009.220.1985                  1 1.10000E+02 1.15000E+02
a-O016-MT002-Caskey-T0237002-ang-E0009.220A001.1985              3 4.00000E+01 1.65000E+02
a-O016-MT002-Caskey-T0237002-ang-E0009.220A002.1985              3 2.50000E+01 9.50000E+01
a-O016-MT002-Caskey-T0237002-ang-E0009.220A003.1985              1 2.50000E+01 3.00000E+01
a-O016-MT002-Caskey-T0237002-ang-E0009.220A004.1985              2 3.00000E+01 1.40100E+02
a-O016-MT002-Caskey-T0237002-ang-E0009.220A005.1985              1 1.30100E+02 1.40100E+02
a-O016-MT002-Caskey-T0237002-ang-E0009.221.1985                  1 1.30100E+02 1.70000E+02
a-O016-MT002-Caskey-T0237002-ang-E0009.230.1985                  1 5.50000E+01 1.70000E+02
a-O016-MT002-Caskey-T0237002-ang-E0009.235.1985                  1 5.50000E+01 1.15000E+02
a-O016-MT002-Caskey-T0237002-ang-E0009.237.1985                  1 4.50000E+01 1.15000E+02
a-O016-MT002-Caskey-T0237002-ang-E0009.239.1985                  2 4.50000E+01 1.10000E+02
a-O016-MT002-Caskey-T0237002-ang-E0009.240.1985                  2 9.00000E+01 1.65000E+02
a-O016-MT002-Caskey-T0237002-ang-E0009.240A001.1985              1 7.50000E+01 1.40100E+02
a-O016-MT002-Caskey-T0237002-ang-E0009.240A002.1985              1 3.00000E+01 7.50000E+01
a-O016-MT002-Caskey-T0237002-ang-E0009.240A003.1985              2 2.50000E+01 9.50000E+01
a-O016-MT002-Caskey-T0237002-ang-E0009.241.1985                  2 2.50000E+01 1.20000E+02
a-O016-MT002-Caskey-T0237002-ang-E0009.241A001.1985              1 4.00000E+01 1.30100E+02
a-O016-MT002-Caskey-T0237002-ang-E0009.241A002.1985              1 6.00000E+01 1.30100E+02
a-O016-MT002-Caskey-T0237002-ang-E0009.242.1985                  1 5.50000E+01 6.00000E+01
a-O016-MT002-Caskey-T0237002-ang-E0009.252.1985                  1 5.50000E+01 1.70000E+02
a-O016-MT002-Caskey-T0237002-ang-E0009.253.1985                  1 9.00000E+01 1.70000E+02
a-O016-MT002-Caskey-T0237002-ang-E0009.254.1985                  1 4.50000E+01 9.00000E+01
a-O016-MT002-Caskey-T0237002-ang-E0009.254A001.1985              2 4.50000E+01 1.30100E+02
a-O016-MT002-Caskey-T0237002-ang-E0009.255.1985                  1 1.10000E+02 1.30100E+02
a-O016-MT002-Caskey-T0237002-ang-E0009.255A001.1985              1 1.10000E+02 1.20000E+02
a-O016-MT002-Caskey-T0237002-ang-E0009.255A002.1985              1 7.50000E+01 1.20000E+02
a-O016-MT002-Caskey-T0237002-ang-E0009.255A003.1985              2 3.00000E+01 1.40100E+02
a-O016-MT002-Caskey-T0237002-ang-E0009.255A004.1985              2 3.00000E+01 9.50000E+01
a-O016-MT002-Caskey-T0237002-ang-E0009.255A005.1985              1 2.50000E+01 9.50000E+01
a-O016-MT002-Caskey-T0237002-ang-E0009.256.1985                  2 2.50000E+01 1.65000E+02
a-O016-MT002-Caskey-T0237002-ang-E0009.259.1985                  1 9.00000E+01 1.10000E+02
a-O016-MT002-Caskey-T0237002-ang-E0009.259A001.1985              1 6.00000E+01 1.10000E+02
a-O016-MT002-Caskey-T0237002-ang-E0009.259A002.1985              1 4.50000E+01 6.00000E+01
a-O016-MT002-Caskey-T0237002-ang-E0009.259A003.1985              1 2.50000E+01 4.50000E+01
a-O016-MT002-Caskey-T0237002-ang-E0009.260.1985                  1 2.50000E+01 1.30100E+02
a-O016-MT002-Caskey-T0237002-ang-E0009.260A001.1985              2 1.20000E+02 1.65000E+02
a-O016-MT002-Caskey-T0237002-ang-E0009.260A002.1985              1 7.50000E+01 1.20000E+02
a-O016-MT002-Caskey-T0237002-ang-E0009.260A003.1985              2 3.00000E+01 1.40100E+02
a-O016-MT002-Caskey-T0237002-ang-E0009.261.1985                  1 3.00000E+01 4.00000E+01
a-O016-MT002-Caskey-T0237002-ang-E0009.261A001.1985              1 4.00000E+01 9.50000E+01
a-O016-MT002-Caskey-T0237002-ang-E0009.261A002.1985              1 9.00000E+01 9.50000E+01
a-O016-MT002-Caskey-T0237002-ang-E0009.274.1985                  1 5.50000E+01 9.00000E+01
a-O016-MT002-Caskey-T0237002-ang-E0009.274A001.1985              1 4.50000E+01 5.50000E+01
a-O016-MT002-Caskey-T0237002-ang-E0009.274A002.1985              1 4.50000E+01 1.40100E+02
a-O016-MT002-Caskey-T0237002-ang-E0009.275.1985                  1 9.50000E+01 1.40100E+02
a-O016-MT002-Caskey-T0237002-ang-E0009.275A001.1985              2 2.50000E+01 1.20000E+02
a-O016-MT002-Caskey-T0237002-ang-E0009.275A002.1985              1 2.50000E+01 1.10000E+02
a-O016-MT002-Caskey-T0237002-ang-E0009.275A003.1985              2 4.00000E+01 1.65000E+02
a-O016-MT002-Caskey-T0237002-ang-E0009.275A004.1985              1 4.00000E+01 7.50000E+01
a-O016-MT002-Caskey-T0237002-ang-E0009.275A005.1985              2 3.00000E+01 1.30100E+02
a-O016-MT002-Caskey-T0237002-ang-E0009.276.1985                  2 3.00000E+01 1.70000E+02
a-O016-MT002-Caskey-T0237002-ang-E0009.276A001.1985              1 6.00000E+01 1.15000E+02
a-O016-MT002-Caskey-T0237002-ang-E0009.277.1985                  1 1.15000E+02 1.15000E+02
a-O016-MT002-Cervera-D0270002-ang-E0020.200.1968               194 1.01000E+01 1.65700E+02
a-O016-MT002-Cervera-D0270003-ang-E0020.200.1968                21 1.17700E+02 1.61300E+02
a-O016-MT002-Cervera-D0270003-ang-E0020.800.1968                21 1.20600E+02 1.66000E+02
a-O016-MT002-Cervera-D0270004-ang-E0020.199.1968                 7 1.66700E+02 1.66700E+02
a-O016-MT002-Ceuleneer-F0404002-ang-E0012.970.1975              22 1.77200E+02 1.77200E+02
a-O016-MT002-Ceuleneer-F0404003-ang-E0013.050.1975              45 6.43000E+01 1.77700E+02
a-O016-MT002-Ceuleneer-F0404003-ang-E0013.370.1975              45 6.47000E+01 1.77300E+02
a-O016-MT002-Ceuleneer-F0404003-ang-E0013.530.1975              45 6.47000E+01 1.77300E+02
a-O016-MT002-Corelli-T0245005-ang-E0018.300.1959                61 9.60001E+00 1.70700E+02
a-O016-MT002-Costantini-C1819003-ang-E0002.177.2010            166 9.00000E+01 9.00000E+01
a-O016-MT002-Cowley-F0163002-ang-E0025.390.1970                  1 1.50000E+02 1.78500E+02
a-O016-MT002-Cowley-F0163002-ang-E0025.410.1970                  1 1.78500E+02 1.78500E+02
a-O016-MT002-Cowley-F0163003-ang-E0025.400.1970                 67 1.27000E+01 1.77900E+02
a-O016-MT002-Cowley-F0163003-ang-E0026.600.1970                 66 1.44000E+01 1.78300E+02
a-O016-MT002-Cowley-F0163003-ang-E0028.100.1970                 65 1.23000E+01 1.76900E+02
a-O016-MT002-Cowley-F0163003-ang-E0029.100.1970                 65 1.23000E+01 1.78000E+02
a-O016-MT002-Cowley-F0368002-ang-E0025.440.1969                  1 1.50000E+02 1.78500E+02
a-O016-MT002-Cowley-F0368002-ang-E0025.480.1969                  1 1.78500E+02 1.78500E+02
a-O016-MT002-Cowley-F0508004-ang-E0026.910.1978                 17 1.77300E+02 1.77300E+02
a-O016-MT002-Davies-C09130021-ang-E0007.300.1994                29 1.70000E+02 1.70000E+02
a-O016-MT002-Demarche-D0429002-ang-E0002.433.2006              590 1.65000E+02 1.70000E+02
a-O016-MT002-England-F0356004-ang-E0020.100.1977                65 1.06000E+01 1.72000E+02
a-O016-MT002-England-F0356004-ang-E0021.500.1977                66 1.02000E+01 1.72300E+02
a-O016-MT002-England-F0356004-ang-E0023.200.1977                59 1.02000E+01 1.69000E+02
a-O016-MT002-Feofilov-F0483002-ang-E0023.700.1976               59 1.52000E+01 1.67200E+02
a-O016-MT002-Ferrero-D0311004-ang-E0020.100.1969                65 1.06000E+01 1.74900E+02
a-O016-MT002-Ferrero-D0311005-ang-E0020.100.1969                31 9.21000E+01 1.70200E+02
a-O016-MT002-Ferrero-D0311005-ang-E0020.290.1969                29 1.00800E+02 1.69000E+02
a-O016-MT002-Ferrero-D0311007-ang-E0020.089.1969                 9 1.65000E+02 1.65000E+02
a-O016-MT002-Hauser-D0216007-ang-E0104.000.1969                 60 4.69999E+00 7.50000E+01
a-O016-MT002-Hausser-T0232002-ang-E0005.035.1972               197 9.87000E+01 1.77500E+02
a-O016-MT002-Hausser-T0232003-ang-E0008.977.1972               104 1.77500E+02 1.77500E+02
a-O016-MT002-Hausser-T0232004-ang-E0008.977.1972               231 9.87000E+01 1.77500E+02
a-O016-MT002-Hausser-T0232005-ang-E0009.014.1972               207 9.07000E+01 1.77500E+02
a-O016-MT002-Hausser-T0232006-ang-E0010.700.1972               240 9.97000E+01 9.97000E+01
a-O016-MT002-Hausser-T0233002-ang-E0004.637.1973                 1 8.87000E+01 1.23000E+02
a-O016-MT002-Hausser-T0233002-ang-E0004.637A001.1973             1 6.28000E+01 8.87000E+01
a-O016-MT002-Hausser-T0233002-ang-E0004.638.1973                 1 6.28000E+01 1.23000E+02
a-O016-MT002-Hausser-T0233002-ang-E0004.638A001.1973             1 8.87000E+01 1.23000E+02
a-O016-MT002-Hausser-T0233002-ang-E0004.638A002.1973             1 6.28000E+01 8.87000E+01
a-O016-MT002-Hausser-T0233002-ang-E0004.639.1973                 1 6.28000E+01 1.23000E+02
a-O016-MT002-Hausser-T0233002-ang-E0004.639A001.1973             1 8.87000E+01 1.23000E+02
a-O016-MT002-Hausser-T0233002-ang-E0004.639A002.1973             1 6.28000E+01 8.87000E+01
a-O016-MT002-Hausser-T0233002-ang-E0004.640.1973                 1 6.28000E+01 1.23000E+02
a-O016-MT002-Hausser-T0233002-ang-E0004.640A001.1973             1 8.87000E+01 1.23000E+02
a-O016-MT002-Hausser-T0233002-ang-E0004.640A002.1973             1 6.28000E+01 8.87000E+01
a-O016-MT002-Hausser-T0233002-ang-E0004.641.1973                 1 6.28000E+01 1.77500E+02
a-O016-MT002-Hausser-T0233002-ang-E0004.641A001.1973             1 1.10000E+02 1.77500E+02
a-O016-MT002-Hausser-T0233002-ang-E0004.641A002.1973             1 7.57000E+01 1.10000E+02
a-O016-MT002-Hausser-T0233002-ang-E0004.641A003.1973             2 4.98000E+01 1.23000E+02
a-O016-MT002-Hausser-T0233002-ang-E0004.641A004.1973             2 4.98000E+01 8.87000E+01
a-O016-MT002-Hausser-T0233002-ang-E0004.642.1973                 1 6.28000E+01 1.77500E+02
a-O016-MT002-Hausser-T0233002-ang-E0004.642A001.1973             1 1.10000E+02 1.77500E+02
a-O016-MT002-Hausser-T0233002-ang-E0004.642A002.1973             2 7.57000E+01 1.23000E+02
a-O016-MT002-Hausser-T0233002-ang-E0004.642A003.1973             2 4.98000E+01 8.87000E+01
a-O016-MT002-Hausser-T0233002-ang-E0004.642A004.1973             1 4.98000E+01 6.28000E+01
a-O016-MT002-Hausser-T0233002-ang-E0004.643.1973                 1 6.28000E+01 1.77500E+02
a-O016-MT002-Hausser-T0233002-ang-E0004.643A001.1973             1 7.57000E+01 1.77500E+02
a-O016-MT002-Hausser-T0233002-ang-E0004.643A002.1973             3 4.98000E+01 1.23000E+02
a-O016-MT002-Hausser-T0233002-ang-E0004.643A003.1973             2 4.98000E+01 8.87000E+01
a-O016-MT002-Hausser-T0233002-ang-E0004.644.1973                 1 6.28000E+01 1.77500E+02
a-O016-MT002-Hausser-T0233002-ang-E0004.644A001.1973             1 7.57000E+01 1.77500E+02
a-O016-MT002-Hausser-T0233002-ang-E0004.644A002.1973             3 7.57000E+01 1.23000E+02
a-O016-MT002-Hausser-T0233002-ang-E0004.644A003.1973             1 4.98000E+01 8.87000E+01
a-O016-MT002-Hausser-T0233002-ang-E0004.644A004.1973             1 4.98000E+01 6.28000E+01
a-O016-MT002-Hausser-T0233002-ang-E0004.645.1973                 1 6.28000E+01 1.77500E+02
a-O016-MT002-Hausser-T0233002-ang-E0004.645A001.1973             1 7.57000E+01 1.77500E+02
a-O016-MT002-Hausser-T0233002-ang-E0004.645A002.1973             3 4.98000E+01 1.23000E+02
a-O016-MT002-Hausser-T0233002-ang-E0004.645A003.1973             1 4.98000E+01 8.87000E+01
a-O016-MT002-Hausser-T0233002-ang-E0004.645A004.1973             1 6.28000E+01 8.87000E+01
a-O016-MT002-Hausser-T0233002-ang-E0004.646.1973                 1 6.28000E+01 1.77500E+02
a-O016-MT002-Hausser-T0233002-ang-E0004.646A001.1973             1 7.57000E+01 1.77500E+02
a-O016-MT002-Hausser-T0233002-ang-E0004.646A002.1973             3 4.98000E+01 1.23000E+02
a-O016-MT002-Hausser-T0233002-ang-E0004.646A003.1973             1 4.98000E+01 8.87000E+01
a-O016-MT002-Hausser-T0233002-ang-E0004.646A004.1973             1 8.87000E+01 1.49000E+02
a-O016-MT002-Hausser-T0233002-ang-E0004.647.1973                 1 6.28000E+01 1.49000E+02
a-O016-MT002-Hausser-T0233002-ang-E0004.647A001.1973             1 6.28000E+01 1.77500E+02
a-O016-MT002-Hausser-T0233002-ang-E0004.647A002.1973             1 7.57000E+01 1.77500E+02
a-O016-MT002-Hausser-T0233002-ang-E0004.647A003.1973             2 7.57000E+01 1.10000E+02
a-O016-MT002-Hausser-T0233002-ang-E0004.647A004.1973             2 4.98000E+01 1.23000E+02
a-O016-MT002-Hausser-T0233002-ang-E0004.647A005.1973             1 4.98000E+01 1.49000E+02
a-O016-MT002-Hausser-T0233002-ang-E0004.648.1973                 1 6.28000E+01 1.49000E+02
a-O016-MT002-Hausser-T0233002-ang-E0004.648A001.1973             1 6.28000E+01 1.77500E+02
a-O016-MT002-Hausser-T0233002-ang-E0004.648A002.1973             1 7.57000E+01 1.77500E+02
a-O016-MT002-Hausser-T0233002-ang-E0004.648A003.1973             3 4.98000E+01 1.23000E+02
a-O016-MT002-Hausser-T0233002-ang-E0004.648A004.1973             2 4.98000E+01 8.87000E+01
a-O016-MT002-Hausser-T0233002-ang-E0004.649.1973                 1 6.28000E+01 1.49000E+02
a-O016-MT002-Hausser-T0233002-ang-E0004.649A001.1973             1 1.49000E+02 1.77500E+02
a-O016-MT002-Hausser-T0233002-ang-E0004.649A002.1973             1 7.57000E+01 1.77500E+02
a-O016-MT002-Hausser-T0233002-ang-E0004.649A003.1973             3 7.57000E+01 1.23000E+02
a-O016-MT002-Hausser-T0233002-ang-E0004.649A004.1973             1 4.98000E+01 8.87000E+01
a-O016-MT002-Hausser-T0233002-ang-E0004.649A005.1973             1 4.98000E+01 6.28000E+01
a-O016-MT002-Hausser-T0233002-ang-E0004.650.1973                 1 6.28000E+01 1.77500E+02
a-O016-MT002-Hausser-T0233002-ang-E0004.650A001.1973             1 1.49000E+02 1.77500E+02
a-O016-MT002-Hausser-T0233002-ang-E0004.650A002.1973             1 7.57000E+01 1.49000E+02
a-O016-MT002-Hausser-T0233002-ang-E0004.650A003.1973             3 4.98000E+01 1.23000E+02
a-O016-MT002-Hausser-T0233002-ang-E0004.650A004.1973             2 4.98000E+01 8.87000E+01
a-O016-MT002-Hausser-T0233002-ang-E0004.651.1973                 1 6.28000E+01 1.49000E+02
a-O016-MT002-Hausser-T0233002-ang-E0004.651A001.1973             2 7.57000E+01 1.77500E+02
a-O016-MT002-Hausser-T0233002-ang-E0004.651A002.1973             3 4.98000E+01 1.23000E+02
a-O016-MT002-Hausser-T0233002-ang-E0004.651A003.1973             2 4.98000E+01 8.87000E+01
a-O016-MT002-Hausser-T0233002-ang-E0004.652.1973                 1 6.28000E+01 1.77500E+02
a-O016-MT002-Hausser-T0233002-ang-E0004.652A001.1973             1 1.49000E+02 1.77500E+02
a-O016-MT002-Hausser-T0233002-ang-E0004.652A002.1973             1 7.57000E+01 1.49000E+02
a-O016-MT002-Hausser-T0233002-ang-E0004.652A003.1973             3 4.98000E+01 1.23000E+02
a-O016-MT002-Hausser-T0233002-ang-E0004.652A004.1973             2 4.98000E+01 8.87000E+01
a-O016-MT002-Hausser-T0233002-ang-E0004.653.1973                 1 6.28000E+01 1.77500E+02
a-O016-MT002-Hausser-T0233002-ang-E0004.653A001.1973             1 1.49000E+02 1.77500E+02
a-O016-MT002-Hausser-T0233002-ang-E0004.653A002.1973             1 7.57000E+01 1.49000E+02
a-O016-MT002-Hausser-T0233002-ang-E0004.653A003.1973             3 4.98000E+01 1.23000E+02
a-O016-MT002-Hausser-T0233002-ang-E0004.653A004.1973             1 4.98000E+01 8.87000E+01
a-O016-MT002-Hausser-T0233002-ang-E0004.654.1973                 1 6.28000E+01 8.87000E+01
a-O016-MT002-Hausser-T0233002-ang-E0004.654A001.1973             1 6.28000E+01 1.49000E+02
a-O016-MT002-Hausser-T0233002-ang-E0004.654A002.1973             2 7.57000E+01 1.77500E+02
a-O016-MT002-Hausser-T0233002-ang-E0004.654A003.1973             1 7.57000E+01 1.10000E+02
a-O016-MT002-Hausser-T0233002-ang-E0004.654A004.1973             2 4.98000E+01 1.23000E+02
a-O016-MT002-Hausser-T0233002-ang-E0004.654A005.1973             1 4.98000E+01 6.28000E+01
a-O016-MT002-Hausser-T0233002-ang-E0004.655.1973                 2 6.28000E+01 1.77500E+02
a-O016-MT002-Hausser-T0233002-ang-E0004.655A001.1973             1 1.49000E+02 1.77500E+02
a-O016-MT002-Hausser-T0233002-ang-E0004.655A002.1973             1 7.57000E+01 1.49000E+02
a-O016-MT002-Hausser-T0233002-ang-E0004.655A003.1973             3 4.98000E+01 1.23000E+02
a-O016-MT002-Hausser-T0233002-ang-E0004.655A004.1973             2 4.98000E+01 8.87000E+01
a-O016-MT002-Hausser-T0233002-ang-E0004.655A005.1973             1 6.28000E+01 1.77500E+02
a-O016-MT002-Hausser-T0233002-ang-E0004.656.1973                 1 7.57000E+01 1.77500E+02
a-O016-MT002-Hausser-T0233002-ang-E0004.656A001.1973             4 4.98000E+01 1.49000E+02
a-O016-MT002-Hausser-T0233002-ang-E0004.656A002.1973             2 4.98000E+01 8.87000E+01
a-O016-MT002-Hausser-T0233002-ang-E0004.657.1973                 1 6.28000E+01 1.77500E+02
a-O016-MT002-Hausser-T0233002-ang-E0004.657A001.1973             1 7.57000E+01 1.77500E+02
a-O016-MT002-Hausser-T0233002-ang-E0004.657A002.1973             4 4.98000E+01 1.49000E+02
a-O016-MT002-Hausser-T0233002-ang-E0004.657A003.1973             1 4.98000E+01 8.87000E+01
a-O016-MT002-Hausser-T0233002-ang-E0004.657A004.1973             1 6.28000E+01 8.87000E+01
a-O016-MT002-Hausser-T0233002-ang-E0004.658.1973                 2 6.28000E+01 1.77500E+02
a-O016-MT002-Hausser-T0233002-ang-E0004.658A001.1973             3 4.98000E+01 1.23000E+02
a-O016-MT002-Hausser-T0233002-ang-E0004.658A002.1973             2 4.98000E+01 1.49000E+02
a-O016-MT002-Hausser-T0233002-ang-E0004.659.1973                 1 6.28000E+01 8.87000E+01
a-O016-MT002-Hausser-T0233002-ang-E0004.659A001.1973             1 6.28000E+01 1.77500E+02
a-O016-MT002-Hausser-T0233002-ang-E0004.659A002.1973             1 1.23000E+02 1.77500E+02
a-O016-MT002-Hausser-T0233002-ang-E0004.659A003.1973             1 7.57000E+01 1.23000E+02
a-O016-MT002-Hausser-T0233002-ang-E0004.659A004.1973             2 4.98000E+01 1.10000E+02
a-O016-MT002-Hausser-T0233002-ang-E0004.659A005.1973             1 4.98000E+01 8.87000E+01
a-O016-MT002-Hausser-T0233002-ang-E0004.660.1973                 2 6.28000E+01 1.49000E+02
a-O016-MT002-Hausser-T0233002-ang-E0004.660A001.1973             1 6.28000E+01 1.77500E+02
a-O016-MT002-Hausser-T0233002-ang-E0004.660A002.1973             1 7.57000E+01 1.77500E+02
a-O016-MT002-Hausser-T0233002-ang-E0004.660A003.1973             3 4.98000E+01 1.23000E+02
a-O016-MT002-Hausser-T0233002-ang-E0004.660A004.1973             1 4.98000E+01 8.87000E+01
a-O016-MT002-Hausser-T0233002-ang-E0004.661.1973                 2 6.28000E+01 1.49000E+02
a-O016-MT002-Hausser-T0233002-ang-E0004.661A001.1973             1 6.28000E+01 1.77500E+02
a-O016-MT002-Hausser-T0233002-ang-E0004.661A002.1973             1 7.57000E+01 1.77500E+02
a-O016-MT002-Hausser-T0233002-ang-E0004.661A003.1973             3 4.98000E+01 1.23000E+02
a-O016-MT002-Hausser-T0233002-ang-E0004.661A004.1973             1 4.98000E+01 8.87000E+01
a-O016-MT002-Hausser-T0233002-ang-E0004.661A005.1973             2 6.28000E+01 1.49000E+02
a-O016-MT002-Hausser-T0233002-ang-E0004.662.1973                 1 6.28000E+01 1.77500E+02
a-O016-MT002-Hausser-T0233002-ang-E0004.662A001.1973             1 7.57000E+01 1.77500E+02
a-O016-MT002-Hausser-T0233002-ang-E0004.662A002.1973             3 4.98000E+01 1.23000E+02
a-O016-MT002-Hausser-T0233002-ang-E0004.662A003.1973             1 4.98000E+01 6.28000E+01
a-O016-MT002-Hausser-T0233002-ang-E0004.662A004.1973             3 6.28000E+01 1.77500E+02
a-O016-MT002-Hausser-T0233002-ang-E0004.663.1973                 1 7.57000E+01 1.77500E+02
a-O016-MT002-Hausser-T0233002-ang-E0004.663A001.1973             3 4.98000E+01 1.23000E+02
a-O016-MT002-Hausser-T0233002-ang-E0004.663A002.1973             2 4.98000E+01 1.49000E+02
a-O016-MT002-Hausser-T0233002-ang-E0004.663A003.1973             1 6.28000E+01 1.49000E+02
a-O016-MT002-Hausser-T0233002-ang-E0004.664.1973                 1 6.28000E+01 1.77500E+02
a-O016-MT002-Hausser-T0233002-ang-E0004.664A001.1973             1 7.57000E+01 1.77500E+02
a-O016-MT002-Hausser-T0233002-ang-E0004.664A002.1973             1 7.57000E+01 1.10000E+02
a-O016-MT002-Hausser-T0233002-ang-E0004.664A003.1973             1 4.98000E+01 1.10000E+02
a-O016-MT002-Hausser-T0233002-ang-E0004.664A004.1973             1 4.98000E+01 1.49000E+02
a-O016-MT002-Hausser-T0233002-ang-E0004.664A005.1973             1 1.49000E+02 1.77500E+02
a-O016-MT002-Hausser-T0233002-ang-E0004.665.1973                 1 7.57000E+01 1.77500E+02
a-O016-MT002-Hausser-T0233002-ang-E0004.665A001.1973             2 4.98000E+01 1.10000E+02
a-O016-MT002-Hausser-T0233002-ang-E0004.665A002.1973             1 4.98000E+01 1.49000E+02
a-O016-MT002-Hausser-T0233002-ang-E0004.666.1973                 1 1.49000E+02 1.77500E+02
a-O016-MT002-Hausser-T0233002-ang-E0004.666A001.1973             1 7.57000E+01 1.77500E+02
a-O016-MT002-Hausser-T0233002-ang-E0004.666A002.1973             2 4.98000E+01 1.10000E+02
a-O016-MT002-Hausser-T0233002-ang-E0004.666A003.1973             1 4.98000E+01 1.49000E+02
a-O016-MT002-Hausser-T0233002-ang-E0004.667.1973                 1 1.49000E+02 1.77500E+02
a-O016-MT002-Hausser-T0233002-ang-E0004.667A001.1973             1 7.57000E+01 1.77500E+02
a-O016-MT002-Hausser-T0233002-ang-E0004.667A002.1973             2 4.98000E+01 1.10000E+02
a-O016-MT002-Hausser-T0233002-ang-E0004.667A003.1973             1 4.98000E+01 1.49000E+02
a-O016-MT002-Hausser-T0233002-ang-E0004.668.1973                 1 1.49000E+02 1.77500E+02
a-O016-MT002-Hausser-T0233002-ang-E0004.668A001.1973             1 7.57000E+01 1.77500E+02
a-O016-MT002-Hausser-T0233002-ang-E0004.668A002.1973             1 7.57000E+01 1.10000E+02
a-O016-MT002-Hausser-T0233002-ang-E0004.668A003.1973             1 4.98000E+01 1.10000E+02
a-O016-MT002-Hausser-T0233002-ang-E0004.668A004.1973             1 4.98000E+01 1.49000E+02
a-O016-MT002-Hausser-T0233002-ang-E0004.668A005.1973             1 1.49000E+02 1.77500E+02
a-O016-MT002-Hausser-T0233002-ang-E0004.669.1973                 1 7.57000E+01 1.77500E+02
a-O016-MT002-Hausser-T0233002-ang-E0004.669A001.1973             2 4.98000E+01 1.10000E+02
a-O016-MT002-Hausser-T0233002-ang-E0004.669A002.1973             2 4.98000E+01 1.77500E+02
a-O016-MT002-Hausser-T0233002-ang-E0004.670.1973                 1 7.57000E+01 1.77500E+02
a-O016-MT002-Hausser-T0233002-ang-E0004.670A001.1973             2 4.98000E+01 1.10000E+02
a-O016-MT002-Hausser-T0233002-ang-E0004.670A002.1973             1 4.98000E+01 1.49000E+02
a-O016-MT002-Hausser-T0233002-ang-E0004.670A003.1973             1 1.49000E+02 1.77500E+02
a-O016-MT002-Hausser-T0233002-ang-E0004.671.1973                 1 7.57000E+01 1.77500E+02
a-O016-MT002-Hausser-T0233002-ang-E0004.671A001.1973             1 7.57000E+01 1.10000E+02
a-O016-MT002-Hausser-T0233002-ang-E0004.671A002.1973             1 4.98000E+01 1.10000E+02
a-O016-MT002-Hausser-T0233002-ang-E0004.671A003.1973             1 4.98000E+01 1.49000E+02
a-O016-MT002-Hausser-T0233002-ang-E0004.672.1973                 1 1.49000E+02 1.77500E+02
a-O016-MT002-Hausser-T0233002-ang-E0004.672A001.1973             1 7.57000E+01 1.77500E+02
a-O016-MT002-Hausser-T0233002-ang-E0004.672A002.1973             1 7.57000E+01 1.10000E+02
a-O016-MT002-Hausser-T0233002-ang-E0004.672A003.1973             1 4.98000E+01 1.10000E+02
a-O016-MT002-Hausser-T0233002-ang-E0004.672A004.1973             2 4.98000E+01 1.77500E+02
a-O016-MT002-Hausser-T0233002-ang-E0004.673.1973                 1 7.57000E+01 1.77500E+02
a-O016-MT002-Hausser-T0233002-ang-E0004.673A001.1973             1 7.57000E+01 1.10000E+02
a-O016-MT002-Hausser-T0233002-ang-E0004.673A002.1973             1 4.98000E+01 1.10000E+02
a-O016-MT002-Hausser-T0233002-ang-E0004.673A003.1973             1 4.98000E+01 1.49000E+02
a-O016-MT002-Hausser-T0233002-ang-E0004.674.1973                 1 1.49000E+02 1.77500E+02
a-O016-MT002-Hausser-T0233002-ang-E0004.674A001.1973             1 7.57000E+01 1.77500E+02
a-O016-MT002-Hausser-T0233002-ang-E0004.674A002.1973             1 7.57000E+01 1.10000E+02
a-O016-MT002-Hausser-T0233002-ang-E0004.674A003.1973             1 1.10000E+02 1.77500E+02
a-O016-MT002-Hausser-T0233002-ang-E0004.675.1973                 2 4.98000E+01 1.77500E+02
a-O016-MT002-Hausser-T0233003-ang-E0014.220.1973                 7 4.98000E+01 1.77500E+02
a-O016-MT002-Hausser-T0233003-ang-E0014.230.1973                10 4.98000E+01 1.77500E+02
a-O016-MT002-Hausser-T0233003-ang-E0014.240.1973                 9 4.98000E+01 1.77500E+02
a-O016-MT002-Hausser-T0233003-ang-E0014.250.1973                 8 4.98000E+01 1.77500E+02
a-O016-MT002-Hausser-T0233003-ang-E0014.260.1973                 8 4.98000E+01 1.77500E+02
a-O016-MT002-Hausser-T0233003-ang-E0014.270.1973                 8 4.98000E+01 1.77500E+02
a-O016-MT002-He-C1518007-ang-E0005.625.1998                      1 1.67000E+02 1.67000E+02
a-O016-MT002-Hunt-T0242002-ang-E0005.760.1967                 2032 9.55000E+01 1.52100E+02
a-O016-MT002-Hunt-T0242003-ang-E0006.970.1967                   27 2.98000E+01 1.69300E+02
a-O016-MT002-Hunt-T0242003-ang-E0008.630.1967                   49 2.98000E+01 1.70700E+02
a-O016-MT002-Hunt-T0242003-ang-E0009.920.1967                   61 3.15000E+01 1.72000E+02
a-O016-MT002-Ignatenko-F0572002-ang-E0025.200.1996              37 1.80000E+01 1.64100E+02
a-O016-MT002-Ignatenko-F0572002-ang-E0030.300.1996              45 1.80000E+01 1.65000E+02
a-O016-MT002-Ignatenko-F0572003-ang-E0021.290.1996              48 3.80000E+01 1.62000E+02
a-O016-MT002-Jarjis-F0454002-ang-E0002.012.1985                344 1.65000E+02 1.65000E+02
a-O016-MT002-Jarjis-F0454003-ang-E0003.042.1985                  2 1.44900E+02 1.64800E+02
a-O016-MT002-Jodogne-O2256007-ang-E0021.200.1962                47 8.30000E+00 1.74700E+02
a-O016-MT002-Jodogne-O2256008-ang-E0021.800.1962                42 4.01000E+01 1.72700E+02
a-O016-MT002-Jodogne-O2256009-ang-E0022.100.1962                39 3.75000E+01 1.77800E+02
a-O016-MT002-Jodogne-O2256010-ang-E0022.400.1962                46 3.37000E+01 1.76800E+02
a-O016-MT002-Jodogne-O2256011-ang-E0022.700.1962                43 3.57000E+01 1.77300E+02
a-O016-MT002-Jodogne-O2256014-ang-E0014.830.1962                39 1.74700E+02 1.74700E+02
a-O016-MT002-John-C0751003-ang-E0005.013.1969                  500 4.43000E+01 4.43000E+01
a-O016-MT002-John-C0751004-ang-E0005.008.1969                  538 5.43000E+01 5.43000E+01
a-O016-MT002-John-C0751005-ang-E0005.015.1969                  524 6.43000E+01 6.43000E+01
a-O016-MT002-John-C0751006-ang-E0005.020.1969                  491 7.43000E+01 7.43000E+01
a-O016-MT002-John-C0751007-ang-E0005.008.1969                  488 8.43000E+01 8.43000E+01
a-O016-MT002-John-C0751008-ang-E0005.008.1969                  494 9.57000E+01 9.57000E+01
a-O016-MT002-John-C0751009-ang-E0005.037.1969                  529 1.05700E+02 1.05700E+02
a-O016-MT002-John-C0751010-ang-E0005.010.1969                  446 1.15700E+02 1.15700E+02
a-O016-MT002-John-C0751011-ang-E0005.028.1969                  282 1.25700E+02 1.25700E+02
a-O016-MT002-John-C0751012-ang-E0005.003.1969                  381 1.35700E+02 1.35700E+02
a-O016-MT002-John-C0751013-ang-E0005.022.1969                  397 1.45700E+02 1.45700E+02
a-O016-MT002-John-C0751014-ang-E0004.999.1969                  422 1.55700E+02 1.55700E+02
a-O016-MT002-John-C0751015-ang-E0004.994.1969                  400 1.65600E+02 1.65600E+02
a-O016-MT002-John-C0751016-ang-E0005.003.1969                  364 1.75700E+02 1.75700E+02
a-O016-MT002-John-C0751017-ang-E0005.200.1969                   54 4.43000E+01 1.75200E+02
a-O016-MT002-John-C0751017-ang-E0005.500.1969                   54 4.42000E+01 1.76000E+02
a-O016-MT002-John-C0751017-ang-E0005.800.1969                   53 4.42000E+01 1.77100E+02
a-O016-MT002-John-C0751017-ang-E0006.200.1969                   56 4.47000E+01 1.77700E+02
a-O016-MT002-John-C0751017-ang-E0006.500.1969                   56 4.37000E+01 1.77300E+02
a-O016-MT002-John-C0751017-ang-E0006.800.1969                   55 4.37000E+01 1.73900E+02
a-O016-MT002-John-C0751017-ang-E0007.200.1969                   54 4.46000E+01 1.75500E+02
a-O016-MT002-John-C0751017-ang-E0007.500.1969                   56 3.40000E+01 1.75200E+02
a-O016-MT002-John-C0751017-ang-E0007.800.1969                   61 3.40000E+01 1.75200E+02
a-O016-MT002-John-C0751017-ang-E0008.200.1969                   60 3.34000E+01 1.75900E+02
a-O016-MT002-John-C0751017-ang-E0008.500.1969                   60 3.34000E+01 1.73700E+02
a-O016-MT002-John-C0751017-ang-E0008.800.1969                   60 3.40000E+01 1.72700E+02
a-O016-MT002-John-C0751017-ang-E0009.200.1969                   56 3.47000E+01 1.75100E+02
a-O016-MT002-John-C0751017-ang-E0009.500.1969                   60 3.46000E+01 1.76100E+02
a-O016-MT002-John-C0751017-ang-E0009.800.1969                   60 3.46000E+01 1.76000E+02
a-O016-MT002-Kokame-E2246002-ang-E0027.300.1965                 23 1.50000E+01 7.25000E+01
a-O016-MT002-Kokane-E2168002-ang-E0027.255.1964                 21 1.48000E+01 6.54000E+01
a-O016-MT002-Kuznetsov-F0505005-ang-E0026.600.1972              52 2.88000E+01 1.76500E+02
a-O016-MT002-Lui-C1112002-ang-E0240.000.2001                    30 1.90002E+00 9.09999E+00
a-O016-MT002-Mcdermott-T0244002-ang-E0003.703.1960               1 7.60000E+01 1.40200E+02
a-O016-MT002-Mcdermott-T0244002-ang-E0003.709.1960               1 1.40200E+02 1.65200E+02
a-O016-MT002-Mcdermott-T0244002-ang-E0003.732.1960               1 1.40200E+02 1.65200E+02
a-O016-MT002-Mcdermott-T0244002-ang-E0003.749.1960               1 7.60000E+01 1.40200E+02
a-O016-MT002-Mcdermott-T0244002-ang-E0003.751.1960               1 7.60000E+01 1.11900E+02
a-O016-MT002-Mcdermott-T0244002-ang-E0003.761.1960               1 1.11900E+02 1.65200E+02
a-O016-MT002-Mcdermott-T0244002-ang-E0003.779.1960               1 7.60000E+01 1.65200E+02
a-O016-MT002-Mcdermott-T0244002-ang-E0003.781.1960               1 7.60000E+01 1.11900E+02
a-O016-MT002-Mcdermott-T0244002-ang-E0003.798.1960               1 7.60000E+01 1.11900E+02
a-O016-MT002-Mcdermott-T0244002-ang-E0003.804.1960               1 7.60000E+01 1.28700E+02
a-O016-MT002-Mcdermott-T0244002-ang-E0003.805.1960               1 1.28700E+02 1.40200E+02
a-O016-MT002-Mcdermott-T0244002-ang-E0003.807.1960               1 1.11900E+02 1.40200E+02
a-O016-MT002-Mcdermott-T0244002-ang-E0003.808.1960               1 1.11900E+02 1.11900E+02
a-O016-MT002-Mehta-T0246002-ang-E0009.660.1967                   1 1.40200E+02 1.52100E+02
a-O016-MT002-Mehta-T0246002-ang-E0009.690.1967                   2 1.52100E+02 1.58500E+02
a-O016-MT002-Mehta-T0246002-ang-E0009.710.1967                   1 1.40200E+02 1.58500E+02
a-O016-MT002-Mehta-T0246002-ang-E0009.720.1967                   2 1.40200E+02 1.52100E+02
a-O016-MT002-Mehta-T0246002-ang-E0009.730.1967                   1 1.52100E+02 1.58500E+02
a-O016-MT002-Mehta-T0246002-ang-E0009.740.1967                   1 1.40200E+02 1.58500E+02
a-O016-MT002-Mehta-T0246002-ang-E0009.750.1967                   1 1.40200E+02 1.52100E+02
a-O016-MT002-Mehta-T0246002-ang-E0009.760.1967                   1 1.52100E+02 1.52100E+02
a-O016-MT002-Mehta-T0246003-ang-E0010.050.1967                  40 1.76000E+01 1.65400E+02
a-O016-MT002-Mehta-T0246003-ang-E0011.970.1967                  57 1.36000E+01 1.69300E+02
a-O016-MT002-Mehta-T0246003-ang-E0013.370.1967                  67 1.36000E+01 1.68000E+02
a-O016-MT002-Mehta-T0246003-ang-E0015.200.1967                  56 1.60000E+01 1.72000E+02
a-O016-MT002-Mehta-T0246003-ang-E0017.220.1967                  55 1.44000E+01 1.66700E+02
a-O016-MT002-Mehta-T0246003-ang-E0018.300.1967                  57 1.36000E+01 1.68000E+02
a-O016-MT002-Mehta-T0246003-ang-E0018.900.1967                  58 1.36000E+01 1.66700E+02
a-O016-MT002-Michel-F0495002-ang-E0039.300.1983                 54 1.51000E+01 1.50700E+02
a-O016-MT002-Michel-F0495002-ang-E0040.000.1983                 27 1.08400E+02 1.76100E+02
a-O016-MT002-Michel-F0495002-ang-E0042.000.1983                 27 1.08400E+02 1.76400E+02
a-O016-MT002-Pavlova-D8017008-ang-E0040.100.1990                27 2.97000E+01 6.87000E+01
a-O016-MT002-Reed-C1187006-ang-E0050.000.1968                   42 7.79996E+00 6.88000E+01
a-O016-MT002-Reed-C1187006-ang-E0080.700.1968                  100 1.00000E+01 9.01000E+01
a-O016-MT002-Steck-T0235004-ang-E0006.894.1978                 947 7.20000E+01 1.65000E+02
a-O016-MT002-Takeda-F0441002-ang-E0020.014.1971                 75 1.75600E+02 1.75600E+02
a-O016-MT002-Takeda-F0441003-ang-E0020.400.1971                 84 1.06700E+01 1.76290E+02
a-O016-MT002-Takeda-F0441003-ang-E0020.700.1971                 83 1.04170E+01 1.76580E+02
a-O016-MT002-Takeda-F0441003-ang-E0021.370.1971                 85 1.04170E+01 1.77640E+02
a-O016-MT002-Takeda-F0441003-ang-E0022.110.1971                 83 1.05210E+01 1.75620E+02
a-O016-MT002-Takeda-F0441003-ang-E0022.910.1971                 85 8.62869E+00 1.74500E+02
a-O016-MT002-Takeda-F0441003-ang-E0023.040.1971                 84 8.39213E+00 1.71310E+02
a-O016-MT002-Takeda-F0441003-ang-E0023.450.1971                 88 8.39213E+00 1.70050E+02
a-O016-MT002-Takeda-F0441003-ang-E0024.280.1971                 61 3.82540E+01 1.73440E+02
a-O016-MT002-Wakasa-E2060002-ang-E0400.000.2007                 33 2.00008E+00 3.11000E+01
a-O016-MT002-Yonezawa-F0117003-ang-E0006.023.1994              268 1.69000E+02 1.69000E+02
