#              Filename                                         N    min         max
n-Mo097-MT151-Coceva-21114012.1968                               8 7.08000E-05 1.25000E-03
n-Mo097-MT151-Harvey-119120481.1955                              4 7.15000E-05 5.80000E-04
n-Mo097-MT151-Harvey-119120482.1955                              4 7.15000E-05 5.80000E-04
n-Mo097-MT151-Harvey-119120483.1955                              4 7.15000E-05 5.80000E-04
n-Mo097-MT151-Hockenbury-109800031.1977                          4 7.08000E-05 5.57500E-04
n-Mo097-MT151-Hockenbury-109800031A001.1977                      4 7.08000E-05 5.57500E-04
n-Mo097-MT151-Hockenbury-109800032.1977                          4 7.08000E-05 5.57500E-04
n-Mo097-MT151-Hockenbury-109800032A001.1977                      4 7.08000E-05 5.57500E-04
n-Mo097-MT151-Hockenbury-109800033.1977                          4 7.08000E-05 5.57500E-04
n-Mo097-MT151-Hockenbury-109800033A001.1977                      4 7.08000E-05 5.57500E-04
n-Mo097-MT151-Hockenbury-109800034.1977                          4 7.08000E-05 5.57500E-04
n-Mo097-MT151-Hockenbury-109800034A001.1977                      4 7.08000E-05 5.57500E-04
n-Mo097-MT151-Julien-206870181.1969                              1 7.07500E-05 7.07500E-05
n-Mo097-MT151-Julien-206870182.1969                              1 7.07500E-05 7.07500E-05
n-Mo097-MT151-Julien-206870183.1969                              1 7.07500E-05 7.07500E-05
n-Mo097-MT151-Julien-206870184.1969                              1 7.07500E-05 7.07500E-05
n-Mo097-MT151-Julien-206870185.1969                              1 7.07500E-05 7.07500E-05
n-Mo097-MT151-Julien-206870186.1969                              1 7.07500E-05 7.07500E-05
n-Mo097-MT151-Julien-206870187.1969                              1 7.07500E-05 7.07500E-05
n-Mo097-MT151-KimKhiSannn-412110091.1965                         1 7.16000E-05 7.16000E-05
n-Mo097-MT151-KimKhiSannn-412110092.1965                         1 7.16000E-05 7.16000E-05
n-Mo097-MT151-Leinweber-142630221.2010                          61 7.08390E-05 1.94280E-03
n-Mo097-MT151-Leinweber-142630222.2010                          26 7.08390E-05 1.94280E-03
n-Mo097-MT151-Leinweber-142630223.2010                          61 7.08390E-05 1.94280E-03
n-Mo097-MT151-Pevzner-400910061.1963                            11 2.10000E-04 2.00000E-03
n-Mo097-MT151-Pevzner-400910062.1963                             7 2.10000E-04 1.25500E-03
n-Mo097-MT151-Pevzner-400910063.1963                             7 2.10000E-04 1.25500E-03
n-Mo097-MT151-Radkevich-403820161.1956                           1 7.19000E-05 7.19000E-05
n-Mo097-MT151-Radkevich-403820171.1956                           1 7.19000E-05 7.19000E-05
n-Mo097-MT151-Radkevich-403820172.1956                           1 7.19000E-05 7.19000E-05
n-Mo097-MT151-Radkevich-403820181.1956                           1 7.19000E-05 7.19000E-05
n-Mo097-MT151-Shwe-119140071.1969                               11 1.63000E-05 1.53500E-03
n-Mo097-MT151-Shwe-119140073.1969                                4 1.63000E-05 1.09600E-04
n-Mo097-MT151-Shwe-119140081.1969                                8 7.09000E-05 1.25400E-03
n-Mo097-MT151-Shwe-119140082.1969                                8 7.09000E-05 1.25400E-03
n-Mo097-MT151-Shwe-119140083.1969                                1 7.09000E-05 7.09000E-05
n-Mo097-MT151-Shwe-11914012.1969                                 2 7.70000E-04 7.70000E-04
n-Mo097-MT151-Wang-316030061.2008                                5 7.12000E-05 1.37870E-04
n-Mo097-MT151-Wang-316030062.2008                                5 7.12000E-05 1.37870E-04
n-Mo097-MT151-Wang-316030063.2008                                5 7.12000E-05 1.37870E-04
n-Mo097-MT151-Wang-316030064.2008                                5 7.12000E-05 1.37870E-04
n-Mo097-MT151-Wang-316030065.2008                                5 7.12000E-05 1.37870E-04
n-Mo097-MT151-Weigmann-20398022.1971                             6 5.58430E-04 1.53420E-03
n-Mo097-MT151-Weigmann-20398023.1971                            63 7.09200E-05 1.94080E-03
n-Mo097-MT151-Weigmann-20398025.1971                            51 7.09200E-05 1.90380E-03
n-Mo097-MT151-Weigmann-20398026.1971                            65 7.09200E-05 1.94080E-03
n-Mo097-MT151-Weigmann-20398027.1971                             9 7.09200E-05 1.24880E-03
n-Mo097-MT151-Weigmann-20398028.1971                             1 9.85000E-04 9.85000E-04
n-Mo097-MT151-Wynchank-11913006.1968                             1 6.30000E+02 6.30000E+02
