#              Filename                                         N    min         max
a-N014-MT600-Giorginis-O0873002-E0003.998.1996                  94 1.35000E+02 1.35000E+02
a-N014-MT600-Herring-C1363003-E0002.722.1958                     1 1.08200E+02 1.26400E+02
a-N014-MT600-Herring-C1363003-E0002.725.1958                     1 7.38000E+01 1.08200E+02
a-N014-MT600-Herring-C1363003-E0002.727.1958                     1 7.38000E+01 1.08200E+02
a-N014-MT600-Herring-C1363003-E0002.736.1958                     1 1.08200E+02 1.67200E+02
a-N014-MT600-Herring-C1363003-E0002.739.1958                     1 1.08200E+02 1.67200E+02
a-N014-MT600-Herring-C1363003-E0002.745.1958                     1 1.08200E+02 1.67200E+02
a-N014-MT600-Herring-C1363003-E0002.747.1958                     1 1.08300E+02 1.67200E+02
a-N014-MT600-Herring-C1363003-E0002.756.1958                     1 1.08300E+02 1.67200E+02
a-N014-MT600-Herring-C1363003-E0002.758.1958                     1 1.26500E+02 1.67200E+02
a-N014-MT600-Herring-C1363003-E0002.759.1958                     1 1.08300E+02 1.26500E+02
a-N014-MT600-Herring-C1363003-E0002.763.1958                     1 7.38000E+01 1.08300E+02
a-N014-MT600-Herring-C1363003-E0002.765.1958                     1 7.38000E+01 1.67200E+02
a-N014-MT600-Herring-C1363003-E0002.768.1958                     1 1.08300E+02 1.67200E+02
a-N014-MT600-Herring-C1363003-E0002.774.1958                     1 1.08300E+02 1.67200E+02
a-N014-MT600-Herring-C1363003-E0002.777.1958                     1 7.39000E+01 1.67200E+02
a-N014-MT600-Herring-C1363003-E0002.784.1958                     1 7.39000E+01 1.08300E+02
a-N014-MT600-Herring-C1363003-E0002.784A001.1958                 1 1.08300E+02 1.67200E+02
a-N014-MT600-Herring-C1363003-E0002.786.1958                     1 1.08400E+02 1.67200E+02
a-N014-MT600-Herring-C1363003-E0002.796.1958                     1 1.08400E+02 1.67200E+02
a-N014-MT600-Herring-C1363003-E0002.798.1958                     1 1.26600E+02 1.67200E+02
a-N014-MT600-Herring-C1363003-E0002.800.1958                     1 1.08400E+02 1.26600E+02
a-N014-MT600-Herring-C1363003-E0002.803.1958                     1 7.39000E+01 1.08400E+02
a-N014-MT600-Herring-C1363003-E0002.805.1958                     1 7.39000E+01 1.67200E+02
a-N014-MT600-Herring-C1363003-E0002.806.1958                     1 1.08400E+02 1.67200E+02
a-N014-MT600-Herring-C1363003-E0002.815.1958                     1 7.40000E+01 1.08400E+02
a-N014-MT600-Herring-C1363003-E0002.815A001.1958                 1 7.40000E+01 1.67200E+02
a-N014-MT600-Herring-C1363003-E0002.817.1958                     1 1.26700E+02 1.67200E+02
a-N014-MT600-Herring-C1363003-E0002.821.1958                     1 1.08400E+02 1.26700E+02
a-N014-MT600-Herring-C1363003-E0002.821A001.1958                 1 7.40000E+01 1.08400E+02
a-N014-MT600-Herring-C1363003-E0002.823.1958                     1 7.40000E+01 1.67300E+02
a-N014-MT600-Herring-C1363003-E0002.823A001.1958                 1 1.08400E+02 1.67300E+02
a-N014-MT600-Herring-C1363003-E0002.833.1958                     1 1.08400E+02 1.67300E+02
a-N014-MT600-Herring-C1363003-E0002.834.1958                     1 7.40000E+01 1.67300E+02
a-N014-MT600-Herring-C1363003-E0002.834A001.1958                 1 7.40000E+01 1.26700E+02
a-N014-MT600-Herring-C1363003-E0002.836.1958                     1 1.08500E+02 1.26700E+02
a-N014-MT600-Herring-C1363003-E0002.837.1958                     1 7.40000E+01 1.08500E+02
a-N014-MT600-Herring-C1363003-E0002.844.1958                     1 7.40000E+01 1.26700E+02
a-N014-MT600-Herring-C1363003-E0002.845.1958                     1 1.08500E+02 1.26700E+02
a-N014-MT600-Herring-C1363003-E0002.845A001.1958                 1 1.08500E+02 1.67300E+02
a-N014-MT600-Herring-C1363003-E0002.847.1958                     1 7.40000E+01 1.67300E+02
a-N014-MT600-Herring-C1363003-E0002.854.1958                     1 7.40000E+01 1.08500E+02
a-N014-MT600-Herring-C1363003-E0002.855.1958                     1 1.08500E+02 1.26700E+02
a-N014-MT600-Herring-C1363003-E0002.858.1958                     1 1.08500E+02 1.26700E+02
a-N014-MT600-Herring-C1363003-E0002.862.1958                     1 7.41000E+01 1.08500E+02
a-N014-MT600-Herring-C1363003-E0002.863.1958                     1 7.41000E+01 1.26800E+02
a-N014-MT600-Herring-C1363003-E0002.864.1958                     1 1.26800E+02 1.67300E+02
a-N014-MT600-Herring-C1363003-E0002.865.1958                     1 7.41000E+01 1.67300E+02
a-N014-MT600-Herring-C1363003-E0002.869.1958                     1 7.41000E+01 1.67300E+02
a-N014-MT600-Herring-C1363003-E0002.870.1958                     1 1.26800E+02 1.67300E+02
a-N014-MT600-Herring-C1363003-E0002.875.1958                     1 1.08500E+02 1.26800E+02
a-N014-MT600-Herring-C1363003-E0002.876.1958                     1 7.41000E+01 1.08500E+02
a-N014-MT600-Herring-C1363003-E0002.877.1958                     1 7.41000E+01 1.67300E+02
a-N014-MT600-Herring-C1363003-E0002.877A001.1958                 1 1.67300E+02 1.67300E+02
a-N014-MT600-Herring-C1363005-E0002.851.1958                    10 1.67300E+02 1.67300E+02
a-N014-MT600-Heydenburg-F1036005-E0002.603.1953                 29 9.00000E+01 9.00000E+01
a-N014-MT600-HuizhongXuu-O0865002-E0005.500.1999                45 1.65000E+02 1.65000E+02
a-N014-MT600-HuizhongXuu-O0865003-E0006.576.1999                17 8.00000E+01 1.72000E+02
a-N014-MT600-Kashy-C1032003-E0003.499.1958                     285 1.60600E+02 1.60600E+02
a-N014-MT600-Terwagne-D0565003-E0003.415.2008                  334 9.00000E+01 9.00000E+01
a-N014-MT600-Yamazaki-E2239004-E0022.300.1963                   64 9.89117E-02 1.55700E+02
a-N014-MT600-Zelenskaya-F0871002-E0009.059.1970                472 9.00000E+01 9.00000E+01
a-N014-MT600-Zelenskaya-F0871003-E0012.900.1970                 16 1.45000E+01 1.60500E+02
a-N014-MT600-Zelenskaya-F0871003-E0014.300.1970                 16 1.49000E+01 1.60100E+02
