#              Filename                                         N    min         max
p-B010-MT602-Segel-F0307003-ang-E0010.000.1966                  57 2.09000E+01 1.76000E+02
p-B010-MT602-Watson-F0093006-ang-E0005.700.1969                 18 4.59000E+01 1.50300E+02
p-B010-MT602-Watson-F0093006-ang-E0006.000.1969                 21 2.16000E+01 1.49500E+02
p-B010-MT602-Watson-F0093006-ang-E0006.300.1969                 28 2.16000E+01 1.61200E+02
p-B010-MT602-Watson-F0093006-ang-E0006.600.1969                 27 2.18000E+01 1.65300E+02
p-B010-MT602-Watson-F0093006-ang-E0006.900.1969                 30 1.37000E+01 1.66900E+02
p-B010-MT602-Watson-F0093006-ang-E0007.200.1969                 29 1.37000E+01 1.51100E+02
p-B010-MT602-Watson-F0093006-ang-E0007.500.1969                 32 1.44000E+01 1.57600E+02
p-B010-MT602-Watson-F0093006-ang-E0007.800.1969                 31 1.92000E+01 1.60800E+02
p-B010-MT602-Watson-F0093006-ang-E0008.300.1969                 23 1.92000E+01 1.54100E+02
p-B010-MT602-Watson-F0093006-ang-E0008.600.1969                 28 2.21000E+01 1.65300E+02
p-B010-MT602-Watson-F0093006-ang-E0008.900.1969                 32 2.16000E+01 1.66800E+02
p-B010-MT602-Watson-F0093006-ang-E0009.200.1969                 30 1.89000E+01 1.66900E+02
p-B010-MT602-Watson-F0093006-ang-E0009.500.1969                 29 1.89000E+01 1.64000E+02
p-B010-MT602-Watson-F0093006-ang-E0009.800.1969                 28 1.99000E+01 1.64700E+02
p-B010-MT602-Watson-F0093006-ang-E0010.000.1969                 28 1.93000E+01 1.60100E+02
p-B010-MT602-Watson-F0093006-ang-E0010.300.1969                 24 1.93000E+01 1.39600E+02
p-B010-MT602-Watson-F0093006-ang-E0010.600.1969                 24 2.12000E+01 1.56200E+02
