#              Filename                                         N    min         max
n-Fe054-MT151-Allen-303550062.1976                              18 3.09700E-03 4.08300E-01
n-Fe054-MT151-Allen-303550063.1976                               6 3.09700E-03 6.34500E-02
n-Fe054-MT151-Allen-303550064.1976                              29 7.68000E-03 4.53300E-01
n-Fe054-MT151-Allen-303550101.1976                               3 5.12500E-02 2.51250E-01
n-Fe054-MT151-Allen-303550102.1976                               3 5.12500E-02 3.50000E-01
n-Fe054-MT151-Beer-203740121.1975                               12 7.67000E-03 2.45700E-01
n-Fe054-MT151-Beer-203740122.1975                               12 7.67000E-03 2.45700E-01
n-Fe054-MT151-Beer-203740123.1975                                7 5.27800E-02 1.73900E-01
n-Fe054-MT151-Beer-203740131.1975                               25 1.11900E-02 1.65000E-01
n-Fe054-MT151-Beer-203740132.1975                                1 5.54600E-02 5.54600E-02
n-Fe054-MT151-Beer-203740134.1975                                1 5.54600E-02 5.54600E-02
n-Fe054-MT151-Beer-20374037.1975                                 1 0.00000E+00 0.00000E+00
n-Fe054-MT151-Beer-20374043.1975                                 1 6.85000E-02 6.85000E-02
n-Fe054-MT151-Bilpuch-11599012.1961                              1 8.00000E-02 8.00000E-02
n-Fe054-MT151-Bilpuch-11599013.1961                              7 7.25000E-03 1.47000E-01
n-Fe054-MT151-Bilpuch-11599014.1961                              7 7.25000E-03 1.47000E-01
n-Fe054-MT151-Bowman-11600020.1962                              58 1.63000E-01 5.03000E-01
n-Fe054-MT151-Bowman-116000211.1962                             17 9.80000E-02 5.06500E-01
n-Fe054-MT151-Bowman-116000212.1962                             17 9.80000E-02 5.06500E-01
n-Fe054-MT151-Bowman-116000213.1962                             17 9.80000E-02 5.06500E-01
n-Fe054-MT151-Brusegan-217980021.1982                           66 3.09900E-03 1.97700E-01
n-Fe054-MT151-Brusegan-217980023.1982                           19 9.48600E-03 1.94560E-01
n-Fe054-MT151-Brusegan-217980025.1982                            8 7.80000E-03 1.88000E-01
n-Fe054-MT151-Cornelis-215750021.1979                           11 5.26540E-02 2.91852E-01
n-Fe054-MT151-Cornelis-215750022.1979                           11 5.26540E-02 2.91852E-01
n-Fe054-MT151-Cornelis-21575003.1979                             1 1.72000E-01 1.72000E-01
n-Fe054-MT151-Cornelis-223390021.1995                          236 5.16150E-02 8.07030E-01
n-Fe054-MT151-Cornelis-223390022.1995                          176 5.28290E-02 8.07030E-01
n-Fe054-MT151-Cornelis-223390023.1995                          176 5.28290E-02 8.07030E-01
n-Fe054-MT151-Cornelis-223390024.1995                          236 5.16150E-02 8.07030E-01
n-Fe054-MT151-Garg-101720421.1971                               10 7.75700E-03 1.72500E-01
n-Fe054-MT151-Garg-101720421A001.1971                           10 7.75700E-03 1.72500E-01
n-Fe054-MT151-Garg-101720422.1971                                9 7.75700E-03 1.63000E-01
n-Fe054-MT151-Garg-101720422A001.1971                            9 7.75700E-03 1.63000E-01
n-Fe054-MT151-Garg-101720423.1971                                9 7.75700E-03 1.63000E-01
n-Fe054-MT151-Garg-101720423A001.1971                            9 7.75700E-03 1.63000E-01
n-Fe054-MT151-Garg-101720424.1971                               10 7.75700E-03 1.72500E-01
n-Fe054-MT151-Garg-101720424A001.1971                           10 7.75700E-03 1.72500E-01
n-Fe054-MT151-Garg-101720451.1971                                1 9.01285E-02 9.01285E-02
n-Fe054-MT151-Garg-101720451A001.1971                            1 9.01285E-02 9.01285E-02
n-Fe054-MT151-Garg-101720452.1971                                1 9.01285E-02 9.01285E-02
n-Fe054-MT151-Garg-101720452A001.1971                            1 9.01285E-02 9.01285E-02
n-Fe054-MT151-Gayther-213140032.1980                             1 7.65710E-03 7.65710E-03
n-Fe054-MT151-Gayther-213140033.1980                             4 9.47900E-03 3.05230E-02
n-Fe054-MT151-Gayther-213140034.1980                             1 7.65710E-03 7.65710E-03
n-Fe054-MT151-Gayther-213140035.1980                             1 7.65710E-03 7.65710E-03
n-Fe054-MT151-Giubrone-237340021.2014                          168 3.09600E-03 4.98813E-01
n-Fe054-MT151-Hockenbury-100010051.1969                          4 7.82000E-03 5.20000E-02
n-Fe054-MT151-Hockenbury-100010051A001.1969                      4 7.82000E-03 5.20000E-02
n-Fe054-MT151-Litvinskij-322340031.1994                          2-3.80000E-02 7.78800E-03
n-Fe054-MT151-Moxon-20828002.1978                                4 7.78170E-03 9.87106E-02
n-Fe054-MT151-Moxon-214930021.1965                               2 7.25000E-03 9.40000E-03
n-Fe054-MT151-Pandey-104960021.1975                             21 7.60000E-03 4.87500E-01
n-Fe054-MT151-Pandey-104960021A001.1975                         21 7.60000E-03 4.87500E-01
n-Fe054-MT151-Pandey-104960022.1975                             21 7.60000E-03 4.87500E-01
n-Fe054-MT151-Pandey-104960022A001.1975                         21 7.60000E-03 4.87500E-01
n-Fe054-MT151-Pandey-104960031.1975                             62 9.47000E-03 6.52000E-01
n-Fe054-MT151-Pandey-104960031A001.1975                         62 9.47000E-03 6.52000E-01
n-Fe054-MT151-Pandey-104960032.1975                             60 9.47000E-03 6.52000E-01
n-Fe054-MT151-Pandey-104960032A001.1975                         60 9.47000E-03 6.52000E-01
n-Fe054-MT151-Pandey-10496008.1975                               2 5.00000E-01 6.50000E-01
n-Fe054-MT151-Pandey-10496008A001.1975                           2 5.00000E-01 6.50000E-01
n-Fe054-MT151-Raman-109270021.1980                               1 9.48000E-03 9.48000E-03
n-Fe054-MT151-Raman-109270021A001.1980                           1 9.48000E-03 9.48000E-03
n-Fe054-MT151-Vinogradov-405560021.1977                          2 7.71000E-03 5.25300E-02
n-Fe054-MT151-Vinogradov-405560022.1977                          2 7.71000E-03 5.25300E-02
n-Fe054-MT151-Wellsjr-10816002.1978                              4 7.76000E-03 1.44000E-02
n-Fe054-MT151-Wellsjr-10816002A001.1978                          4 7.76000E-03 1.44000E-02
