#              Filename                                         N    min         max
n-Fe000-MT052-Kinney-10111003-ang-E0004.190.1970                 1 9.14200E+01 9.14700E+01
n-Fe000-MT052-Kinney-10111003-ang-E0004.190A001.1970             1 9.14200E+01 9.14700E+01
n-Fe000-MT052-Kinney-10111003-ang-E0004.460.1970                 1 3.07000E+01 9.14200E+01
n-Fe000-MT052-Kinney-10111003-ang-E0004.460A001.1970             1 3.07000E+01 9.14200E+01
n-Fe000-MT052-Kinney-10111003-ang-E0004.600.1970                12 3.07000E+01 1.33040E+02
n-Fe000-MT052-Kinney-10111003-ang-E0004.600A001.1970            12 3.07000E+01 1.33040E+02
n-Fe000-MT052-Kinney-10111003-ang-E0005.000.1970                17 3.06800E+01 1.40870E+02
n-Fe000-MT052-Kinney-10111003-ang-E0005.000A001.1970            17 3.06800E+01 1.40870E+02
n-Fe000-MT052-Kinney-10111003-ang-E0005.040.1970                11 3.06800E+01 1.31040E+02
n-Fe000-MT052-Kinney-10111003-ang-E0005.040A001.1970            11 3.06800E+01 1.31040E+02
n-Fe000-MT052-Kinney-10111003-ang-E0005.180.1970                 1 4.84700E+01 9.13400E+01
n-Fe000-MT052-Kinney-10111003-ang-E0005.180A001.1970             1 4.84700E+01 9.13400E+01
n-Fe000-MT052-Kinney-10111003-ang-E0005.440.1970                10 4.84700E+01 1.09750E+02
n-Fe000-MT052-Kinney-10111003-ang-E0005.440A001.1970            10 4.84700E+01 1.09750E+02
n-Fe000-MT052-Kinney-10111003-ang-E0005.500.1970                 1 3.06500E+01 9.13100E+01
n-Fe000-MT052-Kinney-10111003-ang-E0005.500A001.1970             1 3.06500E+01 9.13100E+01
n-Fe000-MT052-Kinney-10111003-ang-E0005.560.1970                10 3.06500E+01 1.32970E+02
n-Fe000-MT052-Kinney-10111003-ang-E0005.560A001.1970            10 3.06500E+01 1.32970E+02
n-Fe000-MT052-Kinney-10111003-ang-E0006.000.1970                 2 4.08200E+01 1.19110E+02
n-Fe000-MT052-Kinney-10111003-ang-E0006.000A001.1970             2 4.08200E+01 1.19110E+02
n-Fe000-MT052-Kinney-10111003-ang-E0006.130.1970                 8 4.08200E+01 9.62700E+01
n-Fe000-MT052-Kinney-10111003-ang-E0006.130A001.1970             8 4.08200E+01 9.62700E+01
n-Fe000-MT052-Kinney-10111003-ang-E0006.440.1970                20 4.08000E+01 1.35400E+02
n-Fe000-MT052-Kinney-10111003-ang-E0006.440A001.1970            20 4.08000E+01 1.35400E+02
n-Fe000-MT052-Kinney-10111003-ang-E0006.530.1970                 4 4.07800E+01 1.15150E+02
n-Fe000-MT052-Kinney-10111003-ang-E0006.530A001.1970             4 4.07800E+01 1.15150E+02
n-Fe000-MT052-Kinney-10111003-ang-E0007.540.1970                11 4.07800E+01 1.35360E+02
n-Fe000-MT052-Kinney-10111003-ang-E0007.540A001.1970            11 4.07800E+01 1.35360E+02
n-Fe000-MT052-Kinney-10111003-ang-E0007.600.1970                 2 5.34600E+01 1.19070E+02
n-Fe000-MT052-Kinney-10111003-ang-E0007.600A001.1970             2 5.34600E+01 1.19070E+02
n-Fe000-MT052-Kinney-10111003-ang-E0008.560.1970                 6 5.59700E+01 1.35340E+02
n-Fe000-MT052-Kinney-10111003-ang-E0008.560A001.1970             6 5.59700E+01 1.35340E+02
