#              Filename                                         N    min         max
h-He004-MT601-Spiger-A1094008-E0011.441.1967                     3 1.50000E+01 3.00000E+01
h-He004-MT601-Spiger-A1094008-E0011.692.1967                     3 1.50000E+01 2.50000E+01
h-He004-MT601-Spiger-A1094009-E0011.850.1967                     2 2.25000E+01 4.50000E+01
h-He004-MT601-Spiger-A1094009-E0011.943.1967                     1 2.25000E+01 4.50000E+01
h-He004-MT601-Spiger-A1094009-E0012.102.1967                     2 2.25000E+01 4.50000E+01
h-He004-MT601-Spiger-A1094009-E0012.194.1967                     1 2.25000E+01 4.50000E+01
h-He004-MT601-Spiger-A1094009-E0012.354.1967                     2 2.25000E+01 4.50000E+01
h-He004-MT601-Spiger-A1094009-E0012.445.1967                     1 2.25000E+01 4.50000E+01
h-He004-MT601-Spiger-A1094009-E0012.607.1967                     2 2.25000E+01 4.50000E+01
h-He004-MT601-Spiger-A1094009-E0012.696.1967                     1 2.25000E+01 4.50000E+01
h-He004-MT601-Spiger-A1094009-E0012.859.1967                     2 2.25000E+01 4.50000E+01
h-He004-MT601-Spiger-A1094009-E0012.946.1967                     1 2.25000E+01 4.50000E+01
h-He004-MT601-Spiger-A1094009-E0013.111.1967                     2 2.25000E+01 4.50000E+01
h-He004-MT601-Spiger-A1094009-E0013.197.1967                     1 2.25000E+01 4.50000E+01
h-He004-MT601-Spiger-A1094009-E0013.363.1967                     2 2.25000E+01 4.50000E+01
h-He004-MT601-Spiger-A1094009-E0013.448.1967                     1 2.25000E+01 4.50000E+01
h-He004-MT601-Spiger-A1094009-E0013.614.1967                     2 2.25000E+01 4.50000E+01
h-He004-MT601-Spiger-A1094009-E0013.698.1967                     1 2.25000E+01 4.50000E+01
h-He004-MT601-Spiger-A1094009-E0013.866.1967                     1 2.25000E+01 4.50000E+01
h-He004-MT601-Spiger-A1094010-E0011.850.1967                    58 3.16000E+01 4.08000E+01
