#              Filename                                         N    min         max     
p-Ti000-rp021048-Michel-A01000022.1985                          26 5.03200E+01 2.00700E+02
p-Ti000-rp021048-Aleksandrov-A0501007.1990                       1 1.00000E+03 1.00000E+03
p-Ti000-rp021048-Aleksandrov-A0512018.1991                       1 6.60000E+02 6.60000E+02
p-Ti000-rp021048-Michel-B0100003.1978                           18 1.91300E+01 4.47600E+01
p-Ti000-rp021048-Brodzinski-C02710031.1971                       6 3.00000E+01 5.84000E+02
p-Ti000-rp021048-Fink-C0430008.1990                              8 3.51000E+01 1.49000E+02
p-Ti000-rp021048-Fox-C2702055.2021                              25 3.62000E+01 1.92260E+02
p-Ti000-rp021048-Khandaker-D0569008.2009                        15 1.87000E+01 3.78000E+01
p-Ti000-rp021048-Cervenak-D0985008.2020                         14 1.85900E+01 3.59700E+01
p-Ti000-rp021048-Shahid-D7033008.2018                           20 2.19000E+01 4.32000E+01
p-Ti000-rp021048-Michel-O00780087.1989                           1 6.00000E+02 6.00000E+02
p-Ti000-rp021048-Michel-O0276040.1997                           38 2.65000E+01 1.61000E+02
p-Ti000-rp021048-Michel-O0277061.1995                            4 8.00000E+02 2.60000E+03
p-Ti000-rp021048-Schiekel-O0284035.1996                          8 2.41000E+02 3.87000E+02
p-Ti000-rp021048-Barashenkov-O0339004.1990                       1 1.10000E+03 1.10000E+03
p-Ti000-rp021048-Porras-O0768241.2000                            1 1.20000E+03 1.20000E+03
p-Ti000-rp021048-Neumann-O1882039.1999                          22 4.33000E+01 2.60000E+03
p-Ti000-rp021048-Garrido-O2315006.2016                           7 2.49000E+01 6.99000E+01
p-Ti000-rp021048-Baecker-O2560012.2021                           2 1.00000E+02 1.30000E+02
