#              Filename                                         N    min         max
p-Ni060-MT002-Adachi-E0153002-ang-E0003.716.1974               615 9.20000E+01 9.20000E+01
p-Ni060-MT002-Ahmed-O0460006-ang-E0010.000.1970                 29 2.70000E+01 1.64800E+02
p-Ni060-MT002-Arai-E1494009-ang-E0002.944.1976                1919 1.60000E+02 1.60000E+02
p-Ni060-MT002-Brussel-O0456005-ang-E0039.800.1959               40 8.59999E+00 1.08700E+02
p-Ni060-MT002-Gubin-F1407004-ang-E0005.836.1974                  1 6.00000E+01 1.20000E+02
p-Ni060-MT002-Gubin-F1407004-ang-E0005.841.1974                  1 7.00000E+01 1.20000E+02
p-Ni060-MT002-Gubin-F1407004-ang-E0005.844.1974                  1 7.00000E+01 1.50000E+02
p-Ni060-MT002-Gubin-F1407004-ang-E0005.846.1974                  1 9.00000E+01 1.50000E+02
p-Ni060-MT002-Gubin-F1407004-ang-E0005.850.1974                  1 9.00000E+01 1.60000E+02
p-Ni060-MT002-Gubin-F1407004-ang-E0005.852.1974                  1 8.00000E+01 1.60000E+02
p-Ni060-MT002-Gubin-F1407004-ang-E0005.854.1974                  1 8.00000E+01 1.00000E+02
p-Ni060-MT002-Gubin-F1407004-ang-E0005.855.1974                  2 1.00000E+02 1.40000E+02
p-Ni060-MT002-Gubin-F1407004-ang-E0005.866.1974                  1 6.00000E+01 1.10000E+02
p-Ni060-MT002-Gubin-F1407004-ang-E0005.875.1974                  1 6.00000E+01 1.20000E+02
p-Ni060-MT002-Gubin-F1407004-ang-E0005.880.1974                  2 1.20000E+02 1.50000E+02
p-Ni060-MT002-Gubin-F1407004-ang-E0005.882.1974                  1 7.00000E+01 1.50000E+02
p-Ni060-MT002-Gubin-F1407004-ang-E0005.886.1974                  1 7.00000E+01 9.00000E+01
p-Ni060-MT002-Gubin-F1407004-ang-E0005.888.1974                  2 9.00000E+01 1.60000E+02
p-Ni060-MT002-Gubin-F1407004-ang-E0005.889.1974                  1 8.00000E+01 1.60000E+02
p-Ni060-MT002-Gubin-F1407004-ang-E0005.895.1974                  1 8.00000E+01 1.30000E+02
p-Ni060-MT002-Gubin-F1407004-ang-E0005.899.1974                  1 1.00000E+02 1.30000E+02
p-Ni060-MT002-Gubin-F1407004-ang-E0005.901.1974                  1 6.00000E+01 1.00000E+02
p-Ni060-MT002-Gubin-F1407004-ang-E0005.911.1974                  2 6.00000E+01 1.60000E+02
p-Ni060-MT002-Gubin-F1407004-ang-E0005.913.1974                  1 1.10000E+02 1.50000E+02
p-Ni060-MT002-Gubin-F1407004-ang-E0005.914.1974                  1 7.00000E+01 1.50000E+02
p-Ni060-MT002-Gubin-F1407004-ang-E0005.915.1974                  1 7.00000E+01 1.20000E+02
p-Ni060-MT002-Gubin-F1407004-ang-E0005.925.1974                  2 9.00000E+01 1.40000E+02
p-Ni060-MT002-Gubin-F1407004-ang-E0005.926.1974                  1 9.00000E+01 1.30000E+02
p-Ni060-MT002-Gubin-F1407004-ang-E0005.928.1974                  1 8.00000E+01 1.30000E+02
p-Ni060-MT002-Gubin-F1407004-ang-E0005.930.1974                  1 8.00000E+01 1.50000E+02
p-Ni060-MT002-Gubin-F1407004-ang-E0005.937.1974                  1 6.00000E+01 1.50000E+02
p-Ni060-MT002-Gubin-F1407004-ang-E0005.940.1974                  1 6.00000E+01 1.40000E+02
p-Ni060-MT002-Gubin-F1407004-ang-E0005.944.1974                  1 1.00000E+02 1.40000E+02
p-Ni060-MT002-Gubin-F1407004-ang-E0005.945.1974                  1 1.00000E+02 1.60000E+02
p-Ni060-MT002-Gubin-F1407004-ang-E0005.948.1974                  1 1.10000E+02 1.60000E+02
p-Ni060-MT002-Gubin-F1407004-ang-E0005.952.1974                  1 7.00000E+01 1.10000E+02
p-Ni060-MT002-Gubin-F1407004-ang-E0005.956.1974                  1 7.00000E+01 9.00000E+01
p-Ni060-MT002-Gubin-F1407004-ang-E0005.957.1974                  2 8.00000E+01 1.30000E+02
p-Ni060-MT002-Gubin-F1407004-ang-E0005.959.1974                  1 8.00000E+01 1.00000E+02
p-Ni060-MT002-Gubin-F1407004-ang-E0005.963.1974                  1 1.00000E+02 1.20000E+02
p-Ni060-MT002-Gubin-F1407004-ang-E0005.967.1974                  1 6.00000E+01 1.20000E+02
p-Ni060-MT002-Gubin-F1407004-ang-E0005.971.1974                  1 6.00000E+01 1.50000E+02
p-Ni060-MT002-Gubin-F1407004-ang-E0005.975.1974                  1 1.40000E+02 1.50000E+02
p-Ni060-MT002-Gubin-F1407004-ang-E0005.979.1974                  1 1.40000E+02 1.60000E+02
p-Ni060-MT002-Gubin-F1407004-ang-E0005.981.1974                  1 1.10000E+02 1.60000E+02
p-Ni060-MT002-Gubin-F1407004-ang-E0005.983.1974                  1 7.00000E+01 1.10000E+02
p-Ni060-MT002-Gubin-F1407004-ang-E0005.990.1974                  1 7.00000E+01 9.00000E+01
p-Ni060-MT002-Gubin-F1407004-ang-E0005.991.1974                  2 8.00000E+01 1.30000E+02
p-Ni060-MT002-Gubin-F1407004-ang-E0005.997.1974                  1 8.00000E+01 1.20000E+02
p-Ni060-MT002-Gubin-F1407004-ang-E0006.002.1974                  2 1.20000E+02 1.50000E+02
p-Ni060-MT002-Gubin-F1407004-ang-E0006.005.1974                  1 1.00000E+02 1.50000E+02
p-Ni060-MT002-Gubin-F1407004-ang-E0006.007.1974                  2 6.00000E+01 1.30000E+02
p-Ni060-MT002-Gubin-F1407004-ang-E0006.008.1974                  1 6.00000E+01 1.10000E+02
p-Ni060-MT002-Gubin-F1407004-ang-E0006.014.1974                  1 1.10000E+02 1.60000E+02
p-Ni060-MT002-Gubin-F1407004-ang-E0006.015.1974                  1 8.00000E+01 1.60000E+02
p-Ni060-MT002-Gubin-F1407004-ang-E0006.026.1974                  1 7.00000E+01 8.00000E+01
p-Ni060-MT002-Gubin-F1407004-ang-E0006.031.1974                  1 7.00000E+01 9.00000E+01
p-Ni060-MT002-Gubin-F1407004-ang-E0006.032.1974                  1 9.00000E+01 1.50000E+02
p-Ni060-MT002-Gubin-F1407004-ang-E0006.036.1974                  1 1.40000E+02 1.50000E+02
p-Ni060-MT002-Gubin-F1407004-ang-E0006.039.1974                  1 1.30000E+02 1.40000E+02
p-Ni060-MT002-Gubin-F1407004-ang-E0006.040.1974                  1 1.20000E+02 1.30000E+02
p-Ni060-MT002-Gubin-F1407004-ang-E0006.042.1974                  1 1.00000E+02 1.20000E+02
p-Ni060-MT002-Gubin-F1407004-ang-E0006.044.1974                  1 6.00000E+01 1.00000E+02
p-Ni060-MT002-Gubin-F1407004-ang-E0006.049.1974                  2 6.00000E+01 1.60000E+02
p-Ni060-MT002-Gubin-F1407004-ang-E0006.060.1974                  1 7.00000E+01 9.00000E+01
p-Ni060-MT002-Gubin-F1407004-ang-E0006.063.1974                  1 9.00000E+01 1.50000E+02
p-Ni060-MT002-Gubin-F1407004-ang-E0006.064.1974                  1 1.30000E+02 1.50000E+02
p-Ni060-MT002-Gubin-F1407004-ang-E0006.066.1974                  2 8.00000E+01 1.40000E+02
p-Ni060-MT002-Gubin-F1407004-ang-E0006.067.1974                  1 8.00000E+01 1.10000E+02
p-Ni060-MT002-Gubin-F1407004-ang-E0006.069.1974                  1 6.00000E+01 1.10000E+02
p-Ni060-MT002-Gubin-F1407004-ang-E0006.073.1974                  2 6.00000E+01 1.60000E+02
p-Ni060-MT002-Gubin-F1407004-ang-E0006.081.1974                  1 1.00000E+02 1.20000E+02
p-Ni060-MT002-Gubin-F1407004-ang-E0006.086.1974                  1 1.00000E+02 1.50000E+02
p-Ni060-MT002-Gubin-F1407004-ang-E0006.095.1974                  1 1.10000E+02 1.50000E+02
p-Ni060-MT002-Gubin-F1407004-ang-E0006.096.1974                  1 1.10000E+02 1.40000E+02
p-Ni060-MT002-Gubin-F1407004-ang-E0006.099.1974                  1 1.30000E+02 1.40000E+02
p-Ni060-MT002-Gubin-F1407004-ang-E0006.101.1974                  1 8.00000E+01 1.30000E+02
p-Ni060-MT002-Gubin-F1407004-ang-E0006.102.1974                  1 7.00000E+01 8.00000E+01
p-Ni060-MT002-Gubin-F1407004-ang-E0006.104.1974                  1 6.00000E+01 7.00000E+01
p-Ni060-MT002-Gubin-F1407004-ang-E0006.109.1974                  1 6.00000E+01 1.60000E+02
p-Ni060-MT002-Gubin-F1407004-ang-E0006.111.1974                  1 9.00000E+01 1.60000E+02
p-Ni060-MT002-Gubin-F1407004-ang-E0006.113.1974                  1 9.00000E+01 1.30000E+02
p-Ni060-MT002-Gubin-F1407004-ang-E0006.119.1974                  1 1.20000E+02 1.30000E+02
p-Ni060-MT002-Gubin-F1407004-ang-E0006.122.1974                  2 1.20000E+02 1.50000E+02
p-Ni060-MT002-Gubin-F1407004-ang-E0006.127.1974                  1 1.00000E+02 1.50000E+02
p-Ni060-MT002-Gubin-F1407004-ang-E0006.130.1974                  1 7.00000E+01 1.00000E+02
p-Ni060-MT002-Gubin-F1407004-ang-E0006.138.1974                  1 7.00000E+01 8.00000E+01
p-Ni060-MT002-Gubin-F1407004-ang-E0006.139.1974                  2 6.00000E+01 1.60000E+02
p-Ni060-MT002-Gubin-F1407004-ang-E0006.143.1974                  1 6.00000E+01 1.10000E+02
p-Ni060-MT002-Gubin-F1407004-ang-E0006.144.1974                  1 9.00000E+01 1.10000E+02
p-Ni060-MT002-Gubin-F1407004-ang-E0006.150.1974                  1 9.00000E+01 1.40000E+02
p-Ni060-MT002-Gubin-F1407004-ang-E0006.152.1974                  1 1.30000E+02 1.40000E+02
p-Ni060-MT002-Gubin-F1407004-ang-E0006.153.1974                  2 1.20000E+02 1.50000E+02
p-Ni060-MT002-Gubin-F1407004-ang-E0006.166.1974                  2 1.00000E+02 1.60000E+02
p-Ni060-MT002-Gubin-F1407004-ang-E0006.167.1974                  1 8.00000E+01 1.00000E+02
p-Ni060-MT002-Gubin-F1407004-ang-E0006.168.1974                  1 6.00000E+01 8.00000E+01
p-Ni060-MT002-Gubin-F1407004-ang-E0006.171.1974                  1 6.00000E+01 1.40000E+02
p-Ni060-MT002-Gubin-F1407004-ang-E0006.174.1974                  1 1.30000E+02 1.40000E+02
p-Ni060-MT002-Gubin-F1407004-ang-E0006.179.1974                  1 7.00000E+01 1.30000E+02
p-Ni060-MT002-Gubin-F1407004-ang-E0006.181.1974                  1 7.00000E+01 1.10000E+02
p-Ni060-MT002-Gubin-F1407004-ang-E0006.183.1974                  1 9.00000E+01 1.10000E+02
p-Ni060-MT002-Gubin-F1407004-ang-E0006.190.1974                  1 9.00000E+01 1.60000E+02
p-Ni060-MT002-Gubin-F1407004-ang-E0006.192.1974                  1 1.30000E+02 1.60000E+02
p-Ni060-MT002-Gubin-F1407004-ang-E0006.202.1974                  1 1.00000E+02 1.30000E+02
p-Ni060-MT002-Gubin-F1407004-ang-E0006.205.1974                  1 1.00000E+02 1.20000E+02
p-Ni060-MT002-Gubin-F1407004-ang-E0006.206.1974                  1 6.00000E+01 1.20000E+02
p-Ni060-MT002-Gubin-F1407004-ang-E0006.210.1974                  1 6.00000E+01 8.00000E+01
p-Ni060-MT002-Gubin-F1407004-ang-E0006.212.1974                  1 8.00000E+01 1.40000E+02
p-Ni060-MT002-Gubin-F1407004-ang-E0006.214.1974                  2 7.00000E+01 1.50000E+02
p-Ni060-MT002-Gubin-F1407004-ang-E0006.218.1974                  1 7.00000E+01 1.60000E+02
p-Ni060-MT002-Gubin-F1407004-ang-E0006.231.1974                  1 1.10000E+02 1.60000E+02
p-Ni060-MT002-Gubin-F1407004-ang-E0006.236.1974                  1 9.00000E+01 1.10000E+02
p-Ni060-MT002-Gubin-F1407004-ang-E0006.237.1974                  2 9.00000E+01 1.40000E+02
p-Ni060-MT002-Gubin-F1407004-ang-E0006.243.1974                  2 6.00000E+01 1.50000E+02
p-Ni060-MT002-Gubin-F1407004-ang-E0006.246.1974                  1 6.00000E+01 1.00000E+02
p-Ni060-MT002-Gubin-F1407004-ang-E0006.249.1974                  1 1.00000E+02 1.20000E+02
p-Ni060-MT002-Gubin-F1407004-ang-E0006.251.1974                  1 8.00000E+01 1.20000E+02
p-Ni060-MT002-Gubin-F1407004-ang-E0006.252.1974                  1 8.00000E+01 1.60000E+02
p-Ni060-MT002-Gubin-F1407004-ang-E0006.256.1974                  1 7.00000E+01 1.60000E+02
p-Ni060-MT002-Gubin-F1407004-ang-E0006.257.1974                  1 7.00000E+01 9.00000E+01
p-Ni060-MT002-Gubin-F1407004-ang-E0006.264.1974                  1 9.00000E+01 1.30000E+02
p-Ni060-MT002-Gubin-F1407004-ang-E0006.267.1974                  1 1.10000E+02 1.30000E+02
p-Ni060-MT002-Gubin-F1407004-ang-E0006.273.1974                  1 1.10000E+02 1.40000E+02
p-Ni060-MT002-Gubin-F1407004-ang-E0006.274.1974                  1 1.40000E+02 1.50000E+02
p-Ni060-MT002-Gubin-F1407004-ang-E0006.280.1974                  1 1.00000E+02 1.50000E+02
p-Ni060-MT002-Gubin-F1407004-ang-E0006.285.1974                  1 1.00000E+02 1.60000E+02
p-Ni060-MT002-Gubin-F1407004-ang-E0006.288.1974                  1 8.00000E+01 1.60000E+02
p-Ni060-MT002-Gubin-F1407004-ang-E0006.293.1974                  1 6.00000E+01 8.00000E+01
p-Ni060-MT002-Gubin-F1407004-ang-E0006.294.1974                  1 6.00000E+01 1.20000E+02
p-Ni060-MT002-Gubin-F1407004-ang-E0006.296.1974                  1 9.00000E+01 1.20000E+02
p-Ni060-MT002-Gubin-F1407004-ang-E0006.297.1974                  1 9.00000E+01 1.30000E+02
p-Ni060-MT002-Gubin-F1407004-ang-E0006.298.1974                  1 7.00000E+01 1.30000E+02
p-Ni060-MT002-Gubin-F1407004-ang-E0006.304.1974                  2 7.00000E+01 1.40000E+02
p-Ni060-MT002-Gubin-F1407004-ang-E0006.312.1974                  1 1.10000E+02 1.50000E+02
p-Ni060-MT002-Gubin-F1407004-ang-E0006.319.1974                  1 1.50000E+02 1.60000E+02
p-Ni060-MT002-Gubin-F1407004-ang-E0006.325.1974                  1 1.00000E+02 1.60000E+02
p-Ni060-MT002-Gubin-F1407004-ang-E0006.330.1974                  1 1.00000E+02 1.30000E+02
p-Ni060-MT002-Gubin-F1407004-ang-E0006.331.1974                  1 1.30000E+02 1.40000E+02
p-Ni060-MT002-Gubin-F1407004-ang-E0006.341.1974                  2 1.40000E+02 1.50000E+02
p-Ni060-MT002-Ingemarsson-D0189004-ang-E0178.000.1981           29 5.99999E+00 6.02000E+01
p-Ni060-MT002-Kobayashi-O0446003-ang-E0008.200.1960             15 2.75000E+01 1.64200E+02
p-Ni060-MT002-Kobayashi-O0446003-ang-E0010.200.1960             15 2.75000E+01 1.66100E+02
p-Ni060-MT002-Kobayashi-O0446003-ang-E0014.400.1960             15 2.76000E+01 1.66500E+02
p-Ni060-MT002-Kobayashi-O0446003-ang-E0015.400.1960             15 2.76000E+01 1.65200E+02
p-Ni060-MT002-Koike-E1948002-ang-E0055.000.1966                 20 5.50000E+00 1.08000E+02
p-Ni060-MT002-Kossanyidemay-D0286018-ang-E0018.600.1967         23 2.61940E+01 1.44230E+02
p-Ni060-MT002-Leejr-C1024004-ang-E0007.000.1964                168 2.03300E+01 1.68200E+02
p-Ni060-MT002-Liers-O04360021-ang-E0039.600.1970                30 2.25000E+01 1.60000E+02
p-Ni060-MT002-Lombard-O0126003-ang-E1047.000.1981               56 3.50001E+00 1.75000E+01
p-Ni060-MT002-Noro-E0249028-ang-E0065.000.1981                  30 1.40000E+01 7.01000E+01
p-Ni060-MT002-Perey-C2165008-ang-E0011.000.1968                 29 2.00000E+01 1.60000E+02
p-Ni060-MT002-Sakaguchi-E1201008-ang-E0065.000.1981             30 1.40000E+01 7.01000E+01
p-Ni060-MT002-Sakaguchi-O0032063S-ang-E0065.000.1983            30 1.40000E+01 7.01000E+01
p-Ni060-MT002-Varner-C0893014-ang-E0016.000.1986                30 2.50000E+01 1.70000E+02
