#              Filename                                         N    min         max     
p-Ni000-rp027056-Michel-A01000116.1985                          26 4.78700E+01 1.98900E+02
p-Ni000-rp027056-Aleksandrov-A03510034.1987                      8 3.00000E+01 9.80000E+01
p-Ni000-rp027056-Titarenko-A0906035.2011                        11 4.30000E+01 2.60500E+03
p-Ni000-rp027056-Michel-B0083006.1978                           17 1.58500E+01 4.47200E+01
p-Ni000-rp027056-Cline-B00850406.1971                            1 5.90000E+02 5.90000E+02
p-Ni000-rp027056-Tarkanyi-D4002004.1991                         26 1.77000E+01 2.96000E+01
p-Ni000-rp027056-Jung-D40580441.1991                             1 2.37000E+01 2.37000E+01
p-Ni000-rp027056-Rayudu-O0077013.1968                            5 5.00000E+02 2.90000E+03
p-Ni000-rp027056-Michel-O00780250.1989                           1 6.00000E+02 6.00000E+02
p-Ni000-rp027056-Schiekel-O0284099.1996                         20 2.11000E+02 3.85000E+02
p-Ni000-rp027056-Neumann-O1882064.1999                           3 9.57000E+02 2.60000E+03
p-Ni000-rp027056-Kozma-A0477054.1990                             1 3.65000E+03 3.65000E+03
p-Ni000-rp027056-Titarenko-A0906004.2011                        11 4.30000E+01 2.60500E+03
p-Ni000-rp027056-Sisterson-C1447013.2006                         6 1.40000E+02 5.00000E+02
p-Ni000-rp027056-Amjed-D4301007.2014                            62 1.78000E+01 6.36000E+01
p-Ni000-rp027056-Hermanne-D4324018.2015                         40 8.20000E+00 6.41000E+01
p-Ni000-rp027056-Khandaker-D7002003.2011                        16 2.31000E+01 3.96000E+01
p-Ni000-rp027056-Weigel-O0088024.1975                            1 6.00000E+02 6.00000E+02
p-Ni000-rp027056-Michel-O0276109.1997                           46 1.91000E+01 1.60000E+03
p-Ni000-rp027056-Michel-O0277171.1995                            4 8.00000E+02 2.60000E+03
p-Ni000-rp027056-Alsaleh-O1503003.2007                          12 2.14000E+01 2.74000E+01
p-Ni000-rp027056-Neumann-O1882063.1999                           3 9.57000E+02 2.60000E+03
p-Ni000-rp027056-Garrido-O2315011.2016                           9 1.76200E+01 6.98100E+01
