#              Filename                                         N    min         max
a-Ni058-MT801-Albinski-D0256003-ang-E0172.500.1985             218 4.40002E+00 5.89000E+01
a-Ni058-MT801-Ballester-O1089003-ang-E0025.000.1987            185 1.48000E+01 1.73700E+02
a-Ni058-MT801-Bauer-F0550007-ang-E1370.000.1979                 44 4.59998E+00 1.07000E+01
a-Ni058-MT801-Bonin-D0214003-ang-E0288.000.1985                 39 2.10003E+00 3.20000E+01
a-Ni058-MT801-Bonin-D0214003-ang-E0340.000.1985                 39 2.10003E+00 3.03000E+01
a-Ni058-MT801-Broek-C1083005-ang-E0043.000.1962                113 1.21000E+01 5.51000E+01
a-Ni058-MT801-Broek-C1083006-ang-E0043.000.1962                 16 2.00000E+01 5.51000E+01
a-Ni058-MT801-Budzanowski-D0296003-ang-E0029.000.1978           57 2.25000E+01 1.75000E+02
a-Ni058-MT801-Budzanowski-D0296003-ang-E0034.000.1978           58 2.15000E+01 1.74500E+02
a-Ni058-MT801-Budzanowski-D0296003-ang-E0038.000.1978           83 2.15000E+01 1.74400E+02
a-Ni058-MT801-Budzanowski-D0296003-ang-E0058.000.1978           92 2.20000E+01 1.66300E+02
a-Ni058-MT801-Clark-C0123003-ang-E0240.000.1995                 89 4.40002E+00 1.36000E+01
a-Ni058-MT801-Cowley-D0374006-ang-E0032.300.1974               195 1.45000E+01 1.78500E+02
a-Ni058-MT801-Darriulat-C1025005-ang-E0064.500.1964            219 9.69998E+00 7.73000E+01
a-Ni058-MT801-Fulmer-C0924005-ang-E0021.080.1968                46 3.01000E+01 1.65100E+02
a-Ni058-MT801-Goldberg-C1081005-ang-E0139.000.1973             109 6.29999E+00 7.46000E+01
a-Ni058-MT801-Gonchar-D8015003-ang-E0038.000.1968               99 1.18000E+01 7.75000E+01
a-Ni058-MT801-Hunyadi-E2161003-ang-E0386.000.2009                8 1.80016E+00 3.50001E+00
a-Ni058-MT801-Hunyadi-E2161006-ang-E0386.000.2009                2 2.00008E+00 3.20008E+00
a-Ni058-MT801-Inoue-E2573003-ang-E0034.400.1968                 19 1.55000E+01 6.11000E+01
a-Ni058-MT801-Inoue-E2573005-ang-E0034.400.1968                 17 1.55000E+01 6.12000E+01
a-Ni058-MT801-Inoue-E2573014-ang-E0034.400.1968                 17 1.55000E+01 6.10000E+01
a-Ni058-MT801-Inoue-E2573016-ang-E0034.400.1968                 17 1.49000E+01 6.05000E+01
a-Ni058-MT801-Kumabe-E2241005-ang-E0028.500.1964                88 2.23000E+01 7.48000E+01
a-Ni058-MT801-Lui-C1152002-ang-E0240.000.2000                   28 9.99951E-01 4.99999E+00
a-Ni058-MT801-Lui-C1152004-ang-E0240.000.2000                  129 2.00008E+00 3.10000E+01
a-Ni058-MT801-Lui-C1152005-ang-E0240.000.2000                   30 9.99951E-01 5.30001E+00
a-Ni058-MT801-Nayak-E1983004-ang-E0386.000.2006                 32 2.00008E+00 1.30000E+01
a-Ni058-MT801-Rebel-D0255003-ang-E0104.000.1972                303 5.39997E+00 5.95000E+01
a-Ni058-MT801-Takahashi-E2247003-ang-E0022.200.1965             25 2.27000E+01 8.54000E+01
a-Ni058-MT801-Uchida-E1899023-ang-E0386.000.2004                34 1.90002E+00 1.29000E+01
a-Ni058-MT801-Youngblood-C0183002-ang-E0240.000.1996            48 9.99951E-01 5.39997E+00
a-Ni058-MT801-Youngblood-C0183003-ang-E0240.000.1996            16 9.99951E-01 5.39997E+00
a-Ni058-MT801-Youngblood-T0183002-ang-E0129.000.1992            18 3.79999E+00 1.69000E+01
