#              Filename                                         N    min         max
n-Pb207-MT151-Allen-101550091.1973                              11 3.07100E-03 1.81900E-01
n-Pb207-MT151-Allen-101550091A001.1973                          11 3.07100E-03 1.81900E-01
n-Pb207-MT151-Allen-101550092.1973                               6 1.24000E-02 1.81900E-01
n-Pb207-MT151-Allen-101550092A001.1973                           6 1.24000E-02 1.81900E-01
n-Pb207-MT151-Allen-101550093.1973                               6 1.24000E-02 1.81900E-01
n-Pb207-MT151-Allen-101550093A001.1973                           6 1.24000E-02 1.81900E-01
n-Pb207-MT151-Allen-101550094.1973                              11 3.07100E-03 1.81900E-01
n-Pb207-MT151-Allen-101550094A001.1973                          11 3.07100E-03 1.81900E-01
n-Pb207-MT151-Allen-101550152.1973                               1 9.24855E-02 9.24855E-02
n-Pb207-MT151-Allen-101550152A001.1973                           1 9.24855E-02 9.24855E-02
n-Pb207-MT151-Allen-101550153.1973                               1 9.24855E-02 9.24855E-02
n-Pb207-MT151-Allen-101550153A001.1973                           1 9.24855E-02 9.24855E-02
n-Pb207-MT151-Allen-30663007.1980                                2 3.77200E-02 4.12700E-02
n-Pb207-MT151-Bilpuch-115990511.1961                             7 1.96000E-02 1.41000E-01
n-Pb207-MT151-Bilpuch-115990512.1961                             7 1.96000E-02 1.41000E-01
n-Pb207-MT151-Bilpuch-115990513.1961                             2 4.45000E-02 5.00000E-02
n-Pb207-MT151-Bilpuch-115990514.1961                             5 1.96000E-02 1.41000E-01
n-Pb207-MT151-Bilpuch-115990515.1961                             2 4.45000E-02 5.00000E-02
n-Pb207-MT151-Bilpuch-115990516.1961                             5 1.96000E-02 1.41000E-01
n-Pb207-MT151-Block-213920041.1964                               1 1.68000E-02 1.68000E-02
n-Pb207-MT151-Block-213920042.1964                               3 3.06000E-03 1.68000E-02
n-Pb207-MT151-Broomhall-30371005.1974                            5 3.00000E-02 4.88000E-02
n-Pb207-MT151-Domingopardo-229460021.2006                       16 3.06470E-03 3.17000E-01
n-Pb207-MT151-Domingopardo-229460022.2006                       16 3.06470E-03 3.17000E-01
n-Pb207-MT151-Domingopardo-229460023.2006                       16 3.06470E-03 3.17000E-01
n-Pb207-MT151-Horen-106630021.1978                             118 3.06300E-03 4.72500E-01
n-Pb207-MT151-Horen-106630021A001.1978                         118 3.06300E-03 4.72500E-01
n-Pb207-MT151-Horen-106630022.1978                              78 1.67580E-02 4.72500E-01
n-Pb207-MT151-Horen-106630022A001.1978                          78 1.67580E-02 4.72500E-01
n-Pb207-MT151-Horen-106630023.1978                              61 1.67580E-02 4.72500E-01
n-Pb207-MT151-Horen-106630023A001.1978                          61 1.67580E-02 4.72500E-01
n-Pb207-MT151-Horen-106630024.1978                              99 3.06300E-03 4.72500E-01
n-Pb207-MT151-Horen-106630024A001.1978                          99 3.06300E-03 4.72500E-01
n-Pb207-MT151-Horen-106630025.1978                               6 6.83600E-02 3.49760E-01
n-Pb207-MT151-Horen-106630025A001.1978                           6 6.83600E-02 3.49760E-01
n-Pb207-MT151-Horen-10663003.1978                                3 2.37781E-01 2.37781E-01
n-Pb207-MT151-Horen-10663003A001.1978                            3 2.37781E-01 2.37781E-01
n-Pb207-MT151-Koehler-220520040.1987                           285 3.06500E-03 1.33000E+00
n-Pb207-MT151-Koehler-220520041.1987                           196 1.67580E-02 6.99588E-01
n-Pb207-MT151-Koehler-220520044.1987                           159 3.06500E-03 1.33000E+00
n-Pb207-MT151-Macklin-115750201.1964                             5 1.21000E-02 4.12000E-02
n-Pb207-MT151-Macklin-115750202.1964                             1 4.12000E-02 4.12000E-02
n-Pb207-MT151-Macklin-115750203.1964                             5 1.21000E-02 4.12000E-02
n-Pb207-MT151-Macklin-115750204.1964                             2 1.67000E-02 2.90000E-02
n-Pb207-MT151-Macklin-115750205.1964                             1 4.12000E-02 4.12000E-02
n-Pb207-MT151-Macklin-11575021.1964                             13 1.21000E-02 4.12000E-02
n-Pb207-MT151-Raman-107000021.1978                              35 1.67800E-02 8.56200E-01
n-Pb207-MT151-Raman-107000021A001.1978                          35 1.67800E-02 8.56200E-01
n-Pb207-MT151-Raman-107000022.1978                              35 1.67800E-02 8.56200E-01
n-Pb207-MT151-Raman-107000022A001.1978                          35 1.67800E-02 8.56200E-01
n-Pb207-MT151-Raman-107000023.1978                              27 1.67800E-02 8.56200E-01
n-Pb207-MT151-Raman-107000023A001.1978                          27 1.67800E-02 8.56200E-01
n-Pb207-MT151-Raman-107000031.1978                              55 3.06600E-03 8.03000E-01
n-Pb207-MT151-Raman-107000031A001.1978                          55 3.06600E-03 8.03000E-01
n-Pb207-MT151-Raman-107000032.1978                              55 3.06600E-03 8.03000E-01
n-Pb207-MT151-Raman-107000032A001.1978                          55 3.06600E-03 8.03000E-01
n-Pb207-MT151-Raman-107000033.1978                              46 3.06600E-03 8.03000E-01
n-Pb207-MT151-Raman-107000033A001.1978                          46 3.06600E-03 8.03000E-01
n-Pb207-MT151-Schmiedmayer-221010061.1988                        5 3.06360E-03 4.12380E-02
n-Pb207-MT151-Schmiedmayer-221010062.1988                        5 3.06360E-03 4.12380E-02
