#              Filename                                         N    min         max
n-Ni060-MT051-Boschung-10037067-ang-E0005.050.1971              20 2.51000E+01 1.48100E+02
n-Ni060-MT051-Boschung-10037069-ang-E0005.050.1971              20 2.51000E+01 1.48200E+02
n-Ni060-MT051-Boschung-10037071-ang-E0005.050.1971              20 2.51000E+01 1.48200E+02
n-Ni060-MT051-Boschung-10037073-ang-E0005.050.1971              20 2.51000E+01 1.48200E+02
n-Ni060-MT051-Guss-12930005-ang-E0007.904.1985                  29 2.52000E+01 1.55500E+02
n-Ni060-MT051-Guss-12930005-ang-E0009.959.1985                  29 2.53000E+01 1.54600E+02
n-Ni060-MT051-Kinney-10113010-ang-E0004.070.1974                 3 2.51000E+01 8.52000E+01
n-Ni060-MT051-Kinney-10113010-ang-E0004.070A001.1974             3 2.51000E+01 8.52000E+01
n-Ni060-MT051-Kinney-10113010-ang-E0004.340.1974                15 2.51000E+01 1.36600E+02
n-Ni060-MT051-Kinney-10113010-ang-E0004.340A001.1974            15 2.51000E+01 1.36600E+02
n-Ni060-MT051-Kinney-10113010-ang-E0004.650.1974                 3 2.51000E+01 8.52000E+01
n-Ni060-MT051-Kinney-10113010-ang-E0004.650A001.1974             3 2.51000E+01 8.52000E+01
n-Ni060-MT051-Kinney-10113010-ang-E0004.920.1974                15 2.51000E+01 1.36600E+02
n-Ni060-MT051-Kinney-10113010-ang-E0004.920A001.1974            15 2.51000E+01 1.36600E+02
n-Ni060-MT051-Kinney-10113010-ang-E0005.230.1974                 3 4.76000E+01 8.51000E+01
n-Ni060-MT051-Kinney-10113010-ang-E0005.230A001.1974             3 4.76000E+01 8.51000E+01
n-Ni060-MT051-Kinney-10113010-ang-E0005.500.1974                 3 4.76000E+01 6.26000E+01
n-Ni060-MT051-Kinney-10113010-ang-E0005.500A001.1974             3 4.76000E+01 6.26000E+01
n-Ni060-MT051-Kinney-10113011-ang-E0004.070.1974                 3 2.52000E+01 8.55000E+01
n-Ni060-MT051-Kinney-10113011-ang-E0004.070A001.1974             3 2.52000E+01 8.55000E+01
n-Ni060-MT051-Kinney-10113011-ang-E0004.340.1974                15 2.52000E+01 1.36800E+02
n-Ni060-MT051-Kinney-10113011-ang-E0004.340A001.1974            15 2.52000E+01 1.36800E+02
n-Ni060-MT051-Kinney-10113011-ang-E0004.650.1974                 3 2.51000E+01 8.54000E+01
n-Ni060-MT051-Kinney-10113011-ang-E0004.650A001.1974             3 2.51000E+01 8.54000E+01
n-Ni060-MT051-Kinney-10113011-ang-E0004.920.1974                15 2.51000E+01 1.36700E+02
n-Ni060-MT051-Kinney-10113011-ang-E0004.920A001.1974            15 2.51000E+01 1.36700E+02
n-Ni060-MT051-Kinney-10113011-ang-E0005.230.1974                 3 4.77000E+01 8.53000E+01
n-Ni060-MT051-Kinney-10113011-ang-E0005.230A001.1974             3 4.77000E+01 8.53000E+01
n-Ni060-MT051-Kinney-10113011-ang-E0005.500.1974                 3 4.77000E+01 6.28000E+01
n-Ni060-MT051-Kinney-10113011-ang-E0005.500A001.1974             3 4.77000E+01 6.28000E+01
n-Ni060-MT051-Kinney-10113012-ang-E0004.070.1974                 3 2.52000E+01 8.57000E+01
n-Ni060-MT051-Kinney-10113012-ang-E0004.070A001.1974             3 2.52000E+01 8.57000E+01
n-Ni060-MT051-Kinney-10113012-ang-E0004.340.1974                14 2.52000E+01 1.36900E+02
n-Ni060-MT051-Kinney-10113012-ang-E0004.340A001.1974            14 2.52000E+01 1.36900E+02
n-Ni060-MT051-Kinney-10113012-ang-E0004.650.1974                 3 2.52000E+01 8.55000E+01
n-Ni060-MT051-Kinney-10113012-ang-E0004.650A001.1974             3 2.52000E+01 8.55000E+01
n-Ni060-MT051-Kinney-10113012-ang-E0004.920.1974                15 2.52000E+01 1.36800E+02
n-Ni060-MT051-Kinney-10113012-ang-E0004.920A001.1974            15 2.52000E+01 1.36800E+02
n-Ni060-MT051-Kinney-10113012-ang-E0005.230.1974                 3 4.78000E+01 8.54000E+01
n-Ni060-MT051-Kinney-10113012-ang-E0005.230A001.1974             3 4.78000E+01 8.54000E+01
n-Ni060-MT051-Kinney-10113012-ang-E0005.500.1974                 3 4.78000E+01 6.28000E+01
n-Ni060-MT051-Kinney-10113012-ang-E0005.500A001.1974             3 4.78000E+01 6.28000E+01
n-Ni060-MT051-Korzh-40531052-ang-E0002.000.1975                  8 2.00000E+01 1.50000E+02
n-Ni060-MT051-Korzh-40531052-ang-E0002.500.1975                  9 2.00000E+01 1.50000E+02
n-Ni060-MT051-Korzh-40531052-ang-E0003.000.1975                  9 3.00000E+01 1.50000E+02
n-Ni060-MT051-Korzh-40572009-ang-E0005.000.1980                 31 2.00000E+01 1.50000E+02
n-Ni060-MT051-Pasechnik-40065006-ang-E0002.900.1971              7 2.95000E+01 1.34300E+02
n-Ni060-MT051-Perey-10487004-ang-E0006.440.1970                 17 2.25000E+01 1.34600E+02
n-Ni060-MT051-Perey-10487004-ang-E0006.440A001.1970             17 2.25000E+01 1.34600E+02
n-Ni060-MT051-Perey-10487004-ang-E0007.030.1970                 17 7.01000E+01 7.01000E+01
n-Ni060-MT051-Perey-10487005-ang-E0006.440.1970                 16 2.76000E+01 1.34700E+02
n-Ni060-MT051-Perey-10487005-ang-E0006.440A001.1970             16 2.76000E+01 1.34700E+02
n-Ni060-MT051-Perey-10487005-ang-E0007.030.1970                 16 7.02000E+01 7.02000E+01
n-Ni060-MT051-Perey-10487006-ang-E0006.440.1970                 16 2.76000E+01 1.34700E+02
n-Ni060-MT051-Perey-10487006-ang-E0006.440A001.1970             16 2.76000E+01 1.34700E+02
n-Ni060-MT051-Perey-10487006-ang-E0007.030.1970                 16 7.02000E+01 7.02000E+01
n-Ni060-MT051-Perey-10487007-ang-E0006.440.1970                 16 2.77000E+01 1.34800E+02
n-Ni060-MT051-Perey-10487007-ang-E0006.440A001.1970             16 2.77000E+01 1.34800E+02
n-Ni060-MT051-Perey-10487007-ang-E0007.030.1970                 16 7.03000E+01 7.03000E+01
n-Ni060-MT051-Perey-10487008-ang-E0006.440.1970                 16 2.77000E+01 1.34900E+02
n-Ni060-MT051-Perey-10487008-ang-E0006.440A001.1970             16 2.77000E+01 1.34900E+02
n-Ni060-MT051-Perey-10487008-ang-E0007.030.1970                 16 7.04000E+01 7.04000E+01
n-Ni060-MT051-Perey-10487009-ang-E0006.440.1970                 16 2.78000E+01 1.35000E+02
n-Ni060-MT051-Perey-10487009-ang-E0006.440A001.1970             16 2.78000E+01 1.35000E+02
n-Ni060-MT051-Perey-10487009-ang-E0007.030.1970                 16 7.05000E+01 7.05000E+01
n-Ni060-MT051-Perey-10487010-ang-E0006.440.1970                 16 2.78000E+01 1.35000E+02
n-Ni060-MT051-Perey-10487010-ang-E0006.440A001.1970             16 2.78000E+01 1.35000E+02
n-Ni060-MT051-Perey-10487010-ang-E0007.540.1970                 15 4.79000E+01 1.34900E+02
n-Ni060-MT051-Perey-10487010-ang-E0007.540A001.1970             15 4.79000E+01 1.34900E+02
n-Ni060-MT051-Perey-10487010-ang-E0008.040.1970                  3 4.78000E+01 8.55000E+01
n-Ni060-MT051-Perey-10487010-ang-E0008.040A001.1970              3 4.78000E+01 8.55000E+01
n-Ni060-MT051-Perey-10487010-ang-E0008.560.1970                 12 4.78000E+01 1.34800E+02
n-Ni060-MT051-Perey-10487010-ang-E0008.560A001.1970             12 4.78000E+01 1.34800E+02
n-Ni060-MT051-Perey-10487011-ang-E0006.440.1970                 16 2.79000E+01 1.35100E+02
n-Ni060-MT051-Perey-10487011-ang-E0006.440A001.1970             16 2.79000E+01 1.35100E+02
n-Ni060-MT051-Perey-10487011-ang-E0007.030.1970                 16 7.06000E+01 7.06000E+01
n-Ni060-MT051-Rodgers-11276018-ang-E0002.330.1967                5 3.02000E+01 1.20500E+02
n-Ni060-MT051-Tsukada-20304016-ang-E0002.010.1969                8 9.00000E+01 9.00000E+01
n-Ni060-MT051-Yamanouti-10953005-ang-E0024.000.1979             48 1.50000E+01 1.50000E+02
n-Ni060-MT051-Yamanouti-23367005-ang-E0018.500.1991             26 2.02000E+01 1.40400E+02
