#              Filename                                         N    min         max
p-N015-MT089-Byrd-T0004005-E0009.050.1981                      269 0.00000E+00 1.60000E+02
p-N015-MT089-Chew-D0113002-E0008.371.1978                      897 1.20000E+02 1.40000E+02
p-N015-MT089-Chew-D0113003-E0011.980.1978                       13 2.97000E+01 1.50200E+02
p-N015-MT089-Chew-D0113003-E0012.980.1978                       13 2.96000E+01 1.49600E+02
p-N015-MT089-Chew-D0113003-E0014.580.1978                       13 2.96000E+01 1.50400E+02
p-N015-MT089-Chew-D0113003-E0015.130.1978                       13 2.95000E+01 1.50200E+02
p-N015-MT089-Chew-D0113003-E0015.280.1978                       13 2.95000E+01 1.50000E+02
p-N015-MT089-Jon-E2092006-E0035.000.2000                        19 0.00000E+00 1.30100E+02
p-N015-MT089-Murphy-T0003002-E0005.530.1981                    166 0.00000E+00 1.50100E+02
p-N015-MT089-Poenitz-O2099002-E0005.560.2010                   275 0.00000E+00 0.00000E+00
p-N015-MT089-Poenitz-O2099005-E0005.830.2010                    29 0.00000E+00 0.00000E+00
p-N015-MT089-Wong-T0015005-E0005.500.1961                       15 1.36000E+01 1.49900E+02
p-N015-MT089-Wong-T0015005-E0006.500.1961                       15 1.36000E+01 1.54800E+02
p-N015-MT089-Wong-T0015005-E0007.000.1961                       15 1.37000E+01 1.52800E+02
p-N015-MT089-Wong-T0015005-E0007.350.1961                       15 5.19999E+00 1.56200E+02
p-N015-MT089-Wong-T0015005-E0007.650.1961                       16 5.19999E+00 1.52900E+02
p-N015-MT089-Wong-T0015005-E0007.800.1961                       15 8.49999E+00 1.52900E+02
p-N015-MT089-Wong-T0015005-E0008.100.1961                       15 5.80002E+00 1.53000E+02
p-N015-MT089-Wong-T0015005-E0008.650.1961                       15 5.80002E+00 1.51900E+02
p-N015-MT089-Wong-T0015005-E0009.050.1961                       16 6.20005E+00 1.49600E+02
p-N015-MT089-Wong-T0015005-E0009.450.1961                       15 6.29999E+00 1.50700E+02
p-N015-MT089-Wong-T0015005-E0010.700.1961                       15 6.29999E+00 1.49700E+02
p-N015-MT089-Wong-T0015005-E0011.400.1961                       14 0.00000E+00 1.39900E+02
p-N015-MT089-Wong-T0015005-E0012.250.1961                       16 0.00000E+00 1.48100E+02
p-N015-MT089-Wong-T0015005-E0013.600.1961                       11 8.89998E+00 1.19300E+02
p-N015-MT089-Wong-T0015007-E0005.482.1961                        1 4.99999E+00 4.00000E+01
p-N015-MT089-Wong-T0015007-E0006.085.1961                        1 4.99999E+00 4.99999E+00
