#              Filename                                         N    min         max
n-C012-MT051-Anderson-11229006-ang-E0014.000.1958               16 2.51000E+01 1.41800E+02
n-C012-MT051-Anderson-11229006-ang-E0014.000A001.1958           16 2.51000E+01 1.41800E+02
n-C012-MT051-Baba-21984055-ang-E0014.200.1986                   10 2.53000E+01 1.50500E+02
n-C012-MT051-Baba-21984055-ang-E0018.200.1986                   12 2.53000E+01 1.50400E+02
n-C012-MT051-Baba-22077059-ang-E0014.100.1988                   11 2.53000E+01 1.50500E+02
n-C012-MT051-Baba-22077059-ang-E0018.000.1988                   12 2.53000E+01 1.47900E+02
n-C012-MT051-Baba-22188046-ang-E0014.100.1990                   12 2.02000E+01 1.50500E+02
n-C012-MT051-Baba-22188046-ang-E0018.000.1990                   14 2.02000E+01 1.45500E+02
n-C012-MT051-Biryukov-40066003-ang-E0009.200.1971                1 3.20000E+01 3.20000E+01
n-C012-MT051-Bobyr-40792002-ang-E0014.000.1961                  13 2.04000E+01 1.40800E+02
n-C012-MT051-Bonazzola-20495003-ang-E0014.100.1972               6 1.55200E+02 1.78000E+02
n-C012-MT051-Bouchez-21153003-ang-E0014.600.1963                15 1.15000E+01 1.57000E+02
n-C012-MT051-Bouchez-21224003-ang-E0014.600.1966                19 1.02000E+01 1.65300E+02
n-C012-MT051-Bouchez-21224004-ang-E0014.600.1966                18 1.04000E+01 1.65700E+02
n-C012-MT051-Bouchez-21224005-ang-E0014.600.1966                15 1.07000E+01 1.43100E+02
n-C012-MT051-Chiba-22160006-ang-E0028.200.1997                  26 2.01000E+01 1.40900E+02
n-C012-MT051-Clarke-11286006-ang-E0014.100.1964                 18 9.20003E+00 1.53900E+02
n-C012-MT051-Dashkov-41752003-ang-E0014.100.2022                75 1.65000E+01 1.66900E+02
n-C012-MT051-Deconninck-20240009-ang-E0017.270.1970             35 3.04000E+01 1.30500E+02
n-C012-MT051-Deuchars-21444004-ang-E0014.000.1960               11 1.21000E+01 1.39900E+02
n-C012-MT051-Elfruth-30939013-ang-E0014.080.1986                 2 1.52000E+01 1.65300E+02
n-C012-MT051-Elfruth-30939013-ang-E0014.100.1986                 2 3.05000E+01 1.50500E+02
n-C012-MT051-Elfruth-30939013-ang-E0014.110.1986                 3 4.09000E+01 1.35800E+02
n-C012-MT051-Elfruth-30939013-ang-E0014.120.1986                 3 5.64000E+01 1.21000E+02
n-C012-MT051-Elfruth-30939013-ang-E0014.240.1986                 3 7.60000E+01 1.05600E+02
n-C012-MT051-Glasgow-12890005-ang-E0008.970.1976                28 2.60000E+01 1.55700E+02
n-C012-MT051-Glasgow-12890005-ang-E0009.200.1976                28 2.60000E+01 1.57900E+02
n-C012-MT051-Grin-21047004-ang-E0014.100.1969                   52 3.30002E+00 1.53800E+02
n-C012-MT051-Grin-21047005-ang-E0014.100.1969                   26 3.30002E+00 1.52900E+02
n-C012-MT051-Grin-21047008-ang-E0014.100.1969                   13 3.30002E+00 1.52900E+02
n-C012-MT051-Gul-30470005-ang-E0014.800.1979                     3 7.34000E+01 9.42000E+01
n-C012-MT051-Gul-30593013-ang-E0014.700.1981                    10 3.05000E+01 1.30900E+02
n-C012-MT051-Haddad-11267005-ang-E0006.000.1959                 10 2.16000E+01 1.50500E+02
n-C012-MT051-Haddad-11267005-ang-E0006.300.1959                 10 2.12000E+01 1.50000E+02
n-C012-MT051-Haddad-11267005-ang-E0007.000.1959                 10 2.12000E+01 1.52000E+02
n-C012-MT051-Haouat-22544003-ang-E0008.000.1978                220 1.04000E+01 1.61000E+02
n-C012-MT051-Hata-22189003-ang-E0014.130.1990                    5 1.23000E+01 5.27000E+01
n-C012-MT051-HuangTangzii-30684003-ang-E0014.100.1983           41 8.10000E+01 1.79000E+02
n-C012-MT051-Kuijper-20223003-ang-E0014.760.1972                19 2.33000E+01 6.55000E+01
n-C012-MT051-LiAnlii-32548003-ang-E0014.700.1980                27 1.50000E+01 1.35000E+02
n-C012-MT051-Mcdaniel-10189003-ang-E0007.480.1972               13 3.15000E+01 1.51700E+02
n-C012-MT051-Mcdaniel-10189003-ang-E0007.480A001.1972           13 3.15000E+01 1.51700E+02
n-C012-MT051-Meigooni-12944005-ang-E0022.000.1985               38 1.23000E+01 1.52100E+02
n-C012-MT051-Meigooni-12944005-ang-E0024.000.1985               13 1.24000E+01 1.51900E+02
n-C012-MT051-Meigooni-12944005-ang-E0026.000.1985               27 1.24000E+01 1.56000E+02
n-C012-MT051-Mermod-23030003-ang-E0094.800.2006                 26 2.98000E+01 8.05000E+01
n-C012-MT051-Mezzetti-21614003-ang-E0014.200.1978                7 1.45700E+02 1.75100E+02
n-C012-MT051-Olsson-22098005-ang-E0016.500.1989                629 1.27000E+01 1.60300E+02
n-C012-MT051-Perey-10027016-ang-E0006.010.1969                  10 1.64000E+01 8.33000E+01
n-C012-MT051-Perey-10027016-ang-E0006.010A001.1969              10 1.64000E+01 8.33000E+01
n-C012-MT051-Perey-10027016-ang-E0006.370.1969                  25 1.61000E+01 1.22500E+02
n-C012-MT051-Perey-10027016-ang-E0006.370A001.1969              25 1.61000E+01 1.22500E+02
n-C012-MT051-Perey-10027016-ang-E0006.440.1969                  22 1.61000E+01 1.38100E+02
n-C012-MT051-Perey-10027016-ang-E0006.440A001.1969              22 1.61000E+01 1.38100E+02
n-C012-MT051-Perey-10027016-ang-E0007.030.1969                  22 2.91000E+01 2.91000E+01
n-C012-MT051-Perey-10609003-ang-E0005.320.1978                   3 3.15000E+01 4.92000E+01
n-C012-MT051-Perey-10609003-ang-E0005.320A001.1978               3 3.15000E+01 4.92000E+01
n-C012-MT051-Perey-10609003-ang-E0005.420.1978                   6 3.11000E+01 7.06000E+01
n-C012-MT051-Perey-10609003-ang-E0005.420A001.1978               6 3.11000E+01 7.06000E+01
n-C012-MT051-Perey-10609003-ang-E0005.520.1978                   9 1.40000E+01 9.35000E+01
n-C012-MT051-Perey-10609003-ang-E0005.520A001.1978               9 1.40000E+01 9.35000E+01
n-C012-MT051-Perey-10609003-ang-E0005.620.1978                  13 1.39000E+01 1.15100E+02
n-C012-MT051-Perey-10609003-ang-E0005.620A001.1978              13 1.39000E+01 1.15100E+02
n-C012-MT051-Perey-10609003-ang-E0005.720.1978                  16 1.38000E+01 1.35300E+02
n-C012-MT051-Perey-10609003-ang-E0005.720A001.1978              16 1.38000E+01 1.35300E+02
n-C012-MT051-Perey-10609003-ang-E0005.800.1978                  16 1.38000E+01 1.41900E+02
n-C012-MT051-Rethmeier-20200003-ang-E0014.800.1962               4 9.93636E+00 4.00040E+01
n-C012-MT051-Schmidt-32001018-ang-E0007.750.1987                 7 2.06000E+01 1.61000E+02
n-C012-MT051-Schmidt-32001018-ang-E0009.800.1987                 8 2.06000E+01 1.60700E+02
n-C012-MT051-Shirato-22284004-ang-E0014.100.1992                 8 1.23000E+01 5.36000E+01
n-C012-MT051-Singletary-11325004-ang-E0014.100.1959             27 2.94000E+01 1.49200E+02
n-C012-MT051-Takahashi-22075178-ang-E0014.100.1987              47 1.50000E+01 1.60000E+02
n-C012-MT051-Takahashi-22075179-ang-E0014.100.1987              16 1.50000E+01 1.60000E+02
n-C012-MT051-Tesch-21663009-ang-E0014.100.1962                  12 2.50000E+01 1.60400E+02
n-C012-MT051-Thumm-20710004-ang-E0015.850.1980                  10 4.61000E+01 1.39900E+02
n-C012-MT051-Thumm-20710004-ang-E0018.250.1980                   9 4.61000E+01 1.53600E+02
n-C012-MT051-Thumm-20710007-ang-E0015.000.1980                   3 8.36000E+01 1.10700E+02
n-C012-MT051-Thumm-20710008-ang-E0015.000.1980                   8 5.11000E+01 1.53600E+02
n-C012-MT051-Velkley-10321005-ang-E0007.730.1973                19 3.12000E+01 1.22700E+02
n-C012-MT051-Velkley-10321005-ang-E0007.730A001.1973            19 3.12000E+01 1.22700E+02
n-C012-MT051-Velkley-10321005-ang-E0008.200.1973                25 3.10000E+01 1.51400E+02
n-C012-MT051-Velkley-10321005-ang-E0008.200A001.1973            25 3.10000E+01 1.51400E+02
n-C012-MT051-Velkley-10321005-ang-E0009.000.1973                18 3.10000E+01 1.63600E+02
n-C012-MT051-Velkley-10321005-ang-E0009.000A001.1973            18 3.10000E+01 1.63600E+02
n-C012-MT051-Western-12069005-ang-E0014.700.1966                19 2.04000E+01 1.40000E+02
n-C012-MT051-Wilenzick-11287005-ang-E0006.040.1965              13 2.13000E+01 1.44300E+02
n-C012-MT051-Yoshimura-20266005-ang-E0014.100.1965              38 1.04000E+01 1.51400E+02
