#              Filename                                         N    min         max
d-Zr090-MT601-Dickens-C2172004-E0012.000.1966                   30 1.95000E+01 1.59500E+02
d-Zr090-MT601-Dickens-C2172005-E0012.000.1966                   30 1.95000E+01 1.59500E+02
d-Zr090-MT601-Dickens-C2172006-E0012.000.1966                   26 2.45000E+01 1.59500E+02
d-Zr090-MT601-Dickens-C2172007-E0012.000.1966                   25 3.05000E+01 1.59500E+02
d-Zr090-MT601-Dickens-C2172008-E0012.000.1966                   30 1.95000E+01 1.59500E+02
d-Zr090-MT601-Dickens-C2172009-E0012.000.1966                   28 2.95000E+01 1.59500E+02
d-Zr090-MT601-Dickens-C2172010-E0012.000.1966                   28 2.45000E+01 1.59500E+02
d-Zr090-MT601-Dickens-C2172011-E0012.000.1966                   28 2.45000E+01 1.59500E+02
d-Zr090-MT601-Dickens-C2172012-E0012.000.1966                   24 3.46000E+01 1.59500E+02
d-Zr090-MT601-Dickens-C2172013-E0012.000.1966                   22 4.46000E+01 1.59500E+02
d-Zr090-MT601-Dickens-C2172014-E0012.000.1966                   25 2.46000E+01 1.59500E+02
d-Zr090-MT601-Dickens-C2172015-E0014.000.1966                   32 1.95000E+01 1.65000E+02
d-Zr090-MT601-Dickens-C2172016-E0014.000.1966                   33 1.95000E+01 1.65000E+02
d-Zr090-MT601-Dickens-C2172017-E0014.000.1966                   29 1.95000E+01 1.65000E+02
d-Zr090-MT601-Dickens-C2172018-E0014.000.1966                   32 1.95000E+01 1.65000E+02
d-Zr090-MT601-Dickens-C2172019-E0014.000.1966                   33 1.95000E+01 1.65000E+02
d-Zr090-MT601-Dickens-C2172020-E0014.000.1966                   29 1.95000E+01 1.65000E+02
d-Zr090-MT601-Dickens-C2172021-E0014.000.1966                   30 1.96000E+01 1.65000E+02
d-Zr090-MT601-Dickens-C2172022-E0014.000.1966                   28 2.46000E+01 1.65000E+02
d-Zr090-MT601-Dickens-C2172023-E0014.000.1966                   25 2.46000E+01 1.60000E+02
d-Zr090-MT601-Hashimoto-E1367058-E0022.000.1987                 21 4.99999E+00 9.00000E+01
d-Zr090-MT601-Michelman-O04350051-E0011.000.1969                31 9.80000E+00 1.59500E+02
d-Zr090-MT601-Michelman-O04350061-E0011.000.1969                31 9.80000E+00 1.59500E+02
d-Zr090-MT601-Rathmell-C1073008-E0012.000.1973                  56 2.07000E+01 1.59700E+02
