#              Filename                                         N    min         max
p-Al027-MT801-Galanina-F1288003-E0007.400.2016                  22 2.52000E+01 1.60100E+02
p-Al027-MT801-Lawrence-F1070003-E0006.019.1965                   1 9.00000E+01 1.35000E+02
p-Al027-MT801-Lawrence-F1070003-E0006.026.1965                   1 9.00000E+01 9.00000E+01
p-Al027-MT801-Nelson-C0686004-E0000.925.1984                 16776 9.00000E+01 1.50000E+02
p-Al027-MT801-Ogata-E2039039-E0010.650.1960                     16 2.01000E+01 1.70100E+02
p-Al027-MT801-Ogata-E2039040-E0010.830.1960                     16 2.01000E+01 1.70100E+02
p-Al027-MT801-Ogata-E2039041-E0010.990.1960                     16 2.01000E+01 1.70100E+02
p-Al027-MT801-Ogata-E2039042-E0011.110.1960                     16 2.01000E+01 1.70100E+02
p-Al027-MT801-Ogata-E2039043-E0011.220.1960                     16 2.01000E+01 1.70100E+02
p-Al027-MT801-Ogata-E2039044-E0011.250.1960                     16 2.01000E+01 1.70100E+02
p-Al027-MT801-Ogata-E2039045-E0011.410.1960                     16 2.01000E+01 1.70100E+02
p-Al027-MT801-Ogata-E2039046-E0011.450.1960                     16 2.01000E+01 1.70100E+02
p-Al027-MT801-Ogata-E2039047-E0011.530.1960                     16 2.01000E+01 1.70100E+02
p-Al027-MT801-Ogata-E2039048-E0011.700.1960                     16 2.00000E+01 1.70100E+02
p-Al027-MT801-Ogata-E2039049-E0011.800.1960                     16 2.00000E+01 1.70100E+02
p-Al027-MT801-Ogata-E2039050-E0011.910.1960                     16 2.00000E+01 1.70100E+02
p-Al027-MT801-Ogata-E2039051-E0012.080.1960                     16 2.00000E+01 1.70100E+02
p-Al027-MT801-Ogata-E2039052-E0012.170.1960                     16 2.00000E+01 1.70100E+02
p-Al027-MT801-Ogata-E2039053-E0012.250.1960                     16 2.00000E+01 1.70100E+02
p-Al027-MT801-Ogata-E2039054-E0012.370.1960                     16 2.00000E+01 1.70100E+02
p-Al027-MT801-Ogata-E2039055-E0012.500.1960                     16 2.00000E+01 1.70100E+02
p-Al027-MT801-Ogata-E2039056-E0012.580.1960                     16 2.00000E+01 1.70100E+02
p-Al027-MT801-Ogata-E2039057-E0012.670.1960                     16 2.00000E+01 1.70100E+02
p-Al027-MT801-Ogata-E2039058-E0012.780.1960                     16 2.00000E+01 1.70100E+02
p-Al027-MT801-Ogata-E2039059-E0012.850.1960                     16 2.00000E+01 1.70100E+02
p-Al027-MT801-Ogata-E2039060-E0012.940.1960                     16 2.00000E+01 1.70100E+02
p-Al027-MT801-Ogata-E2039061-E0013.050.1960                     16 2.00000E+01 1.70100E+02
p-Al027-MT801-Ogata-E2039062-E0013.160.1960                     16 2.00000E+01 1.70100E+02
p-Al027-MT801-Ogata-E2039063-E0013.310.1960                     16 2.00000E+01 1.70100E+02
p-Al027-MT801-Ogata-E2039064-E0013.390.1960                     16 2.00000E+01 1.70100E+02
p-Al027-MT801-Ogata-E2039065-E0013.460.1960                     16 2.00000E+01 1.70100E+02
p-Al027-MT801-Ogata-E2039066-E0013.610.1960                     16 2.00000E+01 1.70100E+02
p-Al027-MT801-Ogata-E2039067-E0013.710.1960                     16 2.00000E+01 1.70100E+02
p-Al027-MT801-Ogata-E2039068-E0013.830.1960                     16 2.00000E+01 1.70100E+02
p-Al027-MT801-Ogata-E2039069-E0013.960.1960                     16 2.00000E+01 1.70100E+02
p-Al027-MT801-Ogata-E2039070-E0014.060.1960                     16 2.00000E+01 1.70100E+02
p-Al027-MT801-Ogata-E2039071-E0014.160.1960                     16 2.00000E+01 1.70100E+02
p-Al027-MT801-Ogata-E2039072-E0014.280.1960                     16 2.00000E+01 1.70100E+02
p-Al027-MT801-Ogata-E2039073-E0014.450.1960                     16 2.00000E+01 1.70100E+02
p-Al027-MT801-Ogata-E2039074-E0014.500.1960                     16 2.00000E+01 1.70100E+02
p-Al027-MT801-Ogata-E2039075-E0014.550.1960                     16 2.00000E+01 1.70100E+02
p-Al027-MT801-Warsh-F1039003-E0010.000.1963                     33 2.03000E+01 1.70200E+02
p-Al027-MT801-Warsh-F1039003-E0010.500.1963                     33 1.95000E+01 1.72000E+02
p-Al027-MT801-Warsh-F1039003-E0011.000.1963                     34 1.64000E+01 1.29900E+02
p-Al027-MT801-Warsh-F1039003-E0011.500.1963                     35 1.64000E+01 1.65300E+02
p-Al027-MT801-Warsh-F1039003-E0012.000.1963                     35 1.95000E+01 1.70700E+02
p-Al027-MT801-Yamashita-E2231010-E0007.400.1961                 16 1.96000E+01 1.59800E+02
p-Al027-MT801-Yamashita-E2231011-E0007.000.1961                 16 1.96000E+01 1.59500E+02
p-Al027-MT801-Yamashita-E2231012-E0006.500.1961                 16 1.99000E+01 1.60200E+02
p-Al027-MT801-Yamashita-E2231013-E0006.100.1961                 15 1.97000E+01 1.60400E+02
