#              Filename                                         N    min         max     
n-Fe000-rp026001-Gibbons-11329011.1961                           2 3.00000E-02 6.50000E-02
n-Fe000-rp026001-Diven-11616005.1960                             7 1.75000E-01 1.00000E+00
n-Fe000-rp026001-Macklin-11679003.1967                           3 1.25000E-01 1.82000E-01
n-Fe000-rp026001-Chou-20352002.1973                             27 7.39640E-04 2.66270E-02
n-Fe000-rp026001-Chou-20352003.1973                             29 6.89270E-04 3.85800E-02
n-Fe000-rp026001-Chou-20352004.1973                             24 8.27350E-04 1.70410E-02
n-Fe000-rp026001-Chou-20352005.1973                             26 8.44440E-04 4.08160E-02
n-Fe000-rp026001-Chou-20352006.1973                             80 5.92490E-06 6.77480E-04
n-Fe000-rp026001-Chou-20352007.1973                             24 8.40000E-04 1.90000E-02
n-Fe000-rp026001-Lerigoleur-20557004.1973                      282 7.02500E-02 5.32500E-01
n-Fe000-rp026001-Lerigoleur-20557005.1973                       30 7.25000E-02 5.20000E-01
n-Fe000-rp026001-Lerigoleur-20572007.1976                      571 1.51300E-02 1.65250E-01
n-Fe000-rp026001-Lerigoleur-205720081.1976                      18 1.75000E-02 1.45000E-01
n-Fe000-rp026001-Lerigoleur-205720082.1976                       9 2.25000E-02 6.25000E-02
n-Fe000-rp026001-Tattersall-20638010.1960                        1 2.53000E-08 2.53000E-08
n-Fe000-rp026001-Carre-20658006.1966                             1 2.53000E-08 2.53000E-08
n-Fe000-rp026001-Mitzel-21324002.1964                           34 8.00000E-05 2.00000E-02
n-Fe000-rp026001-Moxon-22564002.1964                            12 1.10300E-03 1.19400E-03
n-Fe000-rp026001-Moxon-22564003.1964                             5 1.13000E-03 1.16300E-03
n-Fe000-rp026001-Moxon-22564004.1964                             4 1.13500E-03 1.16000E-03
n-Fe000-rp026001-Moxon-22564005.1964                            16 4.13000E-02 9.65000E-02
n-Fe000-rp026001-Moxon-22564006.1964                             8 1.11900E-03 1.17700E-03
n-Fe000-rp026001-Budnar-30532022.1979                            1 1.41000E+01 1.41000E+01
n-Fe000-rp026001-Belanova-40374007.1958                          3 2.50000E-02 8.30000E-01
n-Fe000-rp026001-Stavisskij-40641004.1961                       12 3.60000E-02 9.20000E-01
n-Fe000-rp026001-Malyshev-40690002.1964                         14 3.75000E-02 1.50000E+00
n-Fe000-rp026001-Isakov-40786003.1960                          127 2.70000E-07 7.20000E-02
n-Fe000-rp026001-Mughabghab-V10011981.2006                       1 2.53000E-08 2.53000E-08
