#              Filename                                         N    min         max     
p-Fe000-rp025052g-Barchuk-A03390033.1987                        56 1.93500E+01 6.44000E+01
p-Fe000-rp025052g-Cline-B0085044G.1971                           1 5.90000E+02 5.90000E+02
p-Fe000-rp025052g-Brodzinski-C02720061.1971                      7 2.95000E+01 5.85000E+02
p-Fe000-rp025052g-Schoen-T0276008.1979                          10 2.29000E+01 6.30000E+01
p-Fe000-rp025052g-Michel-A01000074.1985                         26 4.93000E+01 1.99800E+02
p-Fe000-rp025052g-Aleksandrov-A0501039.1990                      1 1.00000E+03 1.00000E+03
p-Fe000-rp025052g-Graves-C2243019.2016                          12 3.46000E+01 9.02000E+01
p-Fe000-rp025052g-Kim-D7007003.2014                             15 2.28200E+01 4.03000E+01
p-Fe000-rp025052g-Rayudu-O0073004.1964                           4 1.30000E+02 3.96000E+02
p-Fe000-rp025052g-Rayudu-O0077004.1968                           5 5.00000E+02 2.90000E+03
p-Fe000-rp025052g-Weigel-O0088007.1975                           1 6.00000E+02 6.00000E+02
p-Fe000-rp025052g-Michel-O0276071.1997                          66 1.60000E+01 2.15000E+02
p-Fe000-rp025052g-Lavrukhina-O0283032.1963                       1 1.50000E+02 1.50000E+02
p-Fe000-rp025052g-Lavrukhina-O0299032.1963                       1 6.60000E+02 6.60000E+02
p-Fe000-rp025052g-Barashenkov-O0339027.1990                      1 1.10000E+03 1.10000E+03
p-Fe000-rp025052g-Aleksandrov-O0376008.1989                      1 1.00000E+03 1.00000E+03
p-Fe000-rp025052g-Daum-O0498002.1997                             2 2.50000E+01 2.99000E+01
p-Fe000-rp025052g-Fassbender-O0728010.1999                      14 8.67000E+01 2.47900E+02
p-Fe000-rp025052g-Orth-T0131006.1976                             1 5.90000E+02 5.90000E+02
