#              Filename                                         N    min         max
n-Ni064-MT151-Beer-203740211.1975                               13 1.43000E-02 2.83500E-01
n-Ni064-MT151-Beer-203740212.1975                               10 1.43000E-02 2.83500E-01
n-Ni064-MT151-Beer-203740213.1975                                2 1.43000E-02 3.38200E-02
n-Ni064-MT151-Beer-203740221.1975                                9 1.48000E-02 2.55700E-01
n-Ni064-MT151-Beer-203740222.1975                                5 1.06500E-01 2.55700E-01
n-Ni064-MT151-Beer-20374039.1975                                 1 0.00000E+00 0.00000E+00
n-Ni064-MT151-Farrell-116010231.1966                            21 1.38000E-02 5.83000E-01
n-Ni064-MT151-Farrell-116010232.1966                            21 1.38000E-02 5.83000E-01
n-Ni064-MT151-Farrell-116010233.1966                            21 1.38000E-02 5.83000E-01
n-Ni064-MT151-Farrell-116010311.1966                            33 1.05000E-01 5.65000E-01
n-Ni064-MT151-Farrell-116010312.1966                             9 3.65000E-01 5.41500E-01
n-Ni064-MT151-Hockenbury-100010131.1969                          7 9.52000E-03 8.34000E-02
n-Ni064-MT151-Hockenbury-100010131A001.1969                      7 9.52000E-03 8.34000E-02
n-Ni064-MT151-Litvinskij-41088014.1990                           1 1.43000E-02 1.43000E-02
n-Ni064-MT151-Wisshak-21890002.1984                              2 1.39000E-02 3.38000E-02
n-Ni064-MT151-Wisshak-21890003.1984                              2 1.39000E-02 3.38000E-02
n-Ni064-MT151-Wisshak-21890004.1984                              2 1.39000E-02 3.38000E-02
n-Ni064-MT151-Wisshak-21890005.1984                              2 1.39000E-02 3.39000E-02
