#              Filename                                         N    min         max
p-F019-MT801-Holmgren-C2575003-E0022.800.1963                   28 1.44000E+01 1.66700E+02
p-F019-MT801-Holmgren-C2575004-E0022.800.1963                   29 1.49000E+01 1.49000E+01
p-F019-MT801-Kuan-F0970007-E0005.828.1972                      338 1.54500E+02 1.54500E+02
p-F019-MT801-Kuan-F0970008-E0005.648.1972                      145 1.54500E+02 1.54500E+02
p-F019-MT801-Paneta-O2061007-E0001.498.2012                    133 1.40000E+02 1.60000E+02
p-F019-MT801-TAKASHIINOUEE-E1120002-E0010.000.1984              34 1.56000E+01 1.68300E+02
p-F019-MT801-TAKASHIINOUEE-E1120003-E0010.200.1984              34 2.16000E+01 1.76300E+02
p-F019-MT801-TAKASHIINOUEE-E1120004-E0010.400.1984              35 2.08000E+01 1.74000E+02
p-F019-MT801-TAKASHIINOUEE-E1120005-E0010.600.1984              35 1.87000E+01 1.73500E+02
p-F019-MT801-TAKASHIINOUEE-E1120006-E0010.800.1984              33 2.16000E+01 1.75400E+02
p-F019-MT801-TAKASHIINOUEE-E1120007-E0011.000.1984              32 1.62000E+01 1.70700E+02
p-F019-MT801-TAKASHIINOUEE-E1120008-E0011.200.1984              34 1.49000E+01 1.68400E+02
p-F019-MT801-TAKASHIINOUEE-E1120009-E0011.400.1984              33 1.56000E+01 1.68000E+02
p-F019-MT801-TAKASHIINOUEE-E1120010-E0010.000.1984              35 1.90000E+01 1.72200E+02
p-F019-MT801-TAKASHIINOUEE-E1120011-E0010.200.1984              31 1.46000E+01 1.71200E+02
p-F019-MT801-TAKASHIINOUEE-E1120012-E0010.400.1984              32 1.90000E+01 1.69800E+02
p-F019-MT801-TAKASHIINOUEE-E1120013-E0010.600.1984              33 2.01000E+01 1.72200E+02
p-F019-MT801-TAKASHIINOUEE-E1120014-E0010.800.1984              33 2.16000E+01 1.74100E+02
p-F019-MT801-TAKASHIINOUEE-E1120015-E0014.000.1984              33 1.28000E+01 1.63000E+02
p-F019-MT801-TAKASHIINOUEE-E1120016-E0011.200.1984              33 1.56000E+01 1.67900E+02
p-F019-MT801-TAKASHIINOUEE-E1120017-E0011.400.1984              31 1.62000E+01 1.69300E+02
p-F019-MT801-TAKASHIINOUEE-E1120018-E0010.000.1984              33 1.54000E+01 1.68500E+02
p-F019-MT801-TAKASHIINOUEE-E1120019-E0010.200.1984              33 1.61000E+01 1.68000E+02
p-F019-MT801-TAKASHIINOUEE-E1120020-E0010.400.1984              32 1.55000E+01 1.68700E+02
p-F019-MT801-TAKASHIINOUEE-E1120021-E0010.600.1984              36 1.21000E+01 1.64000E+02
p-F019-MT801-TAKASHIINOUEE-E1120022-E0010.800.1984              32 1.67000E+01 1.69000E+02
p-F019-MT801-TAKASHIINOUEE-E1120023-E0011.000.1984              33 1.49000E+01 1.67200E+02
p-F019-MT801-TAKASHIINOUEE-E1120024-E0011.200.1984              32 1.46000E+01 1.70600E+02
p-F019-MT801-TAKASHIINOUEE-E1120025-E0011.400.1984              32 1.38000E+01 1.67500E+02
p-F019-MT801-TAKASHIINOUEE-E1120026-E0010.000.1984              34 1.66000E+01 1.68400E+02
p-F019-MT801-TAKASHIINOUEE-E1120027-E0010.200.1984              33 1.75000E+01 1.70000E+02
p-F019-MT801-TAKASHIINOUEE-E1120028-E0010.400.1984              34 1.71000E+01 1.68200E+02
p-F019-MT801-TAKASHIINOUEE-E1120029-E0010.600.1984              33 1.56000E+01 1.65600E+02
p-F019-MT801-TAKASHIINOUEE-E1120030-E0010.000.1984              34 1.63000E+01 1.67100E+02
p-F019-MT801-TAKASHIINOUEE-E1120031-E0011.000.1984              33 1.49000E+01 1.65700E+02
p-F019-MT801-TAKASHIINOUEE-E1120032-E0011.200.1984              32 1.45000E+01 1.65000E+02
p-F019-MT801-TAKASHIINOUEE-E1120033-E0011.400.1984              34 1.40000E+01 1.62800E+02
p-F019-MT801-TAKASHIINOUEE-E1120034-E0010.000.1984              35 1.72000E+01 1.67800E+02
p-F019-MT801-TAKASHIINOUEE-E1120035-E0010.200.1984              34 2.17000E+01 1.78200E+02
p-F019-MT801-TAKASHIINOUEE-E1120036-E0010.400.1984              34 1.12000E+01 1.63900E+02
p-F019-MT801-TAKASHIINOUEE-E1120037-E0010.600.1984              33 2.01000E+01 1.74200E+02
p-F019-MT801-TAKASHIINOUEE-E1120038-E0010.800.1984              32 1.93000E+01 1.71000E+02
p-F019-MT801-TAKASHIINOUEE-E1120039-E0011.000.1984              32 1.76000E+01 1.68500E+02
p-F019-MT801-TAKASHIINOUEE-E1120040-E0011.200.1984              32 1.71000E+01 1.70900E+02
p-F019-MT801-TAKASHIINOUEE-E1120041-E0011.400.1984              32 1.66000E+01 1.68700E+02
p-F019-MT801-TAKASHIINOUEE-E1120042-E0010.000.1984              34 1.58000E+01 1.68600E+02
p-F019-MT801-TAKASHIINOUEE-E1120043-E0010.200.1984              29 1.74000E+01 1.68400E+02
p-F019-MT801-TAKASHIINOUEE-E1120044-E0010.400.1984              31 1.58000E+01 1.58000E+01
p-F019-MT801-TAKASHIINOUEE-E1120045-E0010.600.1984              30 1.99000E+01 1.70700E+02
p-F019-MT801-TAKASHIINOUEE-E1120046-E0010.800.1984              31 1.83000E+01 1.68600E+02
p-F019-MT801-TAKASHIINOUEE-E1120047-E0011.000.1984              33 1.55000E+01 1.66800E+02
p-F019-MT801-TAKASHIINOUEE-E1120048-E0011.200.1984              30 1.66000E+01 1.67000E+02
p-F019-MT801-TAKASHIINOUEE-E1120049-E0011.400.1984              30 1.58000E+01 1.67800E+02
p-F019-MT801-TAKASHIINOUEE-E1120050-E0010.000.1984              22 1.68000E+01 1.21200E+02
p-F019-MT801-TAKASHIINOUEE-E1120051-E0010.200.1984              23 1.60000E+01 1.35000E+02
p-F019-MT801-TAKASHIINOUEE-E1120052-E0010.400.1984              26 1.73000E+01 1.66600E+02
p-F019-MT801-TAKASHIINOUEE-E1120053-E0010.600.1984              29 1.50000E+01 1.63600E+02
p-F019-MT801-TAKASHIINOUEE-E1120054-E0010.800.1984              29 1.70000E+01 1.63600E+02
p-F019-MT801-TAKASHIINOUEE-E1120055-E0011.000.1984              31 1.63000E+01 1.66400E+02
p-F019-MT801-TAKASHIINOUEE-E1120056-E0011.200.1984              31 1.58000E+01 1.65200E+02
p-F019-MT801-TAKASHIINOUEE-E1120057-E0011.400.1984              30 1.60000E+01 1.66600E+02
p-F019-MT801-TAKASHIINOUEE-E1120058-E0010.000.1984              19 1.61000E+01 1.05900E+02
p-F019-MT801-TAKASHIINOUEE-E1120059-E0010.200.1984              20 1.76000E+01 1.34400E+02
p-F019-MT801-TAKASHIINOUEE-E1120060-E0010.400.1984              22 1.57000E+01 1.33800E+02
p-F019-MT801-TAKASHIINOUEE-E1120061-E0010.600.1984              25 1.61000E+01 1.36600E+02
p-F019-MT801-TAKASHIINOUEE-E1120062-E0010.800.1984              22 2.09000E+01 1.36000E+02
p-F019-MT801-TAKASHIINOUEE-E1120063-E0011.000.1984              24 1.62000E+01 1.36200E+02
p-F019-MT801-TAKASHIINOUEE-E1120064-E0011.200.1984              25 1.53000E+01 1.38700E+02
p-F019-MT801-TAKASHIINOUEE-E1120065-E0011.400.1984              25 2.56000E+01 1.65300E+02
p-F019-MT801-TAKASHIINOUEE-E1120066-E0010.000.1984              11 2.61000E+01 8.80000E+01
p-F019-MT801-TAKASHIINOUEE-E1120067-E0010.200.1984               9 2.68000E+01 8.86000E+01
p-F019-MT801-TAKASHIINOUEE-E1120068-E0010.400.1984               9 2.64000E+01 8.27000E+01
p-F019-MT801-TAKASHIINOUEE-E1120069-E0010.600.1984              11 2.71000E+01 9.82000E+01
p-F019-MT801-TAKASHIINOUEE-E1120070-E0010.800.1984              10 2.67000E+01 8.74000E+01
p-F019-MT801-TAKASHIINOUEE-E1120071-E0011.000.1984              11 2.70000E+01 1.02500E+02
p-F019-MT801-TAKASHIINOUEE-E1120072-E0011.200.1984              11 2.63000E+01 1.02400E+02
p-F019-MT801-TAKASHIINOUEE-E1120073-E0011.400.1984              12 2.54000E+01 1.00600E+02
p-F019-MT801-TAKASHIINOUEE-E1120074-E0010.000.1984              10 2.72000E+01 9.06000E+01
p-F019-MT801-TAKASHIINOUEE-E1120075-E0010.200.1984              10 2.72000E+01 8.89000E+01
p-F019-MT801-TAKASHIINOUEE-E1120076-E0010.400.1984              12 2.79000E+01 1.04500E+02
p-F019-MT801-TAKASHIINOUEE-E1120077-E0010.600.1984              12 2.60000E+01 1.04600E+02
p-F019-MT801-TAKASHIINOUEE-E1120078-E0010.800.1984              11 2.61000E+01 1.05100E+02
p-F019-MT801-TAKASHIINOUEE-E1120079-E0011.000.1984              11 2.67000E+01 1.05800E+02
p-F019-MT801-TAKASHIINOUEE-E1120080-E0011.200.1984              12 2.66000E+01 1.05800E+02
p-F019-MT801-TAKASHIINOUEE-E1120081-E0011.400.1984              12 2.71000E+01 1.05200E+02
p-F019-MT801-Warsh-C0182003-E0004.258.1963                      29 2.37000E+01 1.65300E+02
p-F019-MT801-Warsh-C0182003-E0005.000.1963                      18 2.11000E+01 1.70100E+02
p-F019-MT801-Warsh-C0182003-E0005.080.1963                      33 1.91000E+01 1.65200E+02
p-F019-MT801-Warsh-C0182003-E0005.520.1963                      32 1.91000E+01 1.66500E+02
p-F019-MT801-Warsh-C0182003-E0005.960.1963                      30 2.01000E+01 1.63800E+02
p-F019-MT801-Warsh-C0182003-E0006.500.1963                      30 2.04000E+01 1.64100E+02
p-F019-MT801-Warsh-C0182003-E0006.868.1963                      33 1.96000E+01 1.65700E+02
p-F019-MT801-Warsh-C0182003-E0007.400.1963                      32 1.49000E+01 1.67600E+02
p-F019-MT801-Warsh-C0182003-E0008.000.1963                      43 1.49000E+01 1.70300E+02
p-F019-MT801-Warsh-C0182003-E0008.500.1963                      43 2.14000E+01 2.14000E+01
