#              Filename                                         N    min         max
p-Se078-MT648-Ogino-E0805003-ang-E0064.800.1983                 12 1.10000E+01 5.53000E+01
p-Se078-MT648-Ogino-E0805004-ang-E0064.800.1983                 12 1.11000E+01 5.56000E+01
p-Se078-MT648-Ogino-E0805005-ang-E0064.800.1983                 12 1.14000E+01 5.59000E+01
p-Se078-MT648-Ogino-E0805006-ang-E0064.800.1983                 12 1.17000E+01 5.59000E+01
p-Se078-MT648-Ogino-E0805007-ang-E0064.800.1983                 10 1.11000E+01 4.81000E+01
p-Se078-MT648-Ogino-E0805008-ang-E0064.800.1983                 12 1.15000E+01 5.60000E+01
p-Se078-MT648-Ogino-E0805009-ang-E0064.800.1983                 12 1.05000E+01 5.55000E+01
p-Se078-MT648-Ogino-E0805010-ang-E0064.800.1983                 11 1.17000E+01 5.53000E+01
p-Se078-MT648-Ogino-E0805014-ang-E0064.800.1983                 12 1.25000E+01 5.65000E+01
p-Se078-MT648-Ogino-E0805015-ang-E0064.800.1983                 12 1.21000E+01 5.62000E+01
p-Se078-MT648-Ogino-E0805016-ang-E0064.800.1983                 12 1.22000E+01 5.58000E+01
p-Se078-MT648-Ogino-E1193099-ang-E0064.800.1986                 12 1.28000E+01 5.67000E+01
p-Se078-MT648-Ogino-E1193100-ang-E0064.800.1986                  6 1.29000E+01 4.07000E+01
p-Se078-MT648-Ogino-E1193102-ang-E0064.800.1986                 12 1.21000E+01 5.70000E+01
p-Se078-MT648-Ogino-E1193103-ang-E0064.800.1986                 12 1.32000E+01 5.81000E+01
p-Se078-MT648-Ogino-E1193104-ang-E0064.800.1986                 12 1.35000E+01 5.87000E+01
p-Se078-MT648-Ogino-E1193105-ang-E0064.800.1986                 12 1.19000E+01 5.60000E+01
p-Se078-MT648-Ogino-E1193106-ang-E0064.800.1986                  9 1.09000E+01 4.84000E+01
p-Se078-MT648-Ogino-E1193107-ang-E0064.800.1986                 12 1.17000E+01 5.62000E+01
p-Se078-MT648-Ogino-E1193108-ang-E0064.800.1986                 11 1.13000E+01 5.63000E+01
p-Se078-MT648-Ogino-E1193109-ang-E0064.800.1986                 11 1.20000E+01 5.53000E+01
p-Se078-MT648-Ogino-E1193114-ang-E0064.800.1986                 11 1.36000E+01 5.84000E+01
p-Se078-MT648-Ogino-E1193115-ang-E0064.800.1986                 11 1.22000E+01 5.69000E+01
p-Se078-MT648-Ogino-E1193116-ang-E0064.800.1986                 12 1.29000E+01 5.69000E+01
p-Se078-MT648-Ogino-E1193118-ang-E0064.800.1986                 12 1.19000E+01 5.65000E+01
p-Se078-MT648-Ogino-E1193119-ang-E0064.800.1986                 11 1.20000E+01 5.64000E+01
p-Se078-MT648-Ogino-E1193124-ang-E0064.800.1986                 12 1.10000E+01 5.54000E+01
p-Se078-MT648-Ogino-E1193125-ang-E0064.800.1986                 12 1.10000E+01 5.50000E+01
p-Se078-MT648-Ogino-E1193126-ang-E0064.800.1986                 12 1.00000E+01 5.44000E+01
p-Se078-MT648-Ogino-E1193127-ang-E0064.800.1986                 11 1.50000E+01 5.48000E+01
p-Se078-MT648-Ogino-E1193128-ang-E0064.800.1986                 12 1.07000E+01 5.49000E+01
p-Se078-MT648-Ogino-E1193129-ang-E0064.800.1986                 12 1.17000E+01 5.68000E+01
p-Se078-MT648-Ogino-E1193130-ang-E0064.800.1986                 12 1.12000E+01 5.54000E+01
p-Se078-MT648-Ogino-E1193131-ang-E0064.800.1986                 12 1.15000E+01 5.55000E+01
