#              Filename                                         N    min         max
p-Si028-MT601-Alkhazov-O1255003-ang-E1000.000.1975              32 5.50000E+00 1.54000E+01
p-Si028-MT601-Alkhazov-O1255004-ang-E1000.000.1975              32 5.50000E+00 1.54000E+01
p-Si028-MT601-Brenner-C0997003-ang-E0004.804.1962              253 8.79000E+01 8.79000E+01
p-Si028-MT601-Chan-F1149005-ang-E0003.095.1975                  11 4.03000E+01 1.60200E+02
p-Si028-MT601-Chen-C0152003-ang-E0180.000.1990                 201 5.99999E+00 6.03000E+01
p-Si028-MT601-Chen-C0796004-ang-E0180.000.1990                 201 5.99999E+00 6.03000E+01
p-Si028-MT601-Cohen-F1105002-ang-E0009.950.1961                 83 9.00000E+01 9.00000E+01
p-Si028-MT601-Cohen-F1105004-ang-E0010.610.1961                 17 9.09999E+00 1.31100E+02
p-Si028-MT601-Cohen-F1105004-ang-E0011.980.1961                 18 9.09999E+00 1.30100E+02
p-Si028-MT601-Crawley-C0618009-ang-E0017.500.1967               39 1.51000E+01 1.30100E+02
p-Si028-MT601-Crawley-C0828017-ang-E0017.500.1968               39 1.51000E+01 1.30100E+02
p-Si028-MT601-Csedreki-D4396007-ang-E0003.032.2019             123 1.35000E+02 1.35000E+02
p-Si028-MT601-Hausser-C1422002-ang-E0200.000.1988                7 3.30002E+00 1.03000E+01
p-Si028-MT601-Hausser-C1422002-ang-E0200.000A001.1988           14 3.10009E+00 1.06000E+01
p-Si028-MT601-Hausser-C1422002-ang-E0400.000.1988                6 3.10009E+00 7.79996E+00
p-Si028-MT601-Hausser-C1422002-ang-E0400.000A001.1988            6 3.99998E+00 7.79996E+00
p-Si028-MT601-Hicks-C1426008-ang-E0200.000.1988                 36 4.69999E+00 4.85000E+01
p-Si028-MT601-Hicks-C1426008-ang-E0250.000.1988                 34 4.69999E+00 4.94000E+01
p-Si028-MT601-Hicks-C1426008-ang-E0400.000.1988                 31 7.10001E+00 4.13000E+01
p-Si028-MT601-Horowitz-C2358016-ang-E0100.000.1969              14 1.12000E+01 5.97000E+01
p-Si028-MT601-Kato-E0926038-ang-E0065.000.1985                  16 1.50000E+01 9.02000E+01
p-Si028-MT601-Miskimen-C0691004-ang-E0650.000.1983              15 7.34999E+00 1.58200E+01
p-Si028-MT601-Oda-E2211013-ang-E0004.950.1959                   15 2.03000E+01 1.64800E+02
p-Si028-MT601-Oda-E2211014-ang-E0005.050.1959                   14 2.51000E+01 1.66600E+02
p-Si028-MT601-Oda-E2211015-ang-E0005.150.1959                   15 2.02000E+01 1.64300E+02
p-Si028-MT601-Oda-E2211016-ang-E0005.250.1959                   12 2.52000E+01 1.60600E+02
p-Si028-MT601-Oda-E2211017-ang-E0005.350.1959                   14 2.03000E+01 1.65500E+02
p-Si028-MT601-Oda-E2211018-ang-E0005.450.1959                   15 2.03000E+01 1.65300E+02
p-Si028-MT601-Oda-E2218010-ang-E0007.640.1960                   23 2.06000E+01 1.65100E+02
p-Si028-MT601-Oda-E2218010-ang-E0008.780.1960                   15 1.50000E+01 1.66400E+02
p-Si028-MT601-Oda-E2218010-ang-E0011.000.1960                   25 1.50000E+01 1.64900E+02
p-Si028-MT601-Oda-E2218010-ang-E0011.300.1960                   12 1.81000E+01 1.66000E+02
p-Si028-MT601-Oda-E2218010-ang-E0014.200.1960                   24 1.81000E+01 1.66600E+02
p-Si028-MT601-Oda-E2218019-ang-E0008.300.1960                   70 4.50000E+01 9.00000E+01
p-Si028-MT601-Ohnuma-E0120013-ang-E0051.930.1980                27 1.02000E+01 1.19500E+02
p-Si028-MT601-Pignanelli-F0256007-ang-E0035.000.1986            25 1.43000E+01 1.66500E+02
p-Si028-MT601-Sundberg-D0192002-ang-E0185.000.1967              20 3.99998E+00 3.40000E+01
p-Si028-MT601-Sundberg-D0192005-ang-E0185.000.1967             137 3.95810E+00 4.00680E+01
p-Si028-MT601-Teitelman-C2056006-ang-E0005.831.1969             48 8.80000E+01 1.65000E+02
p-Si028-MT601-Teitelman-C2056009-ang-E0006.980.1969            268 8.80000E+01 1.65000E+02
p-Si028-MT601-Toba-E1413005-ang-E0051.900.1978                  22 1.29000E+01 1.00700E+02
p-Si028-MT601-Tsoupas-C2403002-ang-E0003.310.1976               11 3.54000E+01 1.63700E+02
p-Si028-MT601-Tsoupas-C2403003-ang-E0003.325.1976               11 3.51000E+01 1.63700E+02
p-Si028-MT601-Tsoupas-C2403004-ang-E0003.340.1976               10 3.47000E+01 1.63700E+02
p-Si028-MT601-Tsoupas-C2403005-ang-E0003.350.1976               11 3.43000E+01 1.64100E+02
p-Si028-MT601-Tsoupas-C2403006-ang-E0003.365.1976               11 3.47000E+01 1.64900E+02
p-Si028-MT601-Vorona-C0856004-ang-E0003.045.1959                94 1.67200E+02 1.67200E+02
p-Si028-MT601-Yamabe-E2210002-ang-E0004.800.1958                10 9.00000E+01 9.00000E+01
p-Si028-MT601-Yamabe-E2210003-ang-E0005.300.1958                12 3.05000E+01 1.64800E+02
p-Si028-MT601-Yamabe-E2210004-ang-E0005.400.1958                14 2.32000E+01 1.64700E+02
p-Si028-MT601-Yamabe-E2210005-ang-E0005.500.1958                12 3.04000E+01 1.65100E+02
