#              Filename                                         N    min         max
h-Be009-MT800-Artemov-F0308002-E0018.000.1965                   23 9.69998E+00 8.56000E+01
h-Be009-MT800-Artemov-F0308002-E0022.700.1965                   36 9.69998E+00 1.19900E+02
h-Be009-MT800-Artemov-F0308002-E0026.700.1965                   25 1.21000E+01 9.06000E+01
h-Be009-MT800-Artemov-F0308002-E0032.300.1965                   28 1.21000E+01 9.03000E+01
h-Be009-MT800-Bilwes-F0210002-E0002.466.1978                     1 4.00000E+01 1.25000E+02
h-Be009-MT800-Bilwes-F0210002-E0002.498.1978                     2 9.00000E+01 1.50000E+02
h-Be009-MT800-Bilwes-F0210002-E0002.499.1978                     1 4.00000E+01 9.00000E+01
h-Be009-MT800-Bilwes-F0210002-E0002.971.1978                     2 4.00000E+01 1.25000E+02
h-Be009-MT800-Bilwes-F0210002-E0002.978.1978                     1 1.25000E+02 1.50000E+02
h-Be009-MT800-Bilwes-F0210002-E0002.994.1978                     1 1.25000E+02 1.50000E+02
h-Be009-MT800-Bilwes-F0210002-E0003.218.1978                     1 4.00000E+01 1.25000E+02
h-Be009-MT800-Bilwes-F0210002-E0003.219.1978                     1 4.00000E+01 9.00000E+01
h-Be009-MT800-Bilwes-F0210002-E0003.220.1978                     1 9.00000E+01 1.50000E+02
h-Be009-MT800-Bilwes-F0210002-E0003.226.1978                     1 4.00000E+01 1.50000E+02
h-Be009-MT800-Bilwes-F0210002-E0003.451.1978                     1 4.00000E+01 1.50000E+02
h-Be009-MT800-Bilwes-F0210002-E0003.466.1978                     1 9.00000E+01 1.50000E+02
h-Be009-MT800-Bilwes-F0210002-E0003.468.1978                     1 9.00000E+01 1.25000E+02
h-Be009-MT800-Bilwes-F0210002-E0003.475.1978                     1 4.00000E+01 1.25000E+02
h-Be009-MT800-Bilwes-F0210002-E0003.708.1978                     1 4.00000E+01 9.00000E+01
h-Be009-MT800-Bilwes-F0210002-E0003.716.1978                     1 9.00000E+01 1.50000E+02
h-Be009-MT800-Bilwes-F0210002-E0003.722.1978                     1 1.25000E+02 1.50000E+02
h-Be009-MT800-Bilwes-F0210002-E0003.731.1978                     1 4.00000E+01 1.25000E+02
h-Be009-MT800-Bilwes-F0210002-E0003.973.1978                     1 4.00000E+01 1.25000E+02
h-Be009-MT800-Bilwes-F0210002-E0003.980.1978                     1 9.00000E+01 1.25000E+02
h-Be009-MT800-Bilwes-F0210002-E0003.982.1978                     1 9.00000E+01 1.50000E+02
h-Be009-MT800-Bilwes-F0210002-E0003.987.1978                     1 4.00000E+01 1.50000E+02
h-Be009-MT800-Bilwes-F0210002-E0004.213.1978                     1 4.00000E+01 9.00000E+01
h-Be009-MT800-Bilwes-F0210002-E0004.221.1978                     1 9.00000E+01 1.50000E+02
h-Be009-MT800-Bilwes-F0210002-E0004.235.1978                     1 1.25000E+02 1.50000E+02
h-Be009-MT800-Bilwes-F0210002-E0004.236.1978                     1 1.25000E+02 1.25000E+02
h-Be009-MT800-Bilwes-F0210003-E0004.000.1978                    23 1.99000E+01 1.70700E+02
h-Be009-MT800-Bilwes-F0210003-E0004.300.1978                    20 1.49000E+01 1.70800E+02
h-Be009-MT800-Bilwes-F0210003-E0004.600.1978                    29 1.49000E+01 1.70500E+02
h-Be009-MT800-Bilwes-F0210003-E0005.000.1978                    21 2.00000E+01 1.71300E+02
h-Be009-MT800-Bilwes-F0210003-E0007.000.1978                    16 2.00000E+01 1.40300E+02
h-Be009-MT800-Dorenbusch-F0147003-E0003.000.1963                16 4.50002E+00 1.37900E+02
h-Be009-MT800-Dorenbusch-F0147003-E0004.000.1963                16 4.09997E+00 1.40400E+02
h-Be009-MT800-Lukyanov-O2319002-E0030.000.2016                  76 7.99998E+00 6.69000E+01
h-Be009-MT800-Lukyanov-O2319008-E0030.000.2016                  76 7.99998E+00 6.69000E+01
h-Be009-MT800-Roy-F0503002-E0009.000.1975                       22 9.20003E+00 1.21000E+02
h-Be009-MT800-Roy-F0503002-E0010.000.1975                       37 1.61000E+01 1.37900E+02
h-Be009-MT800-Sakamoto-F0233003-E0001.319.1974                 170 1.65000E+02 1.65000E+02
h-Be009-MT800-Weinman-F0194002-E0002.000.1963                   32 1.76000E+01 1.45000E+02
