#              Filename                                         N    min         max
d-Na023-MT800-Elbehay-D0080002-E0001.499.1965                  123 1.50000E+02 1.50000E+02
d-Na023-MT800-Elbehay-D0080004-E0002.000.1965                    7 8.97410E+01 1.50080E+02
d-Na023-MT800-Elbehay-D0080004-E0002.100.1965                    7 8.93520E+01 1.49020E+02
d-Na023-MT800-Elbehay-D0080004-E0002.200.1965                    7 8.91190E+01 1.48940E+02
d-Na023-MT800-Elbehay-D0080004-E0002.300.1965                    7 8.90200E+01 1.48830E+02
d-Na023-MT800-Elbehay-D0080004-E0002.400.1965                    7 8.90200E+01 1.48280E+02
d-Na023-MT800-Elbehay-D0080004-E0002.500.1965                    6 8.93520E+01 1.48430E+02
d-Na023-MT800-Vysotskij-F0984002-E0002.310.1970                  1 4.00000E+01 1.40000E+02
d-Na023-MT800-Vysotskij-F0984002-E0002.316.1970                  1 1.40000E+02 1.70000E+02
d-Na023-MT800-Vysotskij-F0984002-E0002.331.1970                  1 4.00000E+01 1.70000E+02
d-Na023-MT800-Vysotskij-F0984002-E0002.364.1970                  1 4.00000E+01 1.40000E+02
d-Na023-MT800-Vysotskij-F0984002-E0002.370.1970                  1 1.40000E+02 1.70000E+02
d-Na023-MT800-Vysotskij-F0984002-E0002.381.1970                  1 4.00000E+01 1.70000E+02
d-Na023-MT800-Vysotskij-F0984002-E0002.411.1970                  1 4.00000E+01 1.40000E+02
d-Na023-MT800-Vysotskij-F0984002-E0002.417.1970                  1 1.40000E+02 1.70000E+02
d-Na023-MT800-Vysotskij-F0984002-E0002.432.1970                  1 4.00000E+01 1.70000E+02
d-Na023-MT800-Vysotskij-F0984002-E0002.459.1970                  1 4.00000E+01 1.40000E+02
d-Na023-MT800-Vysotskij-F0984002-E0002.472.1970                  1 1.40000E+02 1.70000E+02
d-Na023-MT800-Vysotskij-F0984002-E0002.480.1970                  1 4.00000E+01 1.70000E+02
d-Na023-MT800-Vysotskij-F0984002-E0002.510.1970                  1 4.00000E+01 1.60000E+02
d-Na023-MT800-Vysotskij-F0984002-E0002.520.1970                  1 1.40000E+02 1.60000E+02
d-Na023-MT800-Vysotskij-F0984002-E0002.523.1970                  1 1.40000E+02 1.70000E+02
d-Na023-MT800-Vysotskij-F0984002-E0002.534.1970                  1 4.00000E+01 1.70000E+02
d-Na023-MT800-Vysotskij-F0984002-E0002.557.1970                  1 4.00000E+01 1.40000E+02
d-Na023-MT800-Vysotskij-F0984002-E0002.567.1970                  1 1.40000E+02 1.70000E+02
d-Na023-MT800-Vysotskij-F0984002-E0002.578.1970                  1 4.00000E+01 1.70000E+02
d-Na023-MT800-Vysotskij-F0984002-E0002.605.1970                  1 4.00000E+01 1.40000E+02
d-Na023-MT800-Vysotskij-F0984002-E0002.618.1970                  1 1.40000E+02 1.70000E+02
d-Na023-MT800-Vysotskij-F0984002-E0002.629.1970                  1 4.00000E+01 1.70000E+02
d-Na023-MT800-Vysotskij-F0984002-E0002.655.1970                  1 4.00000E+01 1.40000E+02
d-Na023-MT800-Vysotskij-F0984002-E0002.665.1970                  1 1.40000E+02 1.70000E+02
d-Na023-MT800-Vysotskij-F0984002-E0002.679.1970                  1 4.00000E+01 1.70000E+02
d-Na023-MT800-Vysotskij-F0984002-E0002.710.1970                  1 4.00000E+01 1.40000E+02
d-Na023-MT800-Vysotskij-F0984002-E0002.720.1970                  1 1.40000E+02 1.70000E+02
d-Na023-MT800-Vysotskij-F0984002-E0002.730.1970                  1 4.00000E+01 1.70000E+02
d-Na023-MT800-Vysotskij-F0984002-E0002.753.1970                  1 4.00000E+01 1.40000E+02
d-Na023-MT800-Vysotskij-F0984002-E0002.774.1970                  1 1.40000E+02 1.70000E+02
d-Na023-MT800-Vysotskij-F0984002-E0002.781.1970                  1 4.00000E+01 1.70000E+02
d-Na023-MT800-Vysotskij-F0984002-E0002.815.1970                  1 4.00000E+01 1.70000E+02
d-Na023-MT800-Vysotskij-F0984002-E0002.832.1970                  1 9.00000E+01 1.70000E+02
d-Na023-MT800-Vysotskij-F0984002-E0002.846.1970                  1 4.00000E+01 9.00000E+01
d-Na023-MT800-Vysotskij-F0984002-E0002.863.1970                  1 4.00000E+01 1.60000E+02
d-Na023-MT800-Vysotskij-F0984002-E0002.873.1970                  1 1.60000E+02 1.70000E+02
d-Na023-MT800-Vysotskij-F0984002-E0002.879.1970                  1 9.00000E+01 1.70000E+02
d-Na023-MT800-Vysotskij-F0984002-E0002.900.1970                  1 4.00000E+01 9.00000E+01
d-Na023-MT800-Vysotskij-F0984002-E0002.907.1970                  1 4.00000E+01 1.40000E+02
d-Na023-MT800-Vysotskij-F0984002-E0002.923.1970                  1 1.40000E+02 1.70000E+02
d-Na023-MT800-Vysotskij-F0984002-E0002.924.1970                  1 1.60000E+02 1.70000E+02
d-Na023-MT800-Vysotskij-F0984002-E0002.924A001.1970              1 9.00000E+01 1.60000E+02
d-Na023-MT800-Vysotskij-F0984002-E0002.948.1970                  1 4.00000E+01 9.00000E+01
d-Na023-MT800-Vysotskij-F0984002-E0002.957.1970                  1 4.00000E+01 1.60000E+02
d-Na023-MT800-Vysotskij-F0984002-E0002.971.1970                  1 1.60000E+02 1.70000E+02
d-Na023-MT800-Vysotskij-F0984002-E0002.974.1970                  1 9.00000E+01 1.70000E+02
d-Na023-MT800-Vysotskij-F0984002-E0003.002.1970                  1 4.00000E+01 9.00000E+01
d-Na023-MT800-Vysotskij-F0984002-E0003.007.1970                  1 4.00000E+01 1.60000E+02
d-Na023-MT800-Vysotskij-F0984002-E0003.026.1970                  1 1.40000E+02 1.60000E+02
d-Na023-MT800-Vysotskij-F0984002-E0003.029.1970                  1 1.40000E+02 1.70000E+02
d-Na023-MT800-Vysotskij-F0984002-E0003.029A001.1970              1 4.00000E+01 1.70000E+02
d-Na023-MT800-Vysotskij-F0984002-E0003.055.1970                  1 4.00000E+01 9.00000E+01
d-Na023-MT800-Vysotskij-F0984002-E0003.056.1970                  1 9.00000E+01 1.60000E+02
d-Na023-MT800-Vysotskij-F0984002-E0003.077.1970                  1 1.60000E+02 1.70000E+02
d-Na023-MT800-Vysotskij-F0984002-E0003.080.1970                  1 9.00000E+01 1.70000E+02
d-Na023-MT800-Vysotskij-F0984002-E0003.103.1970                  1 4.00000E+01 9.00000E+01
d-Na023-MT800-Vysotskij-F0984002-E0003.109.1970                  1 4.00000E+01 1.60000E+02
d-Na023-MT800-Vysotskij-F0984002-E0003.128.1970                  1 1.60000E+02 1.70000E+02
d-Na023-MT800-Vysotskij-F0984002-E0003.131.1970                  1 4.00000E+01 1.70000E+02
d-Na023-MT800-Vysotskij-F0984002-E0003.154.1970                  1 4.00000E+01 9.00000E+01
d-Na023-MT800-Vysotskij-F0984002-E0003.158.1970                  1 9.00000E+01 1.40000E+02
d-Na023-MT800-Vysotskij-F0984002-E0003.170.1970                  1 1.40000E+02 1.60000E+02
d-Na023-MT800-Vysotskij-F0984002-E0003.175.1970                  1 1.60000E+02 1.70000E+02
d-Na023-MT800-Vysotskij-F0984002-E0003.178.1970                  1 4.00000E+01 1.70000E+02
d-Na023-MT800-Vysotskij-F0984002-E0003.204.1970                  1 4.00000E+01 9.00000E+01
d-Na023-MT800-Vysotskij-F0984002-E0003.206.1970                  1 9.00000E+01 1.70000E+02
d-Na023-MT800-Vysotskij-F0984002-E0003.226.1970                  1 1.60000E+02 1.70000E+02
d-Na023-MT800-Vysotskij-F0984002-E0003.226A001.1970              1 1.40000E+02 1.60000E+02
d-Na023-MT800-Vysotskij-F0984002-E0003.228.1970                  1 9.00000E+01 1.40000E+02
d-Na023-MT800-Vysotskij-F0984002-E0003.250.1970                  1 4.00000E+01 9.00000E+01
d-Na023-MT800-Vysotskij-F0984002-E0003.259.1970                  1 4.00000E+01 1.60000E+02
d-Na023-MT800-Vysotskij-F0984002-E0003.277.1970                  2 1.40000E+02 1.70000E+02
d-Na023-MT800-Vysotskij-F0984002-E0003.279.1970                  1 4.00000E+01 1.40000E+02
d-Na023-MT800-Vysotskij-F0984002-E0003.299.1970                  1 4.00000E+01 9.00000E+01
d-Na023-MT800-Vysotskij-F0984002-E0003.301.1970                  1 9.00000E+01 1.40000E+02
d-Na023-MT800-Vysotskij-F0984002-E0003.326.1970                  1 1.40000E+02 1.60000E+02
d-Na023-MT800-Vysotskij-F0984002-E0003.328.1970                  2 4.00000E+01 1.70000E+02
d-Na023-MT800-Vysotskij-F0984002-E0003.351.1970                  1 4.00000E+01 9.00000E+01
d-Na023-MT800-Vysotskij-F0984002-E0003.351A001.1970              1 9.00000E+01 1.70000E+02
d-Na023-MT800-Vysotskij-F0984002-E0003.371.1970                  1 1.40000E+02 1.70000E+02
d-Na023-MT800-Vysotskij-F0984002-E0003.377.1970                  1 1.40000E+02 1.60000E+02
d-Na023-MT800-Vysotskij-F0984002-E0003.382.1970                  1 9.00000E+01 1.60000E+02
d-Na023-MT800-Vysotskij-F0984002-E0003.399.1970                  1 4.00000E+01 9.00000E+01
d-Na023-MT800-Vysotskij-F0984002-E0003.405.1970                  1 4.00000E+01 1.70000E+02
d-Na023-MT800-Vysotskij-F0984002-E0003.422.1970                  1 1.60000E+02 1.70000E+02
d-Na023-MT800-Vysotskij-F0984002-E0003.426.1970                  1 1.40000E+02 1.60000E+02
d-Na023-MT800-Vysotskij-F0984002-E0003.428.1970                  1 4.00000E+01 1.40000E+02
d-Na023-MT800-Vysotskij-F0984002-E0003.452.1970                  1 4.00000E+01 9.00000E+01
d-Na023-MT800-Vysotskij-F0984002-E0003.454.1970                  1 9.00000E+01 1.70000E+02
d-Na023-MT800-Vysotskij-F0984002-E0003.476.1970                  1 1.40000E+02 1.70000E+02
d-Na023-MT800-Vysotskij-F0984002-E0003.483.1970                  1 1.40000E+02 1.60000E+02
d-Na023-MT800-Vysotskij-F0984002-E0003.484.1970                  1 4.00000E+01 1.60000E+02
d-Na023-MT800-Vysotskij-F0984002-E0003.503.1970                  1 4.00000E+01 9.00000E+01
d-Na023-MT800-Vysotskij-F0984002-E0003.511.1970                  1 9.00000E+01 1.40000E+02
d-Na023-MT800-Vysotskij-F0984002-E0003.523.1970                  1 1.40000E+02 1.70000E+02
d-Na023-MT800-Vysotskij-F0984002-E0003.526.1970                  1 1.60000E+02 1.70000E+02
d-Na023-MT800-Vysotskij-F0984002-E0003.535.1970                  1 4.00000E+01 1.60000E+02
d-Na023-MT800-Vysotskij-F0984002-E0003.550.1970                  1 4.00000E+01 9.00000E+01
d-Na023-MT800-Vysotskij-F0984002-E0003.562.1970                  1 9.00000E+01 1.70000E+02
d-Na023-MT800-Vysotskij-F0984002-E0003.574.1970                  1 1.40000E+02 1.70000E+02
d-Na023-MT800-Vysotskij-F0984002-E0003.574A001.1970              1 1.40000E+02 1.60000E+02
d-Na023-MT800-Vysotskij-F0984002-E0003.582.1970                  1 4.00000E+01 1.60000E+02
d-Na023-MT800-Vysotskij-F0984002-E0003.609.1970                  1 4.00000E+01 9.00000E+01
d-Na023-MT800-Vysotskij-F0984002-E0003.609A001.1970              1 9.00000E+01 1.40000E+02
d-Na023-MT800-Vysotskij-F0984002-E0003.625.1970                  1 1.40000E+02 1.70000E+02
d-Na023-MT800-Vysotskij-F0984002-E0003.628.1970                  1 1.60000E+02 1.70000E+02
d-Na023-MT800-Vysotskij-F0984002-E0003.633.1970                  1 4.00000E+01 1.60000E+02
d-Na023-MT800-Vysotskij-F0984002-E0003.656.1970                  1 4.00000E+01 9.00000E+01
d-Na023-MT800-Vysotskij-F0984002-E0003.661.1970                  1 9.00000E+01 1.70000E+02
d-Na023-MT800-Vysotskij-F0984002-E0003.679.1970                  1 1.40000E+02 1.70000E+02
d-Na023-MT800-Vysotskij-F0984002-E0003.680.1970                  1 1.40000E+02 1.60000E+02
d-Na023-MT800-Vysotskij-F0984002-E0003.684.1970                  1 4.00000E+01 1.60000E+02
d-Na023-MT800-Vysotskij-F0984002-E0003.704.1970                  1 4.00000E+01 9.00000E+01
d-Na023-MT800-Vysotskij-F0984002-E0003.708.1970                  1 9.00000E+01 1.40000E+02
d-Na023-MT800-Vysotskij-F0984002-E0003.727.1970                  1 1.40000E+02 1.70000E+02
d-Na023-MT800-Vysotskij-F0984002-E0003.730.1970                  1 1.60000E+02 1.70000E+02
d-Na023-MT800-Vysotskij-F0984002-E0003.731.1970                  1 4.00000E+01 1.60000E+02
d-Na023-MT800-Vysotskij-F0984002-E0003.754.1970                  1 4.00000E+01 9.00000E+01
d-Na023-MT800-Vysotskij-F0984002-E0003.759.1970                  1 9.00000E+01 1.40000E+02
d-Na023-MT800-Vysotskij-F0984002-E0003.774.1970                  1 1.40000E+02 1.60000E+02
d-Na023-MT800-Vysotskij-F0984002-E0003.782.1970                  1 1.60000E+02 1.70000E+02
d-Na023-MT800-Vysotskij-F0984002-E0003.785.1970                  1 4.00000E+01 1.70000E+02
d-Na023-MT800-Vysotskij-F0984002-E0003.802.1970                  1 4.00000E+01 9.00000E+01
d-Na023-MT800-Vysotskij-F0984002-E0003.813.1970                  1 9.00000E+01 1.40000E+02
d-Na023-MT800-Vysotskij-F0984002-E0003.825.1970                  1 1.40000E+02 1.70000E+02
d-Na023-MT800-Vysotskij-F0984002-E0003.832.1970                  1 1.60000E+02 1.70000E+02
d-Na023-MT800-Vysotskij-F0984002-E0003.840.1970                  1 4.00000E+01 1.60000E+02
d-Na023-MT800-Vysotskij-F0984002-E0003.856.1970                  1 4.00000E+01 9.00000E+01
d-Na023-MT800-Vysotskij-F0984002-E0003.870.1970                  1 9.00000E+01 1.40000E+02
d-Na023-MT800-Vysotskij-F0984002-E0003.880.1970                  1 1.40000E+02 1.70000E+02
d-Na023-MT800-Vysotskij-F0984002-E0003.883.1970                  1 1.60000E+02 1.70000E+02
d-Na023-MT800-Vysotskij-F0984002-E0003.883A001.1970              1 4.00000E+01 1.60000E+02
d-Na023-MT800-Vysotskij-F0984002-E0003.903.1970                  1 4.00000E+01 9.00000E+01
d-Na023-MT800-Vysotskij-F0984002-E0003.918.1970                  1 9.00000E+01 1.40000E+02
d-Na023-MT800-Vysotskij-F0984002-E0003.924.1970                  1 1.40000E+02 1.70000E+02
d-Na023-MT800-Vysotskij-F0984002-E0003.931.1970                  1 1.60000E+02 1.70000E+02
d-Na023-MT800-Vysotskij-F0984002-E0003.932.1970                  1 4.00000E+01 1.60000E+02
d-Na023-MT800-Vysotskij-F0984002-E0003.958.1970                  1 4.00000E+01 9.00000E+01
d-Na023-MT800-Vysotskij-F0984002-E0003.963.1970                  1 9.00000E+01 1.40000E+02
d-Na023-MT800-Vysotskij-F0984002-E0003.971.1970                  1 1.40000E+02 1.70000E+02
d-Na023-MT800-Vysotskij-F0984002-E0003.982.1970                  1 1.60000E+02 1.70000E+02
d-Na023-MT800-Vysotskij-F0984002-E0003.983.1970                  1 4.00000E+01 1.60000E+02
d-Na023-MT800-Vysotskij-F0984002-E0004.001.1970                  1 4.00000E+01 9.00000E+01
d-Na023-MT800-Vysotskij-F0984002-E0004.013.1970                  1 9.00000E+01 1.70000E+02
d-Na023-MT800-Vysotskij-F0984002-E0004.026.1970                  1 1.40000E+02 1.70000E+02
d-Na023-MT800-Vysotskij-F0984002-E0004.026A001.1970              1 1.40000E+02 1.60000E+02
d-Na023-MT800-Vysotskij-F0984002-E0004.030.1970                  1 4.00000E+01 1.60000E+02
d-Na023-MT800-Vysotskij-F0984004-E0002.300.1970                 14 3.77550E+01 1.68610E+02
d-Na023-MT800-Vysotskij-F0984004-E0002.500.1970                 14 3.83060E+01 1.68530E+02
d-Na023-MT800-Vysotskij-F0984004-E0002.800.1970                 14 3.83060E+01 1.68980E+02
d-Na023-MT800-Vysotskij-F0984004-E0003.000.1970                 14 3.79520E+01 1.70750E+02
d-Na023-MT800-Vysotskij-F0984004-E0003.350.1970                 14 3.79520E+01 1.70110E+02
d-Na023-MT800-Vysotskij-F0984004-E0003.500.1970                 14 3.91680E+01 1.69060E+02
d-Na023-MT800-Vysotskij-F0984004-E0003.650.1970                 14 3.84910E+01 1.70860E+02
d-Na023-MT800-Vysotskij-F0984004-E0003.800.1970                 14 3.84910E+01 1.70380E+02
d-Na023-MT800-Vysotskij-F0984004-E0004.000.1970                 14 3.87430E+01 1.71140E+02
