#              Filename                                         N    min         max
n-Sn119-MT151-Fuketa-119620141.1963                             16 6.22000E-06 1.25800E-03
n-Sn119-MT151-Fuketa-119620142.1963                             16 6.22000E-06 1.25800E-03
n-Sn119-MT151-Georgiev-412000021.1994                           26 7.45700E-05 1.98700E-03
n-Sn119-MT151-Georgiev-412000022.1994                            5 1.40860E-04 8.28000E-04
n-Sn119-MT151-Georgiev-412000023.1994                           22 7.45700E-05 1.98700E-03
n-Sn119-MT151-Georgiev-41200003.1994                             1 1.00000E-03 1.00000E-03
n-Sn119-MT151-Georgiev-41200004.1994                             2 1.98700E-03 1.98700E-03
n-Sn119-MT151-Georgiev-41200005.1994                             1 1.98700E-03 1.98700E-03
n-Sn119-MT151-Harvey-119120211.1955                              1 1.41000E-04 1.41000E-04
n-Sn119-MT151-Harvey-119120212.1955                              3 0.00000E+00 1.41000E-04
n-Sn119-MT151-Harvey-119120213.1955                              3 0.00000E+00 1.41000E-04
n-Sn119-MT151-Harvey-11912024.1955                               1 2.30000E-04 2.30000E-04
n-Sn119-MT151-Julien-206870321.1969                              1 1.41000E-04 1.41000E-04
n-Sn119-MT151-Julien-206870322.1969                              1 1.41000E-04 1.41000E-04
n-Sn119-MT151-Julien-206870323.1969                              1 1.41000E-04 1.41000E-04
n-Sn119-MT151-Julien-206870324.1969                              1 1.41000E-04 1.41000E-04
n-Sn119-MT151-Julien-206870325.1969                              1 1.41000E-04 1.41000E-04
n-Sn119-MT151-Kapchigashev-40778046.1966                         1 2.50000E-02 2.50000E-02
n-Sn119-MT151-Popov-40934022.1985                                1 1.25900E-04 1.25900E-04
n-Sn119-MT151-Popov-40934069.1985                                2 1.27400E-04 1.27400E-04
n-Sn119-MT151-Timokhov-40960039.1988                             3 3.10000E-01 3.10000E-01
n-Sn119-MT151-Timokhov-409600592.1988                            1 7.10000E-01 7.10000E-01
