#              Filename                                         N    min         max
h-C012-MT800-Adeev-F1139002-E0018.000.1977                      33 1.90000E+01 1.20500E+02
h-C012-MT800-Adeev-F1139002-E0020.000.1977                      32 2.56000E+01 1.41400E+02
h-C012-MT800-Adeev-F1139002-E0022.000.1977                      23 3.52000E+01 1.38300E+02
h-C012-MT800-Bohne-F0281004-E0009.500.1970                      30 1.03000E+01 1.55400E+02
h-C012-MT800-Bohne-F0281004-E0010.500.1970                      30 8.59999E+00 1.61000E+02
h-C012-MT800-Bohne-F0281004-E0011.500.1970                      30 8.59999E+00 1.55300E+02
h-C012-MT800-Fortune-R0011002-E0035.600.1978                   124 8.19997E+00 1.71500E+02
h-C012-MT800-Fuchs-F0883002-E0024.000.1973                      34 1.15000E+01 1.02000E+02
h-C012-MT800-Fuchs-F0883002-E0028.000.1973                      44 1.11000E+01 1.25800E+02
h-C012-MT800-Gerlic-D0243002-E0216.000.1974                     58 5.30001E+00 3.01000E+01
h-C012-MT800-Kuan-C1040005-E0002.490.1964                       15 1.49000E+01 1.64200E+02
h-C012-MT800-Kuan-C1040005-E0002.880.1964                       13 1.49000E+01 1.65200E+02
h-C012-MT800-Kuan-C1040005-E0002.990.1964                       18 1.44000E+01 1.64800E+02
h-C012-MT800-Kuan-C1040005-E0003.500.1964                       16 1.44000E+01 1.64100E+02
h-C012-MT800-Kuan-C1040005-E0004.200.1964                       12 1.53000E+01 1.65400E+02
h-C012-MT800-Kuan-C1040005-E0004.880.1964                       14 1.53000E+01 1.65900E+02
h-C012-MT800-Kuan-C1040006-E0001.780.1964                        1 7.60000E+01 1.59400E+02
h-C012-MT800-Kuan-C1040006-E0001.850.1964                        1 7.60000E+01 1.59400E+02
h-C012-MT800-Kuan-C1040006-E0001.890.1964                        1 7.60000E+01 1.59400E+02
h-C012-MT800-Kuan-C1040006-E0001.900.1964                        1 7.60000E+01 1.59400E+02
h-C012-MT800-Kuan-C1040006-E0001.950.1964                        1 7.60000E+01 1.59400E+02
h-C012-MT800-Schwartz-F1091005-E0007.985.1966                   36 1.50000E+01 1.50000E+01
h-C012-MT800-Schwartz-F1091006-E0007.982.1966                   37 4.50000E+01 4.50000E+01
h-C012-MT800-Schwartz-F1091007-E0007.992.1966                   34 7.50000E+01 7.50000E+01
h-C012-MT800-Schwartz-F1091009-E0008.500.1966                   48 3.60000E+00 1.38200E+02
h-C012-MT800-Schwartz-F1091009-E0009.000.1966                   26 2.30002E+00 1.10600E+02
h-C012-MT800-Schwartz-F1091009-E0010.000.1966                   50 2.30002E+00 1.30300E+02
h-C012-MT800-Tanabe-E2330004-E0082.100.1976                    190 4.09997E+00 1.01600E+02
h-C012-MT800-Tanaka-E0426002-E0099.400.1981                     15 9.00051E-01 4.48000E+01
h-C012-MT800-Tanaka-E0426003-E0119.100.1981                     13 9.99951E-01 4.60000E+01
h-C012-MT800-Tanaka-E0426004-E0139.600.1981                     18 9.00051E-01 3.98000E+01
h-C012-MT800-Terwagne-A0623003-E0001.958.1997                   28 1.77200E+02 1.77200E+02
h-C012-MT800-Vandewiele-R0015004-E0217.000.1978                 14 3.99998E+00 2.02000E+01
h-C012-MT800-Yamaji-E2319002-E0024.000.1974                     25 1.87000E+01 6.52000E+01
h-C012-MT800-Yamaji-E2319002-E0029.200.1974                     34 1.23000E+01 7.79000E+01
h-C012-MT800-Yamaji-E2319002-E0034.700.1974                     33 1.22000E+01 7.83000E+01
h-C012-MT800-Yamaji-E2319002-E0039.600.1974                     39 1.22000E+01 7.76000E+01
