#              Filename                                         N    min         max
n-Sn120-MT151-Adamchuk-400860061.1966                           15 3.64800E-04 1.26700E-02
n-Sn120-MT151-Adamchuk-400860062.1966                           15 3.64800E-04 1.26700E-02
n-Sn120-MT151-Adamchuk-400860063.1966                           15 3.64800E-04 1.26700E-02
n-Sn120-MT151-Adamchuk-400860071.1966                            1 6.55750E-03 6.55750E-03
n-Sn120-MT151-Adamchuk-40086027.1966                             1 2.11000E-03 2.11000E-03
n-Sn120-MT151-Bhat-11976004.1968                                 1 4.26900E-04 4.26900E-04
n-Sn120-MT151-Block-12074008.1964                               19 3.64000E-04 8.59000E-03
n-Sn120-MT151-Carlton-106390021.1976                           249 3.65000E-04 9.74500E-02
n-Sn120-MT151-Carlton-106390021A001.1976                       249 3.65000E-04 9.74500E-02
n-Sn120-MT151-Carlton-106390022.1976                           248 3.65000E-04 9.74500E-02
n-Sn120-MT151-Carlton-106390022A001.1976                       248 3.65000E-04 9.74500E-02
n-Sn120-MT151-Carlton-106390031.1976                           210 3.65000E-04 9.74500E-02
n-Sn120-MT151-Carlton-106390031A001.1976                       210 3.65000E-04 9.74500E-02
n-Sn120-MT151-Carlton-106390032.1976                           207 3.65000E-04 9.74500E-02
n-Sn120-MT151-Carlton-106390032A001.1976                       207 3.65000E-04 9.74500E-02
n-Sn120-MT151-Carlton-106390042.1976                             2 9.80000E-02 9.80000E-02
n-Sn120-MT151-Carlton-106390042A001.1976                         2 9.80000E-02 9.80000E-02
n-Sn120-MT151-Fuketa-119620161.1963                              7 3.64800E-04 1.71400E-03
n-Sn120-MT151-Fuketa-119620162.1963                              7 3.64800E-04 1.71400E-03
n-Sn120-MT151-Harvey-119120251.1955                              1 4.25000E-04 4.25000E-04
n-Sn120-MT151-Harvey-119120252.1955                              1 4.25000E-04 4.25000E-04
n-Sn120-MT151-Harvey-119120253.1955                              1 4.25000E-04 4.25000E-04
n-Sn120-MT151-Harvey-122520021.1965                              6 4.26000E-04 1.72600E-03
n-Sn120-MT151-Harvey-122520022.1965                              3 4.26000E-04 1.72600E-03
n-Sn120-MT151-Harvey-122520023.1965                              3 4.26000E-04 1.72600E-03
n-Sn120-MT151-Koehler-139090061.2001                           187 3.64300E-04 5.49284E-02
n-Sn120-MT151-Koehler-139090062.2001                           187 3.64300E-04 5.49284E-02
n-Sn120-MT151-Koehler-139090064.2001                           187 3.64300E-04 5.49284E-02
n-Sn120-MT151-Koehler-139090065.2001                           130 3.64300E-04 5.49284E-02
n-Sn120-MT151-Muradian-40183002.1970                            21 6.73200E-05 9.58700E-03
n-Sn120-MT151-Muradian-40183003.1970                             5 3.65200E-04 1.72000E-03
n-Sn120-MT151-Muradian-40183005.1970                             3 2.22300E-03 4.98450E-03
n-Sn120-MT151-Muradian-40183006.1970                             4 9.22600E-04 3.12800E-03
n-Sn120-MT151-Muradian-40183007.1970                             1 4.54200E-03 4.54200E-03
n-Sn120-MT151-Popov-40934016.1985                                1 4.50000E-01 4.50000E-01
n-Sn120-MT151-Popov-40934021.1985                                1 1.25900E-04 1.25900E-04
n-Sn120-MT151-Popov-40934070.1985                                2 1.27400E-04 1.27400E-04
n-Sn120-MT151-Timokhov-40960040.1988                             2 3.10000E-01 3.10000E-01
n-Sn120-MT151-Wisshak-223870021.1996                            55 2.83600E-03 1.95700E-02
