#              Filename                                         N    min         max
p-Be009-MT651-Bachelier-O0556007-E0154.800.1969                 36 3.00014E-01 3.41000E+01
p-Be009-MT651-Becchetti-T0040002-E0014.300.1981                 22 8.49999E+00 9.93000E+01
p-Be009-MT651-Becchetti-T0040003-E0026.200.1981                 20 1.39000E+01 1.21300E+02
p-Be009-MT651-Becchetti-T0040004-E0026.200.1981                 30 8.59999E+00 9.89000E+01
p-Be009-MT651-Blieden-F0167006-E0005.702.1963                   22 9.00000E+01 9.00000E+01
p-Be009-MT651-Blieden-F0167007-E0006.000.1963                   15 2.08000E+01 1.62000E+02
p-Be009-MT651-Catarino-O2302003-E0000.512.2016                  50 1.50000E+02 1.50000E+02
p-Be009-MT651-Darden-F0191007-E0015.000.1976                    47 1.20000E+01 1.31400E+02
p-Be009-MT651-Hudson-F0193002-E0005.000.1972                    40 1.00000E+01 1.64000E+02
p-Be009-MT651-Hudson-F0193002-E0006.000.1972                    39 1.00000E+01 1.62000E+02
p-Be009-MT651-Hudson-F0193002-E0007.000.1972                    36 1.00000E+01 1.61900E+02
p-Be009-MT651-Hudson-F0193002-E0008.000.1972                    27 1.00000E+01 1.62200E+02
p-Be009-MT651-Hudson-F0193002-E0009.000.1972                    38 1.27000E+01 1.64000E+02
p-Be009-MT651-Hudson-F0193002-E0010.000.1972                    28 1.00000E+01 1.63300E+02
p-Be009-MT651-Hudson-F0193002-E0011.000.1972                    34 1.00000E+01 1.62000E+02
p-Be009-MT651-Krat-O2268004-E0000.389.2015                      51 1.65000E+02 1.65000E+02
p-Be009-MT651-Montague-C1207004-E0017.000.1973                 262 8.59999E+00 1.68000E+02
p-Be009-MT651-Morita-F0168003-E0002.100.1965                    16 2.12000E+01 1.48700E+02
p-Be009-MT651-Morita-F0168003-E0002.560.1965                    15 2.18000E+01 1.46500E+02
p-Be009-MT651-Morita-F0168003-E0003.000.1965                    15 2.18000E+01 1.26400E+02
p-Be009-MT651-Morita-F0168003-E0003.300.1965                    14 2.51000E+01 1.50700E+02
p-Be009-MT651-Read-F0090004-E0004.059.1961                      13 5.00000E+01 5.00000E+01
p-Be009-MT651-Read-F0090005-E0004.850.1961                      17 1.85000E+01 1.63700E+02
p-Be009-MT651-Read-F0090005-E0005.490.1961                      19 1.85000E+01 1.65200E+02
p-Be009-MT651-Read-F0090011-E0005.680.1961                       1 3.97000E+01 3.97000E+01
p-Be009-MT651-Reynolds-F0934005-E0016.500.1956                   1 1.98000E+01 1.98000E+01
p-Be009-MT651-Summersgill-F0119004-E0012.000.1958               22 7.19999E+00 1.61900E+02
p-Be009-MT651-Weber-F0158002-E0000.770.1956                      1 4.50000E+01 7.00000E+01
p-Be009-MT651-Weber-F0158002-E0000.779.1956                      1 1.50000E+01 4.50000E+01
p-Be009-MT651-Weber-F0158002-E0000.780.1956                      1 1.50000E+01 1.35000E+02
p-Be009-MT651-Weber-F0158002-E0000.781.1956                      1 9.00000E+01 1.35000E+02
p-Be009-MT651-Weber-F0158002-E0000.788.1956                      1 9.00000E+01 1.10000E+02
p-Be009-MT651-Weber-F0158002-E0000.790.1956                      1 9.00000E+01 1.10000E+02
p-Be009-MT651-Weber-F0158002-E0000.811.1956                      1 9.00000E+01 1.10000E+02
p-Be009-MT651-Weber-F0158002-E0000.812.1956                      1 1.10000E+02 1.35000E+02
p-Be009-MT651-Weber-F0158002-E0000.813.1956                      1 7.00000E+01 1.35000E+02
p-Be009-MT651-Weber-F0158002-E0000.817.1956                      1 1.50000E+01 7.00000E+01
p-Be009-MT651-Weber-F0158002-E0000.820.1956                      1 1.50000E+01 4.50000E+01
p-Be009-MT651-Weber-F0158002-E0000.825.1956                      1 4.50000E+01 9.00000E+01
p-Be009-MT651-Weber-F0158002-E0000.834.1956                      1 9.00000E+01 1.35000E+02
p-Be009-MT651-Weber-F0158002-E0000.836.1956                      1 1.10000E+02 1.35000E+02
p-Be009-MT651-Weber-F0158002-E0000.839.1956                      1 1.10000E+02 1.35000E+02
p-Be009-MT651-Weber-F0158002-E0000.856.1956                      1 9.00000E+01 1.35000E+02
p-Be009-MT651-Weber-F0158002-E0000.856A001.1956                  1 9.00000E+01 1.10000E+02
p-Be009-MT651-Weber-F0158002-E0000.863.1956                      1 7.00000E+01 1.10000E+02
p-Be009-MT651-Weber-F0158002-E0000.866.1956                      1 1.50000E+01 7.00000E+01
p-Be009-MT651-Weber-F0158002-E0000.867.1956                      1 1.50000E+01 1.35000E+02
p-Be009-MT651-Weber-F0158002-E0000.868.1956                      1 4.50000E+01 1.35000E+02
p-Be009-MT651-Weber-F0158002-E0000.869.1956                      1 4.50000E+01 9.00000E+01
p-Be009-MT651-Weber-F0158002-E0000.878.1956                      1 9.00000E+01 1.10000E+02
p-Be009-MT651-Weber-F0158002-E0000.882.1956                      1 7.00000E+01 1.10000E+02
p-Be009-MT651-Weber-F0158002-E0000.883.1956                      1 1.50000E+01 7.00000E+01
p-Be009-MT651-Weber-F0158002-E0000.887.1956                      1 1.50000E+01 4.50000E+01
p-Be009-MT651-Weber-F0158002-E0000.891.1956                      1 4.50000E+01 1.35000E+02
p-Be009-MT651-Weber-F0158002-E0000.896.1956                      1 9.00000E+01 1.35000E+02
p-Be009-MT651-Weber-F0158002-E0000.899.1956                      1 9.00000E+01 1.10000E+02
p-Be009-MT651-Weber-F0158002-E0000.901.1956                      1 7.00000E+01 1.10000E+02
p-Be009-MT651-Weber-F0158002-E0000.910.1956                      1 1.50000E+01 7.00000E+01
p-Be009-MT651-Weber-F0158002-E0000.911.1956                      1 1.50000E+01 4.50000E+01
p-Be009-MT651-Weber-F0158002-E0000.911A001.1956                  1 4.50000E+01 1.10000E+02
p-Be009-MT651-Weber-F0158002-E0000.913.1956                      1 9.00000E+01 1.10000E+02
p-Be009-MT651-Weber-F0158002-E0000.916.1956                      1 9.00000E+01 1.35000E+02
p-Be009-MT651-Weber-F0158002-E0000.921.1956                      1 9.00000E+01 1.35000E+02
p-Be009-MT651-Weber-F0158002-E0000.925.1956                      1 7.00000E+01 9.00000E+01
p-Be009-MT651-Weber-F0158002-E0000.929.1956                      1 7.00000E+01 1.10000E+02
p-Be009-MT651-Weber-F0158002-E0000.930.1956                      1 1.50000E+01 1.10000E+02
p-Be009-MT651-Weber-F0158002-E0000.931.1956                      1 1.50000E+01 4.50000E+01
p-Be009-MT651-Weber-F0158002-E0000.935.1956                      1 4.50000E+01 1.35000E+02
p-Be009-MT651-Weber-F0158002-E0000.936.1956                      1 1.10000E+02 1.35000E+02
p-Be009-MT651-Weber-F0158002-E0000.940.1956                      1 9.00000E+01 1.10000E+02
p-Be009-MT651-Weber-F0158002-E0000.946.1956                      1 9.00000E+01 1.10000E+02
p-Be009-MT651-Weber-F0158002-E0000.951.1956                      1 1.10000E+02 1.35000E+02
p-Be009-MT651-Weber-F0158002-E0000.952.1956                      1 7.00000E+01 1.35000E+02
p-Be009-MT651-Weber-F0158002-E0000.953.1956                      1 1.50000E+01 7.00000E+01
p-Be009-MT651-Weber-F0158002-E0000.956.1956                      1 1.50000E+01 4.50000E+01
p-Be009-MT651-Weber-F0158002-E0000.957.1956                      1 4.50000E+01 1.35000E+02
p-Be009-MT651-Weber-F0158002-E0000.961.1956                      1 9.00000E+01 1.35000E+02
p-Be009-MT651-Weber-F0158002-E0000.971.1956                      1 9.00000E+01 1.35000E+02
p-Be009-MT651-Weber-F0158002-E0000.972.1956                      1 7.00000E+01 1.35000E+02
p-Be009-MT651-Weber-F0158002-E0000.973.1956                      1 7.00000E+01 1.10000E+02
p-Be009-MT651-Weber-F0158002-E0000.974.1956                      1 1.50000E+01 1.10000E+02
p-Be009-MT651-Weber-F0158002-E0000.978.1956                      1 1.50000E+01 4.50000E+01
p-Be009-MT651-Weber-F0158002-E0000.980.1956                      1 4.50000E+01 1.35000E+02
p-Be009-MT651-Weber-F0158002-E0000.994.1956                      1 7.00000E+01 1.35000E+02
p-Be009-MT651-Weber-F0158002-E0000.996.1956                      1 7.00000E+01 9.00000E+01
p-Be009-MT651-Weber-F0158002-E0000.999.1956                      1 9.00000E+01 1.10000E+02
p-Be009-MT651-Weber-F0158002-E0000.999A001.1956                  1 1.50000E+01 1.10000E+02
p-Be009-MT651-Weber-F0158002-E0001.000.1956                      1 1.50000E+01 4.50000E+01
p-Be009-MT651-Weber-F0158002-E0001.002.1956                      1 4.50000E+01 7.00000E+01
p-Be009-MT651-Weber-F0158002-E0001.020.1956                      2 7.00000E+01 1.35000E+02
p-Be009-MT651-Weber-F0158002-E0001.022.1956                      1 9.00000E+01 1.10000E+02
p-Be009-MT651-Weber-F0158002-E0001.023.1956                      1 1.50000E+01 9.00000E+01
p-Be009-MT651-Weber-F0158002-E0001.026.1956                      2 1.50000E+01 9.00000E+01
p-Be009-MT651-Weber-F0158002-E0001.033.1956                      1 7.00000E+01 9.00000E+01
p-Be009-MT651-Weber-F0158002-E0001.039.1956                      2 7.00000E+01 1.35000E+02
p-Be009-MT651-Weber-F0158002-E0001.041.1956                      1 9.00000E+01 1.10000E+02
p-Be009-MT651-Weber-F0158002-E0001.043.1956                      1 1.50000E+01 9.00000E+01
p-Be009-MT651-Weber-F0158002-E0001.046.1956                      1 1.50000E+01 4.50000E+01
p-Be009-MT651-Weber-F0158002-E0001.047.1956                      1 4.50000E+01 9.00000E+01
p-Be009-MT651-Weber-F0158002-E0001.053.1956                      1 9.00000E+01 1.35000E+02
p-Be009-MT651-Weber-F0158002-E0001.057.1956                      1 7.00000E+01 1.35000E+02
p-Be009-MT651-Weber-F0158002-E0001.060.1956                      1 4.50000E+01 7.00000E+01
p-Be009-MT651-Weber-F0158002-E0001.067.1956                      1 1.50000E+01 4.50000E+01
p-Be009-MT651-Weber-F0158002-E0001.069.1956                      2 1.50000E+01 1.35000E+02
p-Be009-MT651-Weber-F0158002-E0001.083.1956                      1 1.10000E+02 1.35000E+02
p-Be009-MT651-Weber-F0158002-E0001.085.1956                      1 9.00000E+01 1.10000E+02
p-Be009-MT651-Weber-F0158002-E0001.088.1956                      1 7.00000E+01 9.00000E+01
p-Be009-MT651-Weber-F0158002-E0001.089.1956                      2 1.50000E+01 9.00000E+01
p-Be009-MT651-Weber-F0158002-E0001.094.1956                      1 1.50000E+01 4.50000E+01
p-Be009-MT651-Weber-F0158002-E0001.099.1956                      1 4.50000E+01 9.00000E+01
p-Be009-MT651-Weber-F0158002-E0001.100.1956                      1 9.00000E+01 1.35000E+02
p-Be009-MT651-Weber-F0158002-E0001.102.1956                      1 9.00000E+01 1.35000E+02
p-Be009-MT651-Weber-F0158002-E0001.111.1956                      1 7.00000E+01 9.00000E+01
p-Be009-MT651-Weber-F0158002-E0001.114.1956                      1 1.50000E+01 7.00000E+01
p-Be009-MT651-Weber-F0158002-E0001.116.1956                      1 1.50000E+01 1.35000E+02
p-Be009-MT651-Weber-F0158002-E0001.117.1956                      1 4.50000E+01 1.35000E+02
p-Be009-MT651-Weber-F0158002-E0001.118.1956                      1 4.50000E+01 9.00000E+01
p-Be009-MT651-Weber-F0158002-E0001.130.1956                      2 7.00000E+01 1.10000E+02
p-Be009-MT651-Weber-F0158002-E0001.132.1956                      2 1.50000E+01 1.35000E+02
p-Be009-MT651-Weber-F0158002-E0001.135.1956                      1 1.50000E+01 4.50000E+01
p-Be009-MT651-Weber-F0158002-E0001.139.1956                      1 4.50000E+01 1.35000E+02
p-Be009-MT651-Weber-F0158002-E0001.155.1956                      1 1.50000E+01 1.35000E+02
p-Be009-MT651-Weber-F0158002-E0001.159.1956                      2 1.50000E+01 9.00000E+01
p-Be009-MT651-Weber-F0158002-E0001.162.1956                      1 4.50000E+01 9.00000E+01
p-Be009-MT651-Weber-F0158002-E0001.163.1956                      1 4.50000E+01 1.10000E+02
p-Be009-MT651-Weber-F0158002-E0001.177.1956                      1 1.10000E+02 1.35000E+02
p-Be009-MT651-Weber-F0158002-E0001.178.1956                      1 7.00000E+01 1.35000E+02
p-Be009-MT651-Weber-F0158002-E0001.181.1956                      1 7.00000E+01 9.00000E+01
p-Be009-MT651-Weber-F0158002-E0001.184.1956                      1 1.50000E+01 9.00000E+01
p-Be009-MT651-Weber-F0158002-E0001.186.1956                      1 1.50000E+01 4.50000E+01
p-Be009-MT651-Weber-F0158002-E0001.189.1956                      1 4.50000E+01 1.35000E+02
p-Be009-MT651-Weber-F0158002-E0001.203.1956                      1 9.00000E+01 1.35000E+02
p-Be009-MT651-Weber-F0158002-E0001.204.1956                      1 1.50000E+01 9.00000E+01
p-Be009-MT651-Weber-F0158002-E0001.210.1956                      1 1.50000E+01 4.50000E+01
p-Be009-MT651-Weber-F0158002-E0001.213.1956                      1 4.50000E+01 1.35000E+02
p-Be009-MT651-Weber-F0158002-E0001.222.1956                      1 1.10000E+02 1.35000E+02
p-Be009-MT651-Weber-F0158002-E0001.223.1956                      1 7.00000E+01 1.10000E+02
p-Be009-MT651-Weber-F0158002-E0001.225.1956                      1 7.00000E+01 9.00000E+01
p-Be009-MT651-Weber-F0158002-E0001.228.1956                      1 4.50000E+01 9.00000E+01
p-Be009-MT651-Weber-F0158002-E0001.231.1956                      1 4.50000E+01 1.35000E+02
p-Be009-MT651-Weber-F0158002-E0001.248.1956                      1 9.00000E+01 1.35000E+02
p-Be009-MT651-Weber-F0158002-E0001.250.1956                      1 1.50000E+01 9.00000E+01
p-Be009-MT651-Weber-F0158002-E0001.252.1956                      1 1.50000E+01 4.50000E+01
p-Be009-MT651-Weber-F0158002-E0001.253.1956                      1 4.50000E+01 1.35000E+02
p-Be009-MT651-Weber-F0158002-E0001.269.1956                      1 7.00000E+01 1.35000E+02
p-Be009-MT651-Weber-F0158002-E0001.274.1956                      1 7.00000E+01 9.00000E+01
p-Be009-MT651-Weber-F0158002-E0001.275.1956                      2 1.50000E+01 1.10000E+02
p-Be009-MT651-Weber-F0158002-E0001.279.1956                      1 1.50000E+01 4.50000E+01
p-Be009-MT651-Weber-F0158002-E0001.281.1956                      1 4.50000E+01 1.35000E+02
p-Be009-MT651-Weber-F0158002-E0001.293.1956                      1 9.00000E+01 1.35000E+02
p-Be009-MT651-Weber-F0158002-E0001.297.1956                      1 7.00000E+01 9.00000E+01
p-Be009-MT651-Weber-F0158002-E0001.313.1956                      1 7.00000E+01 1.10000E+02
p-Be009-MT651-Weber-F0158002-E0001.316.1956                      2 9.00000E+01 1.35000E+02
p-Be009-MT651-Weber-F0158002-E0001.317.1956                      1 4.50000E+01 9.00000E+01
p-Be009-MT651-Weber-F0158002-E0001.321.1956                      1 1.50000E+01 4.50000E+01
p-Be009-MT651-Weber-F0158002-E0001.323.1956                      1 1.50000E+01 1.35000E+02
p-Be009-MT651-Weber-F0158002-E0001.336.1956                      1 1.10000E+02 1.35000E+02
p-Be009-MT651-Weber-F0158002-E0001.337.1956                      1 9.00000E+01 1.10000E+02
p-Be009-MT651-Weber-F0158002-E0001.340.1956                      1 4.50000E+01 9.00000E+01
p-Be009-MT651-Weber-F0158002-E0001.362.1956                      1 4.50000E+01 1.35000E+02
p-Be009-MT651-Weber-F0158002-E0001.363.1956                      1 7.00000E+01 1.35000E+02
p-Be009-MT651-Weber-F0158002-E0001.364.1956                      1 7.00000E+01 1.10000E+02
p-Be009-MT651-Weber-F0158002-E0001.367.1956                      1 1.50000E+01 1.10000E+02
p-Be009-MT651-Weber-F0158002-E0001.368.1956                      1 1.50000E+01 9.00000E+01
p-Be009-MT651-Weber-F0158002-E0001.369.1956                      1 9.00000E+01 1.35000E+02
p-Be009-MT651-Weber-F0158002-E0001.381.1956                      1 1.10000E+02 1.35000E+02
p-Be009-MT651-Weber-F0158002-E0001.382.1956                      1 4.50000E+01 1.10000E+02
p-Be009-MT651-Weber-F0158002-E0001.385.1956                      1 4.50000E+01 9.00000E+01
p-Be009-MT651-Weber-F0158002-E0001.389.1956                      1 1.50000E+01 9.00000E+01
p-Be009-MT651-Weber-F0158002-E0001.390.1956                      1 1.50000E+01 1.35000E+02
p-Be009-MT651-Weber-F0158002-E0001.407.1956                      1 9.00000E+01 1.35000E+02
p-Be009-MT651-Weber-F0158002-E0001.410.1956                      2 7.00000E+01 1.10000E+02
p-Be009-MT651-Weber-F0158002-E0001.411.1956                      1 4.50000E+01 7.00000E+01
p-Be009-MT651-Weber-F0158002-E0001.412.1956                      1 1.50000E+01 4.50000E+01
p-Be009-MT651-Weber-F0158002-E0001.414.1956                      1 1.50000E+01 9.00000E+01
p-Be009-MT651-Weber-F0158002-E0001.428.1956                      1 9.00000E+01 1.35000E+02
p-Be009-MT651-Weber-F0158002-E0001.433.1956                      1 1.10000E+02 1.35000E+02
p-Be009-MT651-Weber-F0158002-E0001.437.1956                      1 7.00000E+01 1.10000E+02
p-Be009-MT651-Weber-F0158002-E0001.454.1956                      1 7.00000E+01 9.00000E+01
p-Be009-MT651-Weber-F0158002-E0001.455.1956                      1 9.00000E+01 1.10000E+02
p-Be009-MT651-Weber-F0158002-E0001.456.1956                      1 4.50000E+01 1.10000E+02
p-Be009-MT651-Weber-F0158002-E0001.457.1956                      1 4.50000E+01 1.35000E+02
p-Be009-MT651-Weber-F0158002-E0001.459.1956                      1 1.50000E+01 1.35000E+02
p-Be009-MT651-Weber-F0158002-E0001.466.1956                      1 1.50000E+01 9.00000E+01
p-Be009-MT651-Weber-F0158002-E0001.474.1956                      1 9.00000E+01 1.10000E+02
p-Be009-MT651-Weber-F0158002-E0001.476.1956                      1 1.10000E+02 1.35000E+02
p-Be009-MT651-Weber-F0158002-E0001.478.1956                      1 9.00000E+01 1.35000E+02
p-Be009-MT651-Weber-F0158002-E0001.491.1956                      1 9.00000E+01 1.10000E+02
p-Be009-MT651-Weber-F0158002-E0001.497.1956                      1 9.00000E+01 1.10000E+02
p-Be009-MT651-Weber-F0158002-E0001.499.1956                      1 7.00000E+01 9.00000E+01
p-Be009-MT651-Weber-F0158002-E0001.501.1956                      1 4.50000E+01 7.00000E+01
p-Be009-MT651-Weber-F0158002-E0001.502.1956                      1 1.50000E+01 4.50000E+01
p-Be009-MT651-Weber-F0158002-E0001.505.1956                      1 1.50000E+01 1.35000E+02
p-Be009-MT651-Weber-F0158002-E0001.509.1956                      1 1.35000E+02 1.35000E+02
p-Be009-MT651-Yanabu-F0185003-E0007.000.1964                    15 3.11000E+01 1.61200E+02
