#              Filename                                         N    min         max
n-Cr052-MT051-Kinney-10413013-ang-E0006.440.1974                14 3.51000E+01 1.34600E+02
n-Cr052-MT051-Kinney-10413013-ang-E0006.440A001.1974            14 3.51000E+01 1.34600E+02
n-Cr052-MT051-Kinney-10413013-ang-E0007.030.1974                 3 3.51000E+01 8.51000E+01
n-Cr052-MT051-Kinney-10413013-ang-E0007.030A001.1974             3 3.51000E+01 8.51000E+01
n-Cr052-MT051-Kinney-10413013-ang-E0007.540.1974                14 3.51000E+01 1.34600E+02
n-Cr052-MT051-Kinney-10413013-ang-E0007.540A001.1974            14 3.51000E+01 1.34600E+02
n-Cr052-MT051-Kinney-10413013-ang-E0008.040.1974                 3 3.51000E+01 8.51000E+01
n-Cr052-MT051-Kinney-10413013-ang-E0008.040A001.1974             3 3.51000E+01 8.51000E+01
n-Cr052-MT051-Kinney-10413013-ang-E0008.560.1974                17 3.51000E+01 1.34600E+02
n-Cr052-MT051-Kinney-10413013-ang-E0008.560A001.1974            17 3.51000E+01 1.34600E+02
n-Cr052-MT051-Korzh-40531015-ang-E0002.000.1975                 35 2.00000E+01 1.50000E+02
n-Cr052-MT051-Korzh-40619004-ang-E0005.000.1982                 40 2.00000E+01 1.50000E+02
n-Cr052-MT051-Olsson-22128011-ang-E0021.600.1990                32 2.00000E+01 1.60000E+02
n-Cr052-MT051-Pasechnik-40045005-ang-E0002.900.1969              8 2.95000E+01 1.34200E+02
n-Cr052-MT051-Schmidt-22408003-ang-E0007.950.1998               35 2.52000E+01 1.59400E+02
n-Cr052-MT051-Schmidt-22408003-ang-E0009.000.1998               35 2.53000E+01 1.59300E+02
n-Cr052-MT051-Schmidt-22408003-ang-E0009.800.1998               32 2.52000E+01 1.59300E+02
n-Cr052-MT051-Schmidt-22408003-ang-E0010.790.1998               31 2.51000E+01 1.59400E+02
n-Cr052-MT051-Schmidt-22408003-ang-E0011.440.1998               35 2.50000E+01 1.59400E+02
n-Cr052-MT051-Schmidt-22408003-ang-E0012.010.1998               32 2.50000E+01 1.59300E+02
n-Cr052-MT051-Schmidt-22408003-ang-E0012.700.1998               31 2.49000E+01 1.59300E+02
n-Cr052-MT051-Schmidt-22408003-ang-E0013.650.1998               31 2.49000E+01 2.49000E+01
n-Cr052-MT051-Yamanouti-22197003-ang-E0018.540.1990             13 2.04000E+01 1.40700E+02
n-Cr052-MT051-Yamanouti-23367003-ang-E0018.500.1991             26 1.93000E+01 1.40300E+02
