#              Filename                                         N    min         max
n-B011-MT151-Bockelman-110480091.1951                            5 4.30000E-01 2.58000E+00
n-B011-MT151-Bockelman-110480091A001.1951                        5 4.30000E-01 2.58000E+00
n-B011-MT151-Bockelman-110480092.1951                            5 4.30000E-01 2.58000E+00
n-B011-MT151-Bockelman-110480092A001.1951                        5 4.30000E-01 2.58000E+00
n-B011-MT151-Imhof-112350031.1962                                4 4.30000E-01 1.78000E+00
n-B011-MT151-Imhof-112350032.1962                                4 4.30000E-01 1.78000E+00
n-B011-MT151-Imhof-112350041.1962                                1 1.02700E+00 1.02700E+00
n-B011-MT151-Imhof-112350042.1962                                1 1.02700E+00 1.02700E+00
n-B011-MT151-Imhof-112350043.1962                                1 1.02700E+00 1.02700E+00
n-B011-MT151-Koehler-128000041.1983                             21 2.00000E-02 6.83000E+00
n-B011-MT151-Koehler-128000042.1983                             21 2.00000E-02 6.83000E+00
n-B011-MT151-Mooring-100890021.1969                              1 2.08000E-02 2.08000E-02
n-B011-MT151-Mooring-100890021A001.1969                          1 2.08000E-02 2.08000E-02
n-B011-MT151-Mooring-100890023.1969                              1 2.08000E-02 2.08000E-02
n-B011-MT151-Mooring-100890023A001.1969                          1 2.08000E-02 2.08000E-02
n-B011-MT151-Mooring-100890024.1969                              1 2.08000E-02 2.08000E-02
n-B011-MT151-Mooring-100890024A001.1969                          1 2.08000E-02 2.08000E-02
n-B011-MT151-Mooring-111850041.1964                              4 4.30000E-01 1.78000E+00
n-B011-MT151-Mooring-111850041A001.1964                          4 4.30000E-01 1.78000E+00
n-B011-MT151-Mooring-111850042.1964                              4 4.30000E-01 1.78000E+00
n-B011-MT151-Mooring-111850042A001.1964                          4 4.30000E-01 1.78000E+00
n-B011-MT151-Mooring-111850043.1964                              3 4.30000E-01 1.28000E+00
n-B011-MT151-Mooring-111850043A001.1964                          3 4.30000E-01 1.28000E+00
n-B011-MT151-Mooring-111850044.1964                              3 4.30000E-01 1.78000E+00
n-B011-MT151-Mooring-111850044A001.1964                          3 4.30000E-01 1.78000E+00
n-B011-MT151-Mooring-111850045.1964                              4 4.30000E-01 1.78000E+00
n-B011-MT151-Mooring-111850045A001.1964                          4 4.30000E-01 1.78000E+00
n-B011-MT151-Nelson-103810031.1973                               5 2.45000E+00 3.80000E+00
n-B011-MT151-Nelson-103810031A001.1973                           5 2.45000E+00 3.80000E+00
n-B011-MT151-Nelson-103810032.1973                               5 2.45000E+00 3.80000E+00
n-B011-MT151-Nelson-103810032A001.1973                           5 2.45000E+00 3.80000E+00
n-B011-MT151-White-106850061.1980                               16 2.00000E-02 6.20000E+00
n-B011-MT151-White-106850061A001.1980                           16 2.00000E-02 6.20000E+00
n-B011-MT151-White-106850062.1980                               16 2.00000E-02 6.20000E+00
n-B011-MT151-White-106850062A001.1980                           16 2.00000E-02 6.20000E+00
n-B011-MT151-Willard-112140081.1955                              2 4.30000E-01 1.28000E+00
n-B011-MT151-Willard-112140081A001.1955                          2 4.30000E-01 1.28000E+00
n-B011-MT151-Willard-112140082.1955                              2 4.30000E-01 1.28000E+00
n-B011-MT151-Willard-112140082A001.1955                          2 4.30000E-01 1.28000E+00
