#              Filename                                         N    min         max
p-C012-MT601-Abriola-O1909003-ang-E0005.797.2011                 2 1.05000E+02 1.70000E+02
p-C012-MT601-Abriola-O1909003-ang-E0005.800.2011                 2 1.05000E+02 1.60000E+02
p-C012-MT601-Alkhazov-F0690003-ang-E1000.000.1972               31 8.80000E+00 2.70000E+01
p-C012-MT601-Barker-F1040002-ang-E0005.193.1963                  1 3.80000E+01 1.26000E+02
p-C012-MT601-Barker-F1040002-ang-E0005.195.1963                  1 3.80000E+01 3.80000E+01
p-C012-MT601-Barker-F1040003-ang-E0005.300.1963                 12 3.96000E+01 1.61000E+02
p-C012-MT601-Barker-F1040003-ang-E0005.630.1963                 13 3.91000E+01 1.59300E+02
p-C012-MT601-Barker-F1040003-ang-E0005.650.1963                 13 2.84000E+01 1.58700E+02
p-C012-MT601-Barker-F1040003-ang-E0005.670.1963                 11 2.79000E+01 1.48900E+02
p-C012-MT601-Barker-F1040003-ang-E0005.770.1963                 11 2.78000E+01 1.40600E+02
p-C012-MT601-Barker-F1040003-ang-E0005.840.1963                 12 2.78000E+01 1.50300E+02
p-C012-MT601-Barker-F1040003-ang-E0005.880.1963                 13 2.79000E+01 1.53800E+02
p-C012-MT601-Barker-F1040003-ang-E0005.900.1963                 13 2.79000E+01 1.58300E+02
p-C012-MT601-Barker-F1040003-ang-E0005.920.1963                 13 2.72000E+01 1.57300E+02
p-C012-MT601-Barker-F1040003-ang-E0005.970.1963                 13 2.72000E+01 1.58700E+02
p-C012-MT601-Barker-F1040003-ang-E0006.070.1963                 13 2.74000E+01 1.58700E+02
p-C012-MT601-Barker-F1040003-ang-E0006.170.1963                 13 3.81000E+01 1.57900E+02
p-C012-MT601-Barnard-O0256016-ang-E0006.650.1966                19 2.13000E+01 1.58500E+02
p-C012-MT601-Barnard-O0256017-ang-E0008.070.1966                16 2.39000E+01 1.60400E+02
p-C012-MT601-Barnard-O0256018-ang-E0008.390.1966                16 2.39000E+01 1.61300E+02
p-C012-MT601-Barnard-O0256019-ang-E0008.960.1966                18 2.09000E+01 1.61700E+02
p-C012-MT601-Barnard-O0256020-ang-E0009.390.1966                16 2.42000E+01 1.61700E+02
p-C012-MT601-Barnard-O0256021-ang-E0009.810.1966                22 2.13000E+01 1.58100E+02
p-C012-MT601-Barnard-O0256022-ang-E0011.600.1966                19 2.13000E+01 1.52800E+02
p-C012-MT601-Bauhoff-C1278004-ang-E0135.000.1983               171 7.49999E+00 6.21000E+01
p-C012-MT601-Bertrand-C0925013-ang-E0069.000.1973               78 1.30000E+01 1.62000E+02
p-C012-MT601-Blanpied-C0065003-ang-E0800.000.1981              284 3.69999E+00 6.29000E+01
p-C012-MT601-Blanpied-C0071003-ang-E0800.000.1978              270 5.80002E+00 3.75000E+01
p-C012-MT601-Clarke-O0480003-ang-E0049.500.1970                 27 1.04200E+02 1.74100E+02
p-C012-MT601-Comfort-C0585004-ang-E0121.800.1980                93 1.01000E+01 1.01000E+01
p-C012-MT601-Cook-D1006002-ang-E0010.200.2021                  784 2.39000E+01 1.58900E+02
p-C012-MT601-Daehnick-D0511003-ang-E0014.600.1964                6 1.50000E+01 1.40000E+02
p-C012-MT601-Daehnick-D0511003-ang-E0014.800.1964               15 1.50000E+01 1.60000E+02
p-C012-MT601-Daehnick-D0511003-ang-E0015.000.1964               15 2.50000E+01 1.60000E+02
p-C012-MT601-Fannon-O0056003-ang-E0049.480.1967                 40 1.01000E+01 1.44300E+02
p-C012-MT601-Freer-C1757002-ang-E0066.000.2009                   3 1.02000E+01 2.87000E+01
p-C012-MT601-Friedes-O0752002-ang-E1000.000.1967                80 7.10001E+00 1.66000E+01
p-C012-MT601-Fujisawa-E1406008-ang-E0028.700.1981               12 3.03000E+01 1.57800E+02
p-C012-MT601-Fujisawa-E1406009-ang-E0026.200.1981                9 4.55000E+01 1.45400E+02
p-C012-MT601-Fujisawa-E1406010-ang-E0024.100.1981               17 3.03000E+01 1.65200E+02
p-C012-MT601-Fujisawa-E1406057-ang-E0022.050.1981                8 1.50000E+02 1.50000E+02
p-C012-MT601-Fujisawa-E1406058-ang-E0022.050.1981               13 1.35000E+02 1.35000E+02
p-C012-MT601-Fujisawa-E1406059-ang-E0022.050.1981                8 1.20000E+02 1.20000E+02
p-C012-MT601-Fujisawa-E1406060-ang-E0022.050.1981               13 1.05000E+02 1.05000E+02
p-C012-MT601-Fujisawa-E1406061-ang-E0022.050.1981               13 7.50000E+01 7.50000E+01
p-C012-MT601-Fujisawa-E1406062-ang-E0022.050.1981                8 6.00000E+01 6.00000E+01
p-C012-MT601-Fujisawa-E1406063-ang-E0022.050.1981               13 4.50000E+01 4.50000E+01
p-C012-MT601-Garron-O0360003-ang-E0155.000.1960                  6 2.00000E+01 3.00000E+01
p-C012-MT601-Geramb-F0740003-ang-E0030.000.1975                 29 1.95000E+01 1.58600E+02
p-C012-MT601-Geramb-F0740003-ang-E0032.000.1975                 29 1.95000E+01 1.59100E+02
p-C012-MT601-Geramb-F0740003-ang-E0034.000.1975                 21 1.99000E+01 1.60100E+02
p-C012-MT601-Geramb-F0740003-ang-E0036.000.1975                 29 1.99000E+01 1.54800E+02
p-C012-MT601-Geramb-F0740003-ang-E0038.000.1975                 29 1.66000E+01 1.55100E+02
p-C012-MT601-Greaves-O0473010-ang-E0030.400.1972                74 4.00000E+01 1.63000E+02
p-C012-MT601-Gul-D0655002-ang-E0008.000.2011                    27 3.00000E+01 1.70000E+02
p-C012-MT601-Guratzsch-O1242007-ang-E0007.000.1969              27 2.87000E+01 1.67900E+02
p-C012-MT601-Hajisaeid-C0641002-ang-E0800.000.1982              52 6.40000E+00 1.96000E+01
p-C012-MT601-Hannen-O1177004-ang-E0150.000.2003                 42 4.30002E+00 2.46000E+01
p-C012-MT601-Harada-E1761104-ang-E0026.000.1999                 14 2.03000E+01 1.50300E+02
p-C012-MT601-Horowitz-C2389002-ang-E0100.000.1970               10 1.10000E+01 5.95000E+01
p-C012-MT601-Hosono-E0013003-ang-E0065.000.1978                 22 1.46000E+01 1.13800E+02
p-C012-MT601-Howell-C1514002-ang-E0027.000.1980                 24 3.93000E+01 1.50100E+02
p-C012-MT601-Hugi-C2180002-ang-E0122.000.1983                   22 6.25303E+01 1.33094E+02
p-C012-MT601-Hugi-C2180003-ang-E0160.000.1983                   40 6.95294E+00 1.34545E+02
p-C012-MT601-Hugi-C2180004-ang-E0200.000.1983                   16 6.47378E+01 1.25840E+02
p-C012-MT601-Ingham-C1615002-ang-E0040.000.1974                  8 4.09997E+00 1.61000E+01
p-C012-MT601-Ingham-T0298002-ang-E0040.000.1974                 10 3.89998E+00 2.01000E+01
p-C012-MT601-Jones-T0169002-ang-E0398.000.1994                  32 4.47658E+00 2.89293E+01
p-C012-MT601-Jones-T0169002-ang-E0597.000.1994                  31 4.09046E+00 2.02067E+01
p-C012-MT601-Jones-T0169002-ang-E0698.000.1994                  35 4.09046E+00 1.93746E+01
p-C012-MT601-Kato-E0926004-ang-E0065.000.1985                   22 1.54000E+01 1.15100E+02
p-C012-MT601-Kirkdickens-O0212011-ang-E0020.000.1963            25 1.29000E+01 1.54100E+02
p-C012-MT601-Kirkdickens-O0212012-ang-E0021.600.1963            27 3.28000E+01 1.55300E+02
p-C012-MT601-Kirkdickens-O0212013-ang-E0024.100.1963            24 1.45000E+01 1.51400E+02
p-C012-MT601-Kirkdickens-O0212014-ang-E0026.100.1963            29 2.86000E+01 1.55300E+02
p-C012-MT601-Kirkdickens-O0212015-ang-E0027.800.1963            28 1.03000E+01 1.55300E+02
p-C012-MT601-Kirkdickens-O0212025-ang-E0017.650.1963            21 1.31800E+02 1.31800E+02
p-C012-MT601-Kirkdickens-O0212026-ang-E0017.620.1963            40 1.42500E+02 1.42500E+02
p-C012-MT601-Kirkdickens-O0331003-ang-E0031.100.1963            46 9.30001E+00 1.57100E+02
p-C012-MT601-Kobayashi-E1414009-ang-E0012.268.1970              14 4.26700E+01 1.62100E+02
p-C012-MT601-Kobayashi-E1414011-ang-E0012.664.1970               8 4.80900E+01 1.60600E+02
p-C012-MT601-Kobayashi-E1414013-ang-E0013.099.1970              16 3.04900E+01 1.60300E+02
p-C012-MT601-Kobayashi-E1414015-ang-E0012.990.1970               7 3.81200E+01 1.60400E+02
p-C012-MT601-Kobayashi-E1414017-ang-E0013.173.1970              14 3.93100E+01 1.63700E+02
p-C012-MT601-Kobayashi-E1414020-ang-E0011.980.1970              13 9.00000E+01 9.00000E+01
p-C012-MT601-Kobayashi-E1414022-ang-E0012.260.1970              12 1.65000E+02 1.65000E+02
p-C012-MT601-Lebedev-F0747003-ang-E0007.500.2006                18 2.10000E+01 1.61100E+02
p-C012-MT601-Meyer-C1420005-ang-E0250.000.1988                 109 4.09997E+00 9.71000E+01
p-C012-MT601-Nonaka-E2237020-ang-E0057.000.1962                 22 9.60001E+00 1.55700E+02
p-C012-MT601-Ohnuma-E0120003-ang-E0051.930.1980                 21 1.51000E+01 1.14800E+02
p-C012-MT601-Okamoto-E2160003-ang-E0300.000.2010                96 2.69994E+00 4.13000E+01
p-C012-MT601-Peelle-O0550003-ang-E0014.000.1957                 17 1.62000E+01 1.71100E+02
p-C012-MT601-Peelle-O0550003-ang-E0014.700.1957                 17 1.62000E+01 1.71100E+02
p-C012-MT601-Pignanelli-F0256008-ang-E0035.000.1986             33 9.60001E+00 1.70100E+02
p-C012-MT601-Reen-E2639006-ang-E0392.000.2019                    6 4.00074E-01 2.80002E+00
p-C012-MT601-Reen-E2639007-ang-E0392.000.2019                    6 4.00074E-01 2.80002E+00
p-C012-MT601-Reen-E2639008-ang-E0392.000.2019                    6 4.00074E-01 2.80002E+00
p-C012-MT601-Reen-E2639009-ang-E0392.000.2019                    6 4.00074E-01 2.80002E+00
p-C012-MT601-Reen-E2639010-ang-E0392.000.2019                    6 4.00074E-01 2.80002E+00
p-C012-MT601-Reen-E2639011-ang-E0392.000.2019                    6 4.00074E-01 2.80002E+00
p-C012-MT601-Reen-E2639012-ang-E0392.000.2019                    6 4.00074E-01 2.80002E+00
p-C012-MT601-Reen-E2639013-ang-E0392.000.2019                    6 4.00074E-01 2.80002E+00
p-C012-MT601-Stovall-O0166003-ang-E0039.700.1964                 9 5.30001E+00 5.07000E+01
p-C012-MT601-Tesmer-O0079003-ang-E0020.000.1972                 21 3.07000E+01 1.68200E+02
