#              Filename                                         N    min         max
n-Hg000-MT001-Abfalterer-13753027.2001                         467 5.29300E+00 5.59100E+02
n-Hg000-MT001-Ageno-21263007.1953                                1 1.40000E+01 1.40000E+01
n-Hg000-MT001-Bird-21014002.1959                               366 3.05900E-05 2.03500E-03
n-Hg000-MT001-Carpenter-12236002.1960                          932 1.79900E-05 3.54700E-02
n-Hg000-MT001-Carpenter-122360092.1960                           2 2.70700E-04 5.13000E-04
n-Hg000-MT001-Carpenter-13850009.1959                            1 1.11000E+02 1.11000E+02
n-Hg000-MT001-Carter-11897007.1955                             231 1.22500E-05 1.60000E-03
n-Hg000-MT001-Coon-12524050.1952                                 1 1.41200E+01 1.41200E+01
n-Hg000-MT001-Culler-11088012.1955                              12 6.10000E+01 1.06800E+02
n-Hg000-MT001-Culler-11088012A001.1955                          12 6.10000E+01 1.06800E+02
n-Hg000-MT001-Deconninck-20195017.1961                           1 2.84000E+01 2.84000E+01
n-Hg000-MT001-Dilg-20583031.1972                                 1 2.70000E-03 2.70000E-03
n-Hg000-MT001-Fosterjr-10047087.1971                           243 2.25500E+00 1.48730E+01
n-Hg000-MT001-Fosterjr-10047087A001.1971                       243 2.25500E+00 1.48730E+01
n-Hg000-MT001-Fox-11175011.1950                                  1 2.70000E+02 2.70000E+02
n-Hg000-MT001-Fox-11175011A001.1950                              1 2.70000E+02 2.70000E+02
n-Hg000-MT001-Giordano-20806010.1978                             1 2.50000E+00 2.50000E+00
n-Hg000-MT001-Havensjr-11139005.1946                            33 2.60000E-08 7.66155E-03
n-Hg000-MT001-Havensjr-11139005A001.1946                        33 2.60000E-08 7.66155E-03
n-Hg000-MT001-Havensjr-11139020.1946                            32 4.94000E-07 3.45515E-03
n-Hg000-MT001-Havensjr-11139020A001.1946                        32 4.94000E-07 3.45515E-03
n-Hg000-MT001-Havensjr-11139022.1946                            17 1.21400E-06 5.43173E-03
n-Hg000-MT001-Havensjr-11139022A001.1946                        17 1.21400E-06 5.43173E-03
n-Hg000-MT001-Havensjr-11139024.1946                             9 6.32500E-06 4.00114E-03
n-Hg000-MT001-Havensjr-11139024A001.1946                         9 6.32500E-06 4.00114E-03
n-Hg000-MT001-Hildebrand-11039030.1950                           1 4.20000E+01 4.20000E+01
n-Hg000-MT001-Hildebrand-11039030A001.1950                       1 4.20000E+01 4.20000E+01
n-Hg000-MT001-Hodgson-21281007.1952                             84 3.90000E-06 6.50000E-03
n-Hg000-MT001-Islam-30134010.1973                              101 1.00700E+00 2.00700E+00
n-Hg000-MT001-Johnson-11292006.1953                             33 3.40000E-01 3.42000E+00
n-Hg000-MT001-Mazari-30037012.1955                               7 1.30000E+01 1.62000E+01
n-Hg000-MT001-Nereson-11308024.1954                             30 2.82100E+00 1.31180E+01
n-Hg000-MT001-Palmer-11804018.1956                              91 1.61000E-05 7.40000E-03
n-Hg000-MT001-Pineo-10542025.1974                               70 3.39900E-02 6.41400E-01
n-Hg000-MT001-Pineo-10542025A001.1974                           70 3.39900E-02 6.41400E-01
n-Hg000-MT001-Sherr-11138009.1945                                1 2.54000E+01 2.54000E+01
n-Hg000-MT001-Sherr-11138009A001.1945                            1 2.54000E+01 2.54000E+01
n-Hg000-MT001-Vincent-11621028.1960                              1 4.10000E+00 4.10000E+00
n-Hg000-MT001-Walt-11746009.1953                                17 1.75000E-01 2.84500E+00
n-Hg000-MT001-Whalen-11540014.1966                             336 1.00100E-01 6.48800E-01
n-Hg000-MT001-Zinn-11136023.1939                                 1 2.88000E+00 2.88000E+00
n-Hg000-MT001-Zinn-11136023A001.1939                             1 2.88000E+00 2.88000E+00
