#              Filename                                         N    min         max
d-Si028-MT600-Gonchar-D8014005-E0019.000.1969                   46 1.00000E+01 1.20000E+02
d-Si028-MT600-Gurbich-O1225002-E0001.040.2004                  214 1.50000E+02 1.50000E+02
d-Si028-MT600-Hsu-E2177002-E0001.996.1973                      545 1.50000E+02 1.50000E+02
d-Si028-MT600-Kokkoris-D0559002-E0001.252.2009                  46 1.70000E+02 1.70000E+02
d-Si028-MT600-Wildenthal-F0963002-E0001.965.1964                 1 3.00000E+01 1.35000E+02
d-Si028-MT600-Wildenthal-F0963002-E0001.971.1964                 1 3.00000E+01 1.35000E+02
d-Si028-MT600-Wildenthal-F0963002-E0001.977.1964                 1 3.00000E+01 1.35000E+02
d-Si028-MT600-Wildenthal-F0963002-E0001.989.1964                 1 3.00000E+01 1.35000E+02
d-Si028-MT600-Wildenthal-F0963002-E0001.999.1964                 1 3.00000E+01 1.35000E+02
d-Si028-MT600-Wildenthal-F0963002-E0002.006.1964                 1 3.00000E+01 1.35000E+02
d-Si028-MT600-Wildenthal-F0963002-E0002.019.1964                 1 3.00000E+01 1.35000E+02
d-Si028-MT600-Wildenthal-F0963002-E0002.024.1964                 1 3.00000E+01 1.35000E+02
d-Si028-MT600-Wildenthal-F0963002-E0002.035.1964                 1 3.00000E+01 1.35000E+02
d-Si028-MT600-Wildenthal-F0963002-E0002.040.1964                 1 3.00000E+01 1.35000E+02
d-Si028-MT600-Wildenthal-F0963002-E0002.053.1964                 1 3.00000E+01 1.35000E+02
d-Si028-MT600-Wildenthal-F0963002-E0002.057.1964                 1 3.00000E+01 1.35000E+02
d-Si028-MT600-Wildenthal-F0963002-E0002.072.1964                 1 1.35000E+02 1.35000E+02
d-Si028-MT600-Wildenthal-F0963005-E0002.276.1964                17 9.30001E+00 1.69700E+02
d-Si028-MT600-Wildenthal-F0963005-E0002.643.1964                17 9.90000E+00 1.70000E+02
d-Si028-MT600-Wildenthal-F0963005-E0003.001.1964                17 9.90000E+00 1.70900E+02
