#              Filename                                         N    min         max
n-U235-MT018-Baumann-11376010.1963                               1 6.00000E-07 6.00000E-07
n-U235-MT018-Bigham-12230004.1964                                1 4.50000E-07 4.50000E-07
n-U235-MT018-Bigham-12230005.1964                                1 4.50000E-07 4.50000E-07
n-U235-MT018-Campbell-23370003.1958                              2 5.33000E-07 6.70000E-07
n-U235-MT018-Clayton-12388002.1955                               1 4.90000E-07 4.90000E-07
n-U235-MT018-Conway-12313005.1967                                1 5.00000E-07 5.00000E-07
n-U235-MT018-Deruytter-20131003.1971                             6 6.00000E-07 1.77500E-05
n-U235-MT018-Eiland-10143003.1971                                1 5.00000E-07 5.00000E-07
n-U235-MT018-Eiland-10143003A001.1971                            1 5.00000E-07 5.00000E-07
n-U235-MT018-Eiland-10143006.1971                                1 3.00000E-06 3.00000E-06
n-U235-MT018-Eiland-10143006A001.1971                            1 3.00000E-06 3.00000E-06
n-U235-MT018-Gerasimov-41369002.1997                             8 7.32500E-06 1.57500E-03
n-U235-MT018-Hardyjr-12405002.1961                               1 5.00000E-07 5.00000E-07
n-U235-MT018-Heft-12866209.1978                                  1 5.00000E-07 5.00000E-07
n-U235-MT018-Hellstrand-20018002.1965                            1 5.00000E-07 5.00000E-07
n-U235-MT018-Knitter-22032005.1988                               1 1.50003E-02 1.50003E-02
n-U235-MT018-Kurov-40025004.1971                                20 1.55000E-06 2.50000E-02
n-U235-MT018-Macklin-14388066.1955                               1 4.90000E-07 4.90000E-07
n-U235-MT018-Mostovaya-40488002.1975                             8 7.50000E-06 1.50000E-04
n-U235-MT018-Mughabghab-V10025882.2006                           1 2.50435E-04 2.50435E-04
n-U235-MT018-Ryabov-41275002.1968                               11 2.50000E-07 6.20000E-06
n-U235-MT018-Ryabov-41275003.1968                               10 4.00000E-07 6.20000E-06
n-U235-MT018-Ryabov-41275004.1968                               20 1.55000E-06 2.50000E-02
n-U235-MT018-Ryabov-41275010.1968                                2 1.50001E-02 1.50009E-02
n-U235-MT018-Underhill-10448002.1974                             1 5.00000E-07 5.00000E-07
n-U235-MT018-Underhill-10448002A001.1974                         1 5.00000E-07 5.00000E-07
n-U235-MT018-Vanderlinden-20645063.1974                          1 5.50000E-07 5.50000E-07
n-U235-MT018-Wagemans-20826005.1976                              1 1.00000E+01 1.00000E+01
