#              Filename                                         N    min         max
n-Sm152-MT151-Bernabei-120990041.1962                            1 8.03600E-06 8.03600E-06
n-Sm152-MT151-Bernabei-120990043.1962                            1 8.03600E-06 8.03600E-06
n-Sm152-MT151-Bernabei-120990044.1962                            1 8.03600E-06 8.03600E-06
n-Sm152-MT151-Bernabei-120990045.1962                            1 8.03600E-06 8.03600E-06
n-Sm152-MT151-Bowey-21118005.1958                                4 8.05000E-06 1.74000E-04
n-Sm152-MT151-Chrien-144570021.1961                              1 8.02000E-06 8.02000E-06
n-Sm152-MT151-Chrien-144570022.1961                              1 8.02000E-06 8.02000E-06
n-Sm152-MT151-Chrien-144570023.1961                              1 8.02000E-06 8.02000E-06
n-Sm152-MT151-Karzhavina-40165002.1969                          27 8.03000E-06 1.31200E-03
n-Sm152-MT151-Karzhavina-40165004.1969                           1 3.54000E-04 3.54000E-04
n-Sm152-MT151-Kononov-405130151.1977                             2 1.77500E-01 1.77500E-01
n-Sm152-MT151-Leinweber-138510261.2002                           1 8.03000E-06 8.03000E-06
n-Sm152-MT151-Leinweber-138510262.2002                           1 8.03000E-06 8.03000E-06
n-Sm152-MT151-Leinweber-138510263.2002                           1 8.03000E-06 8.03000E-06
n-Sm152-MT151-Pattenden-120250121.1963                           1 8.09000E-06 8.09000E-06
n-Sm152-MT151-Pattenden-120250122.1963                           1 8.09000E-06 8.09000E-06
n-Sm152-MT151-Rahn-100460101.1972                               91 8.06000E-06 5.10000E-03
n-Sm152-MT151-Rahn-100460101A001.1972                           91 8.06000E-06 5.10000E-03
n-Sm152-MT151-Rahn-100460102.1972                               90 6.22000E-05 5.10000E-03
n-Sm152-MT151-Rahn-100460102A001.1972                           90 6.22000E-05 5.10000E-03
n-Sm152-MT151-Rahn-100460103.1972                                9 8.06000E-06 1.31440E-03
n-Sm152-MT151-Rahn-100460103A001.1972                            9 8.06000E-06 1.31440E-03
n-Sm152-MT151-Rahn-100460251.1972                                1 1.85000E-03 1.85000E-03
n-Sm152-MT151-Rahn-100460251A001.1972                            1 1.85000E-03 1.85000E-03
n-Sm152-MT151-Rahn-100460252.1972                                1 1.85000E-03 1.85000E-03
n-Sm152-MT151-Rahn-100460252A001.1972                            1 1.85000E-03 1.85000E-03
n-Sm152-MT151-Sailor-12110009.1954                               1 8.20000E-06 8.20000E-06
n-Sm152-MT151-Walker-14458004.1961                               1 8.00000E-06 8.00000E-06
