#              Filename                                         N    min         max     
n-Th232-MT464-Lam-12843002-E0001.600.1983                        1 1.60000E+00 1.60000E+00
n-Th232-MT464-Lam-12843002-E0003.100.1983                        2 3.10000E+00 3.10000E+00
n-Th232-MT464-Lam-12843003-E0001.600.1983                        1 1.60000E+00 1.60000E+00
n-Th232-MT464-Lam-12843003-E0003.100.1983                        2 3.10000E+00 3.10000E+00
n-Th232-MT464-King-145170021-E0003.245.2017                      1 3.24500E+00 3.24500E+00
n-Th232-MT464-King-145170021-E0005.995.2017                      1 5.99500E+00 5.99500E+00
n-Th232-MT464-King-145170021-E0010.545.2017                      1 1.05450E+01 1.05450E+01
n-Th232-MT464-King-145170021-E0018.345.2017                      1 1.83450E+01 1.83450E+01
n-Th232-MT464-King-145170021-E0028.195.2017                      1 2.81950E+01 2.81950E+01
n-Th232-MT464-King-145170021-E0038.195.2017                      1 3.81950E+01 3.81950E+01
n-Th232-MT464-King-145170021-E0048.945.2017                      1 4.89450E+01 4.89450E+01
n-Th232-MT464-King-145170021-E0061.045.2017                      1 6.10450E+01 6.10450E+01
n-Th232-MT464-King-145170021-E0074.945.2017                      2 7.49450E+01 7.49450E+01
n-Th232-MT464-King-145170022-E0003.245.2017                      1 3.24500E+00 3.24500E+00
n-Th232-MT464-King-145170022-E0005.995.2017                      1 5.99500E+00 5.99500E+00
n-Th232-MT464-King-145170022-E0010.545.2017                      1 1.05450E+01 1.05450E+01
n-Th232-MT464-King-145170022-E0018.345.2017                      1 1.83450E+01 1.83450E+01
n-Th232-MT464-King-145170022-E0028.195.2017                      1 2.81950E+01 2.81950E+01
n-Th232-MT464-King-145170022-E0038.195.2017                      1 3.81950E+01 3.81950E+01
n-Th232-MT464-King-145170022-E0048.945.2017                      1 4.89450E+01 4.89450E+01
n-Th232-MT464-King-145170022-E0061.045.2017                      1 6.10450E+01 6.10450E+01
n-Th232-MT464-King-145170022-E0074.945.2017                      2 7.49450E+01 7.49450E+01
n-Th232-MT464-Higgins-14600004-E0001.090.2020                    1 1.09000E+00 1.09000E+00
n-Th232-MT464-Higgins-14600004-E0001.280.2020                    1 1.28000E+00 1.28000E+00
n-Th232-MT464-Higgins-14600004-E0001.500.2020                    1 1.50000E+00 1.50000E+00
n-Th232-MT464-Higgins-14600004-E0001.760.2020                    1 1.76000E+00 1.76000E+00
n-Th232-MT464-Higgins-14600004-E0002.060.2020                    1 2.06000E+00 2.06000E+00
n-Th232-MT464-Higgins-14600004-E0002.420.2020                    1 2.42000E+00 2.42000E+00
n-Th232-MT464-Higgins-14600004-E0002.850.2020                    1 2.85000E+00 2.85000E+00
n-Th232-MT464-Higgins-14600004-E0003.340.2020                    1 3.34000E+00 3.34000E+00
n-Th232-MT464-Higgins-14600004-E0003.920.2020                    1 3.92000E+00 3.92000E+00
n-Th232-MT464-Higgins-14600004-E0004.600.2020                    1 4.60000E+00 4.60000E+00
n-Th232-MT464-Higgins-14600004-E0005.400.2020                    1 5.40000E+00 5.40000E+00
n-Th232-MT464-Higgins-14600004-E0006.340.2020                    1 6.34000E+00 6.34000E+00
n-Th232-MT464-Higgins-14600004-E0007.450.2020                    1 7.45000E+00 7.45000E+00
n-Th232-MT464-Higgins-14600004-E0008.740.2020                    1 8.74000E+00 8.74000E+00
n-Th232-MT464-Higgins-14600004-E0010.270.2020                    1 1.02700E+01 1.02700E+01
n-Th232-MT464-Higgins-14600004-E0012.050.2020                    1 1.20500E+01 1.20500E+01
n-Th232-MT464-Higgins-14600004-E0014.150.2020                    1 1.41500E+01 1.41500E+01
n-Th232-MT464-Higgins-14600004-E0016.610.2020                    1 1.66100E+01 1.66100E+01
n-Th232-MT464-Higgins-14600004-E0019.500.2020                    1 1.95000E+01 1.95000E+01
n-Th232-MT464-Higgins-14600004-E0022.890.2020                    1 2.28900E+01 2.28900E+01
n-Th232-MT464-Higgins-14600004-E0026.870.2020                    1 2.68700E+01 2.68700E+01
n-Th232-MT464-Higgins-14600004-E0031.550.2020                    2 3.15500E+01 3.15500E+01
n-Th232-MT464-Higgins-14600006-E0001.090.2020                    1 1.09000E+00 1.09000E+00
n-Th232-MT464-Higgins-14600006-E0001.280.2020                    1 1.28000E+00 1.28000E+00
n-Th232-MT464-Higgins-14600006-E0001.500.2020                    1 1.50000E+00 1.50000E+00
n-Th232-MT464-Higgins-14600006-E0001.760.2020                    1 1.76000E+00 1.76000E+00
n-Th232-MT464-Higgins-14600006-E0002.060.2020                    1 2.06000E+00 2.06000E+00
n-Th232-MT464-Higgins-14600006-E0002.420.2020                    1 2.42000E+00 2.42000E+00
n-Th232-MT464-Higgins-14600006-E0002.850.2020                    1 2.85000E+00 2.85000E+00
n-Th232-MT464-Higgins-14600006-E0003.340.2020                    1 3.34000E+00 3.34000E+00
n-Th232-MT464-Higgins-14600006-E0003.920.2020                    1 3.92000E+00 3.92000E+00
n-Th232-MT464-Higgins-14600006-E0004.600.2020                    1 4.60000E+00 4.60000E+00
n-Th232-MT464-Higgins-14600006-E0005.400.2020                    1 5.40000E+00 5.40000E+00
n-Th232-MT464-Higgins-14600006-E0006.340.2020                    1 6.34000E+00 6.34000E+00
n-Th232-MT464-Higgins-14600006-E0007.450.2020                    1 7.45000E+00 7.45000E+00
n-Th232-MT464-Higgins-14600006-E0008.740.2020                    1 8.74000E+00 8.74000E+00
n-Th232-MT464-Higgins-14600006-E0010.270.2020                    1 1.02700E+01 1.02700E+01
n-Th232-MT464-Higgins-14600006-E0012.050.2020                    1 1.20500E+01 1.20500E+01
n-Th232-MT464-Higgins-14600006-E0014.150.2020                    1 1.41500E+01 1.41500E+01
n-Th232-MT464-Higgins-14600006-E0016.610.2020                    1 1.66100E+01 1.66100E+01
n-Th232-MT464-Higgins-14600006-E0019.500.2020                    1 1.95000E+01 1.95000E+01
n-Th232-MT464-Higgins-14600006-E0022.890.2020                    1 2.28900E+01 2.28900E+01
n-Th232-MT464-Higgins-14600006-E0026.870.2020                    1 2.68700E+01 2.68700E+01
n-Th232-MT464-Higgins-14600006-E0031.550.2020                    2 3.15500E+01 3.15500E+01
n-Th232-MT464-Higgins-14600007-E0001.090.2020                    1 1.09000E+00 1.09000E+00
n-Th232-MT464-Higgins-14600007-E0001.280.2020                    1 1.28000E+00 1.28000E+00
n-Th232-MT464-Higgins-14600007-E0001.500.2020                    1 1.50000E+00 1.50000E+00
n-Th232-MT464-Higgins-14600007-E0001.760.2020                    1 1.76000E+00 1.76000E+00
n-Th232-MT464-Higgins-14600007-E0002.060.2020                    1 2.06000E+00 2.06000E+00
n-Th232-MT464-Higgins-14600007-E0002.420.2020                    1 2.42000E+00 2.42000E+00
n-Th232-MT464-Higgins-14600007-E0002.850.2020                    1 2.85000E+00 2.85000E+00
n-Th232-MT464-Higgins-14600007-E0003.340.2020                    1 3.34000E+00 3.34000E+00
n-Th232-MT464-Higgins-14600007-E0003.920.2020                    1 3.92000E+00 3.92000E+00
n-Th232-MT464-Higgins-14600007-E0004.600.2020                    1 4.60000E+00 4.60000E+00
n-Th232-MT464-Higgins-14600007-E0005.400.2020                    1 5.40000E+00 5.40000E+00
n-Th232-MT464-Higgins-14600007-E0006.340.2020                    1 6.34000E+00 6.34000E+00
n-Th232-MT464-Higgins-14600007-E0007.450.2020                    1 7.45000E+00 7.45000E+00
n-Th232-MT464-Higgins-14600007-E0008.740.2020                    1 8.74000E+00 8.74000E+00
n-Th232-MT464-Higgins-14600007-E0010.270.2020                    1 1.02700E+01 1.02700E+01
n-Th232-MT464-Higgins-14600007-E0012.050.2020                    1 1.20500E+01 1.20500E+01
n-Th232-MT464-Higgins-14600007-E0014.150.2020                    1 1.41500E+01 1.41500E+01
n-Th232-MT464-Higgins-14600007-E0016.610.2020                    1 1.66100E+01 1.66100E+01
n-Th232-MT464-Higgins-14600007-E0019.500.2020                    1 1.95000E+01 1.95000E+01
n-Th232-MT464-Higgins-14600007-E0022.890.2020                    1 2.28900E+01 2.28900E+01
n-Th232-MT464-Higgins-14600007-E0026.870.2020                    1 2.68700E+01 2.68700E+01
n-Th232-MT464-Higgins-14600007-E0031.550.2020                    2 3.15500E+01 3.15500E+01
n-Th232-MT464-Feualvim-21567005-E0014.700.1975                  13 1.47000E+01 1.47000E+01
n-Th232-MT464-Feualvim-21567007-E0014.700.1975                   4 1.47000E+01 1.47000E+01
n-Th232-MT464-Denschlag-22056004-E0004.500.1971                  3 4.50000E+00 4.50000E+00
n-Th232-MT464-Denschlag-22056005-E0014.800.1971                  3 1.48000E+01 1.48000E+01
n-Th232-MT464-Brinkmann-22114002-E0001.690.1989                  6 1.69000E+00 1.69000E+00
n-Th232-MT464-Brinkmann-22114003-E0001.690.1989                  2 1.69000E+00 1.69000E+00
n-Th232-MT464-Brinkmann-22114004-E0001.690.1989                  2 1.69000E+00 1.69000E+00
n-Th232-MT464-Brinkmann-22114006-E0001.690.1989                  2 1.69000E+00 1.69000E+00
n-Th232-MT464-Brinkmann-22114009-E0001.690.1989                  4 1.69000E+00 1.69000E+00
n-Th232-MT464-Holubarsch-23716003-E0001.900.1971                 1 1.90000E+00 1.90000E+00
n-Th232-MT464-Holubarsch-23716003-E0002.970.1971                 1 2.97000E+00 2.97000E+00
n-Th232-MT464-Holubarsch-23716003-E0004.030.1971                 2 4.03000E+00 4.03000E+00
n-Th232-MT464-Holubarsch-23716007-E0004.800.1971                 2 4.80000E+00 4.80000E+00
n-Th232-MT464-Holubarsch-23716008-E0004.800.1971                 2 4.80000E+00 4.80000E+00
n-Th232-MT464-Naik-330570041-E0006.350.2014                      1 6.35000E+00 6.35000E+00
n-Th232-MT464-Naik-330570041-E0008.530.2014                      2 8.53000E+00 8.53000E+00
n-Th232-MT464-Naik-330570042-E0006.350.2014                      1 6.35000E+00 6.35000E+00
n-Th232-MT464-Naik-330570042-E0008.530.2014                      2 8.53000E+00 8.53000E+00
n-Th232-MT464-Naik-330980041-E0005.420.2016                      1 5.42000E+00 5.42000E+00
n-Th232-MT464-Naik-330980041-E0007.750.2016                      1 7.75000E+00 7.75000E+00
n-Th232-MT464-Naik-330980041-E0009.530.2016                      2 9.53000E+00 9.53000E+00
n-Th232-MT464-Naik-330980042-E0005.420.2016                      1 5.42000E+00 5.42000E+00
n-Th232-MT464-Naik-330980042-E0007.750.2016                      1 7.75000E+00 7.75000E+00
n-Th232-MT464-Naik-330980042-E0009.530.2016                      2 9.53000E+00 9.53000E+00
n-Th232-MT464-HaladharaNaikk-33106006-E0001.900.2017             8 1.90000E+00 1.90000E+00
n-Th232-MT464-Dyacnenko-40570003-E0001.210.1977                  1 1.21000E+00 1.21000E+00
n-Th232-MT464-Dyacnenko-40570003-E0001.320.1977                  1 1.32000E+00 1.32000E+00
n-Th232-MT464-Dyacnenko-40570003-E0001.370.1977                  1 1.37000E+00 1.37000E+00
n-Th232-MT464-Dyacnenko-40570003-E0001.420.1977                  1 1.42000E+00 1.42000E+00
n-Th232-MT464-Dyacnenko-40570003-E0001.470.1977                  1 1.47000E+00 1.47000E+00
n-Th232-MT464-Dyacnenko-40570003-E0001.520.1977                  1 1.52000E+00 1.52000E+00
n-Th232-MT464-Dyacnenko-40570003-E0001.580.1977                  1 1.58000E+00 1.58000E+00
n-Th232-MT464-Dyacnenko-40570003-E0001.600.1977                  1 1.60000E+00 1.60000E+00
n-Th232-MT464-Dyacnenko-40570003-E0001.650.1977                  1 1.65000E+00 1.65000E+00
n-Th232-MT464-Dyacnenko-40570003-E0001.700.1977                  1 1.70000E+00 1.70000E+00
n-Th232-MT464-Dyacnenko-40570003-E0001.760.1977                  1 1.76000E+00 1.76000E+00
n-Th232-MT464-Dyacnenko-40570003-E0001.860.1977                  1 1.86000E+00 1.86000E+00
n-Th232-MT464-Dyacnenko-40570003-E0001.960.1977                  1 1.96000E+00 1.96000E+00
n-Th232-MT464-Dyacnenko-40570003-E0002.040.1977                  1 2.04000E+00 2.04000E+00
n-Th232-MT464-Dyacnenko-40570003-E0002.140.1977                  1 2.14000E+00 2.14000E+00
n-Th232-MT464-Dyacnenko-40570003-E0002.240.1977                  1 2.24000E+00 2.24000E+00
n-Th232-MT464-Dyacnenko-40570003-E0002.370.1977                  2 2.37000E+00 2.37000E+00
n-Th232-MT464-Goverdovsky-41688003-E0001.154.1997                1 1.15400E+00 1.15400E+00
n-Th232-MT464-Goverdovsky-41688003-E0001.220.1997                1 1.22000E+00 1.22000E+00
n-Th232-MT464-Goverdovsky-41688003-E0001.321.1997                1 1.32100E+00 1.32100E+00
n-Th232-MT464-Goverdovsky-41688003-E0001.369.1997                1 1.36900E+00 1.36900E+00
n-Th232-MT464-Goverdovsky-41688003-E0001.430.1997                1 1.43000E+00 1.43000E+00
n-Th232-MT464-Goverdovsky-41688003-E0001.477.1997                1 1.47700E+00 1.47700E+00
n-Th232-MT464-Goverdovsky-41688003-E0001.520.1997                1 1.52000E+00 1.52000E+00
n-Th232-MT464-Goverdovsky-41688003-E0001.590.1997                1 1.59000E+00 1.59000E+00
n-Th232-MT464-Goverdovsky-41688003-E0001.610.1997                1 1.61000E+00 1.61000E+00
n-Th232-MT464-Goverdovsky-41688003-E0001.655.1997                1 1.65500E+00 1.65500E+00
n-Th232-MT464-Goverdovsky-41688003-E0001.710.1997                1 1.71000E+00 1.71000E+00
n-Th232-MT464-Goverdovsky-41688003-E0001.764.1997                1 1.76400E+00 1.76400E+00
n-Th232-MT464-Goverdovsky-41688003-E0001.869.1997                1 1.86900E+00 1.86900E+00
n-Th232-MT464-Goverdovsky-41688003-E0001.902.1997                1 1.90200E+00 1.90200E+00
n-Th232-MT464-Goverdovsky-41688003-E0001.960.1997                1 1.96000E+00 1.96000E+00
n-Th232-MT464-Goverdovsky-41688003-E0002.049.1997                1 2.04900E+00 2.04900E+00
n-Th232-MT464-Goverdovsky-41688003-E0002.149.1997                1 2.14900E+00 2.14900E+00
n-Th232-MT464-Goverdovsky-41688003-E0002.182.1997                1 2.18200E+00 2.18200E+00
n-Th232-MT464-Goverdovsky-41688003-E0002.247.1997                1 2.24700E+00 2.24700E+00
n-Th232-MT464-Goverdovsky-41688003-E0002.464.1997                1 2.46400E+00 2.46400E+00
n-Th232-MT464-Goverdovsky-41688003-E0002.595.1997                2 2.59500E+00 2.59500E+00
n-Th232-MT464-Goverdovsky-41688004-E0001.166.1997                1 1.16600E+00 1.16600E+00
n-Th232-MT464-Goverdovsky-41688004-E0001.263.1997                1 1.26300E+00 1.26300E+00
n-Th232-MT464-Goverdovsky-41688004-E0001.361.1997                1 1.36100E+00 1.36100E+00
n-Th232-MT464-Goverdovsky-41688004-E0001.403.1997                1 1.40300E+00 1.40300E+00
n-Th232-MT464-Goverdovsky-41688004-E0001.431.1997                1 1.43100E+00 1.43100E+00
n-Th232-MT464-Goverdovsky-41688004-E0001.529.1997                1 1.52900E+00 1.52900E+00
n-Th232-MT464-Goverdovsky-41688004-E0001.599.1997                1 1.59900E+00 1.59900E+00
n-Th232-MT464-Goverdovsky-41688004-E0001.641.1997                1 1.64100E+00 1.64100E+00
n-Th232-MT464-Goverdovsky-41688004-E0001.725.1997                1 1.72500E+00 1.72500E+00
n-Th232-MT464-Goverdovsky-41688004-E0001.893.1997                1 1.89300E+00 1.89300E+00
n-Th232-MT464-Goverdovsky-41688004-E0001.963.1997                1 1.96300E+00 1.96300E+00
n-Th232-MT464-Goverdovsky-41688004-E0002.032.1997                1 2.03200E+00 2.03200E+00
n-Th232-MT464-Goverdovsky-41688004-E0002.046.1997                1 2.04600E+00 2.04600E+00
n-Th232-MT464-Goverdovsky-41688004-E0002.158.1997                1 2.15800E+00 2.15800E+00
n-Th232-MT464-Goverdovsky-41688004-E0002.186.1997                1 2.18600E+00 2.18600E+00
n-Th232-MT464-Goverdovsky-41688004-E0002.256.1997                1 2.25600E+00 2.25600E+00
n-Th232-MT464-Goverdovsky-41688004-E0002.382.1997                1 2.38200E+00 2.38200E+00
n-Th232-MT464-Goverdovsky-41688004-E0002.452.1997                1 2.45200E+00 2.45200E+00
n-Th232-MT464-Goverdovsky-41688004-E0002.578.1997                1 2.57800E+00 2.57800E+00
n-Th232-MT464-Goverdovsky-41688004-E0002.704.1997                1 2.70400E+00 2.70400E+00
n-Th232-MT464-Goverdovsky-41688004-E0002.928.1997                1 2.92800E+00 2.92800E+00
n-Th232-MT464-Goverdovsky-41688004-E0003.110.1997                1 3.11000E+00 3.11000E+00
n-Th232-MT464-Goverdovsky-41688004-E0003.515.1997                1 3.51500E+00 3.51500E+00
n-Th232-MT464-Goverdovsky-41688004-E0005.432.1997                1 5.43200E+00 5.43200E+00
n-Th232-MT464-Goverdovsky-41688004-E0005.683.1997                1 5.68300E+00 5.68300E+00
n-Th232-MT464-Goverdovsky-41688004-E0005.921.1997                1 5.92100E+00 5.92100E+00
n-Th232-MT464-Goverdovsky-41688004-E0006.131.1997                1 6.13100E+00 6.13100E+00
n-Th232-MT464-Goverdovsky-41688004-E0006.312.1997                1 6.31200E+00 6.31200E+00
n-Th232-MT464-Goverdovsky-41688004-E0006.438.1997                1 6.43800E+00 6.43800E+00
n-Th232-MT464-Goverdovsky-41688004-E0006.690.1997                1 6.69000E+00 6.69000E+00
n-Th232-MT464-Goverdovsky-41688004-E0006.998.1997                1 6.99800E+00 6.99800E+00
n-Th232-MT464-Goverdovsky-41688004-E0007.207.1997                1 7.20700E+00 7.20700E+00
n-Th232-MT464-Goverdovsky-41688004-E0007.459.1997                1 7.45900E+00 7.45900E+00
n-Th232-MT464-Goverdovsky-41688004-E0007.683.1997                2 7.68300E+00 7.68300E+00
