#              Filename                                         N    min         max
n-Lu175-MT151-Beer-217370101.1981                                3 8.81150E-02 8.81150E-02
n-Lu175-MT151-Beer-217370103.1981                                3 8.81150E-02 8.81150E-02
n-Lu175-MT151-Block-113490031.1959                              16 2.61000E-06 5.74000E-05
n-Lu175-MT151-Block-11349006.1959                                1 2.15000E-05 2.15000E-05
n-Lu175-MT151-Bokhovko-41177020.1991                             2 5.02500E-01 5.02500E-01
n-Lu175-MT151-Brunner-210250051.1967                             1 2.57600E-06 2.57600E-06
n-Lu175-MT151-Brunner-210250052.1967                             1 2.57600E-06 2.57600E-06
n-Lu175-MT151-Footejr-121070071.1953                             6 5.30000E-06 3.10000E-05
n-Lu175-MT151-Kalebin-404690021.1977                            52 2.62100E-06 1.95800E-04
n-Lu175-MT151-Kalebin-404690022.1977                            17 2.62100E-06 5.03500E-05
n-Lu175-MT151-Kapchigashev-40778083.1966                         1 2.50000E-02 2.50000E-02
n-Lu175-MT151-Liou-104910021.1975                              115 2.59000E-06 4.99880E-04
n-Lu175-MT151-Liou-104910021A001.1975                          115 2.59000E-06 4.99880E-04
n-Lu175-MT151-Liou-104910022.1975                              115 2.59000E-06 4.99880E-04
n-Lu175-MT151-Liou-104910022A001.1975                          115 2.59000E-06 4.99880E-04
n-Lu175-MT151-Liou-104910023.1975                               40 2.59000E-06 4.73580E-04
n-Lu175-MT151-Liou-104910023A001.1975                           40 2.59000E-06 4.73580E-04
n-Lu175-MT151-Liou-104910031.1975                                1 1.50100E-03 1.50100E-03
n-Lu175-MT151-Liou-104910031A001.1975                            1 1.50100E-03 1.50100E-03
n-Lu175-MT151-Liou-104910032.1975                                1 1.50100E-03 1.50100E-03
n-Lu175-MT151-Liou-104910032A001.1975                            1 1.50100E-03 1.50100E-03
n-Lu175-MT151-Liou-104910061.1975                              331 5.04600E-04 2.98470E-03
n-Lu175-MT151-Liou-104910061A001.1975                          331 5.04600E-04 2.98470E-03
n-Lu175-MT151-Liou-104910062.1975                              331 5.04600E-04 2.98470E-03
n-Lu175-MT151-Liou-104910062A001.1975                          331 5.04600E-04 2.98470E-03
n-Lu175-MT151-Namenson-104660021.1975                           57 2.60000E-06 2.74000E-04
n-Lu175-MT151-Namenson-104660021A001.1975                       57 2.60000E-06 2.74000E-04
n-Lu175-MT151-Namenson-104660022.1975                           57 2.60000E-06 2.74000E-04
n-Lu175-MT151-Namenson-104660022A001.1975                       57 2.60000E-06 2.74000E-04
n-Lu175-MT151-Noguere-237280031.2019                           216-1.76500E-05 9.91620E-04
n-Lu175-MT151-Vertebnyy-410110021.1987                           7 2.60200E-06 1.53300E-05
n-Lu175-MT151-Vertebnyy-410110022.1987                           4 2.60200E-06 1.53300E-05
n-Lu175-MT151-Vertebnyy-410110023.1987                           7 2.60200E-06 1.53300E-05
n-Lu175-MT151-Wasson-10053002.1970                              11 2.60000E-06 4.06000E-05
n-Lu175-MT151-Wasson-10053002A001.1970                          11 2.60000E-06 4.06000E-05
