#              Filename                                         N    min         max
n-Cs133-MT151-Anufriev-412840021.1977                           20 5.88000E-06 3.97700E-04
n-Cs133-MT151-Anufriev-412840023.1977                            3 5.88000E-06 4.75000E-05
n-Cs133-MT151-Anufriev-41284003.1977                             1 2.00500E-04 2.00500E-04
n-Cs133-MT151-Anufriev-41284004.1977                             1 2.00500E-04 2.00500E-04
n-Cs133-MT151-Block-145280181.2019                              31-1.92368E-04 5.85920E-04
n-Cs133-MT151-Block-145280184.2019                              23-1.92368E-04 5.85920E-04
n-Cs133-MT151-Block-147090111.2021                              56 6.23130E-04 1.95471E-03
n-Cs133-MT151-Block-147090112.2021                              56 6.23130E-04 1.95471E-03
n-Cs133-MT151-Block-147090113.2021                              56 6.23130E-04 1.95471E-03
n-Cs133-MT151-Block-147090114.2021                              56 6.23130E-04 1.95471E-03
n-Cs133-MT151-Dilg-20583041.1972                                 1 2.70000E-03 2.70000E-03
n-Cs133-MT151-Garg-11905013.1965                                 1 1.75000E-03 1.75000E-03
n-Cs133-MT151-Garg-119050141.1965                              160 1.26070E-04 3.50000E-03
n-Cs133-MT151-Garg-119050142.1965                              160 1.26070E-04 3.50000E-03
n-Cs133-MT151-Garg-11905015.1965                                 1 1.50000E-03 1.50000E-03
n-Cs133-MT151-Harvey-11912030.1955                               2 2.26000E-05 4.78000E-05
n-Cs133-MT151-Harvey-11912031.1955                               1 2.65000E-04 2.65000E-04
n-Cs133-MT151-Harvey-119120321.1955                             16 2.26000E-05 5.30000E-04
n-Cs133-MT151-Harvey-119120322.1955                             16 2.26000E-05 5.30000E-04
n-Cs133-MT151-Harvey-119120323.1955                             16 2.26000E-05 5.30000E-04
n-Cs133-MT151-Harvey-11912033.1955                               1 1.25000E-04 1.25000E-04
n-Cs133-MT151-Hockenbury-109800041.1977                          7 4.75000E-05 2.95500E-04
n-Cs133-MT151-Hockenbury-109800041A001.1977                      7 4.75000E-05 2.95500E-04
n-Cs133-MT151-Hockenbury-109800042.1977                          7 4.75000E-05 2.95500E-04
n-Cs133-MT151-Hockenbury-109800042A001.1977                      7 4.75000E-05 2.95500E-04
n-Cs133-MT151-Hockenbury-109800043.1977                          7 4.75000E-05 2.95500E-04
n-Cs133-MT151-Hockenbury-109800043A001.1977                      7 4.75000E-05 2.95500E-04
n-Cs133-MT151-Hockenbury-109800044.1977                          7 4.75000E-05 2.95500E-04
n-Cs133-MT151-Hockenbury-109800044A001.1977                      7 4.75000E-05 2.95500E-04
n-Cs133-MT151-Jung-20553002.1970                                21 5.90000E-06 5.91000E-04
n-Cs133-MT151-Jung-20553003.1970                                21 5.90000E-06 5.91000E-04
n-Cs133-MT151-Jung-20553005.1970                                 9 5.90000E-06 2.23000E-04
n-Cs133-MT151-Jung-20553006.1970                                 1 1.25850E-04 1.25850E-04
n-Cs133-MT151-Jung-20553007.1970                                 1 1.25850E-04 1.25850E-04
n-Cs133-MT151-Kalebin-404680021.1976                            11 5.28000E-06 1.81400E-04
n-Cs133-MT151-Kalebin-404680022.1976                             3 5.28000E-06 4.75000E-05
n-Cs133-MT151-Kapchigashev-40778054.1966                         1 2.50000E-02 2.50000E-02
n-Cs133-MT151-Kompe-20358021.1969                                2 8.00000E-02 8.00000E-02
n-Cs133-MT151-Landon-120290031.1954                              1 5.90000E-06 5.90000E-06
n-Cs133-MT151-Landon-120290033.1954                              1 5.90000E-06 5.90000E-06
n-Cs133-MT151-Landon-120290034.1954                              1 5.90000E-06 5.90000E-06
n-Cs133-MT151-Macklin-127430021.1982                           181 2.66100E-03 5.98700E-03
n-Cs133-MT151-Macklin-127430023.1982                            17 2.68800E-03 3.50600E-03
n-Cs133-MT151-Macklin-127430024.1982                            17 2.68800E-03 3.50600E-03
n-Cs133-MT151-Macklin-127430031.1982                            14 3.70300E-03 5.92600E-03
n-Cs133-MT151-Macklin-127430032.1982                            14 3.70300E-03 5.92600E-03
n-Cs133-MT151-Macklin-127430033.1982                            14 3.70300E-03 5.92600E-03
n-Cs133-MT151-Nakajima-221720021.1990                           76 4.76000E-05 1.95439E-03
n-Cs133-MT151-Nakajima-221720031.1990                           27 5.86000E-06 7.96120E-04
n-Cs133-MT151-Nakajima-221720032.1990                           27 5.86000E-06 7.96120E-04
n-Cs133-MT151-Nakajima-221720033.1990                            5 5.86000E-06 9.42500E-05
n-Cs133-MT151-Nakajima-221720041.1990                           24 3.77360E-04 1.13520E-03
n-Cs133-MT151-Nakajima-221720051.1990                          136 1.15740E-03 5.82400E-03
n-Cs133-MT151-Nakajima-22172006.1990                             1 5.00550E-05 5.00550E-05
n-Cs133-MT151-Nakajima-22172007.1990                             1 7.52930E-04 7.52930E-04
n-Cs133-MT151-Nakajima-22172008.1990                             1 2.95000E-03 2.95000E-03
n-Cs133-MT151-Sharapov-137810021.1999                           49 5.91000E-06 4.00500E-04
n-Cs133-MT151-Sharapov-137810022.1999                           49 5.91000E-06 4.00500E-04
n-Cs133-MT151-Sharapov-137810023.1999                           46 5.91000E-06 4.00500E-04
n-Cs133-MT151-Thomas-20451006.1972                              29 2.26000E-05 7.95700E-04
n-Cs133-MT151-ZoInOkkk-41287007.1982                             1 2.38400E-04 2.38400E-04
n-Cs133-MT151-ZoInOkkk-412870091.1982                           15 2.25000E-05 2.38400E-04
n-Cs133-MT151-ZoInOkkk-412870092.1982                           10 2.25000E-05 2.34300E-04
n-Cs133-MT151-ZoInOkkk-412870093.1982                           15 2.25000E-05 2.38400E-04
