#              Filename                                         N    min         max
n-Se076-MT151-Cote-118360051.1964                                5 3.76000E-04 5.35000E-03
n-Se076-MT151-Cote-118360053.1964                                2 3.76000E-04 8.55000E-04
n-Se076-MT151-Cote-118360054.1964                                5 3.76000E-04 5.35000E-03
n-Se076-MT151-Cote-118360055.1964                                5 3.76000E-04 5.35000E-03
n-Se076-MT151-Engler-127280031.1981                              2 3.77000E-04 8.62000E-04
n-Se076-MT151-Julien-206870091.1969                              2 3.76000E-04 8.55000E-04
n-Se076-MT151-Julien-206870092.1969                              1 3.76000E-04 3.76000E-04
n-Se076-MT151-Julien-206870093.1969                              1 3.76000E-04 3.76000E-04
n-Se076-MT151-Julien-206870094.1969                              1 3.76000E-04 3.76000E-04
n-Se076-MT151-Julien-206870095.1969                              1 3.76000E-04 3.76000E-04
n-Se076-MT151-Julien-206870096.1969                              1 3.76000E-04 3.76000E-04
n-Se076-MT151-Leblanc-118330041.1959                             2 8.60000E-04 2.60000E-03
n-Se076-MT151-Leblanc-118330043.1959                             1 8.60000E-04 8.60000E-04
n-Se076-MT151-Leblanc-118330044.1959                             1 8.60000E-04 8.60000E-04
n-Se076-MT151-Malecki-40022004.1969                             21 3.78000E-04 1.32810E-02
n-Se076-MT151-Malecki-40022005.1969                              5 3.78000E-04 4.31300E-03
n-Se076-MT151-Malecki-40022014.1969                              1 6.82950E-03 6.82950E-03
n-Se076-MT151-Muenzer-118380021.1961                             7 4.96000E-03 2.42000E-02
n-Se076-MT151-Muenzer-118380022.1961                             7 4.96000E-03 2.42000E-02
n-Se076-MT151-Muenzer-118380023.1961                             7 4.96000E-03 2.42000E-02
