#              Filename                                         N    min         max
d-O016-MT002-Cowley-F0182006-ang-E0015.800.1966                 51 3.89998E+00 1.54900E+02
d-O016-MT002-DaiCaNguyennn-F0164008-ang-E0014.250.1966          13 2.05000E+01 8.11000E+01
d-O016-MT002-Davison-F1053005-ang-E0004.000.1970                22 3.06000E+01 1.65500E+02
d-O016-MT002-Davison-F1053005-ang-E0004.500.1970                29 2.97000E+01 1.70000E+02
d-O016-MT002-Davison-F1053005-ang-E0005.000.1970                30 2.97000E+01 1.70400E+02
d-O016-MT002-Davison-F1053005-ang-E0005.250.1970                29 3.02000E+01 1.69800E+02
d-O016-MT002-Davison-F1053005-ang-E0005.500.1970                28 2.53000E+01 1.65000E+02
d-O016-MT002-Davison-F1053005-ang-E0006.000.1970                25 2.53000E+01 1.60000E+02
d-O016-MT002-Davison-F1053011-ang-E0003.985.1970                 1 6.50000E+01 1.65000E+02
d-O016-MT002-Davison-F1053011-ang-E0003.988.1970                 1 1.15000E+02 1.65000E+02
d-O016-MT002-Davison-F1053011-ang-E0003.991.1970                 1 9.00000E+01 1.15000E+02
d-O016-MT002-Davison-F1053011-ang-E0003.993.1970                 1 6.50000E+01 9.00000E+01
d-O016-MT002-Davison-F1053011-ang-E0003.997.1970                 1 6.50000E+01 1.65000E+02
d-O016-MT002-Davison-F1053011-ang-E0004.001.1970                 1 9.00000E+01 1.65000E+02
d-O016-MT002-Davison-F1053011-ang-E0004.006.1970                 1 9.00000E+01 1.15000E+02
d-O016-MT002-Davison-F1053011-ang-E0004.007.1970                 1 9.00000E+01 1.15000E+02
d-O016-MT002-Davison-F1053011-ang-E0004.012.1970                 1 9.00000E+01 1.65000E+02
d-O016-MT002-Davison-F1053011-ang-E0004.014.1970                 1 6.50000E+01 1.65000E+02
d-O016-MT002-Davison-F1053011-ang-E0004.016.1970                 1 6.50000E+01 1.15000E+02
d-O016-MT002-Davison-F1053011-ang-E0004.019.1970                 1 9.00000E+01 1.15000E+02
d-O016-MT002-Davison-F1053011-ang-E0004.022.1970                 1 9.00000E+01 1.65000E+02
d-O016-MT002-Davison-F1053011-ang-E0004.023.1970                 1 1.15000E+02 1.65000E+02
d-O016-MT002-Davison-F1053011-ang-E0004.029.1970                 1 6.50000E+01 1.15000E+02
d-O016-MT002-Davison-F1053011-ang-E0004.029A001.1970             1 6.50000E+01 9.00000E+01
d-O016-MT002-Davison-F1053011-ang-E0004.031.1970                 1 6.50000E+01 9.00000E+01
d-O016-MT002-Davison-F1053011-ang-E0004.032.1970                 1 6.50000E+01 1.65000E+02
d-O016-MT002-Davison-F1053011-ang-E0004.036.1970                 1 9.00000E+01 1.65000E+02
d-O016-MT002-Davison-F1053011-ang-E0004.044.1970                 1 6.50000E+01 9.00000E+01
d-O016-MT002-Davison-F1053011-ang-E0004.045.1970                 1 6.50000E+01 1.15000E+02
d-O016-MT002-Davison-F1053011-ang-E0004.048.1970                 1 1.15000E+02 1.65000E+02
d-O016-MT002-Davison-F1053011-ang-E0004.052.1970                 1 9.00000E+01 1.65000E+02
d-O016-MT002-Davison-F1053011-ang-E0004.057.1970                 1 6.50000E+01 9.00000E+01
d-O016-MT002-Davison-F1053011-ang-E0004.058.1970                 1 6.50000E+01 1.65000E+02
d-O016-MT002-Davison-F1053011-ang-E0004.061.1970                 1 6.50000E+01 1.65000E+02
d-O016-MT002-Davison-F1053011-ang-E0004.064.1970                 1 6.50000E+01 1.15000E+02
d-O016-MT002-Davison-F1053011-ang-E0004.067.1970                 1 1.15000E+02 1.65000E+02
d-O016-MT002-Davison-F1053011-ang-E0004.068.1970                 1 6.50000E+01 1.65000E+02
d-O016-MT002-Davison-F1053011-ang-E0004.074.1970                 1 6.50000E+01 1.65000E+02
d-O016-MT002-Davison-F1053011-ang-E0004.077.1970                 1 9.00000E+01 1.65000E+02
d-O016-MT002-Davison-F1053011-ang-E0004.079.1970                 1 9.00000E+01 1.15000E+02
d-O016-MT002-Davison-F1053011-ang-E0004.080.1970                 1 6.50000E+01 1.15000E+02
d-O016-MT002-Davison-F1053011-ang-E0004.083.1970                 1 6.50000E+01 1.15000E+02
d-O016-MT002-Davison-F1053011-ang-E0004.089.1970                 1 6.50000E+01 1.15000E+02
d-O016-MT002-Davison-F1053011-ang-E0004.089A001.1970             2 6.50000E+01 1.65000E+02
d-O016-MT002-Davison-F1053011-ang-E0004.092.1970                 1 9.00000E+01 1.15000E+02
d-O016-MT002-Davison-F1053011-ang-E0004.095.1970                 1 6.50000E+01 1.15000E+02
d-O016-MT002-Davison-F1053011-ang-E0004.096.1970                 1 6.50000E+01 1.65000E+02
d-O016-MT002-Davison-F1053011-ang-E0004.099.1970                 1 9.00000E+01 1.65000E+02
d-O016-MT002-Davison-F1053011-ang-E0004.102.1970                 1 9.00000E+01 9.00000E+01
d-O016-MT002-Dietzsch-F1099010-ang-E0002.279.1968               14 4.69000E+01 1.66000E+02
d-O016-MT002-Dietzsch-F1099010-ang-E0002.582.1968               14 4.71000E+01 1.66200E+02
d-O016-MT002-Dietzsch-F1099010-ang-E0002.864.1968               14 4.71000E+01 1.67500E+02
d-O016-MT002-Gallmann-F0276006-ang-E0004.000.1966               27 2.56000E+01 1.70700E+02
d-O016-MT002-Hatanaka-E0682002-ang-E0056.000.1980               24 1.40000E+01 7.52000E+01
d-O016-MT002-Hinterberger-D02250071-ang-E0052.000.1968          50 1.50000E+01 1.03000E+02
d-O016-MT002-HuangBingyinn-C0201020-ang-E0003.700.1974          17 2.50000E+01 1.50000E+02
d-O016-MT002-Korff-O1239003A-ang-E0171.000.2004                 78 2.80002E+00 4.06000E+01
d-O016-MT002-MaoZhenlinn-S0003032-ang-E0005.030.1972            12 5.00000E+01 1.59900E+02
d-O016-MT002-Mayo-F1101008-ang-E0026.300.1962                   21 1.00000E+01 1.25000E+02
d-O016-MT002-Nguyen-E2254010-ang-E0014.250.1966                 13 2.02000E+01 8.08000E+01
d-O016-MT002-Ntemou-O2540002-ang-E0001.509.2022                395 1.30000E+02 1.70000E+02
d-O016-MT002-Rafikheiri-D0798002-ang-E0000.890.2016            462 1.35000E+02 1.65000E+02
d-O016-MT002-Seiler-C1030002-ang-E0000.653.1963                  1 1.35800E+02 1.64200E+02
d-O016-MT002-Seiler-C1030002-ang-E0000.654.1963                  1 1.35800E+02 1.64200E+02
d-O016-MT002-Seiler-C1030002-ang-E0000.657.1963                  1 1.35800E+02 1.64200E+02
d-O016-MT002-Seiler-C1030002-ang-E0000.658.1963                  1 1.18900E+02 1.35800E+02
d-O016-MT002-Seiler-C1030002-ang-E0000.659.1963                  2 8.28000E+01 1.64200E+02
d-O016-MT002-Seiler-C1030002-ang-E0000.661.1963                  1 3.51000E+01 8.28000E+01
d-O016-MT002-Seiler-C1030002-ang-E0000.662.1963                  2 3.51000E+01 1.64200E+02
d-O016-MT002-Seiler-C1030002-ang-E0000.663.1963                  1 8.28000E+01 1.35800E+02
d-O016-MT002-Seiler-C1030002-ang-E0000.665.1963                  1 3.51000E+01 8.28000E+01
d-O016-MT002-Seiler-C1030002-ang-E0000.666.1963                  5 3.51000E+01 1.64200E+02
d-O016-MT002-Seiler-C1030002-ang-E0000.667.1963                  5 6.36000E+01 1.64200E+02
d-O016-MT002-Smith-O0039032-ang-E0800.000.1984                  51 7.30001E+00 3.22000E+01
