#              Filename                                         N    min         max
p-Si028-MT002-Alkhazov-O1255002-ang-E1000.000.1975              32 5.50000E+00 1.54000E+01
p-Si028-MT002-Belote-C2095003-ang-E0002.004.1961               180 1.64400E+02 1.64400E+02
p-Si028-MT002-Belote-C2095004-ang-E0002.006.1961               168 1.23300E+02 1.23300E+02
p-Si028-MT002-Belote-C2095005-ang-E0002.005.1961               173 8.79000E+01 8.79000E+01
p-Si028-MT002-Belote-C2095006-ang-E0002.017.1961               154 3.77000E+01 3.77000E+01
p-Si028-MT002-Brenner-C0997002-ang-E0004.805.1962                1 9.00000E+01 1.23600E+02
p-Si028-MT002-Brenner-C0997002-ang-E0004.809.1962                1 9.00000E+01 1.23600E+02
p-Si028-MT002-Brenner-C0997002-ang-E0004.814.1962                1 9.00000E+01 1.23600E+02
p-Si028-MT002-Brenner-C0997002-ang-E0004.819.1962                1 9.00000E+01 1.23600E+02
p-Si028-MT002-Brenner-C0997002-ang-E0004.819A001.1962            1 9.00000E+01 9.00000E+01
p-Si028-MT002-Chen-C0152002-ang-E0180.000.1990                   7 2.42000E+01 4.02000E+01
p-Si028-MT002-Chen-C0796002-ang-E0180.000.1990                   7 2.41000E+01 4.02000E+01
p-Si028-MT002-Cohen-F1105003-ang-E0010.610.1961                 13 1.38000E+01 1.30200E+02
p-Si028-MT002-Cohen-F1105003-ang-E0011.980.1961                 12 1.41000E+01 1.30100E+02
p-Si028-MT002-Crawley-C0618008-ang-E0017.500.1967               15 1.50000E+01 1.30000E+02
p-Si028-MT002-Crawley-C0828016-ang-E0017.500.1968               15 1.50000E+01 1.30000E+02
p-Si028-MT002-Fabrici-O1199005-ang-E0014.260.1980              777 1.50000E+01 1.65000E+02
p-Si028-MT002-Gubin-F0877002-ang-E0005.488.1973                  1 4.00000E+01 1.20000E+02
p-Si028-MT002-Gubin-F0877002-ang-E0005.519.1973                  1 9.00000E+01 1.20000E+02
p-Si028-MT002-Gubin-F0877002-ang-E0005.521.1973                  1 4.00000E+01 9.00000E+01
p-Si028-MT002-Gubin-F0877002-ang-E0005.524.1973                  1 4.00000E+01 1.20000E+02
p-Si028-MT002-Gubin-F0877002-ang-E0005.539.1973                  1 9.00000E+01 1.20000E+02
p-Si028-MT002-Gubin-F0877002-ang-E0005.552.1973                  1 4.00000E+01 9.00000E+01
p-Si028-MT002-Gubin-F0877002-ang-E0005.553.1973                  1 4.00000E+01 1.60000E+02
p-Si028-MT002-Gubin-F0877002-ang-E0005.562.1973                  1 1.20000E+02 1.60000E+02
p-Si028-MT002-Gubin-F0877002-ang-E0005.567.1973                  1 4.00000E+01 1.20000E+02
p-Si028-MT002-Gubin-F0877002-ang-E0005.576.1973                  1 4.00000E+01 9.00000E+01
p-Si028-MT002-Gubin-F0877002-ang-E0005.581.1973                  1 9.00000E+01 1.60000E+02
p-Si028-MT002-Gubin-F0877002-ang-E0005.582.1973                  1 1.20000E+02 1.60000E+02
p-Si028-MT002-Gubin-F0877002-ang-E0005.590.1973                  1 4.00000E+01 1.20000E+02
p-Si028-MT002-Gubin-F0877002-ang-E0005.601.1973                  1 4.00000E+01 1.60000E+02
p-Si028-MT002-Gubin-F0877002-ang-E0005.609.1973                  1 9.00000E+01 1.60000E+02
p-Si028-MT002-Gubin-F0877002-ang-E0005.610.1973                  1 9.00000E+01 1.20000E+02
p-Si028-MT002-Gubin-F0877002-ang-E0005.611.1973                  1 4.00000E+01 1.20000E+02
p-Si028-MT002-Gubin-F0877002-ang-E0005.631.1973                  1 4.00000E+01 1.20000E+02
p-Si028-MT002-Gubin-F0877002-ang-E0005.635.1973                  1 9.00000E+01 1.20000E+02
p-Si028-MT002-Gubin-F0877002-ang-E0005.637.1973                  1 9.00000E+01 1.60000E+02
p-Si028-MT002-Gubin-F0877002-ang-E0005.640.1973                  1 4.00000E+01 1.60000E+02
p-Si028-MT002-Gubin-F0877002-ang-E0005.653.1973                  1 4.00000E+01 1.20000E+02
p-Si028-MT002-Gubin-F0877002-ang-E0005.658.1973                  1 9.00000E+01 1.20000E+02
p-Si028-MT002-Gubin-F0877002-ang-E0005.672.1973                  1 9.00000E+01 1.60000E+02
p-Si028-MT002-Gubin-F0877002-ang-E0005.673.1973                  1 4.00000E+01 1.60000E+02
p-Si028-MT002-Gubin-F0877002-ang-E0005.682.1973                  1 4.00000E+01 1.20000E+02
p-Si028-MT002-Gubin-F0877002-ang-E0005.687.1973                  1 9.00000E+01 1.20000E+02
p-Si028-MT002-Gubin-F0877002-ang-E0005.701.1973                  1 9.00000E+01 1.20000E+02
p-Si028-MT002-Gubin-F0877002-ang-E0005.704.1973                  1 1.20000E+02 1.60000E+02
p-Si028-MT002-Gubin-F0877002-ang-E0005.704A001.1973              1 4.00000E+01 1.60000E+02
p-Si028-MT002-Gubin-F0877002-ang-E0005.711.1973                  1 4.00000E+01 1.60000E+02
p-Si028-MT002-Gubin-F0877002-ang-E0005.725.1973                  1 1.20000E+02 1.60000E+02
p-Si028-MT002-Gubin-F0877002-ang-E0005.726.1973                  1 9.00000E+01 1.20000E+02
p-Si028-MT002-Gubin-F0877002-ang-E0005.732.1973                  1 4.00000E+01 9.00000E+01
p-Si028-MT002-Gubin-F0877002-ang-E0005.734.1973                  1 4.00000E+01 1.20000E+02
p-Si028-MT002-Gubin-F0877002-ang-E0005.750.1973                  1 1.20000E+02 1.60000E+02
p-Si028-MT002-Gubin-F0877002-ang-E0005.751.1973                  1 4.00000E+01 1.60000E+02
p-Si028-MT002-Gubin-F0877002-ang-E0005.761.1973                  2 4.00000E+01 1.60000E+02
p-Si028-MT002-Gubin-F0877002-ang-E0005.779.1973                  1 1.20000E+02 1.60000E+02
p-Si028-MT002-Gubin-F0877002-ang-E0005.788.1973                  1 4.00000E+01 1.20000E+02
p-Si028-MT002-Gubin-F0877002-ang-E0005.789.1973                  1 4.00000E+01 9.00000E+01
p-Si028-MT002-Gubin-F0877002-ang-E0005.790.1973                  1 9.00000E+01 1.20000E+02
p-Si028-MT002-Gubin-F0877002-ang-E0005.805.1973                  1 1.20000E+02 1.60000E+02
p-Si028-MT002-Gubin-F0877002-ang-E0005.809.1973                  1 4.00000E+01 1.60000E+02
p-Si028-MT002-Gubin-F0877002-ang-E0005.811.1973                  1 4.00000E+01 9.00000E+01
p-Si028-MT002-Gubin-F0877002-ang-E0005.821.1973                  1 9.00000E+01 1.20000E+02
p-Si028-MT002-Gubin-F0877002-ang-E0005.825.1973                  1 1.20000E+02 1.60000E+02
p-Si028-MT002-Gubin-F0877002-ang-E0005.835.1973                  1 4.00000E+01 1.60000E+02
p-Si028-MT002-Gubin-F0877002-ang-E0005.840.1973                  1 4.00000E+01 1.20000E+02
p-Si028-MT002-Gubin-F0877002-ang-E0005.851.1973                  1 9.00000E+01 1.20000E+02
p-Si028-MT002-Gubin-F0877002-ang-E0005.852.1973                  1 9.00000E+01 1.60000E+02
p-Si028-MT002-Gubin-F0877002-ang-E0005.859.1973                  1 4.00000E+01 1.60000E+02
p-Si028-MT002-Gubin-F0877002-ang-E0005.873.1973                  1 4.00000E+01 1.20000E+02
p-Si028-MT002-Gubin-F0877002-ang-E0005.873A001.1973              1 9.00000E+01 1.20000E+02
p-Si028-MT002-Gubin-F0877002-ang-E0005.890.1973                  1 9.00000E+01 1.60000E+02
p-Si028-MT002-Gubin-F0877002-ang-E0005.892.1973                  1 4.00000E+01 1.60000E+02
p-Si028-MT002-Gubin-F0877002-ang-E0005.900.1973                  1 4.00000E+01 1.20000E+02
p-Si028-MT002-Gubin-F0877002-ang-E0005.901.1973                  1 9.00000E+01 1.20000E+02
p-Si028-MT002-Gubin-F0877002-ang-E0005.919.1973                  1 9.00000E+01 1.60000E+02
p-Si028-MT002-Gubin-F0877002-ang-E0005.921.1973                  1 4.00000E+01 1.60000E+02
p-Si028-MT002-Gubin-F0877002-ang-E0005.924.1973                  1 4.00000E+01 1.20000E+02
p-Si028-MT002-Gubin-F0877002-ang-E0005.925.1973                  1 4.00000E+01 1.20000E+02
p-Si028-MT002-Gubin-F0877002-ang-E0005.946.1973                  1 4.00000E+01 1.60000E+02
p-Si028-MT002-Gubin-F0877002-ang-E0005.949.1973                  1 9.00000E+01 1.60000E+02
p-Si028-MT002-Gubin-F0877002-ang-E0005.951.1973                  1 9.00000E+01 1.20000E+02
p-Si028-MT002-Gubin-F0877002-ang-E0005.956.1973                  1 9.00000E+01 1.20000E+02
p-Si028-MT002-Gubin-F0877002-ang-E0005.977.1973                  1 9.00000E+01 1.60000E+02
p-Si028-MT002-Gubin-F0877002-ang-E0005.980.1973                  1 1.20000E+02 1.60000E+02
p-Si028-MT002-Gubin-F0877002-ang-E0005.980A001.1973              1 4.00000E+01 1.20000E+02
p-Si028-MT002-Gubin-F0877002-ang-E0005.981.1973                  1 4.00000E+01 1.60000E+02
p-Si028-MT002-Gubin-F0877002-ang-E0005.998.1973                  1 1.20000E+02 1.60000E+02
p-Si028-MT002-Gubin-F0877002-ang-E0006.004.1973                  1 9.00000E+01 1.20000E+02
p-Si028-MT002-Gubin-F0877002-ang-E0006.006.1973                  1 4.00000E+01 9.00000E+01
p-Si028-MT002-Gubin-F0877002-ang-E0006.010.1973                  1 4.00000E+01 1.20000E+02
p-Si028-MT002-Gubin-F0877002-ang-E0006.028.1973                  1 4.00000E+01 1.20000E+02
p-Si028-MT002-Gubin-F0877002-ang-E0006.031.1973                  1 4.00000E+01 1.60000E+02
p-Si028-MT002-Gubin-F0877002-ang-E0006.036.1973                  1 9.00000E+01 1.60000E+02
p-Si028-MT002-Gubin-F0877002-ang-E0006.039.1973                  1 9.00000E+01 1.20000E+02
p-Si028-MT002-Gubin-F0877002-ang-E0006.053.1973                  1 1.20000E+02 1.60000E+02
p-Si028-MT002-Gubin-F0877002-ang-E0006.060.1973                  1 4.00000E+01 1.60000E+02
p-Si028-MT002-Gubin-F0877002-ang-E0006.063.1973                  1 4.00000E+01 9.00000E+01
p-Si028-MT002-Gubin-F0877002-ang-E0006.079.1973                  1 9.00000E+01 1.20000E+02
p-Si028-MT002-Gubin-F0877002-ang-E0006.080.1973                  1 1.20000E+02 1.60000E+02
p-Si028-MT002-Gubin-F0877002-ang-E0006.086.1973                  1 4.00000E+01 1.60000E+02
p-Si028-MT002-Gubin-F0877002-ang-E0006.096.1973                  1 4.00000E+01 9.00000E+01
p-Si028-MT002-Gubin-F0877002-ang-E0006.102.1973                  1 9.00000E+01 1.20000E+02
p-Si028-MT002-Gubin-F0877002-ang-E0006.109.1973                  1 4.00000E+01 1.20000E+02
p-Si028-MT002-Gubin-F0877002-ang-E0006.120.1973                  1 4.00000E+01 1.60000E+02
p-Si028-MT002-Gubin-F0877002-ang-E0006.120A001.1973              1 9.00000E+01 1.60000E+02
p-Si028-MT002-Gubin-F0877002-ang-E0006.137.1973                  1 9.00000E+01 1.20000E+02
p-Si028-MT002-Gubin-F0877002-ang-E0006.141.1973                  1 1.20000E+02 1.60000E+02
p-Si028-MT002-Gubin-F0877002-ang-E0006.149.1973                  1 1.20000E+02 1.60000E+02
p-Si028-MT002-Gubin-F0877002-ang-E0006.161.1973                  1 9.00000E+01 1.20000E+02
p-Si028-MT002-Gubin-F0877002-ang-E0006.171.1973                  1 9.00000E+01 1.60000E+02
p-Si028-MT002-Gubin-F0877002-ang-E0006.175.1973                  1 1.20000E+02 1.60000E+02
p-Si028-MT002-Gubin-F0877002-ang-E0006.182.1973                  1 9.00000E+01 1.20000E+02
p-Si028-MT002-Gubin-F0877002-ang-E0006.202.1973                  1 9.00000E+01 1.20000E+02
p-Si028-MT002-Gubin-F0877002-ang-E0006.205.1973                  2 1.20000E+02 1.60000E+02
p-Si028-MT002-Gubin-F0877003-ang-E0005.930.1973                 11 3.94000E+01 1.60600E+02
p-Si028-MT002-Hicks-C1426004-ang-E0200.000.1988                129 3.10009E+00 3.10009E+00
p-Si028-MT002-Karadzhev-F0960003-ang-E0002.296.1975              1 8.80000E+01 1.67000E+02
p-Si028-MT002-Karadzhev-F0960003-ang-E0002.296A001.1975          1 8.80000E+01 1.67000E+02
p-Si028-MT002-Karadzhev-F0960003-ang-E0002.299.1975              1 8.80000E+01 1.67000E+02
p-Si028-MT002-Karadzhev-F0960003-ang-E0002.299A001.1975          1 8.80000E+01 1.67000E+02
p-Si028-MT002-Karadzhev-F0960003-ang-E0002.300.1975              1 8.80000E+01 1.67000E+02
p-Si028-MT002-Kato-E0926036-ang-E0065.000.1985                  16 1.50000E+01 9.08000E+01
p-Si028-MT002-Lazarev-F0762004-ang-E0005.301.1992                1 5.20000E+01 9.00000E+01
p-Si028-MT002-Lazarev-F0762004-ang-E0005.302.1992                1 5.20000E+01 9.00000E+01
p-Si028-MT002-Lazarev-F0762004-ang-E0005.309.1992                1 5.20000E+01 9.00000E+01
p-Si028-MT002-Lazarev-F0762004-ang-E0005.310.1992                1 5.20000E+01 9.00000E+01
p-Si028-MT002-Lazarev-F0762004-ang-E0005.312.1992                1 5.20000E+01 9.00000E+01
p-Si028-MT002-Lazarev-F0762004-ang-E0005.317.1992                1 5.20000E+01 9.00000E+01
p-Si028-MT002-Lazarev-F0762004-ang-E0005.320.1992                1 9.00000E+01 9.00000E+01
p-Si028-MT002-Miskimen-C0691002-ang-E0650.000.1983              20 7.15999E+00 1.69900E+01
p-Si028-MT002-Nakamura-E0823002-ang-E0065.000.1983              22 1.38600E+01 6.22500E+01
p-Si028-MT002-Nakamura-E0823003-ang-E0060.000.1983              30 1.27700E+01 7.71600E+01
p-Si028-MT002-Nakamura-E0823004-ang-E0055.000.1983              32 1.30400E+01 7.74500E+01
p-Si028-MT002-Nakamura-E0823005-ang-E0050.000.1983              30 1.29800E+01 7.74200E+01
p-Si028-MT002-Nakamura-E0823006-ang-E0045.000.1983              31 1.33000E+01 7.75500E+01
p-Si028-MT002-Oda-E2211002-ang-E0004.950.1959                   16 1.91000E+01 1.64200E+02
p-Si028-MT002-Oda-E2211003-ang-E0005.050.1959                   17 1.90000E+01 1.64600E+02
p-Si028-MT002-Oda-E2211004-ang-E0005.150.1959                   17 1.90000E+01 1.64400E+02
p-Si028-MT002-Oda-E2211005-ang-E0005.250.1959                   16 1.91000E+01 1.64500E+02
p-Si028-MT002-Oda-E2211006-ang-E0005.350.1959                   16 1.89000E+01 1.64200E+02
p-Si028-MT002-Oda-E2211007-ang-E0005.450.1959                   18 1.92000E+01 1.64800E+02
p-Si028-MT002-Olmer-C0084002-ang-E0080.000.1984                 31 9.49999E+00 8.56000E+01
p-Si028-MT002-Olmer-C0084002-ang-E0100.000.1984                 28 6.40000E+00 8.02000E+01
p-Si028-MT002-Olmer-C0084002-ang-E0135.000.1984                 42 6.40000E+00 8.64000E+01
p-Si028-MT002-Olmer-C0084002-ang-E0179.000.1984                 43 8.30000E+00 9.03000E+01
p-Si028-MT002-Sakaguchi-E0166008-ang-E0065.000.1979             31 1.40000E+01 9.25000E+01
p-Si028-MT002-Sakaguchi-O0032054S-ang-E0065.000.1983            31 1.40000E+01 9.25000E+01
p-Si028-MT002-Salomonovic-F0571002-ang-E0001.530.1993          253 1.20000E+02 1.70000E+02
p-Si028-MT002-Sundberg-D0192004-ang-E0185.000.1967              11 4.09429E+00 3.99930E+01
p-Si028-MT002-Teitelman-C2056005-ang-E0005.831.1969             48 8.80000E+01 1.65000E+02
p-Si028-MT002-Teitelman-C2056008-ang-E0006.979.1969              2 8.79000E+01 1.65000E+02
p-Si028-MT002-Teitelman-C2056008-ang-E0006.980.1969              1 8.79000E+01 1.25000E+02
p-Si028-MT002-Teitelman-C2056008-ang-E0006.990.1969              1 8.79000E+01 1.65000E+02
p-Si028-MT002-Vorona-C0856003-ang-E0001.323.1959               889 1.67700E+02 1.67700E+02
p-Si028-MT002-Wilkerson-T0066008-ang-E0009.034.1992              1 5.57000E+01 1.22800E+02
p-Si028-MT002-Wilkerson-T0066008-ang-E0009.034A001.1992          1 5.57000E+01 1.63600E+02
p-Si028-MT002-Wilkerson-T0066008-ang-E0009.034A002.1992          1 1.41300E+02 1.63600E+02
p-Si028-MT002-Wilkerson-T0066008-ang-E0009.035.1992              1 1.22800E+02 1.41300E+02
p-Si028-MT002-Wilkerson-T0066008-ang-E0009.035A001.1992          1 5.57000E+01 1.22800E+02
p-Si028-MT002-Wilkerson-T0066008-ang-E0009.035A002.1992          2 5.57000E+01 1.63600E+02
p-Si028-MT002-Wilkerson-T0066008-ang-E0009.035A003.1992          1 1.22800E+02 1.41300E+02
p-Si028-MT002-Wilkerson-T0066008-ang-E0009.035A004.1992          1 5.57000E+01 1.22800E+02
p-Si028-MT002-Wilkerson-T0066008-ang-E0009.035A005.1992          1 5.57000E+01 1.63600E+02
p-Si028-MT002-Wilkerson-T0066008-ang-E0009.035A006.1992          1 1.41300E+02 1.63600E+02
p-Si028-MT002-Wilkerson-T0066008-ang-E0009.035A007.1992          1 1.22800E+02 1.41300E+02
p-Si028-MT002-Wilkerson-T0066008-ang-E0009.036.1992              1 5.57000E+01 1.22800E+02
p-Si028-MT002-Wilkerson-T0066008-ang-E0009.036A001.1992          2 5.57000E+01 1.63600E+02
p-Si028-MT002-Wilkerson-T0066008-ang-E0009.036A002.1992          1 5.57000E+01 1.41300E+02
p-Si028-MT002-Wilkerson-T0066008-ang-E0009.036A003.1992          2 5.57000E+01 1.63600E+02
p-Si028-MT002-Wilkerson-T0066008-ang-E0009.036A004.1992          1 1.41300E+02 1.63600E+02
p-Si028-MT002-Wilkerson-T0066008-ang-E0009.036A005.1992          1 1.22800E+02 1.41300E+02
p-Si028-MT002-Wilkerson-T0066008-ang-E0009.037.1992              1 5.57000E+01 1.22800E+02
p-Si028-MT002-Wilkerson-T0066008-ang-E0009.037A001.1992          2 5.57000E+01 1.63600E+02
p-Si028-MT002-Wilkerson-T0066008-ang-E0009.037A002.1992          1 1.22800E+02 1.41300E+02
p-Si028-MT002-Wilkerson-T0066008-ang-E0009.037A003.1992          1 5.57000E+01 1.22800E+02
p-Si028-MT002-Wilkerson-T0066008-ang-E0009.037A004.1992          2 5.57000E+01 1.63600E+02
p-Si028-MT002-Wilkerson-T0066008-ang-E0009.037A005.1992          1 5.57000E+01 1.41300E+02
p-Si028-MT002-Wilkerson-T0066008-ang-E0009.038.1992              2 5.57000E+01 1.63600E+02
p-Si028-MT002-Wilkerson-T0066008-ang-E0009.038A001.1992          1 1.41300E+02 1.63600E+02
p-Si028-MT002-Wilkerson-T0066008-ang-E0009.038A002.1992          1 1.22800E+02 1.41300E+02
p-Si028-MT002-Wilkerson-T0066008-ang-E0009.038A003.1992          1 5.57000E+01 1.22800E+02
p-Si028-MT002-Wilkerson-T0066008-ang-E0009.038A004.1992          1 5.57000E+01 1.41300E+02
p-Si028-MT002-Wilkerson-T0066008-ang-E0009.038A005.1992          2 1.22800E+02 1.63600E+02
p-Si028-MT002-Wilkerson-T0066008-ang-E0009.039.1992              1 5.57000E+01 1.22800E+02
p-Si028-MT002-Wilkerson-T0066008-ang-E0009.039A001.1992          1 5.57000E+01 1.63600E+02
p-Si028-MT002-Wilkerson-T0066008-ang-E0009.039A002.1992          1 1.41300E+02 1.63600E+02
p-Si028-MT002-Wilkerson-T0066008-ang-E0009.039A003.1992          1 1.22800E+02 1.41300E+02
p-Si028-MT002-Wilkerson-T0066008-ang-E0009.039A004.1992          1 5.57000E+01 1.22800E+02
p-Si028-MT002-Wilkerson-T0066008-ang-E0009.039A005.1992          1 5.57000E+01 1.41300E+02
p-Si028-MT002-Wilkerson-T0066008-ang-E0009.039A006.1992          2 1.22800E+02 1.63600E+02
p-Si028-MT002-Wilkerson-T0066008-ang-E0009.040.1992              1 5.57000E+01 1.22800E+02
p-Si028-MT002-Wilkerson-T0066008-ang-E0009.040A001.1992          1 5.57000E+01 1.41300E+02
p-Si028-MT002-Wilkerson-T0066008-ang-E0009.040A002.1992          2 1.22800E+02 1.63600E+02
p-Si028-MT002-Wilkerson-T0066008-ang-E0009.040A003.1992          1 5.57000E+01 1.22800E+02
p-Si028-MT002-Wilkerson-T0066008-ang-E0009.040A004.1992          2 5.57000E+01 1.63600E+02
p-Si028-MT002-Wilkerson-T0066008-ang-E0009.040A005.1992          1 1.22800E+02 1.41300E+02
p-Si028-MT002-Wilkerson-T0066008-ang-E0009.041.1992              1 5.57000E+01 1.22800E+02
p-Si028-MT002-Wilkerson-T0066008-ang-E0009.041A001.1992          2 5.57000E+01 1.63600E+02
p-Si028-MT002-Wilkerson-T0066008-ang-E0009.041A002.1992          1 1.22800E+02 1.41300E+02
p-Si028-MT002-Wilkerson-T0066008-ang-E0009.041A003.1992          1 5.57000E+01 1.22800E+02
p-Si028-MT002-Wilkerson-T0066008-ang-E0009.041A004.1992          1 5.57000E+01 1.63600E+02
