#              Filename                                         N    min         max
n-Cd116-MT151-Liou-105270091.1974                               21 2.89700E-05 8.82220E-03
n-Cd116-MT151-Liou-105270091A001.1974                           21 2.89700E-05 8.82220E-03
n-Cd116-MT151-Liou-105270092.1974                               21 2.89700E-05 8.82220E-03
n-Cd116-MT151-Liou-105270092A001.1974                           21 2.89700E-05 8.82220E-03
n-Cd116-MT151-Liou-105270242.1974                                1 4.42558E-03 4.42558E-03
n-Cd116-MT151-Liou-105270242A001.1974                            1 4.42558E-03 4.42558E-03
n-Cd116-MT151-Popov-40934026.1985                                1 1.25900E-04 1.25900E-04
n-Cd116-MT151-Popov-40934065.1985                                2 1.27400E-04 1.27400E-04
n-Cd116-MT151-Shchepkin-412680071.1966                           1 2.93000E-05 2.93000E-05
n-Cd116-MT151-Shchepkin-412680072.1966                           1 2.93000E-05 2.93000E-05
n-Cd116-MT151-Shchepkin-412680073.1966                           1 2.93000E-05 2.93000E-05
n-Cd116-MT151-Volev-231960331.2013                               4 6.76691E-04 1.38454E-03
n-Cd116-MT151-Volev-231960332.2013                               4 6.76691E-04 1.38454E-03
n-Cd116-MT151-Volev-231960333.2013                               2 8.89230E-04 1.38454E-03
n-Cd116-MT151-Volev-231960334.2013                               3 8.89230E-04 1.38454E-03
n-Cd116-MT151-Wisshak-234870051.2003                            40 3.05300E-03 9.91500E-03
n-Cd116-MT151-ZoInOkkk-413870101.1984                            1 2.00500E-01 2.00500E-01
n-Cd116-MT151-ZoInOkkk-413870102.1984                            1 2.00500E-01 2.00500E-01
n-Cd116-MT151-ZoInOkkk-413870111.1984                            2 2.00500E-01 2.00500E-01
n-Cd116-MT151-ZoInOkkk-413870112.1984                            2 2.00500E-01 2.00500E-01
