#              Filename                                         N    min         max
n-O016-MT002-Anli-13979002-ang-E0010.000.1989                   14 2.08000E+01 1.47000E+02
n-O016-MT002-Anli-13979002-ang-E0012.000.1989                   17 1.97000E+01 1.58700E+02
n-O016-MT002-Anli-13979002-ang-E0014.000.1989                   27 1.76000E+01 1.58700E+02
n-O016-MT002-Anli-13979002-ang-E0017.000.1989                   19 1.76000E+01 1.57600E+02
n-O016-MT002-Baba-21984089-ang-E0014.200.1986                   10 2.50000E+01 1.50000E+02
n-O016-MT002-Baba-22157033-ang-E0014.100.1988                   24 2.50000E+01 1.50000E+02
n-O016-MT002-Bernard-10437002-ang-E0005.050.1975                28 2.00000E+01 1.50000E+02
n-O016-MT002-Boerker-22113003-ang-E0006.369.1988                28 1.30000E+01 1.59800E+02
n-O016-MT002-Boerker-22113003-ang-E0007.512.1988                28 1.30000E+01 1.59600E+02
n-O016-MT002-Boerker-22113003-ang-E0007.933.1988                23 1.34000E+01 1.59400E+02
n-O016-MT002-Boerker-22113003-ang-E0009.011.1988                23 1.30000E+01 1.59400E+02
n-O016-MT002-Boerker-22113003-ang-E0010.131.1988                34 1.25000E+01 1.59600E+02
n-O016-MT002-Boerker-22113003-ang-E0010.159.1988                30 1.25000E+01 1.60400E+02
n-O016-MT002-Boerker-22113003-ang-E0010.163.1988                30 1.54000E+01 1.54000E+01
n-O016-MT002-Bonazzola-20496002-ang-E0014.100.1972               7 1.49300E+02 1.78000E+02
n-O016-MT002-Bucher-10331004-ang-E0007.400.1974                 24 2.59993E+00 1.42000E+01
n-O016-MT002-Dave-14189048-ang-E0009.200.1983                   24 2.45000E+01 1.39500E+02
n-O016-MT002-Dave-14189049-ang-E0010.700.1983                   17 3.79999E+00 1.50000E+02
n-O016-MT002-Dave-14189050-ang-E0012.500.1983                   18 2.37000E+01 1.59000E+02
n-O016-MT002-Dave-14189051-ang-E0014.000.1983                   30 6.20005E+00 1.57500E+02
n-O016-MT002-Dave-14189052-ang-E0015.000.1983                   28 2.40000E+01 1.57400E+02
n-O016-MT002-Delaroche-14205002-ang-E0018.000.1986              23 1.53000E+01 1.46000E+02
n-O016-MT002-Delaroche-14205003-ang-E0020.000.1986              20 1.17000E+01 1.49700E+02
n-O016-MT002-Delaroche-14205004-ang-E0022.000.1986              29 1.16000E+01 1.47200E+02
n-O016-MT002-Delaroche-14205005-ang-E0024.000.1986              21 1.89000E+01 1.41300E+02
n-O016-MT002-Delaroche-14205006-ang-E0024.500.1986              23 1.61000E+01 1.39900E+02
n-O016-MT002-Delaroche-14205007-ang-E0026.000.1986              27 1.15000E+01 1.53100E+02
n-O016-MT002-Drigo-20751002-ang-E0002.560.1976                  14 2.50000E+01 1.55000E+02
n-O016-MT002-Glendinning-10859002-ang-E0009.211.1982            24 2.63300E+01 1.41970E+02
n-O016-MT002-Glendinning-10859002-ang-E0009.211A001.1982        24 2.63300E+01 1.41970E+02
n-O016-MT002-Glendinning-10859002-ang-E0009.708.1982            28 2.63500E+01 1.60370E+02
n-O016-MT002-Glendinning-10859002-ang-E0009.708A001.1982        28 2.63500E+01 1.60370E+02
n-O016-MT002-Glendinning-10859002-ang-E0010.207.1982            27 2.61400E+01 1.61020E+02
n-O016-MT002-Glendinning-10859002-ang-E0010.207A001.1982        27 2.61400E+01 1.61020E+02
n-O016-MT002-Glendinning-10859002-ang-E0010.697.1982            14 2.61300E+01 1.51710E+02
n-O016-MT002-Glendinning-10859002-ang-E0010.697A001.1982        14 2.61300E+01 1.51710E+02
n-O016-MT002-Glendinning-10859002-ang-E0010.952.1982            25 2.60000E+01 1.61120E+02
n-O016-MT002-Glendinning-10859002-ang-E0010.952A001.1982        25 2.60000E+01 1.61120E+02
n-O016-MT002-Glendinning-10859002-ang-E0011.147.1982            28 2.60000E+01 1.61100E+02
n-O016-MT002-Glendinning-10859002-ang-E0011.147A001.1982        28 2.60000E+01 1.61100E+02
n-O016-MT002-Glendinning-10859002-ang-E0011.949.1982            24 2.60300E+01 1.60770E+02
n-O016-MT002-Glendinning-10859002-ang-E0011.949A001.1982        24 2.60300E+01 1.60770E+02
n-O016-MT002-Glendinning-10859002-ang-E0012.446.1982            17 2.60300E+01 1.60820E+02
n-O016-MT002-Glendinning-10859002-ang-E0012.446A001.1982        17 2.60300E+01 1.60820E+02
n-O016-MT002-Glendinning-10859002-ang-E0012.944.1982            24 2.60000E+01 1.61060E+02
n-O016-MT002-Glendinning-10859002-ang-E0012.944A001.1982        24 2.60000E+01 1.61060E+02
n-O016-MT002-Glendinning-10859002-ang-E0013.938.1982            27 2.59100E+01 1.59970E+02
n-O016-MT002-Glendinning-10859002-ang-E0013.938A001.1982        27 2.59100E+01 1.59970E+02
n-O016-MT002-Glendinning-10859002-ang-E0014.933.1982            29 2.59100E+01 1.60270E+02
n-O016-MT002-Glendinning-10859002-ang-E0014.933A001.1982        29 2.59100E+01 1.60270E+02
n-O016-MT002-Grabmayr-10965002-ang-E0024.000.1980               21 2.00000E+01 1.50000E+02
n-O016-MT002-Grabmayr-10965002-ang-E0024.000A001.1980           21 2.00000E+01 1.50000E+02
n-O016-MT002-Hill-11321003-ang-E0005.000.1958                   10 3.17883E+01 1.51763E+02
n-O016-MT002-Kinney-10276002-ang-E0004.340.1972                138 1.75000E+01 1.75000E+01
n-O016-MT002-Korzh-40572007-ang-E0005.000.1980                  11 2.00000E+01 1.59000E+02
n-O016-MT002-Lam-12962002-ang-E0023.000.1985                    24 1.36000E+01 8.40000E+01
n-O016-MT002-Lovchikova-40230006-ang-E0000.900.1963              5 3.00041E+01 1.49986E+02
n-O016-MT002-Lundberg-20163005-ang-E0014.800.1967               15 2.03000E+01 1.58700E+02
n-O016-MT002-Mcdonald-11383002-ang-E0014.100.1966               11 2.20000E+01 1.52900E+02
n-O016-MT002-Meier-20907009-ang-E0014.140.1969                  22 7.51966E+00 1.54999E+02
n-O016-MT002-Mermod-23030005-ang-E0094.800.2006                 18 1.00000E+01 8.04000E+01
n-O016-MT002-Olsson-22127011-ang-E0021.600.1989                 38 9.69998E+00 1.58800E+02
n-O016-MT002-QIHUIQUANN-32602003-ang-E0014.800.1992              5 2.59993E+00 8.59999E+00
n-O016-MT002-Schouky-20955004-ang-E0000.517.1977              2114 2.00000E+01 2.00000E+01
n-O016-MT002-Schouky-20955005-ang-E0000.517.1977              2114 3.00000E+01 3.00000E+01
n-O016-MT002-Schouky-20955006-ang-E0000.517.1977              2114 4.00000E+01 4.00000E+01
n-O016-MT002-Schouky-20955007-ang-E0000.517.1977              2114 5.50000E+01 5.50000E+01
n-O016-MT002-Schouky-20955008-ang-E0000.518.1977              2114 6.50000E+01 6.50000E+01
n-O016-MT002-Schouky-20955009-ang-E0000.518.1977              2114 8.00000E+01 8.00000E+01
n-O016-MT002-Schouky-20955010-ang-E0000.518.1977              2114 9.00000E+01 9.00000E+01
n-O016-MT002-Schouky-20955011-ang-E0000.518.1977              2114 1.20000E+02 1.20000E+02
n-O016-MT002-Schouky-20955012-ang-E0000.518.1977              2114 1.35000E+02 1.35000E+02
n-O016-MT002-Schouky-20955013-ang-E0000.518.1977              2114 1.50000E+02 1.50000E+02
n-O016-MT002-Schreder-22121002-ang-E0007.180.1989               69 2.10000E+01 1.24000E+02
n-O016-MT002-Takahashi-22766011-ang-E0014.100.1992              16 1.50000E+01 1.60000E+02
