#              Filename                                         N    min         max     
p-Cu000-rp027056-Aleksandrov-A03510025.1987                      6 5.00000E+01 9.80000E+01
p-Cu000-rp027056-Cline-B0085030C.1971                            1 5.90000E+02 5.90000E+02
p-Cu000-rp027056-Fox-C2702034.2021                              17 5.12200E+01 1.92540E+02
p-Cu000-rp027056-Gruetter-D0505015.1982                          8 5.85000E+01 6.98000E+01
p-Cu000-rp027056-Michel-O00780287.1989                           1 6.00000E+02 6.00000E+02
p-Cu000-rp027056-Michel-O0276130.1997                          139 3.94000E+01 1.59000E+03
p-Cu000-rp027056-Cumming-O0542039.1974                           1 3.90000E+03 3.90000E+03
p-Cu000-rp027056-Garrido-O2315021.2016                           3 5.67400E+01 5.75500E+01
p-Cu000-rp027056-Kozma-A0477078.1990                             1 3.65000E+03 3.65000E+03
p-Cu000-rp027056-Aleksandrov-A0501085.1990                       1 1.00000E+03 1.00000E+03
p-Cu000-rp027056-Mills-A05070034.1992                           44 4.38000E+01 1.96600E+02
p-Cu000-rp027056-Aleksandrov-A0580012.1996                       1 6.60000E+02 6.60000E+02
p-Cu000-rp027056-Williams-B0073002.1967                          7 5.23000E+01 5.83000E+01
p-Cu000-rp027056-Greenwood-C0537008.1984                        11 4.00000E+01 4.50000E+02
p-Cu000-rp027056-Gruetter-D0505016.1982                          6 4.91000E+01 5.55000E+01
p-Cu000-rp027056-Uddin-E1894006.2004                             5 5.34350E+01 6.87880E+01
p-Cu000-rp027056-Michel-O0277195.1995                            4 8.00000E+02 2.60000E+03
p-Cu000-rp027056-Schiekel-O0284116.1996                          7 2.26000E+02 3.75000E+02
p-Cu000-rp027056-Orth-O0418053.1978                              2 2.00000E+02 3.50000E+02
p-Cu000-rp027056-Fassbender-O0722005.1997                        2 2.14400E+02 2.54100E+02
p-Cu000-rp027056-Ju-S0207005.2015                                1 2.50000E+02 2.50000E+02
p-Cu000-rp027056-Orth-T0131025.1976                              1 5.90000E+02 5.90000E+02
