#              Filename                                         N    min         max     
n-Cd000-rp048001-Meadows-11028016.1961                           1 2.53000E-08 2.53000E-08
n-Cd000-rp048001-Meadows-11028016A001.1961                       1 2.53000E-08 2.53000E-08
n-Cd000-rp048001-Gibbons-11329030.1961                           2 3.00000E-02 6.50000E-02
n-Cd000-rp048001-Gibbons-11329031.1961                          40 8.00000E-03 1.60000E-01
n-Cd000-rp048001-Macklin-11380008.1963                           1 3.00000E-02 3.00000E-02
n-Cd000-rp048001-Diven-11616017.1960                             1 4.00000E-01 4.00000E-01
n-Cd000-rp048001-Schmitt-11778006.1960                           1 2.40000E-02 2.40000E-02
n-Cd000-rp048001-Block-11935006.1961                            37 1.95000E-04 8.50000E-03
n-Cd000-rp048001-Meservey-121460022.1954                         1 1.77000E-07 1.77000E-07
n-Cd000-rp048001-Poenitz-12832005.1982                          16 3.00000E-01 3.00000E+00
n-Cd000-rp048001-Fink-13845007.1936                              1 2.53000E-08 2.53000E-08
n-Cd000-rp048001-Sokolowski-20077002.1964                        1 2.53000E-08 2.53000E-08
n-Cd000-rp048001-Sokolowski-20077003.1964                        1 2.53000E-08 2.53000E-08
n-Cd000-rp048001-Kompe-20358014.1969                            70 1.19000E-02 1.58000E-01
n-Cd000-rp048001-Tattersall-20638074.1960                        1 2.53000E-08 2.53000E-08
n-Cd000-rp048001-Knopf-22782028.1995                             2 1.26000E-06 5.19000E-06
n-Cd000-rp048001-XuHaishann-32105002.1988                        6 3.40000E-01 1.68000E+00
n-Cd000-rp048001-Belanova-40072009.1965                          1 2.40000E-02 2.40000E-02
n-Cd000-rp048001-Belanova-400720271.1965                         1 2.40000E-02 2.40000E-02
n-Cd000-rp048001-Belanova-400720272.1965                         1 2.40000E-02 2.40000E-02
n-Cd000-rp048001-Belanova-400720273.1965                         1 2.40000E-02 2.40000E-02
n-Cd000-rp048001-Belanova-400720274.1965                         1 2.40000E-02 2.40000E-02
n-Cd000-rp048001-Belanova-400720275.1965                         1 2.40000E-02 2.40000E-02
n-Cd000-rp048001-Leipunskiy-40244114.1958                        1 2.00000E-01 2.00000E-01
n-Cd000-rp048001-Belanova-40374012.1958                          3 2.50000E-02 8.30000E-01
