#              Filename                                         N    min         max
n-Cu000-MT002-Anderson-11487003-ang-E0014.600.1959              15 8.49000E+01 1.54200E+02
n-Cu000-MT002-Anikin-40080002-ang-E0001.330.1971                85 2.50006E+00 2.38000E+01
n-Cu000-MT002-Anikin-40823004-ang-E0001.600.1986                20 1.50011E+00 1.50011E+00
n-Cu000-MT002-Anikin-40823005-ang-E0001.600.1986                20 3.00003E+00 3.00003E+00
n-Cu000-MT002-Ashmore-21437004-ang-E0351.500.1958               10 0.00000E+00 1.00000E+01
n-Cu000-MT002-Ball-11503003-ang-E0300.000.1952                  15 2.50006E+00 1.79000E+01
n-Cu000-MT002-Becker-11511012-ang-E0003.200.1966                14 2.02982E+01 1.50401E+02
n-Cu000-MT002-Begum-21664011-ang-E0016.100.1979                 11 2.00000E+01 1.60000E+02
n-Cu000-MT002-Biryukov-40066009-ang-E0009.200.1971               1 3.20000E+01 3.20000E+01
n-Cu000-MT002-Bratenahl-11472003-ang-E0084.000.1950             12 2.50006E+00 2.50000E+01
n-Cu000-MT002-Bucher-10556004-ang-E0007.550.1975                 6 2.69994E+00 1.41000E+01
n-Cu000-MT002-Bucher-10556004-ang-E0007.550A001.1975             6 2.69994E+00 1.41000E+01
n-Cu000-MT002-Bucher-10556004-ang-E0011.000.1975                 6 3.20008E+00 1.49000E+01
n-Cu000-MT002-Coon-11322010-ang-E0014.500.1958                  28 5.69997E+00 1.44000E+02
n-Cu000-MT002-Coon-11322011-ang-E0014.100.1958                  19 5.60000E+00 7.69000E+01
n-Cu000-MT002-Cox-10332007-ang-E0000.877.1972                    8 2.10000E+01 1.57000E+02
n-Cu000-MT002-Cox-10332007-ang-E0000.877A001.1972                8 2.10000E+01 1.57000E+02
n-Cu000-MT002-Cox-11519018-ang-E0000.672.1966                  552 1.99988E+01 1.60001E+02
n-Cu000-MT002-Darden-11638004-ang-E0000.500.1955                 1 7.99998E+00 3.00000E+01
n-Cu000-MT002-Darden-11638004-ang-E0001.000.1955                 6 7.99998E+00 3.00000E+01
n-Cu000-MT002-Deconninck-21858004-ang-E0014.000.1961             2 9.00000E+01 9.00000E+01
n-Cu000-MT002-Fujita-21722042-ang-E0014.100.1972                 1 1.10000E+02 1.10000E+02
n-Cu000-MT002-Galloway-20359002-ang-E0003.000.1973               5 1.66060E+00 7.70136E+00
n-Cu000-MT002-Galloway-20761004-ang-E0002.900.1979              11 2.00000E+01 1.60000E+02
n-Cu000-MT002-Gorlov-40307002-ang-E0004.000.1968                 8 2.19998E+00 2.10000E+01
n-Cu000-MT002-Guzhovskii-40643003-ang-E0015.000.1962            18 1.48000E+01 8.41000E+01
n-Cu000-MT002-Hill-11300005-ang-E0005.000.1956                   6 9.80000E+00 3.45000E+01
n-Cu000-MT002-Hill-11321007-ang-E0005.000.1958                  13 3.00029E+01 1.49997E+02
n-Cu000-MT002-Holmqvist-20019148-ang-E0001.460.1969             11 2.00000E+01 1.50000E+02
n-Cu000-MT002-Holmqvist-20019149-ang-E0002.000.1969            138 2.00000E+01 1.50000E+02
n-Cu000-MT002-Kazakova-40706031-ang-E0002.000.1965               8 2.00000E+01 1.60000E+02
n-Cu000-MT002-Korzh-40042019-ang-E0001.500.1968                  8 3.02154E+01 1.40690E+02
n-Cu000-MT002-Korzh-40685011-ang-E0000.500.1964                 16 3.00029E+01 1.39996E+02
n-Cu000-MT002-MaGongguii-30762005-ang-E0014.200.1988             9 1.69996E+00 2.50000E+01
n-Cu000-MT002-Machwe-11572026-ang-E0003.660.1959                24 1.79000E+01 1.60100E+02
n-Cu000-MT002-Pasechnik-40336079-ang-E0002.800.1958              9 2.51000E+01 1.40000E+02
n-Cu000-MT002-Popov-40367008-ang-E0002.900.1957                  7 3.04592E+01 1.50447E+02
n-Cu000-MT002-Remund-21242002-ang-E0003.300.1956                 9 3.00029E+01 1.49997E+02
n-Cu000-MT002-Salmon-21123006-ang-E0096.000.1960                 6 9.99951E-01 1.25000E+01
n-Cu000-MT002-Schmidt-22974002-ang-E0006.950.2006               40 1.27000E+01 1.59800E+02
n-Cu000-MT002-Schmidt-22974002-ang-E0008.070.2006               39 1.27000E+01 1.59100E+02
n-Cu000-MT002-Schmidt-22974002-ang-E0008.960.2006               39 1.31000E+01 1.59500E+02
n-Cu000-MT002-Schmidt-22974002-ang-E0009.900.2006               39 1.37000E+01 1.59900E+02
n-Cu000-MT002-Schmidt-22974002-ang-E0010.860.2006               39 1.35000E+01 1.59800E+02
n-Cu000-MT002-Schmidt-22974002-ang-E0011.900.2006               34 1.35000E+01 1.59600E+02
n-Cu000-MT002-Schmidt-22974002-ang-E0012.930.2006               39 1.28000E+01 1.59900E+02
n-Cu000-MT002-Schmidt-22974002-ang-E0014.180.2006               39 1.28000E+01 1.59600E+02
n-Cu000-MT002-Takahashi-22075195-ang-E0014.100.1987             13 4.00000E+01 1.60000E+02
n-Cu000-MT002-Tanaka-20342002-ang-E0001.710.1970                26 3.00006E+01 1.49999E+02
n-Cu000-MT002-Thomson-11495015-ang-E0005.000.1963                2 9.00000E+01 9.00000E+01
n-Cu000-MT002-Tostkii-32246003-ang-E0002.800.1957                8 2.38793E+01 1.37578E+02
n-Cu000-MT002-Vanzyl-21374008-ang-E0136.000.1956                13 0.00000E+00 1.76000E+01
n-Cu000-MT002-Walt-11637016-ang-E0001.000.1954                   9 3.07000E+01 1.49300E+02
n-Cu000-MT002-WanDairongg-32517003-ang-E0014.700.1990            7 2.00008E+00 7.89998E+00
