#              Filename                                         N    min         max     
n-Ta000-rp073001-Fricke-10049004.1970                           95 9.57600E-04 1.10750E+00
n-Ta000-rp073001-Drake-10193004.1971                             1 1.40000E+01 1.40000E+01
n-Ta000-rp073001-Fricke-10049004A001.1970                       95 9.57600E-04 1.10750E+00
n-Ta000-rp073001-Drake-10193004A001.1971                         1 1.40000E+01 1.40000E+01
n-Ta000-rp073001-Gibbons-11329060.1961                           3 3.00000E-02 1.67000E-01
n-Ta000-rp073001-Gibbons-11329061.1961                          48 6.50000E-03 1.66000E-01
n-Ta000-rp073001-Macklin-11380010.1963                           1 3.00000E-02 3.00000E-02
n-Ta000-rp073001-Diven-11616024.1960                             7 1.75000E-01 1.00000E+00
n-Ta000-rp073001-Schmunk-11634006.1960                           1 2.53000E-08 2.53000E-08
n-Ta000-rp073001-Block-11935021.1961                            49 2.05000E-04 7.00000E-03
n-Ta000-rp073001-Macklin-12158002.1966                           4 3.00000E-02 3.14000E-01
n-Ta000-rp073001-Bergqvist-20024003.1963                         5 3.45000E-02 3.00000E-01
n-Ta000-rp073001-Hellstroem-20194007.1973                       14 3.00000E-02 1.50000E+00
n-Ta000-rp073001-Kompe-20358026.1969                            66 1.32000E-02 1.57000E-01
n-Ta000-rp073001-Widder-20437012.1975                          226 1.39760E-08 2.04050E-05
n-Ta000-rp073001-Lerigoleur-20572013.1976                      210 1.26300E-02 6.48800E-02
n-Ta000-rp073001-Lerigoleur-20572014.1976                       16 1.75000E-02 1.55000E-01
n-Ta000-rp073001-Tattersall-20638056.1960                        1 2.53000E-08 2.53000E-08
n-Ta000-rp073001-Leipunskiy-40244118.1958                        1 2.00000E-01 2.00000E-01
n-Ta000-rp073001-Grigoriev-41519006.2008                         8 7.32500E-06 1.57500E-03
