#              Filename                                         N    min         max
n-Yb173-MT151-Bokhovko-41177047.1991                             2 2.27500E-01 2.27500E-01
n-Yb173-MT151-Carpenter-120480091.1962                           6 3.31000E-05 1.57000E-04
n-Yb173-MT151-Carpenter-120480092.1962                           1 3.77000E-05 3.77000E-05
n-Yb173-MT151-Carpenter-120480101.1962                           2 4.60000E-06 1.84000E-05
n-Yb173-MT151-Carpenter-120480103.1962                           2 4.60000E-06 1.84000E-05
n-Yb173-MT151-Carpenter-120480105.1962                           1 4.60000E-06 4.60000E-06
n-Yb173-MT151-Karzhavina-40410008.1975                           2 6.00000E-04 6.00000E-04
n-Yb173-MT151-Karzhavina-41277003.1975                          54 1.76000E-05 6.18900E-04
n-Yb173-MT151-Liou-100810141.1973                              166 4.51000E-06 1.79680E-03
n-Yb173-MT151-Liou-100810141A001.1973                          166 4.51000E-06 1.79680E-03
n-Yb173-MT151-Liou-100810142.1973                              166 4.51000E-06 1.79680E-03
n-Yb173-MT151-Liou-100810142A001.1973                          166 4.51000E-06 1.79680E-03
n-Yb173-MT151-Liou-100810151.1973                               33 4.51000E-06 5.47570E-04
n-Yb173-MT151-Liou-100810151A001.1973                           33 4.51000E-06 5.47570E-04
n-Yb173-MT151-Liou-100810152.1973                               15 3.13900E-05 5.47570E-04
n-Yb173-MT151-Liou-100810152A001.1973                           15 3.13900E-05 5.47570E-04
n-Yb173-MT151-Liou-100810431.1973                                1 9.00750E-04 9.00750E-04
n-Yb173-MT151-Liou-100810431A001.1973                            1 9.00750E-04 9.00750E-04
n-Yb173-MT151-Liou-100810432.1973                                1 9.00750E-04 9.00750E-04
n-Yb173-MT151-Liou-100810432A001.1973                            1 9.00750E-04 9.00750E-04
n-Yb173-MT151-Mughabghab-108250021.1972                         16 4.50000E-06 1.68800E-04
n-Yb173-MT151-Mughabghab-108250021A001.1972                     16 4.50000E-06 1.68800E-04
n-Yb173-MT151-Mughabghab-108250022.1972                         16 4.50000E-06 1.68800E-04
n-Yb173-MT151-Mughabghab-108250022A001.1972                     16 4.50000E-06 1.68800E-04
n-Yb173-MT151-Mughabghab-121300151.1968                         24 4.51000E-06 2.10300E-04
n-Yb173-MT151-Mughabghab-121300153.1968                          4 1.77000E-05 4.54000E-05
n-Yb173-MT151-Mughabghab-121300154.1968                         24 4.51000E-06 2.10300E-04
n-Yb173-MT151-Shahal-12759002.1982                              49 1.76300E-05 5.28400E-04
n-Yb173-MT151-Telezhnikov-414820021.2005                        36 4.51000E-06 3.24000E-04
n-Yb173-MT151-Telezhnikov-414820022.2005                        32 4.51000E-06 3.24000E-04
n-Yb173-MT151-WangNaiyanggg-40030010.1966                       16 4.53000E-06 1.30000E-04
n-Yb173-MT151-WangNaiyanggg-40030011.1966                       16 4.53000E-06 1.30000E-04
n-Yb173-MT151-WangNaiyanggg-40030012.1966                        5 1.78000E-05 6.67000E-05
n-Yb173-MT151-WangNaiyanggg-40030013.1966                        1 4.22500E-05 4.22500E-05
n-Yb173-MT151-WangNaiyanggg-40030014.1966                        1 6.72650E-05 6.72650E-05
n-Yb173-MT151-WangNaiyanggg-40030015.1966                        1 6.72650E-05 6.72650E-05
n-Yb173-MT151-WangNaiyanggg-40030016.1966                        1 6.72650E-05 6.72650E-05
