#              Filename                                         N    min         max
n-O016-MT151-Adair-11389002.1953                                 1 1.00000E+00 1.00000E+00
n-O016-MT151-Allen-101410041.1971                                1 4.26000E-01 4.26000E-01
n-O016-MT151-Allen-101410041A001.1971                            1 4.26000E-01 4.26000E-01
n-O016-MT151-Allen-101410043.1971                                1 4.26000E-01 4.26000E-01
n-O016-MT151-Allen-101410043A001.1971                            1 4.26000E-01 4.26000E-01
n-O016-MT151-Baldinger-212370021.1952                            4 2.35000E+00 4.40000E+00
n-O016-MT151-Baldinger-212370022.1952                            5 1.90000E+00 4.40000E+00
n-O016-MT151-Bockelman-110480131.1951                            7 4.40000E-01 2.37000E+00
n-O016-MT151-Bockelman-110480131A001.1951                        7 4.40000E-01 2.37000E+00
n-O016-MT151-Bockelman-110480132.1951                            5 4.40000E-01 2.37000E+00
n-O016-MT151-Bockelman-110480132A001.1951                        5 4.40000E-01 2.37000E+00
n-O016-MT151-Bockelman-110480133.1951                            5 4.40000E-01 2.37000E+00
n-O016-MT151-Bockelman-110480133A001.1951                        5 4.40000E-01 2.37000E+00
n-O016-MT151-Cierjacks-207420051.1980                           26 3.21170E+00 1.48530E+01
n-O016-MT151-Cierjacks-207420052.1980                           25 3.21170E+00 1.48530E+01
n-O016-MT151-Cierjacks-207420053.1980                           25 3.21170E+00 1.48530E+01
n-O016-MT151-Cierjacks-207420061.1980                            7 1.09600E+01 1.48530E+01
n-O016-MT151-Cierjacks-207420062.1980                            7 1.09600E+01 1.48530E+01
n-O016-MT151-Cierjacks-207420081.1980                            1 4.93707E+00 4.93707E+00
n-O016-MT151-Cierjacks-207420082.1980                            1 4.93707E+00 4.93707E+00
n-O016-MT151-Cierjacks-207420101.1980                            4 5.36812E+00 7.74695E+00
n-O016-MT151-Cierjacks-207420102.1980                            4 5.36812E+00 7.74695E+00
n-O016-MT151-Davis-10021003.1969                                 6 3.76500E+00 7.20000E+00
n-O016-MT151-Davis-10021003A001.1969                             6 3.76500E+00 7.20000E+00
n-O016-MT151-Davis-112850061.1963                               19 5.05000E+00 8.66000E+00
n-O016-MT151-Divatia-30092004.1966                              15 4.05000E+00 6.11000E+00
n-O016-MT151-Divatia-30092008.1966                               6 4.53000E+00 6.11000E+00
n-O016-MT151-Divatia-30092009.1966                               4 4.53000E+00 6.11000E+00
n-O016-MT151-Divatia-30092010.1966                               6 4.53000E+00 6.11000E+00
n-O016-MT151-Fossan-11256019.1961                                2 3.98000E+00 4.45000E+00
n-O016-MT151-Fowler-101370061.1973                              20 1.14000E+00 4.31000E+00
n-O016-MT151-Fowler-101370061A001.1973                          20 1.14000E+00 4.31000E+00
n-O016-MT151-Fowler-101370062.1973                              15 1.65100E+00 4.31000E+00
n-O016-MT151-Fowler-101370062A001.1973                          15 1.65100E+00 4.31000E+00
n-O016-MT151-Fowler-101370063.1973                              15 1.65100E+00 4.31000E+00
n-O016-MT151-Fowler-101370063A001.1973                          15 1.65100E+00 4.31000E+00
n-O016-MT151-Fowler-11401004.1958                                1 1.00000E+00 1.00000E+00
n-O016-MT151-Glendinning-10859004.1982                           3 1.01300E+01 1.15400E+01
n-O016-MT151-Glendinning-10859004A001.1982                       3 1.01300E+01 1.15400E+01
n-O016-MT151-Hall-11282013.1959                                 10 6.83000E+00 9.34000E+00
n-O016-MT151-Johnson-114190041.1967                              6 3.35000E+00 4.18000E+00
n-O016-MT151-Johnson-114190042.1967                              7 0.00000E+00 4.32000E+00
n-O016-MT151-Johnson-114190043.1967                              7 0.00000E+00 4.32000E+00
n-O016-MT151-Johnson-114190045.1967                              4 0.00000E+00 0.00000E+00
n-O016-MT151-Lane-104150191.1961                                 1 1.66000E+00 1.66000E+00
n-O016-MT151-Lane-104150191A001.1961                             1 1.66000E+00 1.66000E+00
n-O016-MT151-Lane-104150192.1961                                 1 1.66000E+00 1.66000E+00
n-O016-MT151-Lane-104150192A001.1961                             1 1.66000E+00 1.66000E+00
n-O016-MT151-Lister-113340051.1966                               5 3.29000E+00 4.17500E+00
n-O016-MT151-Lister-113340052.1966                               5 3.29000E+00 4.17500E+00
n-O016-MT151-Lister-113340053.1966                               4 3.29000E+00 4.17500E+00
n-O016-MT151-Okazaki-113920041.1955                              1 4.42000E-01 4.42000E-01
n-O016-MT151-Okazaki-113920042.1955                              1 4.42000E-01 4.42000E-01
n-O016-MT151-Pisent-225280051.1963                               3 4.42000E-01 1.31800E+00
n-O016-MT151-Pisent-225280052.1963                               3 4.42000E-01 1.31800E+00
n-O016-MT151-Schouky-20955002.1977                              30 1.00000E+00 5.99600E+00
n-O016-MT151-Striebel-11379003.1958                              2 1.00000E+00 1.31200E+00
n-O016-MT151-Walton-11400004.1957                                4 3.75000E+00 4.44000E+00
