#              Filename                                         N    min         max
d-C012-MT089-Azimov-A1127006-E0015.250.1975                     39 9.89117E-02 9.25000E+01
d-C012-MT089-Bailey-F0965002-E0000.858.1948                      1 0.00000E+00 9.00000E+01
d-C012-MT089-Bailey-F0965002-E0000.859.1948                      1 0.00000E+00 9.00000E+01
d-C012-MT089-Bailey-F0965002-E0000.888.1948                      1 0.00000E+00 9.00000E+01
d-C012-MT089-Bailey-F0965002-E0000.894.1948                      1 0.00000E+00 9.00000E+01
d-C012-MT089-Bailey-F0965002-E0000.909.1948                      1 0.00000E+00 9.00000E+01
d-C012-MT089-Bailey-F0965002-E0000.930.1948                      1 0.00000E+00 9.00000E+01
d-C012-MT089-Bailey-F0965002-E0000.938.1948                      1 0.00000E+00 0.00000E+00
d-C012-MT089-Bonner-F0985005-E0002.784.1956                     99 0.00000E+00 0.00000E+00
d-C012-MT089-Chudleigh-F0410003-E0000.500.1969                  15 9.89117E-02 1.40200E+02
d-C012-MT089-Chudleigh-F0410003-E0000.600.1969                  15 9.89117E-02 1.51300E+02
d-C012-MT089-Davis-F0803002-E0003.713.1972                     152 0.00000E+00 0.00000E+00
d-C012-MT089-Davis-F0803003-E0007.000.1972                      23 1.10003E+00 1.49600E+02
d-C012-MT089-Davis-F0803003-E0008.000.1972                      20 1.39998E+00 1.50700E+02
d-C012-MT089-Davis-F0803003-E0009.000.1972                      20 5.00068E-01 1.52000E+02
d-C012-MT089-Davis-F0803003-E0010.500.1972                       7 5.00068E-01 2.96000E+01
d-C012-MT089-Davis-F0803003-E0012.000.1972                       6 5.99705E-01 2.52000E+01
d-C012-MT089-Kadirov-F0403004-E0018.000.1987                    32 9.89117E-02 1.01600E+02
d-C012-MT089-Kayumov-A1301004-E0018.000.1988                    32 3.00014E-01 1.00900E+02
d-C012-MT089-Lee-C1903002-E0025.179.2011                         7 1.02000E+01 7.15000E+01
d-C012-MT089-Mutchler-F0449004-E0011.800.1971                   34 1.14000E+01 1.30800E+02
d-C012-MT089-Schelin-F0806002-E0010.607.1984                    26 2.50000E+01 2.50000E+01
d-C012-MT089-Schelin-F0806004-E0007.000.1984                     9 9.90000E+00 1.49200E+02
d-C012-MT089-Schelin-F0806004-E0009.100.1984                    15 9.90000E+00 1.60600E+02
d-C012-MT089-Schelin-F0806004-E0013.000.1984                     9 9.40003E+00 1.31400E+02
d-C012-MT089-Schelin-F0806006-E0012.400.1984                    33 1.46000E+01 1.31500E+02
