#              Filename                                         N    min         max
a-Ne020-MT002-Abegg-C0100002-ang-E0003.803.1991                679 4.50000E+01 4.50000E+01
a-Ne020-MT002-Abegg-C0100003-ang-E0003.803.1991                618 5.00000E+01 5.00000E+01
a-Ne020-MT002-Abegg-C0100004-ang-E0003.803.1991                802 6.00000E+01 6.00000E+01
a-Ne020-MT002-Abegg-C0100005-ang-E0003.803.1991                716 6.50000E+01 6.50000E+01
a-Ne020-MT002-Abegg-C0100006-ang-E0003.803.1991                802 7.50000E+01 7.50000E+01
a-Ne020-MT002-Abegg-C0100007-ang-E0003.803.1991                802 8.00000E+01 8.00000E+01
a-Ne020-MT002-Abegg-C0100008-ang-E0003.803.1991                802 9.00000E+01 9.00000E+01
a-Ne020-MT002-Abegg-C0100009-ang-E0003.803.1991                802 9.50000E+01 9.50000E+01
a-Ne020-MT002-Abegg-C0100010-ang-E0003.803.1991                767 1.05000E+02 1.05000E+02
a-Ne020-MT002-Abegg-C0100011-ang-E0003.803.1991                795 1.15000E+02 1.15000E+02
a-Ne020-MT002-Abegg-C0100012-ang-E0003.803.1991                734 1.20000E+02 1.20000E+02
a-Ne020-MT002-Abegg-C0100013-ang-E0003.803.1991                747 1.30000E+02 1.30000E+02
a-Ne020-MT002-Abegg-C0100014-ang-E0003.803.1991                802 1.35000E+02 1.35000E+02
a-Ne020-MT002-Abegg-C0100015-ang-E0003.803.1991                774 1.50000E+02 1.50000E+02
a-Ne020-MT002-Abegg-C0100016-ang-E0003.803.1991                802 1.60000E+02 1.60000E+02
a-Ne020-MT002-Abegg-C0100017-ang-E0003.803.1991                802 1.65000E+02 1.65000E+02
a-Ne020-MT002-Abele-D0146012-ang-E0054.100.1987                126 1.03000E+01 1.62300E+02
a-Ne020-MT002-Adachi-E2635003-ang-E0386.000.2018                50 4.19997E+00 2.29000E+01
a-Ne020-MT002-Burtebayev-D09070021-ang-E0048.800.2018           71 1.00000E+01 1.70000E+02
a-Ne020-MT002-Cowley-F0519002-ang-E0024.670.1978                44 1.77000E+02 1.77000E+02
a-Ne020-MT002-Cowley-F0519004-ang-E0025.800.1978                65 1.24900E+01 1.77700E+02
a-Ne020-MT002-Cowley-F0519004-ang-E0027.000.1978                72 1.20800E+01 1.77100E+02
a-Ne020-MT002-Cowley-F0519004-ang-E0031.100.1978                64 1.20800E+01 1.77500E+02
a-Ne020-MT002-Davis-C0798002-ang-E0013.875.1981               1008 7.00000E+01 1.70000E+02
a-Ne020-MT002-England-F0356005-ang-E0020.200.1977               61 1.23000E+01 1.68300E+02
a-Ne020-MT002-England-F0356005-ang-E0020.600.1977               62 1.23000E+01 1.68300E+02
a-Ne020-MT002-England-F0356005-ang-E0021.900.1977               59 1.23000E+01 1.68100E+02
a-Ne020-MT002-England-F0356005-ang-E0022.500.1977               62 1.21000E+01 1.68000E+02
a-Ne020-MT002-England-F0356005-ang-E0023.000.1977               62 1.21000E+01 1.68600E+02
a-Ne020-MT002-Frickey-T0238002-ang-E0015.800.1971              229 2.85000E+01 1.73800E+02
a-Ne020-MT002-Frickey-T0238004-ang-E0015.800.1971              395 3.23000E+01 7.87000E+01
a-Ne020-MT002-Kokame-E2246008-ang-E0027.300.1965                21 1.19000E+01 6.15000E+01
a-Ne020-MT002-Kokane-E2168003-ang-E0027.365.1964                21 1.19000E+01 6.26000E+01
a-Ne020-MT002-Labie-F0662002-ang-E0022.500.1970                 22 1.52000E+01 8.01000E+01
a-Ne020-MT002-Rebel-D0215002-ang-E0104.000.1972                102 4.40002E+00 6.00000E+01
a-Ne020-MT002-Reed-C1187004-ang-E0033.000.1968                 120 1.04000E+01 1.50600E+02
a-Ne020-MT002-Reed-C1187004-ang-E0050.900.1968                  73 1.19000E+01 1.59400E+02
a-Ne020-MT002-Reed-C1187004-ang-E0080.800.1968                  45 1.19000E+01 1.17900E+02
a-Ne020-MT002-Takeda-F0512002-ang-E0020.158.1971                53 1.75500E+02 1.75500E+02
a-Ne020-MT002-Takeda-F0512004-ang-E0020.460.1971                84 8.19997E+00 1.79901E+02
a-Ne020-MT002-Takeda-F0512004-ang-E0020.620.1971                86 8.19997E+00 1.79300E+02
a-Ne020-MT002-Takeda-F0512004-ang-E0021.080.1971                87 7.79996E+00 1.77700E+02
a-Ne020-MT002-Takeda-F0512004-ang-E0021.430.1971                84 7.79996E+00 1.76900E+02
a-Ne020-MT002-Takeda-F0512004-ang-E0021.770.1971                82 8.99997E+00 1.76900E+02
a-Ne020-MT002-Takeda-F0512004-ang-E0022.020.1971                83 7.79996E+00 1.75200E+02
a-Ne020-MT002-Takeda-F0512004-ang-E0022.880.1971                83 6.79999E+00 1.75900E+02
a-Ne020-MT002-Takeda-F0512004-ang-E0023.320.1971                85 6.79999E+00 1.74300E+02
