#              Filename                                         N    min         max
p-S032-MT651-Burcher-C2746002-E0033.000.2022                     9 2.10400E+01 3.70500E+01
p-S032-MT651-Burcher-C2746003-E0033.000.2022                    14 2.10000E+01 4.69800E+01
p-S032-MT651-Burcher-C2746004-E0033.000.2022                    14 2.10300E+01 4.70600E+01
p-S032-MT651-Ma-C1582002-E0032.000.2007                          2 1.85700E+01 2.19600E+01
p-S032-MT651-Ma-C1582003-E0032.000.2007                          8 1.86900E+01 5.07100E+01
p-S032-MT651-Ma-C1582004-E0032.000.2007                         12 1.88700E+01 4.30500E+01
p-S032-MT651-Ma-C1582005-E0032.000.2007                         14 1.89300E+01 5.08800E+01
p-S032-MT651-Ma-C1582006-E0032.000.2007                          6 1.89400E+01 4.82400E+01
p-S032-MT651-Ma-C1582007-E0032.000.2007                         15 2.08900E+01 5.10800E+01
p-S032-MT651-Ma-C1582008-E0032.000.2007                         15 1.89400E+01 5.10600E+01
p-S032-MT651-Ma-C1582009-E0032.000.2007                         10 1.89400E+01 5.11300E+01
p-S032-MT651-Ma-C1582010-E0032.000.2007                          8 1.90800E+01 5.14100E+01
p-S032-MT651-Ma-C1582011-E0032.000.2007                         16 1.91100E+01 5.13900E+01
p-S032-MT651-Ma-C1582012-E0032.000.2007                         14 1.49700E+01 5.53600E+01
p-S032-MT651-Ma-C1582013-E0032.000.2007                         11 1.89400E+01 5.13900E+01
p-S032-MT651-Ma-C1582014-E0032.000.2007                         10 1.91000E+01 5.15000E+01
p-S032-MT651-Ma-C1582015-E0032.000.2007                         12 2.10200E+01 5.15400E+01
p-S032-MT651-Ma-C1582016-E0032.000.2007                         10 2.76246E-01 3.85500E+01
