#              Filename                                         N    min         max
h-O016-MT800-Alford-F1066002-E0008.000.1965                     35 3.89998E+00 1.73000E+02
h-O016-MT800-Alford-F1066002-E0008.500.1965                     33 3.40001E+00 1.74300E+02
h-O016-MT800-Alford-F1066002-E0009.000.1965                     41 3.40001E+00 1.72300E+02
h-O016-MT800-Alford-F1066002-E0009.420.1965                     42 2.50006E+00 1.74400E+02
h-O016-MT800-Alford-F1066002-E0010.000.1965                     53 2.50006E+00 1.71500E+02
h-O016-MT800-Alford-F1066003-E0008.008.1965                      1 4.50000E+01 7.50000E+01
h-O016-MT800-Alford-F1066003-E0008.020.1965                      1 7.50000E+01 1.50000E+02
h-O016-MT800-Alford-F1066003-E0008.020A001.1965                  1 4.50000E+01 1.50000E+02
h-O016-MT800-Alford-F1066003-E0008.039.1965                      1 4.50000E+01 7.50000E+01
h-O016-MT800-Alford-F1066003-E0008.041.1965                      1 7.50000E+01 1.50000E+02
h-O016-MT800-Alford-F1066003-E0008.041A001.1965                  1 7.50000E+01 1.50000E+02
h-O016-MT800-Alford-F1066003-E0008.062.1965                      1 4.50000E+01 7.50000E+01
h-O016-MT800-Alford-F1066003-E0008.071.1965                      1 4.50000E+01 7.50000E+01
h-O016-MT800-Alford-F1066003-E0008.077.1965                      1 7.50000E+01 1.50000E+02
h-O016-MT800-Alford-F1066003-E0008.090.1965                      1 4.50000E+01 1.50000E+02
h-O016-MT800-Alford-F1066003-E0008.094.1965                      1 4.50000E+01 7.50000E+01
h-O016-MT800-Alford-F1066003-E0008.109.1965                      1 4.50000E+01 7.50000E+01
h-O016-MT800-Alford-F1066003-E0008.115.1965                      1 4.50000E+01 1.50000E+02
h-O016-MT800-Alford-F1066003-E0008.117.1965                      1 7.50000E+01 1.50000E+02
h-O016-MT800-Alford-F1066003-E0008.127.1965                      1 4.50000E+01 7.50000E+01
h-O016-MT800-Alford-F1066003-E0008.135.1965                      1 4.50000E+01 1.50000E+02
h-O016-MT800-Alford-F1066003-E0008.143.1965                      1 7.50000E+01 1.50000E+02
h-O016-MT800-Alford-F1066003-E0008.148.1965                      1 4.50000E+01 7.50000E+01
h-O016-MT800-Alford-F1066003-E0008.156.1965                      1 4.50000E+01 7.50000E+01
h-O016-MT800-Alford-F1066003-E0008.169.1965                      1 4.50000E+01 7.50000E+01
h-O016-MT800-Alford-F1066003-E0008.182.1965                      1 4.50000E+01 1.50000E+02
h-O016-MT800-Alford-F1066003-E0008.184.1965                      1 7.50000E+01 1.50000E+02
h-O016-MT800-Alford-F1066003-E0008.197.1965                      1 4.50000E+01 7.50000E+01
h-O016-MT800-Alford-F1066003-E0008.200.1965                      1 4.50000E+01 1.50000E+02
h-O016-MT800-Alford-F1066003-E0008.218.1965                      1 7.50000E+01 1.50000E+02
h-O016-MT800-Alford-F1066003-E0008.218A001.1965                  1 4.50000E+01 7.50000E+01
h-O016-MT800-Alford-F1066003-E0008.226.1965                      1 4.50000E+01 4.50000E+01
h-O016-MT800-Artemov-F0308009-E0016.600.1965                    24 1.20000E+01 6.98000E+01
h-O016-MT800-Artemov-F0308009-E0025.800.1965                    39 1.09000E+01 1.09500E+02
h-O016-MT800-Artemov-F0308009-E0036.600.1965                    37 1.09000E+01 8.98000E+01
h-O016-MT800-Elbedewi-R0016008-E0015.000.1974                   21 7.60001E+00 1.55500E+02
h-O016-MT800-Fuchs-F0883003-E0024.000.1973                      50 9.90000E+00 1.52900E+02
h-O016-MT800-Fuchs-F0883003-E0028.000.1973                      55 9.90000E+00 1.52900E+02
h-O016-MT800-Gerlic-D0243003-E0216.000.1974                     28 4.90001E+00 2.57000E+01
h-O016-MT800-Lennard-C0198003-E0002.392.1989                     4 9.34000E+01 1.53700E+02
h-O016-MT800-Silverstein-C1008006-E0002.070.1961                 1 9.36000E+01 9.37000E+01
h-O016-MT800-Silverstein-C1008006-E0002.153.1961                 1 9.36000E+01 9.36000E+01
