#              Filename                                         N    min         max
p-N015-MT801-Bashkin-C1988003-E0000.976.1959                   132 1.59500E+02 1.59500E+02
p-N015-MT801-Bashkin-C1988007-E0000.976.1959                    29 9.00000E+01 9.00000E+01
p-N015-MT801-Bashkin-C1988009-E0001.585.1959                    95 8.62000E+01 8.62000E+01
p-N015-MT801-Frawley-D0460003-E0002.880.1978                    11 2.09000E+01 1.62400E+02
p-N015-MT801-Frawley-D0460003-E0002.920.1978                    11 2.07000E+01 1.61500E+02
p-N015-MT801-Frawley-D0460003-E0002.960.1978                    10 2.05000E+01 1.62100E+02
p-N015-MT801-Frawley-D0460003-E0002.980.1978                    10 2.05000E+01 1.61800E+02
p-N015-MT801-Frawley-D0460003-E0003.000.1978                    10 2.05000E+01 1.61500E+02
p-N015-MT801-Frawley-D0460003-E0003.040.1978                    10 2.05000E+01 1.60500E+02
p-N015-MT801-Frawley-D0460003-E0003.080.1978                    10 2.05000E+01 1.60800E+02
p-N015-MT801-Frawley-D0460003-E0003.120.1978                    10 2.04000E+01 1.59800E+02
p-N015-MT801-Frawley-D0460003-E0003.160.1978                    10 2.04000E+01 1.59800E+02
p-N015-MT801-Frawley-D0460003-E0003.200.1978                    10 2.03000E+01 1.59200E+02
p-N015-MT801-Frawley-D0460003-E0003.240.1978                    10 1.96000E+01 1.61700E+02
p-N015-MT801-Frawley-D0460003-E0003.280.1978                    10 1.96000E+01 1.61700E+02
p-N015-MT801-Frawley-D0460003-E0003.320.1978                    10 2.02000E+01 1.61300E+02
p-N015-MT801-Frawley-D0460003-E0003.360.1978                    10 2.03000E+01 1.61700E+02
p-N015-MT801-Frawley-D0460003-E0003.400.1978                    10 1.99000E+01 1.61700E+02
p-N015-MT801-Frawley-D0460003-E0003.440.1978                    10 1.99000E+01 1.61400E+02
p-N015-MT801-Frawley-D0460003-E0003.480.1978                    10 1.95000E+01 1.61600E+02
p-N015-MT801-Frawley-D0460003-E0003.520.1978                    10 1.95000E+01 1.61000E+02
p-N015-MT801-Frawley-D0460003-E0003.560.1978                    10 1.97000E+01 1.61400E+02
p-N015-MT801-Frawley-D0460003-E0003.600.1978                    10 1.97000E+01 1.61000E+02
p-N015-MT801-Frawley-D0460003-E0003.640.1978                    10 2.03000E+01 1.61400E+02
p-N015-MT801-Guazzoni-O0323037-E0019.850.1971                   26 1.50000E+01 1.68200E+02
p-N015-MT801-Guazzoni-O0323038-E0025.200.1971                   27 1.60000E+01 1.68100E+02
p-N015-MT801-Guazzoni-O0323039-E0029.850.1971                   25 1.55000E+01 1.68800E+02
p-N015-MT801-Guazzoni-O0323040-E0035.050.1971                   25 1.56000E+01 1.68200E+02
p-N015-MT801-Guazzoni-O0323041-E0039.650.1971                   27 1.52000E+01 1.68000E+02
p-N015-MT801-Guazzoni-O0323042-E0043.350.1971                   25 1.57000E+01 1.68700E+02
p-N015-MT801-Leavitt-T0082002-E0000.426.1983                    88 1.07000E+02 1.56500E+02
p-N015-MT801-Nonaka-E1949006-E0009.090.1967                     60 6.00000E+01 6.00000E+01
p-N015-MT801-Nonaka-E1949007-E0009.180.1967                     51 9.00000E+01 9.00000E+01
p-N015-MT801-Nonaka-E1949008-E0009.090.1967                     41 1.20000E+02 1.20000E+02
p-N015-MT801-Nonaka-E1949009-E0009.280.1967                      9 1.50000E+02 1.50000E+02
p-N015-MT801-Nonaka-E1949038-E0010.270.1967                      9 2.04000E+01 1.01400E+02
p-N015-MT801-Nonaka-E1949039-E0010.680.1967                     13 1.53000E+01 1.06300E+02
p-N015-MT801-Nonaka-E1949040-E0010.780.1967                     10 2.04000E+01 1.11300E+02
p-N015-MT801-Nonaka-E1949041-E0011.080.1967                     18 1.53000E+01 1.40900E+02
p-N015-MT801-Nonaka-E1949042-E0011.590.1967                     13 1.53000E+01 1.21200E+02
p-N015-MT801-Nonaka-E1949043-E0011.970.1967                     16 1.53000E+01 1.31000E+02
p-N015-MT801-Nonaka-E1949044-E0012.160.1967                     16 1.53000E+01 1.21100E+02
p-N015-MT801-Nonaka-E1949045-E0012.370.1967                     19 1.53000E+01 1.31000E+02
p-N015-MT801-Nonaka-E1949046-E0012.770.1967                     19 1.53000E+01 1.31000E+02
p-N015-MT801-Nonaka-E1949047-E0013.160.1967                     19 1.53000E+01 1.40800E+02
p-N015-MT801-Nonaka-E1949048-E0013.570.1967                     17 1.53000E+01 1.40800E+02
p-N015-MT801-Nonaka-E1949049-E0013.960.1967                     19 1.53000E+01 1.60400E+02
p-N015-MT801-Nonaka-E1949050-E0014.550.1967                     16 2.03000E+01 1.40800E+02
p-N015-MT801-Nonaka-E1949051-E0015.160.1967                     14 2.03000E+01 1.50600E+02
p-N015-MT801-Nurmukhanbetova-D0876004-E0000.831.2017           602 1.80000E+02 1.80000E+02
p-N015-MT801-Zyskind-C0645002-E0000.093.1979                    21 1.35000E+02 1.35000E+02
