#              Filename                                         N    min         max     
p-Fe000-rp027057-Michel-A01000071.1985                          19 7.90000E+01 1.99800E+02
p-Fe000-rp027057-Michel-A01450077.1980                           6 3.44000E+00 1.60600E+01
p-Fe000-rp027057-Michel-A0146011.1979                           18 1.34300E+01 4.45300E+01
p-Fe000-rp027057-Dittrich-A0408011.1988                          1 6.00000E+02 6.00000E+02
p-Fe000-rp027057-Aleksandrov-A0501033.1990                       1 1.00000E+03 1.00000E+03
p-Fe000-rp027057-ZhaoWenrongg-A06000027.1993                    24 4.66700E+00 1.88640E+01
p-Fe000-rp027057-Brodzinski-C02720021.1971                       3 1.41000E+01 4.50000E+01
p-Fe000-rp027057-Alabyad-D0500004.2009                          20 1.80000E+00 1.85000E+01
p-Fe000-rp027057-Sudar-D4018003.1994                            26 3.54000E+00 1.41200E+01
p-Fe000-rp027057-Jung-D40580422.1991                             3 7.50000E+00 2.38000E+01
p-Fe000-rp027057-Ditroi-D4181004.2004                            5 4.20000E+01 5.59000E+01
p-Fe000-rp027057-Lawriniang-D6328003.2018                        5 5.89000E+00 1.99900E+01
p-Fe000-rp027057-Kim-D7007008.2014                              24 4.30000E-01 4.03000E+01
p-Fe000-rp027057-Michel-O00780190.1989                           1 6.00000E+02 6.00000E+02
p-Fe000-rp027057-Michel-O0276076.1997                           67 5.68000E+00 1.77000E+02
p-Fe000-rp027057-Michel-O0277122.1995                            4 8.00000E+02 2.60000E+03
p-Fe000-rp027057-Schiekel-O0284065.1996                         12 2.14000E+02 3.99000E+02
p-Fe000-rp027057-Aleksandrov-O0376002.1989                       1 1.00000E+03 1.00000E+03
p-Fe000-rp027057-Daum-O0498007.1997                              5 1.06000E+01 2.99000E+01
p-Fe000-rp027057-Gloris-O1881023.1998                           32 8.43000E+01 2.53000E+03
p-Fe000-rp027057-Neumann-O1882026.1999                           4 2.78000E+02 2.60000E+03
p-Fe000-rp027057-Uddin-O2373003.2017                            39 2.40000E+00 1.57000E+01
p-Fe000-rp027057-Orth-T0131004.1976                              1 5.90000E+02 5.90000E+02
p-Fe000-rp027057-Schoen-T0276003.1979                           11 5.80000E+00 3.00000E+01
