#              Filename                                         N    min         max
n-O000-MT001-Adair-11249003.1949                                44 2.11670E-02 5.83694E-01
n-O000-MT001-Ageno-21263002.1953                                 1 1.40000E+01 1.40000E+01
n-O000-MT001-Ansorge-31831003.2020                               4 1.88000E+01 2.70000E+01
n-O000-MT001-Ashmore-21680005.1957                               1 3.51200E+02 3.51200E+02
n-O000-MT001-Auman-10230005.1972                                 7 2.92500E+01 5.89000E+01
n-O000-MT001-Auman-10230005A001.1972                             7 2.92500E+01 5.89000E+01
n-O000-MT001-Becker-11093008.1956                              110 4.36000E+00 8.58500E+00
n-O000-MT001-Becker-11093008A001.1956                          110 4.36000E+00 8.58500E+00
n-O000-MT001-Block-20420004.1975                                 1 2.35000E-02 2.35000E-02
n-O000-MT001-Bockelman-11048012.1951                           162 1.24000E+00 3.47000E+00
n-O000-MT001-Bockelman-11048012A001.1951                       162 1.24000E+00 3.47000E+00
n-O000-MT001-Bockelman-11208004.1950                            70 6.15000E-01 1.42000E+00
n-O000-MT001-Bockelman-11208004A001.1950                        70 6.15000E-01 1.42000E+00
n-O000-MT001-Chasejr-11350010.1961                               6 4.99000E+00 1.16000E+01
n-O000-MT001-Cierjacks-20010003.1968                          4305 6.70350E-01 3.19830E+01
n-O000-MT001-Cierjacks-20742003.1980                         21058 3.13670E+00 3.20000E+01
n-O000-MT001-Cook-11074009.1954                                  8 1.41000E+01 1.80000E+01
n-O000-MT001-Cook-11074009A001.1954                              8 1.41000E+01 1.80000E+01
n-O000-MT001-Cook-11146008.1949                                  1 8.30000E+01 8.30000E+01
n-O000-MT001-Cook-11146008A001.1949                              1 8.30000E+01 8.30000E+01
n-O000-MT001-Culler-11088005.1955                                4 9.34000E+01 1.06800E+02
n-O000-MT001-Culler-11088005A001.1955                            4 9.34000E+01 1.06800E+02
n-O000-MT001-Dejuren-11174009.1950                               1 9.50000E+01 9.50000E+01
n-O000-MT001-Dejuren-11174009A001.1950                           1 9.50000E+01 9.50000E+01
n-O000-MT001-Dejuren-11176005.1950                               1 2.70000E+02 2.70000E+02
n-O000-MT001-Dejuren-11176005A001.1950                           1 2.70000E+02 2.70000E+02
n-O000-MT001-Ergashev-31847003.2021                              1 1.41000E+01 1.41000E+01
n-O000-MT001-Fields-11260005.1947                                6 2.40000E-02 8.30000E-01
n-O000-MT001-Finlay-13569005.1993                              474 5.29253E+00 5.99640E+02
n-O000-MT001-Fossan-11256017.1961                              373 3.37100E+00 1.59100E+01
n-O000-MT001-Fowler-10137004.1973                               41 2.21910E+00 2.71260E+00
n-O000-MT001-Fowler-10137004A001.1973                           41 2.21910E+00 2.71260E+00
n-O000-MT001-Fowler-10137005.1973                              538 5.98300E-01 4.32950E+00
n-O000-MT001-Fowler-10137005A001.1973                          538 5.98300E-01 4.32950E+00
n-O000-MT001-Fox-11175007.1950                                   1 2.70000E+02 2.70000E+02
n-O000-MT001-Fox-11175007A001.1950                               1 2.70000E+02 2.70000E+02
n-O000-MT001-Franz-22117004.1988                                22 1.60000E+02 5.75000E+02
n-O000-MT001-Freier-11294003.1950                               53 2.57300E+00 4.80800E+00
n-O000-MT001-Goodman-11057006.1952                               1 1.40000E+01 1.40000E+01
n-O000-MT001-Goodman-11057006A001.1952                           1 1.40000E+01 1.40000E+01
n-O000-MT001-Henkel-11279003.1952                              114 3.76000E+00 7.26000E+00
n-O000-MT001-Hibdon-11261005.1949                                2 1.20000E-04 3.45000E-04
n-O000-MT001-Hildebrand-11039009.1950                            1 4.20000E+01 4.20000E+01
n-O000-MT001-Hildebrand-11039009A001.1950                        1 4.20000E+01 4.20000E+01
n-O000-MT001-Hillman-11081007.1954                               2 4.75000E+01 8.80000E+01
n-O000-MT001-Hillman-11081007A001.1954                           2 4.75000E+01 8.80000E+01
n-O000-MT001-Johnson-10992002.1979                              66 2.03200E+00 2.99000E+00
n-O000-MT001-Johnson-10992002A001.1979                          66 2.03200E+00 2.99000E+00
n-O000-MT001-Johnson-10992003.1979                               1 2.35150E+00 2.35150E+00
n-O000-MT001-Johnson-10992003A001.1979                           1 2.35150E+00 2.35150E+00
n-O000-MT001-Johnson-10992004.1979                              46 2.16800E+00 2.57200E+00
n-O000-MT001-Johnson-10992004A001.1979                          46 2.16800E+00 2.57200E+00
n-O000-MT001-Johnson-11419003.1967                              54 3.33400E+00 3.86400E+00
n-O000-MT001-Jonesjr-11432002.1948                              12 2.70000E-06 1.10000E-04
n-O000-MT001-Jonesjr-114320061.1948                              1 8.00000E-07 8.00000E-07
n-O000-MT001-Junghans-237550042.2020                          3873 1.00040E-01 1.19440E+01
n-O000-MT001-Kalyna-10197003.1970                                1 2.37000E+00 2.37000E+00
n-O000-MT001-Kalyna-10197003A001.1970                            1 2.37000E+00 2.37000E+00
n-O000-MT001-Koester-22217006.1990                               1 1.97000E-03 1.97000E-03
n-O000-MT001-Ladenburg-13790005.1937                             1 2.44000E+00 2.44000E+00
n-O000-MT001-Larson-12882004.1980                              670 1.99520E+00 6.91300E+01
n-O000-MT001-Manero-20170002.1968                               88 3.32000E+00 5.21000E+00
n-O000-MT001-Melkonian-11150005.1949                            65 3.10000E-09 2.34000E-03
n-O000-MT001-Melkonian-11150005A001.1949                        65 3.10000E-09 2.34000E-03
n-O000-MT001-Meyer-12641006.1951                                 2 1.42150E+01 1.42150E+01
n-O000-MT001-Mooring-11197009.1966                              50 3.31100E-03 4.90066E-01
n-O000-MT001-Mooring-11197009A001.1966                          50 3.31100E-03 4.90066E-01
n-O000-MT001-Moxon-21676006.1974                                 1 2.50000E-06 2.50000E-06
n-O000-MT001-Nedzel-13568006.1954                                1 4.10000E+02 4.10000E+02
n-O000-MT001-Nereson-11060005.1953                              29 2.93300E+00 1.30800E+01
n-O000-MT001-Nereson-11060005A001.1953                          29 2.93300E+00 1.30800E+01
n-O000-MT001-Nereson-11060015.1953                              33 2.90700E+00 1.30930E+01
n-O000-MT001-Nereson-11060015A001.1953                          33 2.90700E+00 1.30930E+01
n-O000-MT001-Nuckolls-11142005.1946                             15 3.50000E-01 6.00000E+00
n-O000-MT001-Nuckolls-11142005A001.1946                         15 3.50000E-01 6.00000E+00
n-O000-MT001-Okazaki-11392002.1955                              34 2.14000E-01 6.86000E-01
n-O000-MT001-Palevsky-11428002.1955                             12 8.10000E-10 3.24000E-09
n-O000-MT001-Perey-10377003.1972                              3688 1.87380E-01 4.86700E+01
n-O000-MT001-Perey-10377003A001.1972                          3688 1.87380E-01 4.86700E+01
n-O000-MT001-Peterson-11108009.1960                              4 1.80000E+01 2.76000E+01
n-O000-MT001-Peterson-11108009A001.1960                          4 1.80000E+01 2.76000E+01
n-O000-MT001-Poss-11053006.1952                                  1 1.41000E+01 1.41000E+01
n-O000-MT001-Poss-11053006A001.1952                              1 1.41000E+01 1.41000E+01
n-O000-MT001-Pruitt-14661010.2020                              500 3.00567E+00 4.83080E+02
n-O000-MT001-Schrack-10177002.1972                            3449 4.98700E-01 2.04600E+01
n-O000-MT001-Schrack-10177002A001.1972                        3449 4.98700E-01 2.04600E+01
n-O000-MT001-Sherr-11138004.1945                                 1 2.54000E+01 2.54000E+01
n-O000-MT001-Sherr-11138004A001.1945                             1 2.54000E+01 2.54000E+01
n-O000-MT001-Striebel-11379002.1958                             73 6.10000E-01 1.43000E+00
n-O000-MT001-Tsukada-20288003.1960                              92 3.37000E+00 5.07000E+00
n-O000-MT001-Tsukada-20288004.1960                               9 3.72600E+00 3.77600E+00
n-O000-MT001-Walton-11400003.1957                               47 3.41000E+00 4.45000E+00
n-O000-MT001-Zinn-11136007.1939                                  2 2.46000E+00 2.88000E+00
n-O000-MT001-Zinn-11136007A001.1939                              2 2.46000E+00 2.88000E+00
