#              Filename                                         N    min         max
p-Na020-MT002-Murphy-C1496002-ang-E0000.735.2006                 3 5.09997E+00 9.60001E+00
p-Na020-MT002-Murphy-C1496002-ang-E0000.737.2006                 2 5.09997E+00 8.69999E+00
p-Na020-MT002-Murphy-C1496002-ang-E0000.738.2006                 1 6.90001E+00 8.69999E+00
p-Na020-MT002-Murphy-C1496002-ang-E0000.739.2006                 1 5.09997E+00 8.69999E+00
p-Na020-MT002-Murphy-C1496002-ang-E0000.740.2006                 1 5.09997E+00 9.60001E+00
p-Na020-MT002-Murphy-C1496002-ang-E0000.741.2006                 1 5.99999E+00 9.60001E+00
p-Na020-MT002-Murphy-C1496002-ang-E0000.742.2006                 3 5.99999E+00 7.79996E+00
p-Na020-MT002-Murphy-C1496002-ang-E0000.746.2006                 1 5.09997E+00 6.90001E+00
p-Na020-MT002-Murphy-C1496002-ang-E0000.746A001.2006             2 5.09997E+00 9.60001E+00
p-Na020-MT002-Murphy-C1496002-ang-E0000.747.2006                 1 7.79996E+00 9.60001E+00
p-Na020-MT002-Murphy-C1496002-ang-E0000.749.2006                 2 5.99999E+00 8.69999E+00
p-Na020-MT002-Murphy-C1496002-ang-E0000.750.2006                 1 5.99999E+00 8.69999E+00
p-Na020-MT002-Murphy-C1496002-ang-E0000.751.2006                 2 5.09997E+00 9.60001E+00
p-Na020-MT002-Murphy-C1496002-ang-E0000.752.2006                 3 5.09997E+00 7.79996E+00
p-Na020-MT002-Murphy-C1496002-ang-E0000.757.2006                 2 5.09997E+00 9.60001E+00
p-Na020-MT002-Murphy-C1496002-ang-E0000.758.2006                 3 5.09997E+00 8.69999E+00
p-Na020-MT002-Murphy-C1496002-ang-E0000.760.2006                 1 5.09997E+00 8.69999E+00
p-Na020-MT002-Murphy-C1496002-ang-E0000.761.2006                 1 5.09997E+00 6.90001E+00
p-Na020-MT002-Murphy-C1496002-ang-E0000.762.2006                 1 5.99999E+00 6.90001E+00
p-Na020-MT002-Murphy-C1496002-ang-E0000.763.2006                 2 5.99999E+00 8.69999E+00
p-Na020-MT002-Murphy-C1496002-ang-E0000.765.2006                 2 7.79996E+00 9.60001E+00
p-Na020-MT002-Murphy-C1496002-ang-E0000.766.2006                 1 6.90001E+00 8.69999E+00
p-Na020-MT002-Murphy-C1496002-ang-E0000.767.2006                 1 5.99999E+00 6.90001E+00
p-Na020-MT002-Murphy-C1496002-ang-E0000.767A001.2006             1 5.99999E+00 7.79996E+00
p-Na020-MT002-Murphy-C1496002-ang-E0000.768.2006                 2 5.09997E+00 9.60001E+00
p-Na020-MT002-Murphy-C1496002-ang-E0000.769.2006                 1 5.09997E+00 6.90001E+00
p-Na020-MT002-Murphy-C1496002-ang-E0000.773.2006                 1 5.09997E+00 6.90001E+00
p-Na020-MT002-Murphy-C1496002-ang-E0000.774.2006                 2 5.09997E+00 8.69999E+00
p-Na020-MT002-Murphy-C1496002-ang-E0000.775.2006                 3 5.99999E+00 9.60001E+00
p-Na020-MT002-Murphy-C1496002-ang-E0000.778.2006                 3 5.99999E+00 9.60001E+00
p-Na020-MT002-Murphy-C1496002-ang-E0000.779.2006                 2 5.09997E+00 7.79996E+00
p-Na020-MT002-Murphy-C1496002-ang-E0000.779A001.2006             2 5.09997E+00 5.09997E+00
