#              Filename                                         N    min         max
p-Mo096-MT651-Sultana-E1913002-E0050.000.2004                   12 7.99998E+00 4.80000E+01
p-Mo096-MT651-Sultana-E1913003-E0050.000.2004                   12 7.99998E+00 4.80000E+01
p-Mo096-MT651-Sultana-E1913004-E0050.000.2004                   12 7.99998E+00 4.80000E+01
p-Mo096-MT651-Sultana-E1913005-E0050.000.2004                   12 7.99998E+00 4.80000E+01
p-Mo096-MT651-Sultana-E1913006-E0050.000.2004                   12 7.99998E+00 4.80000E+01
p-Mo096-MT651-Sultana-E1913007-E0050.000.2004                   12 7.99998E+00 4.80000E+01
p-Mo096-MT651-Sultana-E1913008-E0050.000.2004                   12 7.99998E+00 4.80000E+01
p-Mo096-MT651-Sultana-E1913016-E0050.000.2004                   12 7.99998E+00 4.80000E+01
p-Mo096-MT651-Sultana-E1913017-E0050.000.2004                   12 7.99998E+00 4.80000E+01
p-Mo096-MT651-Sultana-E1913018-E0050.000.2004                   12 7.99998E+00 4.80000E+01
p-Mo096-MT651-Sultana-E1913019-E0050.000.2004                   12 7.99998E+00 4.80000E+01
p-Mo096-MT651-Sultana-E1913020-E0050.000.2004                   12 7.99998E+00 4.80000E+01
p-Mo096-MT651-Sultana-E1913026-E0050.000.2004                   12 7.99998E+00 4.80000E+01
p-Mo096-MT651-Sultana-E1913027-E0050.000.2004                   12 7.99998E+00 4.80000E+01
p-Mo096-MT651-Sultana-E1913028-E0050.000.2004                   12 7.99998E+00 4.80000E+01
p-Mo096-MT651-Sultana-E1913029-E0050.000.2004                   12 7.99998E+00 4.80000E+01
p-Mo096-MT651-Sultana-E1913030-E0050.000.2004                   12 7.99998E+00 4.80000E+01
p-Mo096-MT651-Sultana-E1913031-E0050.000.2004                   12 7.99998E+00 4.80000E+01
p-Mo096-MT651-Sultana-E1913032-E0050.000.2004                   12 7.99998E+00 4.80000E+01
p-Mo096-MT651-Sultana-E1913033-E0050.000.2004                   12 7.99998E+00 4.80000E+01
p-Mo096-MT651-Sultana-E1913034-E0050.000.2004                   12 7.99998E+00 4.80000E+01
p-Mo096-MT651-Sultana-E1913035-E0050.000.2004                   12 7.99998E+00 4.80000E+01
p-Mo096-MT651-Sultana-E1913036-E0050.000.2004                   12 7.99998E+00 4.80000E+01
p-Mo096-MT651-Sultana-E1913037-E0050.000.2004                   12 7.99998E+00 4.80000E+01
p-Mo096-MT651-Sultana-E1913038-E0050.000.2004                   12 7.99998E+00 4.80000E+01
p-Mo096-MT651-Sultana-E1913039-E0050.000.2004                   12 7.99998E+00 4.80000E+01
p-Mo096-MT651-Sultana-E1913040-E0050.000.2004                   12 7.99998E+00 4.80000E+01
p-Mo096-MT651-Sultana-E1913056-E0050.000.2004                   12 7.99998E+00 4.80000E+01
p-Mo096-MT651-Sultana-E1913058-E0050.000.2004                   12 7.99998E+00 4.80000E+01
p-Mo096-MT651-Sultana-E1913059-E0050.000.2004                   12 7.99998E+00 4.80000E+01
p-Mo096-MT651-Sultana-E1913060-E0050.000.2004                   12 7.99998E+00 4.80000E+01
p-Mo096-MT651-Sultana-E1913061-E0050.000.2004                   12 7.99998E+00 4.80000E+01
p-Mo096-MT651-Sultana-E1913062-E0050.000.2004                   12 7.99998E+00 4.80000E+01
p-Mo096-MT651-Sultana-E1913068-E0050.000.2004                   12 7.99998E+00 4.80000E+01
p-Mo096-MT651-Sultana-E1913069-E0050.000.2004                   12 7.99998E+00 4.80000E+01
p-Mo096-MT651-Sultana-E1913070-E0050.000.2004                   12 7.99998E+00 4.80000E+01
p-Mo096-MT651-Sultana-E1913071-E0050.000.2004                   12 7.99998E+00 4.80000E+01
p-Mo096-MT651-Sultana-E1913072-E0050.000.2004                   12 7.99998E+00 4.80000E+01
p-Mo096-MT651-Sultana-E1913073-E0050.000.2004                   12 7.99998E+00 4.80000E+01
p-Mo096-MT651-Sultana-E1913074-E0050.000.2004                   12 7.99998E+00 4.80000E+01
p-Mo096-MT651-Sultana-E1913075-E0050.000.2004                   12 7.99998E+00 4.80000E+01
p-Mo096-MT651-Sultana-E1913076-E0050.000.2004                   12 7.99998E+00 4.80000E+01
p-Mo096-MT651-Sultana-E1913077-E0050.000.2004                   12 7.99998E+00 4.80000E+01
p-Mo096-MT651-Sultana-E1913078-E0050.000.2004                   12 7.99998E+00 4.80000E+01
p-Mo096-MT651-Sultana-E1913079-E0050.000.2004                   12 7.99998E+00 4.80000E+01
p-Mo096-MT651-Sultana-E1913080-E0050.000.2004                   12 7.99998E+00 4.80000E+01
p-Mo096-MT651-Sultana-E1913081-E0050.000.2004                   12 7.99998E+00 4.80000E+01
p-Mo096-MT651-Sultana-E1913082-E0050.000.2004                   12 7.99998E+00 4.80000E+01
p-Mo096-MT651-Sultana-E1913083-E0050.000.2004                   12 7.99998E+00 4.80000E+01
p-Mo096-MT651-Sultana-E1913124-E0050.000.2004                   12 7.99998E+00 4.80000E+01
p-Mo096-MT651-Sultana-E1913125-E0050.000.2004                   12 7.99998E+00 4.80000E+01
p-Mo096-MT651-Sultana-E1913126-E0050.000.2004                   12 7.99998E+00 4.80000E+01
