#              Filename                                         N    min         max
n-Nd145-MT151-Alves-20688026.1969                                1 3.70000E-04 3.70000E-04
n-Nd145-MT151-Alves-206880271.1969                              22 4.34000E-06 6.48000E-04
n-Nd145-MT151-Alves-206880272.1969                              22 4.34000E-06 6.48000E-04
n-Nd145-MT151-Alves-206880273.1969                               5 4.24900E-05 5.68600E-04
n-Nd145-MT151-Alves-206880274.1969                               9 4.34000E-06 6.48000E-04
n-Nd145-MT151-Alves-20688029.1969                                1 3.70000E-04 3.70000E-04
n-Nd145-MT151-Anufriev-404950021.1979                           21-2.50000E-06 3.42000E-04
n-Nd145-MT151-Anufriev-404950022.1979                            4 4.35000E-06 1.02600E-04
n-Nd145-MT151-Anufriev-404950023.1979                           19-2.50000E-06 3.42000E-04
n-Nd145-MT151-Barry-14093004.2006                                1 5.00500E-04 5.00500E-04
n-Nd145-MT151-Barry-14093019.2006                               28 4.36000E-06 4.97870E-04
n-Nd145-MT151-Barry-14093020.2006                               28 4.36000E-06 4.97870E-04
n-Nd145-MT151-Bowey-21117009.1957                                4 4.35000E-05 2.36000E-04
n-Nd145-MT151-Carpenter-120480031.1962                           5 4.40000E-06 1.03000E-04
n-Nd145-MT151-Carpenter-120480032.1962                           4 4.40000E-06 1.03000E-04
n-Nd145-MT151-Cauvin-20126008.1971                              23 4.30000E-06 4.05000E-04
n-Nd145-MT151-Hockenbury-105520101.1975                          1 8.56000E-05 8.56000E-05
n-Nd145-MT151-Hockenbury-105520101A001.1975                      1 8.56000E-05 8.56000E-05
n-Nd145-MT151-Hockenbury-105520102.1975                          1 8.56000E-05 8.56000E-05
n-Nd145-MT151-Hockenbury-105520102A001.1975                      1 8.56000E-05 8.56000E-05
n-Nd145-MT151-Hockenbury-105520181.1975                          1 3.88500E-02 3.88500E-02
n-Nd145-MT151-Hockenbury-105520181A001.1975                      1 3.88500E-02 3.88500E-02
n-Nd145-MT151-Hockenbury-105520182.1975                          1 3.88500E-02 3.88500E-02
n-Nd145-MT151-Hockenbury-105520182A001.1975                      1 3.88500E-02 3.88500E-02
n-Nd145-MT151-Hockenbury-10552019.1975                           3 3.88500E-02 3.88500E-02
n-Nd145-MT151-Hockenbury-10552019A001.1975                       3 3.88500E-02 3.88500E-02
n-Nd145-MT151-Karzhavina-401130231.1969                         48 4.26000E-05 1.01000E-03
n-Nd145-MT151-Karzhavina-401130232.1969                         48 4.26000E-05 1.01000E-03
n-Nd145-MT151-Karzhavina-40113024.1969                          48 4.26000E-05 1.01000E-03
n-Nd145-MT151-Karzhavina-40113025.1969                          11 2.42500E-04 6.41000E-04
n-Nd145-MT151-Karzhavina-40113026.1969                           4 4.26000E-05 5.43000E-04
n-Nd145-MT151-Karzhavina-40113027.1969                           1 1.01000E-03 1.01000E-03
n-Nd145-MT151-Karzhavina-40113028.1969                           1 1.01000E-03 1.01000E-03
n-Nd145-MT151-Karzhavina-40113029.1969                           1 4.41750E-04 4.41750E-04
n-Nd145-MT151-Popov-402250082.1970                               3 4.36000E-06 1.02000E-04
n-Nd145-MT151-Rohr-20397008.1971                                20 4.27700E-05 1.00770E-03
n-Nd145-MT151-Rohr-20397010.1971                                 2 1.71500E-04 1.71500E-04
n-Nd145-MT151-Rohr-20397012.1971                                17 8.56100E-05 1.35770E-03
n-Nd145-MT151-Rohr-20397013.1971                                13 4.27700E-05 3.11000E-04
n-Nd145-MT151-Stolovy-10256003.1972                             36 4.30000E-06 6.63000E-04
n-Nd145-MT151-Stolovy-10256003A001.1972                         36 4.30000E-06 6.63000E-04
n-Nd145-MT151-Stolovy-10256005.1972                              2 8.45000E-04 8.45000E-04
n-Nd145-MT151-Stolovy-10256005A001.1972                          2 8.45000E-04 8.45000E-04
n-Nd145-MT151-Stolovy-118660121.1957                             1 4.37000E-06 4.37000E-06
n-Nd145-MT151-Stolovy-118660122.1957                             1 4.37000E-06 4.37000E-06
n-Nd145-MT151-Stolovy-118660123.1957                             1 4.37000E-06 4.37000E-06
n-Nd145-MT151-Stolovy-118660124.1957                             1 4.37000E-06 4.37000E-06
n-Nd145-MT151-Tellier-20121021.1971                              1 2.00000E-04 2.00000E-04
n-Nd145-MT151-Tellier-20121023.1971                            179 4.25100E-05 4.63700E-03
n-Nd145-MT151-Tellier-20121024.1971                             62 4.25100E-05 2.29400E-03
n-Nd145-MT151-Tellier-20121025.1971                              4 2.00000E-04 3.20000E-03
n-Nd145-MT151-Tellier-20121026.1971                              2 2.02500E-04 2.02500E-04
n-Nd145-MT151-Tellier-20121027.1971                              1 0.00000E+00 0.00000E+00
n-Nd145-MT151-Vertebnyj-402900171.1973                           1-2.00000E-05 0.00000E+00
n-Nd145-MT151-Vertebnyj-402900172.1973                           1-2.00000E-05 0.00000E+00
