#              Filename                                         N    min         max
a-Si028-MT151-Artemov-F06600031.1992                            25 1.17000E+01 2.38000E+01
a-Si028-MT151-Artemov-F06600032.1992                            25 1.17000E+01 2.38000E+01
a-Si028-MT151-Artemov-F06600033.1992                            25 1.17000E+01 2.38000E+01
a-Si028-MT151-Babilon-F06160021.2002                             6 1.77000E+00 2.90000E+00
a-Si028-MT151-Babilon-F06160022.2002                             6 1.77000E+00 2.90000E+00
a-Si028-MT151-Babilon-F06160031.2002                            13 1.77000E+00 2.90000E+00
a-Si028-MT151-Babilon-F06160032.2002                            13 1.77000E+00 2.90000E+00
a-Si028-MT151-Babilon-F06160041.2002                             5 2.37000E+00 2.88000E+00
a-Si028-MT151-Babilon-F06160042.2002                             5 2.37000E+00 2.88000E+00
a-Si028-MT151-Kallman-F06080041.2003                            84 6.83400E+00 1.89060E+01
a-Si028-MT151-Kallman-F06080042.2003                            84 6.83400E+00 1.89060E+01
a-Si028-MT151-Kallman-F06080043.2003                            84 6.83400E+00 1.89060E+01
a-Si028-MT151-Kallman-O0966003A.1996                            18 3.91000E+00 6.00000E+00
a-Si028-MT151-Leung-C21000021.1972                              25 3.81200E+00 5.81300E+00
a-Si028-MT151-Leung-C21000022.1972                              25 3.81200E+00 5.81300E+00
a-Si028-MT151-Leung-C21000024.1972                              25 3.81200E+00 5.81300E+00
a-Si028-MT151-Leung-C21000025.1972                              25 3.81200E+00 5.81300E+00
a-Si028-MT151-Lonnroth-O1900004.2011                            21 2.32000E+01 2.86000E+01
a-Si028-MT151-Rogers-C08760022.1977                              3 1.77000E+00 2.19000E+00
a-Si028-MT151-Toevs-C08370031.1971                               6 1.77600E+00 2.61800E+00
a-Si028-MT151-Vernotte-F06220051.1967                            9 3.75300E+00 4.29900E+00
a-Si028-MT151-Vernotte-F06220052.1967                            8 3.75300E+00 4.21000E+00
a-Si028-MT151-Wilkerson-T00660221.1992                           1 6.11200E+00 6.11200E+00
a-Si028-MT151-Wilkerson-T00660222.1992                           1 6.11200E+00 6.11200E+00
