#              Filename                                         N    min         max
n-C012-MT052-Baba-21984055-ang-E0014.200.1986                   10 2.56000E+01 1.51400E+02
n-C012-MT052-Baba-21984055-ang-E0018.200.1986                   12 2.56000E+01 1.50900E+02
n-C012-MT052-Baba-22077059-ang-E0014.100.1988                   11 2.57000E+01 1.51400E+02
n-C012-MT052-Baba-22077059-ang-E0018.000.1988                   12 2.57000E+01 1.48500E+02
n-C012-MT052-Baba-22188046-ang-E0014.100.1990                   12 2.05000E+01 1.51400E+02
n-C012-MT052-Baba-22188046-ang-E0018.000.1990                   14 2.05000E+01 1.46000E+02
n-C012-MT052-Bouchez-21153004-ang-E0014.600.1963                19 1.00000E+01 1.12000E+02
n-C012-MT052-Elfruth-30939014-ang-E0014.080.1986                 2 1.56000E+01 1.65700E+02
n-C012-MT052-Elfruth-30939014-ang-E0014.100.1986                 2 3.12000E+01 1.51400E+02
n-C012-MT052-Elfruth-30939014-ang-E0014.110.1986                 3 4.19000E+01 1.37000E+02
n-C012-MT052-Elfruth-30939014-ang-E0014.120.1986                 3 5.76000E+01 1.22300E+02
n-C012-MT052-Elfruth-30939014-ang-E0014.240.1986                 3 7.75000E+01 1.07100E+02
n-C012-MT052-Gul-30593014-ang-E0014.700.1981                    10 3.11000E+01 1.31900E+02
n-C012-MT052-Meigooni-12944005-ang-E0020.800.1985               25 1.28000E+01 1.50600E+02
n-C012-MT052-Meigooni-12944005-ang-E0022.000.1985               39 1.28000E+01 1.52100E+02
n-C012-MT052-Meigooni-12944005-ang-E0024.000.1985               39 1.26000E+01 1.59900E+02
n-C012-MT052-Meigooni-12944005-ang-E0026.000.1985               26 1.26000E+01 1.50400E+02
n-C012-MT052-Rethmeier-20200002-ang-E0014.800.1962               4 9.93636E+00 4.00040E+01
