#              Filename                                         N    min         max
n-Cu000-MT003-Atkinson-11112011.1961                             1 5.00000E+03 5.00000E+03
n-Cu000-MT003-Atkinson-11112011A001.1961                         1 5.00000E+03 5.00000E+03
n-Cu000-MT003-Ball-11257006.1958                                 6 7.20000E+00 1.40000E+01
n-Cu000-MT003-Beyster-11216008.1955                              3 1.00000E+00 4.50000E+00
n-Cu000-MT003-Beyster-11216008A001.1955                          3 1.00000E+00 4.50000E+00
n-Cu000-MT003-Beyster-11220016.1956                              2 2.50000E+00 7.00000E+00
n-Cu000-MT003-Beyster-11220016A001.1956                          2 2.50000E+00 7.00000E+00
n-Cu000-MT003-Bonner-11793002.1959                               6 8.20000E+00 2.00000E+01
n-Cu000-MT003-Chatterjee-30337005.1967                           1 1.48000E+01 1.48000E+01
n-Cu000-MT003-Degtjarev-40645004.1961                            2 1.61000E+01 1.97000E+01
n-Cu000-MT003-Degtjarev-406940071.1965                           1 8.10000E+00 8.10000E+00
n-Cu000-MT003-Didier-21501003.1963                               1 1.47000E+01 1.47000E+01
n-Cu000-MT003-Flerov-40369014.1956                               1 1.45000E+01 1.45000E+01
n-Cu000-MT003-Graves-11304005.1953                               1 1.41000E+01 1.41000E+01
n-Cu000-MT003-Graves-11310005.1955                               1 1.41000E+01 1.41000E+01
n-Cu000-MT003-Haas-11794002.1963                                 1 1.39800E+01 1.39800E+01
n-Cu000-MT003-Lebedev-40415004.1958                              1 1.40000E+01 1.40000E+01
n-Cu000-MT003-Macgregor-11226013.1957                            1 1.42000E+01 1.42000E+01
n-Cu000-MT003-Macgregor-11226013A001.1957                        1 1.42000E+01 1.42000E+01
n-Cu000-MT003-Macgregor-11230008.1958                            3 2.10000E+01 2.92000E+01
n-Cu000-MT003-Macgregor-11230008A001.1958                        3 2.10000E+01 2.92000E+01
n-Cu000-MT003-Machwe-11572025.1959                               1 3.66000E+00 3.66000E+00
n-Cu000-MT003-Morrison-22576003.1956                             3 1.20000E+00 2.00000E+00
n-Cu000-MT003-Oehler-30213011.1966                               1 9.60000E-01 9.60000E-01
n-Cu000-MT003-Pal-30335003.1980                                  1 1.42000E+01 1.42000E+01
n-Cu000-MT003-Pantuev-41208006.1962                              1 8.30000E+03 8.30000E+03
n-Cu000-MT003-Pasechnik-40381008.1955                            2 3.30000E+00 4.10000E+00
n-Cu000-MT003-Poze-40781006.1956                                 1 1.00000E+00 1.00000E+00
n-Cu000-MT003-Prokopets-40247005.1969                            1 2.80000E+00 2.80000E+00
n-Cu000-MT003-Schimmerling-10082019.1973                        15 3.79000E+02 1.73100E+03
n-Cu000-MT003-Schimmerling-10082019A001.1973                    15 3.79000E+02 1.73100E+03
n-Cu000-MT003-Strizhak-40360008.1957                             1 1.40000E+01 1.40000E+01
n-Cu000-MT003-Strizhak-40782008.1956                             1 2.50000E+00 2.50000E+00
n-Cu000-MT003-Taylor-11217009.1955                               5 3.50000E+00 1.41000E+01
n-Cu000-MT003-Taylor-11217009A001.1955                           5 3.50000E+00 1.41000E+01
n-Cu000-MT003-Voss-21370004.1956                                 4 5.50000E+01 1.40000E+02
n-Cu000-MT003-ZhongWenguangg-30758002.1986                       1 1.49000E+01 1.49000E+01
