#              Filename                                         N    min         max
n-In113-MT151-Anufriev-409570061.1987                            6 1.82000E-06 3.23400E-05
n-In113-MT151-Anufriev-409570062.1987                            6 1.82000E-06 3.23400E-05
n-In113-MT151-Frankle-135910041.1993                            45 2.50000E-05 4.67400E-04
n-In113-MT151-Frankle-135910042.1993                            45 2.50000E-05 4.67400E-04
n-In113-MT151-Frankle-135910043.1993                            45 2.50000E-05 4.67400E-04
n-In113-MT151-Frankle-13591007.1993                              1 5.00000E-04 5.00000E-04
n-In113-MT151-Georgiev-41365005.1995                             8 1.80000E-06 9.15900E-05
n-In113-MT151-Georgiev-415910021.1995                           17 2.15500E-05 2.41510E-04
n-In113-MT151-Hacken-104570021.1974                             49 4.70000E-06 1.99600E-03
n-In113-MT151-Hacken-104570021A001.1974                         49 4.70000E-06 1.99600E-03
n-In113-MT151-Hacken-104570022.1974                             49 4.70000E-06 1.99600E-03
n-In113-MT151-Hacken-104570022A001.1974                         49 4.70000E-06 1.99600E-03
n-In113-MT151-Hacken-104570023.1974                              3 2.49900E-05 1.03950E-04
n-In113-MT151-Hacken-104570023A001.1974                          3 2.49900E-05 1.03950E-04
n-In113-MT151-Harvey-11912005.1955                               1 2.45000E-05 2.45000E-05
n-In113-MT151-Harvey-11912006.1955                               2 1.47000E-05 2.52000E-05
n-In113-MT151-Harvey-119120071.1955                             11 4.71000E-06 1.05000E-04
n-In113-MT151-Harvey-119120072.1955                             11 4.71000E-06 1.05000E-04
n-In113-MT151-Harvey-119120073.1955                             11 4.71000E-06 1.05000E-04
n-In113-MT151-Radkevich-403820221.1956                           6 1.46700E-05 7.00000E-05
n-In113-MT151-Radkevich-403820222.1956                           5 1.46700E-05 7.00000E-05
n-In113-MT151-Radkevich-403820231.1956                           5 1.46700E-05 7.00000E-05
n-In113-MT151-Radkevich-403820232.1956                           5 1.46700E-05 7.00000E-05
n-In113-MT151-Radkevich-403820552.1956                           2 1.85000E-05 2.35000E-05
n-In113-MT151-Sailor-11964002.1952                               4 1.80000E-06 2.40000E-05
