#              Filename                                         N    min         max
h-Si028-MT600-Groeneveld-O1770002-E0004.281.1970                15 1.00000E+01 1.71400E+02
h-Si028-MT600-Groeneveld-O1770002-E0004.983.1970                23 1.00000E+01 1.70500E+02
h-Si028-MT600-Groeneveld-O1770002-E0005.000.1970                27 1.22000E+01 1.63800E+02
h-Si028-MT600-Groeneveld-O1770002-E0007.000.1970                24 7.49999E+00 1.62900E+02
h-Si028-MT600-Groeneveld-O1770002-E0007.999.1970                32 7.49999E+00 1.67100E+02
h-Si028-MT600-Groeneveld-O1770002-E0008.000.1970                29 1.30000E+01 1.69700E+02
h-Si028-MT600-Groeneveld-O1770002-E0010.000.1970                28 1.34000E+01 1.70800E+02
h-Si028-MT600-Groeneveld-O1770002-E0011.000.1970                23 1.48000E+01 1.71400E+02
h-Si028-MT600-Hafner-O1930002-E0016.000.1974                   327 9.00051E-01 4.67000E+01
h-Si028-MT600-Hafner-O1930003-E0028.000.1974                   399 2.59993E+00 9.23000E+01
h-Si028-MT600-Nikitenko-F0696002-E0002.956.1973                  1 4.50000E+01 9.00000E+01
h-Si028-MT600-Nikitenko-F0696002-E0002.957.1973                  1 4.50000E+01 1.35000E+02
h-Si028-MT600-Nikitenko-F0696002-E0002.965.1973                  1 4.50000E+01 1.35000E+02
h-Si028-MT600-Nikitenko-F0696002-E0002.972.1973                  1 4.50000E+01 4.50000E+01
h-Si028-MT600-Nikitenko-F0696004-E0003.560.1973                 15 7.00003E+00 1.69900E+02
h-Si028-MT600-Nikitenko-F0696004-E0003.700.1973                 18 1.99792E-01 1.69200E+02
h-Si028-MT600-Nikitenko-F0696004-E0003.860.1973                 17 1.99792E-01 1.61000E+02
h-Si028-MT600-Nikitenko-F0696004-E0004.010.1973                 19 6.10002E+00 1.69200E+02
h-Si028-MT600-Nikitenko-F0696004-E0004.090.1973                 17 6.10002E+00 1.58100E+02
