#              Filename                                         N    min         max
n-S032-MT051-Alarcon-13125005-ang-E0021.700.1986               140 1.50000E+01 1.60000E+02
n-S032-MT051-Bobyr-40792003-ang-E0014.000.1961                  12 3.01000E+01 1.40000E+02
n-S032-MT051-Brandenberger-10263009-ang-E0007.970.1972          28 3.00000E+01 1.45000E+02
n-S032-MT051-Conjeaud-21101003-ang-E0014.600.1965               13 2.00000E+01 1.52000E+02
n-S032-MT051-Harrar-21524003-ang-E0014.500.1962                 13 2.00000E+01 1.52200E+02
n-S032-MT051-Korzh-40618005-ang-E0005.000.1980                   9 2.00000E+01 1.50000E+02
n-S032-MT051-Martin-21046012-ang-E0005.950.1968                 64 2.54994E+01 1.31000E+02
n-S032-MT051-Martin-22588009-ang-E0005.950.1968                 64 2.61569E+01 1.33293E+02
n-S032-MT051-Mezzetti-21614005-ang-E0014.200.1978                7 1.45100E+02 1.75000E+02
n-S032-MT051-Mezzetti-21614006-ang-E0014.200.1978                7 1.45300E+02 1.75000E+02
n-S032-MT051-Mezzetti-21614007-ang-E0014.200.1978                7 1.45500E+02 1.75100E+02
n-S032-MT051-Olsson-22128007-ang-E0021.600.1990                 58 1.50000E+01 1.60100E+02
n-S032-MT051-Schmidt-32001024-ang-E0007.000.1987                36 2.01000E+01 1.60100E+02
n-S032-MT051-Shope-12704003-ang-E0007.600.1976                  14 3.02000E+01 1.60100E+02
n-S032-MT051-Stelson-11527011-ang-E0014.000.1965                14 2.09000E+01 1.14500E+02
n-S032-MT051-Stewart-21490005-ang-E0006.100.1965                16 2.57000E+01 1.31400E+02
n-S032-MT051-Tanaka-20343010-ang-E0004.480.1970                 13 3.00000E+01 1.50200E+02
n-S032-MT051-Tanaka-20343010-ang-E0005.920.1970                 13 3.00000E+01 1.50000E+02
n-S032-MT051-Tanaka-20343010-ang-E0006.970.1970                 13 3.02000E+01 1.50200E+02
n-S032-MT051-Tanaka-20343011-ang-E0006.970.1970                 13 3.03000E+01 1.50400E+02
n-S032-MT051-Tanaka-20343011-ang-E0007.990.1970                 26 3.03000E+01 1.50600E+02
n-S032-MT051-Tsukada-20341013-ang-E0003.500.1961                44 2.91000E+01 1.40900E+02
n-S032-MT051-Virdis-21773028-ang-E0009.760.1981                 28 1.50000E+01 1.60100E+02
n-S032-MT051-Virdis-21773048-ang-E0014.830.1981                 26 1.50000E+01 1.60100E+02
n-S032-MT051-Yamanouti-21628003-ang-E0021.500.1977              42 2.00000E+01 1.55000E+02
