#              Filename                                         N    min         max
d-O016-MT601-Amsel-D0104003-E0000.412.1967                     102 1.65000E+02 1.65000E+02
d-O016-MT601-Cavallaro-D0152003-E0000.980.1973                  31 9.40003E+00 1.70100E+02
d-O016-MT601-Corrigan-C1069007-E0009.300.1972                   25 1.58000E+01 1.51900E+02
d-O016-MT601-Corrigan-C1069007-E0013.300.1972                   28 1.58000E+01 1.50800E+02
d-O016-MT601-Davies-C0192002-E0000.972.1983                      1 1.50000E+02 1.50000E+02
d-O016-MT601-Davies-C0193002-E0970.000.1980                      1 1.50000E+02 1.50000E+02
d-O016-MT601-Davies-C1537002-E0000.970.1980                      1 1.50000E+02 1.50000E+02
d-O016-MT601-Davison-F1053007-E0004.000.1970                    26 2.08000E+01 1.73200E+02
d-O016-MT601-Davison-F1053007-E0004.500.1970                    24 1.73000E+01 1.45800E+02
d-O016-MT601-Davison-F1053007-E0005.000.1970                    28 1.73000E+01 1.71200E+02
d-O016-MT601-Davison-F1053007-E0005.250.1970                    21 1.61000E+01 1.73200E+02
d-O016-MT601-Davison-F1053007-E0005.500.1970                    29 1.61000E+01 1.71100E+02
d-O016-MT601-Davison-F1053007-E0006.000.1970                    22 2.08000E+01 1.62500E+02
d-O016-MT601-Davison-F1053014-E0004.957.1970                   103 1.65000E+02 1.65000E+02
d-O016-MT601-Dietzsch-F1099012-E0002.279.1968                   19 1.50000E+01 1.68400E+02
d-O016-MT601-Dietzsch-F1099012-E0002.582.1968                   19 1.27000E+01 1.68200E+02
d-O016-MT601-Dietzsch-F1099012-E0002.864.1968                   19 1.27000E+01 1.67100E+02
d-O016-MT601-Dietzsch-F1099012-E0003.155.1968                   17 1.55000E+01 1.67400E+02
d-O016-MT601-Gallmann-F0276007-E0001.300.1966                   13 8.89998E+00 1.31000E+02
d-O016-MT601-Gallmann-F0276007-E0004.000.1966                   22 1.53000E+01 1.40200E+02
d-O016-MT601-HuangBingyinn-C0201019-E0003.700.1974              19 1.51000E+01 1.50100E+02
d-O016-MT601-Jiang-C1365002-E0000.701.2003                      74 1.50000E+02 1.50000E+02
d-O016-MT601-Karabash-F0838002-E0000.726.1988                   30 1.50000E+02 1.50000E+02
d-O016-MT601-Lennard-C1515003-E0000.735.1991                    31 1.50000E+02 1.50000E+02
d-O016-MT601-Ma-S0218002-E0015.000.2019                         25 5.99999E+00 8.40000E+01
d-O016-MT601-MaoZhenlinn-S0003028-E0005.030.1972                19 1.50000E+01 1.60100E+02
d-O016-MT601-Mayo-F1101007-E0026.300.1962                       13 1.02000E+01 8.98000E+01
d-O016-MT601-Naqib-F0712002-E0006.000.1968                       6 1.92000E+01 4.93000E+01
d-O016-MT601-Naqib-F0712002-E0007.500.1968                       6 1.92000E+01 5.00000E+01
d-O016-MT601-Naqib-F0712002-E0007.850.1968                       6 1.81000E+01 4.92000E+01
d-O016-MT601-Naqib-F0712002-E0008.200.1968                       6 1.77000E+01 4.87000E+01
d-O016-MT601-Naqib-F0712002-E0008.550.1968                       6 1.56000E+01 4.88000E+01
d-O016-MT601-Naqib-F0712002-E0010.000.1968                       6 1.56000E+01 4.31000E+01
d-O016-MT601-Naqib-F0712002-E0011.000.1968                       6 1.65000E+01 4.10000E+01
d-O016-MT601-Quillet-O0817007-E0000.857.1993                     1 1.50000E+02 1.50000E+02
d-O016-MT601-Rafikheiri-D0795003-E0000.690.2016                438 9.00000E+01 1.65000E+02
d-O016-MT601-Turos-D0098002-E0000.761.1973                      20 1.45000E+02 1.45000E+02
