#              Filename                                         N    min         max
p-Ti048-MT002-Antropov-F0923004-ang-E0005.204.1976               1 9.60000E+01 1.23000E+02
p-Ti048-MT002-Antropov-F0923004-ang-E0005.205.1976               1 9.00000E+01 9.60000E+01
p-Ti048-MT002-Antropov-F0923004-ang-E0005.206.1976               1 8.16000E+01 9.00000E+01
p-Ti048-MT002-Antropov-F0923004-ang-E0005.212.1976               1 8.16000E+01 1.23000E+02
p-Ti048-MT002-Antropov-F0923004-ang-E0005.312.1976               1 9.00000E+01 1.23000E+02
p-Ti048-MT002-Antropov-F0923004-ang-E0005.315.1976               1 9.00000E+01 9.60000E+01
p-Ti048-MT002-Antropov-F0923004-ang-E0005.316.1976               1 8.16000E+01 9.60000E+01
p-Ti048-MT002-Antropov-F0923004-ang-E0005.317.1976               1 8.16000E+01 1.23000E+02
p-Ti048-MT002-Antropov-F0923004-ang-E0005.329.1976               1 9.60000E+01 1.23000E+02
p-Ti048-MT002-Antropov-F0923004-ang-E0005.335.1976               1 9.00000E+01 9.60000E+01
p-Ti048-MT002-Antropov-F0923004-ang-E0005.337.1976               1 8.16000E+01 9.00000E+01
p-Ti048-MT002-Antropov-F0923004-ang-E0005.339.1976               1 8.16000E+01 1.23000E+02
p-Ti048-MT002-Antropov-F0923004-ang-E0005.392.1976               1 9.00000E+01 1.23000E+02
p-Ti048-MT002-Antropov-F0923004-ang-E0005.394.1976               1 9.00000E+01 9.60000E+01
p-Ti048-MT002-Antropov-F0923004-ang-E0005.395.1976               1 8.16000E+01 9.60000E+01
p-Ti048-MT002-Antropov-F0923004-ang-E0005.396.1976               1 8.16000E+01 1.23000E+02
p-Ti048-MT002-Antropov-F0923004-ang-E0005.460.1976               1 9.60000E+01 1.23000E+02
p-Ti048-MT002-Antropov-F0923004-ang-E0005.463.1976               1 9.00000E+01 9.60000E+01
p-Ti048-MT002-Antropov-F0923004-ang-E0005.465.1976               1 8.16000E+01 9.00000E+01
p-Ti048-MT002-Antropov-F0923004-ang-E0005.467.1976               1 8.16000E+01 1.23000E+02
p-Ti048-MT002-Antropov-F0923004-ang-E0005.593.1976               1 9.60000E+01 1.23000E+02
p-Ti048-MT002-Antropov-F0923004-ang-E0005.594.1976               1 9.00000E+01 9.60000E+01
p-Ti048-MT002-Antropov-F0923004-ang-E0005.596.1976               1 8.16000E+01 9.00000E+01
p-Ti048-MT002-Antropov-F0923004-ang-E0005.597.1976               1 8.16000E+01 1.23000E+02
p-Ti048-MT002-Antropov-F0923004-ang-E0005.683.1976               1 9.00000E+01 1.23000E+02
p-Ti048-MT002-Antropov-F0923004-ang-E0005.685.1976               1 9.00000E+01 9.60000E+01
p-Ti048-MT002-Antropov-F0923004-ang-E0005.686.1976               1 8.16000E+01 9.60000E+01
p-Ti048-MT002-Antropov-F0923004-ang-E0005.686A001.1976           1 8.16000E+01 1.23000E+02
p-Ti048-MT002-Antropov-F0923004-ang-E0005.740.1976               1 9.60000E+01 1.23000E+02
p-Ti048-MT002-Antropov-F0923004-ang-E0005.740A001.1976           1 8.16000E+01 9.60000E+01
p-Ti048-MT002-Antropov-F0923004-ang-E0005.741.1976               1 8.16000E+01 9.00000E+01
p-Ti048-MT002-Antropov-F0923004-ang-E0005.742.1976               1 9.00000E+01 1.23000E+02
p-Ti048-MT002-Antropov-F0923004-ang-E0005.808.1976               1 9.00000E+01 1.23000E+02
p-Ti048-MT002-Antropov-F0923004-ang-E0005.811.1976               1 8.16000E+01 9.00000E+01
p-Ti048-MT002-Antropov-F0923004-ang-E0005.811A001.1976           1 8.16000E+01 9.60000E+01
p-Ti048-MT002-Antropov-F0923004-ang-E0005.811A002.1976           1 9.60000E+01 1.23000E+02
p-Ti048-MT002-Antropov-F0923004-ang-E0005.919.1976               1 8.16000E+01 1.23000E+02
p-Ti048-MT002-Antropov-F0923004-ang-E0005.920.1976               1 8.16000E+01 9.00000E+01
p-Ti048-MT002-Antropov-F0923004-ang-E0005.922.1976               1 9.00000E+01 9.60000E+01
p-Ti048-MT002-Antropov-F0923004-ang-E0005.923.1976               1 9.60000E+01 1.23000E+02
p-Ti048-MT002-Antropov-F0923004-ang-E0005.996.1976               1 9.00000E+01 1.23000E+02
p-Ti048-MT002-Antropov-F0923004-ang-E0005.999.1976               1 9.00000E+01 9.60000E+01
p-Ti048-MT002-Antropov-F0923004-ang-E0005.999A001.1976           2 8.16000E+01 9.60000E+01
p-Ti048-MT002-Comparat-O0049005-ang-E0156.000.1974              30 5.39997E+00 4.22000E+01
p-Ti048-MT002-Kossanyidemay-D0286012-ang-E0018.600.1967         23 3.08720E+01 1.48590E+02
p-Ti048-MT002-Noro-E0249012-ang-E0065.000.1981                  32 1.50000E+01 7.01000E+01
p-Ti048-MT002-Pauletta-C0666004-ang-E0799.300.1981              88 4.50002E+00 2.03000E+01
p-Ti048-MT002-Perey-C2165002-ang-E0011.000.1968                 30 3.00000E+01 1.65000E+02
p-Ti048-MT002-Prochnow-C2097002-ang-E0001.812.1972            1015 1.60000E+02 1.60000E+02
p-Ti048-MT002-Prochnow-C2097004-ang-E0002.890.1972             190 1.35000E+02 1.35000E+02
p-Ti048-MT002-Prochnow-C2097005-ang-E0002.890.1972             164 1.05000E+02 1.05000E+02
p-Ti048-MT002-Prochnow-C2097006-ang-E0002.890.1972             182 9.00000E+01 9.00000E+01
p-Ti048-MT002-Sakaguchi-E0166020-ang-E0065.000.1979             32 1.50000E+01 7.01000E+01
p-Ti048-MT002-Sakaguchi-O0032059S-ang-E0065.000.1983            32 1.50000E+01 7.01000E+01
p-Ti048-MT002-Varner-C0893004-ang-E0016.000.1986                31 2.00000E+01 1.70000E+02
