#              Filename                                         N    min         max
p-Si028-MT800-Gunn-C2622003-E0015.947.1974                       1 1.60000E+02 1.70000E+02
p-Si028-MT800-Gunn-C2622003-E0015.959.1974                       1 4.00000E+01 1.60000E+02
p-Si028-MT800-Gunn-C2622003-E0015.962.1974                       1 4.00000E+01 5.00000E+01
p-Si028-MT800-Gunn-C2622003-E0015.963.1974                       1 5.00000E+01 6.00000E+01
p-Si028-MT800-Gunn-C2622003-E0015.970.1974                       1 6.00000E+01 8.00000E+01
p-Si028-MT800-Gunn-C2622003-E0015.972.1974                       1 8.00000E+01 1.10000E+02
p-Si028-MT800-Gunn-C2622003-E0015.982.1974                       1 1.00000E+02 1.10000E+02
p-Si028-MT800-Gunn-C2622003-E0015.983.1974                       2 7.00000E+01 1.20000E+02
p-Si028-MT800-Gunn-C2622003-E0015.985.1974                       1 7.00000E+01 1.50000E+02
p-Si028-MT800-Gunn-C2622003-E0015.987.1974                       1 9.00000E+01 1.50000E+02
p-Si028-MT800-Gunn-C2622003-E0015.992.1974                       1 9.00000E+01 1.70000E+02
p-Si028-MT800-Gunn-C2622003-E0015.994.1974                       1 4.00000E+01 1.70000E+02
p-Si028-MT800-Gunn-C2622003-E0016.008.1974                       1 4.00000E+01 5.00000E+01
p-Si028-MT800-Gunn-C2622003-E0016.013.1974                       1 5.00000E+01 1.60000E+02
p-Si028-MT800-Gunn-C2622003-E0016.015.1974                       1 6.00000E+01 1.60000E+02
p-Si028-MT800-Gunn-C2622003-E0016.021.1974                       1 6.00000E+01 1.10000E+02
p-Si028-MT800-Gunn-C2622003-E0016.029.1974                       1 1.10000E+02 1.50000E+02
p-Si028-MT800-Gunn-C2622003-E0016.031.1974                       1 8.00000E+01 1.50000E+02
p-Si028-MT800-Gunn-C2622003-E0016.032.1974                       1 8.00000E+01 1.20000E+02
p-Si028-MT800-Gunn-C2622003-E0016.033.1974                       1 7.00000E+01 1.20000E+02
p-Si028-MT800-Gunn-C2622003-E0016.036.1974                       2 7.00000E+01 1.70000E+02
p-Si028-MT800-Gunn-C2622003-E0016.038.1974                       1 9.00000E+01 1.00000E+02
p-Si028-MT800-Gunn-C2622003-E0016.045.1974                       1 4.00000E+01 9.00000E+01
p-Si028-MT800-Gunn-C2622003-E0016.053.1974                       1 4.00000E+01 1.60000E+02
p-Si028-MT800-Gunn-C2622003-E0016.064.1974                       1 5.00000E+01 1.60000E+02
p-Si028-MT800-Gunn-C2622003-E0016.066.1974                       1 5.00000E+01 6.00000E+01
p-Si028-MT800-Gunn-C2622003-E0016.067.1974                       1 6.00000E+01 8.00000E+01
p-Si028-MT800-Gunn-C2622003-E0016.073.1974                       1 8.00000E+01 1.50000E+02
p-Si028-MT800-Gunn-C2622003-E0016.081.1974                       1 1.10000E+02 1.50000E+02
p-Si028-MT800-Gunn-C2622003-E0016.082.1974                       1 7.00000E+01 1.10000E+02
p-Si028-MT800-Gunn-C2622003-E0016.083.1974                       2 7.00000E+01 1.70000E+02
p-Si028-MT800-Gunn-C2622003-E0016.089.1974                       1 9.00000E+01 1.70000E+02
p-Si028-MT800-Gunn-C2622003-E0016.092.1974                       1 9.00000E+01 1.00000E+02
p-Si028-MT800-Gunn-C2622003-E0016.095.1974                       1 6.00000E+01 1.00000E+02
p-Si028-MT800-Gunn-C2622003-E0016.110.1974                       1 5.00000E+01 6.00000E+01
p-Si028-MT800-Gunn-C2622003-E0016.111.1974                       1 5.00000E+01 1.60000E+02
p-Si028-MT800-Gunn-C2622003-E0016.114.1974                       1 8.00000E+01 1.60000E+02
p-Si028-MT800-Gunn-C2622003-E0016.123.1974                       1 8.00000E+01 1.10000E+02
p-Si028-MT800-Gunn-C2622003-E0016.129.1974                       1 1.10000E+02 1.50000E+02
p-Si028-MT800-Gunn-C2622003-E0016.130.1974                       1 1.20000E+02 1.50000E+02
p-Si028-MT800-Gunn-C2622003-E0016.133.1974                       2 7.00000E+01 1.70000E+02
p-Si028-MT800-Gunn-C2622003-E0016.139.1974                       1 7.00000E+01 1.00000E+02
p-Si028-MT800-Gunn-C2622003-E0016.144.1974                       1 9.00000E+01 1.00000E+02
p-Si028-MT800-Gunn-C2622003-E0016.148.1974                       1 4.00000E+01 9.00000E+01
p-Si028-MT800-Gunn-C2622003-E0016.152.1974                       1 4.00000E+01 1.60000E+02
p-Si028-MT800-Gunn-C2622003-E0016.156.1974                       1 5.00000E+01 1.60000E+02
p-Si028-MT800-Gunn-C2622003-E0016.160.1974                       1 5.00000E+01 6.00000E+01
p-Si028-MT800-Gunn-C2622003-E0016.166.1974                       1 6.00000E+01 8.00000E+01
p-Si028-MT800-Gunn-C2622003-E0016.174.1974                       1 8.00000E+01 1.50000E+02
p-Si028-MT800-Gunn-C2622003-E0016.178.1974                       1 1.10000E+02 1.50000E+02
p-Si028-MT800-Gunn-C2622003-E0016.179.1974                       1 7.00000E+01 1.10000E+02
p-Si028-MT800-Gunn-C2622003-E0016.186.1974                       3 7.00000E+01 1.70000E+02
p-Si028-MT800-Gunn-C2622003-E0016.195.1974                       1 9.00000E+01 1.00000E+02
p-Si028-MT800-Gunn-C2622003-E0016.198.1974                       1 4.00000E+01 9.00000E+01
p-Si028-MT800-Gunn-C2622003-E0016.205.1974                       1 4.00000E+01 1.60000E+02
p-Si028-MT800-Gunn-C2622003-E0016.208.1974                       1 5.00000E+01 1.60000E+02
p-Si028-MT800-Gunn-C2622003-E0016.216.1974                       1 5.00000E+01 6.00000E+01
p-Si028-MT800-Gunn-C2622003-E0016.218.1974                       1 6.00000E+01 1.20000E+02
p-Si028-MT800-Gunn-C2622003-E0016.224.1974                       1 1.20000E+02 1.50000E+02
p-Si028-MT800-Gunn-C2622003-E0016.227.1974                       1 1.10000E+02 1.50000E+02
p-Si028-MT800-Gunn-C2622003-E0016.230.1974                       1 8.00000E+01 1.10000E+02
p-Si028-MT800-Gunn-C2622003-E0016.233.1974                       1 8.00000E+01 1.00000E+02
p-Si028-MT800-Gunn-C2622003-E0016.237.1974                       1 7.00000E+01 1.00000E+02
p-Si028-MT800-Gunn-C2622003-E0016.242.1974                       1 7.00000E+01 1.70000E+02
p-Si028-MT800-Gunn-C2622003-E0016.244.1974                       1 9.00000E+01 1.70000E+02
p-Si028-MT800-Gunn-C2622003-E0016.245.1974                       1 4.00000E+01 9.00000E+01
p-Si028-MT800-Gunn-C2622003-E0016.260.1974                       1 4.00000E+01 6.00000E+01
p-Si028-MT800-Gunn-C2622003-E0016.261.1974                       1 5.00000E+01 6.00000E+01
p-Si028-MT800-Gunn-C2622003-E0016.264.1974                       1 5.00000E+01 1.60000E+02
p-Si028-MT800-Gunn-C2622003-E0016.266.1974                       1 8.00000E+01 1.60000E+02
p-Si028-MT800-Gunn-C2622003-E0016.276.1974                       1 8.00000E+01 1.10000E+02
p-Si028-MT800-Gunn-C2622003-E0016.280.1974                       1 7.00000E+01 1.10000E+02
p-Si028-MT800-Gunn-C2622003-E0016.282.1974                       2 7.00000E+01 1.50000E+02
p-Si028-MT800-Gunn-C2622003-E0016.283.1974                       1 1.00000E+02 1.20000E+02
p-Si028-MT800-Gunn-C2622003-E0016.288.1974                       1 9.00000E+01 1.00000E+02
p-Si028-MT800-Gunn-C2622003-E0016.289.1974                       2 4.00000E+01 1.70000E+02
p-Si028-MT800-Gunn-C2622003-E0016.310.1974                       1 4.00000E+01 6.00000E+01
p-Si028-MT800-Gunn-C2622003-E0016.313.1974                       1 5.00000E+01 6.00000E+01
p-Si028-MT800-Gunn-C2622003-E0016.315.1974                       1 5.00000E+01 1.60000E+02
p-Si028-MT800-Gunn-C2622003-E0016.317.1974                       1 8.00000E+01 1.60000E+02
p-Si028-MT800-Gunn-C2622003-E0016.323.1974                       1 8.00000E+01 1.10000E+02
p-Si028-MT800-Gunn-C2622003-E0016.327.1974                       1 1.10000E+02 1.20000E+02
p-Si028-MT800-Gunn-C2622003-E0016.330.1974                       2 7.00000E+01 1.50000E+02
p-Si028-MT800-Gunn-C2622003-E0016.335.1974                       1 7.00000E+01 1.70000E+02
p-Si028-MT800-Gunn-C2622003-E0016.336.1974                       1 1.00000E+02 1.70000E+02
p-Si028-MT800-Gunn-C2622003-E0016.345.1974                       1 9.00000E+01 1.00000E+02
p-Si028-MT800-Gunn-C2622003-E0016.348.1974                       1 9.00000E+01 1.60000E+02
p-Si028-MT800-Gunn-C2622003-E0016.356.1974                       1 4.00000E+01 1.60000E+02
p-Si028-MT800-Gunn-C2622003-E0016.359.1974                       1 4.00000E+01 5.00000E+01
p-Si028-MT800-Gunn-C2622003-E0016.362.1974                       2 5.00000E+01 8.00000E+01
p-Si028-MT800-Gunn-C2622003-E0016.369.1974                       1 8.00000E+01 1.10000E+02
p-Si028-MT800-Gunn-C2622003-E0016.372.1974                       1 1.10000E+02 1.50000E+02
p-Si028-MT800-Gunn-C2622003-E0016.378.1974                       1 1.40000E+02 1.50000E+02
p-Si028-MT800-Gunn-C2622003-E0016.379.1974                       1 1.20000E+02 1.40000E+02
p-Si028-MT800-Gunn-C2622003-E0016.380.1974                       1 1.20000E+02 1.70000E+02
p-Si028-MT800-Gunn-C2622003-E0016.389.1974                       1 7.00000E+01 1.70000E+02
p-Si028-MT800-Gunn-C2622003-E0016.392.1974                       1 7.00000E+01 1.00000E+02
p-Si028-MT800-Gunn-C2622003-E0016.397.1974                       1 9.00000E+01 1.00000E+02
p-Si028-MT800-Gunn-C2622003-E0016.398.1974                       1 4.00000E+01 9.00000E+01
p-Si028-MT800-Gunn-C2622003-E0016.403.1974                       1 4.00000E+01 1.60000E+02
p-Si028-MT800-Gunn-C2622003-E0016.412.1974                       1 5.00000E+01 1.60000E+02
p-Si028-MT800-Gunn-C2622003-E0016.416.1974                       1 5.00000E+01 8.00000E+01
p-Si028-MT800-Gunn-C2622003-E0016.418.1974                       1 6.00000E+01 8.00000E+01
p-Si028-MT800-Gunn-C2622003-E0016.424.1974                       1 6.00000E+01 1.10000E+02
p-Si028-MT800-Gunn-C2622003-E0016.425.1974                       1 1.10000E+02 1.20000E+02
p-Si028-MT800-Gunn-C2622003-E0016.427.1974                       1 1.20000E+02 1.50000E+02
p-Si028-MT800-Gunn-C2622003-E0016.428.1974                       2 1.40000E+02 1.70000E+02
p-Si028-MT800-Gunn-C2622003-E0016.431.1974                       1 7.00000E+01 1.40000E+02
p-Si028-MT800-Gunn-C2622003-E0016.435.1974                       1 7.00000E+01 1.00000E+02
p-Si028-MT800-Gunn-C2622003-E0016.438.1974                       1 9.00000E+01 1.00000E+02
p-Si028-MT800-Gunn-C2622003-E0016.441.1974                       1 4.00000E+01 9.00000E+01
p-Si028-MT800-Gunn-C2622003-E0016.456.1974                       1 4.00000E+01 6.00000E+01
p-Si028-MT800-Gunn-C2622003-E0016.460.1974                       1 6.00000E+01 1.60000E+02
p-Si028-MT800-Gunn-C2622003-E0016.462.1974                       1 5.00000E+01 1.60000E+02
p-Si028-MT800-Gunn-C2622003-E0016.471.1974                       1 5.00000E+01 8.00000E+01
p-Si028-MT800-Gunn-C2622003-E0016.475.1974                       3 8.00000E+01 1.50000E+02
p-Si028-MT800-Gunn-C2622003-E0016.480.1974                       1 1.20000E+02 1.70000E+02
p-Si028-MT800-Gunn-C2622003-E0016.483.1974                       1 7.00000E+01 1.70000E+02
p-Si028-MT800-Gunn-C2622003-E0016.485.1974                       2 7.00000E+01 1.40000E+02
p-Si028-MT800-Gunn-C2622003-E0016.490.1974                       1 9.00000E+01 1.00000E+02
p-Si028-MT800-Gunn-C2622003-E0016.491.1974                       1 4.00000E+01 9.00000E+01
p-Si028-MT800-Gunn-C2622003-E0016.508.1974                       1 4.00000E+01 1.60000E+02
p-Si028-MT800-Gunn-C2622003-E0016.509.1974                       1 6.00000E+01 1.60000E+02
p-Si028-MT800-Gunn-C2622003-E0016.511.1974                       1 5.00000E+01 6.00000E+01
p-Si028-MT800-Gunn-C2622003-E0016.516.1974                       1 5.00000E+01 8.00000E+01
p-Si028-MT800-Gunn-C2622003-E0016.524.1974                       2 8.00000E+01 1.20000E+02
p-Si028-MT800-Gunn-C2622003-E0016.525.1974                       2 1.10000E+02 1.50000E+02
p-Si028-MT800-Gunn-C2622003-E0016.532.1974                       1 1.40000E+02 1.70000E+02
p-Si028-MT800-Gunn-C2622003-E0016.533.1974                       1 7.00000E+01 1.70000E+02
p-Si028-MT800-Gunn-C2622003-E0016.535.1974                       1 7.00000E+01 1.00000E+02
p-Si028-MT800-Gunn-C2622003-E0016.538.1974                       1 9.00000E+01 1.00000E+02
p-Si028-MT800-Gunn-C2622003-E0016.541.1974                       1 4.00000E+01 9.00000E+01
p-Si028-MT800-Gunn-C2622003-E0016.560.1974                       1 4.00000E+01 6.00000E+01
p-Si028-MT800-Gunn-C2622003-E0016.562.1974                       1 5.00000E+01 6.00000E+01
p-Si028-MT800-Gunn-C2622003-E0016.567.1974                       1 5.00000E+01 1.60000E+02
p-Si028-MT800-Gunn-C2622003-E0016.568.1974                       1 1.20000E+02 1.60000E+02
p-Si028-MT800-Gunn-C2622003-E0016.572.1974                       1 1.10000E+02 1.20000E+02
p-Si028-MT800-Gunn-C2622003-E0016.573.1974                       2 8.00000E+01 1.50000E+02
p-Si028-MT800-Gunn-C2622003-E0016.574.1974                       1 8.00000E+01 1.40000E+02
p-Si028-MT800-Gunn-C2622003-E0016.580.1974                       1 1.40000E+02 1.70000E+02
p-Si028-MT800-Gunn-C2622003-E0016.583.1974                       1 9.00000E+01 1.70000E+02
p-Si028-MT800-Gunn-C2622003-E0016.587.1974                       1 7.00000E+01 9.00000E+01
p-Si028-MT800-Gunn-C2622003-E0016.588.1974                       1 7.00000E+01 1.00000E+02
p-Si028-MT800-Gunn-C2622003-E0016.593.1974                       1 4.00000E+01 1.00000E+02
p-Si028-MT800-Gunn-C2622003-E0016.603.1974                       1 4.00000E+01 1.60000E+02
p-Si028-MT800-Gunn-C2622003-E0016.612.1974                       1 5.00000E+01 1.60000E+02
p-Si028-MT800-Gunn-C2622003-E0016.614.1974                       1 5.00000E+01 6.00000E+01
p-Si028-MT800-Gunn-C2622003-E0016.623.1974                       1 6.00000E+01 8.00000E+01
p-Si028-MT800-Gunn-C2622003-E0016.625.1974                       1 8.00000E+01 1.10000E+02
p-Si028-MT800-Gunn-C2622003-E0016.626.1974                       2 1.10000E+02 1.70000E+02
p-Si028-MT800-Gunn-C2622003-E0016.628.1974                       1 1.20000E+02 1.70000E+02
p-Si028-MT800-Gunn-C2622003-E0016.630.1974                       1 1.20000E+02 1.40000E+02
p-Si028-MT800-Gunn-C2622003-E0016.633.1974                       1 7.00000E+01 1.40000E+02
p-Si028-MT800-Gunn-C2622003-E0016.635.1974                       1 7.00000E+01 9.00000E+01
p-Si028-MT800-Gunn-C2622003-E0016.641.1974                       2 9.00000E+01 1.60000E+02
p-Si028-MT800-Gunn-C2622003-E0016.654.1974                       1 4.00000E+01 1.60000E+02
p-Si028-MT800-Gunn-C2622003-E0016.655.1974                       1 4.00000E+01 6.00000E+01
p-Si028-MT800-Gunn-C2622003-E0016.665.1974                       1 5.00000E+01 6.00000E+01
p-Si028-MT800-Gunn-C2622003-E0016.668.1974                       1 5.00000E+01 1.50000E+02
p-Si028-MT800-Gunn-C2622003-E0016.670.1974                       1 1.10000E+02 1.50000E+02
p-Si028-MT800-Gunn-C2622003-E0016.673.1974                       1 8.00000E+01 1.10000E+02
p-Si028-MT800-Gunn-C2622003-E0016.675.1974                       2 8.00000E+01 1.40000E+02
p-Si028-MT800-Gunn-C2622003-E0016.677.1974                       1 1.40000E+02 1.70000E+02
p-Si028-MT800-Gunn-C2622003-E0016.686.1974                       1 7.00000E+01 1.70000E+02
p-Si028-MT800-Gunn-C2622003-E0016.689.1974                       2 7.00000E+01 1.00000E+02
p-Si028-MT800-Gunn-C2622003-E0016.697.1974                       1 4.00000E+01 9.00000E+01
p-Si028-MT800-Gunn-C2622003-E0016.704.1974                       1 4.00000E+01 1.60000E+02
p-Si028-MT800-Gunn-C2622003-E0016.706.1974                       1 5.00000E+01 1.60000E+02
p-Si028-MT800-Gunn-C2622003-E0016.715.1974                       1 5.00000E+01 6.00000E+01
p-Si028-MT800-Gunn-C2622003-E0016.718.1974                       1 6.00000E+01 1.10000E+02
p-Si028-MT800-Gunn-C2622003-E0016.721.1974                       1 1.10000E+02 1.50000E+02
p-Si028-MT800-Gunn-C2622003-E0016.723.1974                       1 1.20000E+02 1.50000E+02
p-Si028-MT800-Gunn-C2622003-E0016.730.1974                       2 8.00000E+01 1.40000E+02
p-Si028-MT800-Gunn-C2622003-E0016.731.1974                       1 7.00000E+01 8.00000E+01
p-Si028-MT800-Gunn-C2622003-E0016.735.1974                       2 7.00000E+01 1.70000E+02
p-Si028-MT800-Gunn-C2622003-E0016.736.1974                       1 9.00000E+01 1.70000E+02
p-Si028-MT800-Gunn-C2622003-E0016.745.1974                       1 4.00000E+01 9.00000E+01
p-Si028-MT800-Gunn-C2622003-E0016.754.1974                       1 4.00000E+01 1.60000E+02
p-Si028-MT800-Gunn-C2622003-E0016.761.1974                       1 6.00000E+01 1.60000E+02
p-Si028-MT800-Gunn-C2622003-E0016.763.1974                       1 6.00000E+01 1.50000E+02
p-Si028-MT800-Gunn-C2622003-E0016.772.1974                       1 8.00000E+01 1.50000E+02
p-Si028-MT800-Gunn-C2622003-E0016.774.1974                       3 8.00000E+01 1.40000E+02
p-Si028-MT800-Gunn-C2622003-E0016.777.1974                       1 1.10000E+02 1.30000E+02
p-Si028-MT800-Gunn-C2622003-E0016.779.1974                       1 7.00000E+01 1.30000E+02
p-Si028-MT800-Gunn-C2622003-E0016.785.1974                       1 7.00000E+01 1.70000E+02
p-Si028-MT800-Gunn-C2622003-E0016.786.1974                       1 9.00000E+01 1.70000E+02
p-Si028-MT800-Gunn-C2622003-E0016.794.1974                       2 9.00000E+01 1.60000E+02
p-Si028-MT800-Gunn-C2622003-E0016.800.1974                       1 4.00000E+01 1.60000E+02
p-Si028-MT800-Gunn-C2622003-E0016.807.1974                       1 4.00000E+01 6.00000E+01
p-Si028-MT800-Gunn-C2622003-E0016.818.1974                       2 5.00000E+01 1.10000E+02
p-Si028-MT800-Gunn-C2622003-E0016.819.1974                       1 5.00000E+01 1.30000E+02
p-Si028-MT800-Gunn-C2622003-E0016.822.1974                       1 8.00000E+01 1.30000E+02
p-Si028-MT800-Gunn-C2622003-E0016.823.1974                       1 8.00000E+01 1.40000E+02
p-Si028-MT800-Gunn-C2622003-E0016.824.1974                       1 1.40000E+02 1.50000E+02
p-Si028-MT800-Gunn-C2622003-E0016.825.1974                       1 1.20000E+02 1.50000E+02
p-Si028-MT800-Gunn-C2622003-E0016.827.1974                       1 1.20000E+02 1.70000E+02
p-Si028-MT800-Gunn-C2622003-E0016.831.1974                       1 7.00000E+01 1.70000E+02
p-Si028-MT800-Gunn-C2622003-E0016.835.1974                       1 7.00000E+01 9.00000E+01
p-Si028-MT800-Gunn-C2622003-E0016.840.1974                       1 9.00000E+01 1.00000E+02
p-Si028-MT800-Gunn-C2622003-E0016.843.1974                       1 4.00000E+01 1.00000E+02
p-Si028-MT800-Gunn-C2622003-E0016.855.1974                       2 4.00000E+01 1.60000E+02
p-Si028-MT800-Gunn-C2622003-E0016.864.1974                       1 5.00000E+01 6.00000E+01
p-Si028-MT800-Gunn-C2622003-E0016.867.1974                       2 6.00000E+01 1.50000E+02
p-Si028-MT800-Gunn-C2622003-E0016.868.1974                       1 1.10000E+02 1.20000E+02
p-Si028-MT800-Gunn-C2622003-E0016.871.1974                       1 8.00000E+01 1.20000E+02
p-Si028-MT800-Gunn-C2622003-E0016.873.1974                       1 8.00000E+01 1.40000E+02
p-Si028-MT800-Gunn-C2622003-E0016.877.1974                       1 1.40000E+02 1.70000E+02
p-Si028-MT800-Gunn-C2622003-E0016.881.1974                       1 7.00000E+01 1.70000E+02
p-Si028-MT800-Gunn-C2622003-E0016.882.1974                       1 7.00000E+01 1.00000E+02
p-Si028-MT800-Gunn-C2622003-E0016.887.1974                       1 9.00000E+01 1.00000E+02
p-Si028-MT800-Gunn-C2622003-E0016.891.1974                       1 9.00000E+01 1.60000E+02
p-Si028-MT800-Gunn-C2622003-E0016.900.1974                       1 4.00000E+01 1.60000E+02
p-Si028-MT800-Gunn-C2622003-E0016.905.1974                       1 4.00000E+01 1.50000E+02
p-Si028-MT800-Gunn-C2622003-E0016.914.1974                       1 8.00000E+01 1.50000E+02
p-Si028-MT800-Gunn-C2622003-E0016.917.1974                       1 5.00000E+01 8.00000E+01
p-Si028-MT800-Gunn-C2622003-E0016.921.1974                       4 5.00000E+01 1.40000E+02
p-Si028-MT800-Gunn-C2622003-E0016.922.1974                       1 1.30000E+02 1.40000E+02
p-Si028-MT800-Gunn-C2622003-E0016.929.1974                       1 1.00000E+02 1.30000E+02
p-Si028-MT800-Gunn-C2622003-E0016.935.1974                       1 1.00000E+02 1.70000E+02
p-Si028-MT800-Gunn-C2622003-E0016.936.1974                       1 7.00000E+01 1.70000E+02
p-Si028-MT800-Gunn-C2622003-E0016.945.1974                       1 7.00000E+01 9.00000E+01
p-Si028-MT800-Gunn-C2622003-E0016.947.1974                       1 9.00000E+01 1.60000E+02
p-Si028-MT800-Gunn-C2622003-E0016.950.1974                       1 4.00000E+01 1.60000E+02
p-Si028-MT800-Gunn-C2622003-E0016.955.1974                       1 4.00000E+01 5.00000E+01
p-Si028-MT800-Gunn-C2622003-E0016.968.1974                       1 5.00000E+01 1.10000E+02
p-Si028-MT800-Gunn-C2622003-E0016.969.1974                       1 6.00000E+01 1.10000E+02
p-Si028-MT800-Gunn-C2622003-E0016.971.1974                       1 6.00000E+01 1.50000E+02
p-Si028-MT800-Gunn-C2622003-E0016.973.1974                       1 8.00000E+01 1.50000E+02
p-Si028-MT800-Gunn-C2622003-E0016.974.1974                       1 8.00000E+01 1.40000E+02
p-Si028-MT800-Gunn-C2622003-E0016.978.1974                       1 1.00000E+02 1.40000E+02
p-Si028-MT800-Gunn-C2622003-E0016.987.1974                       1 1.00000E+02 1.70000E+02
p-Si028-MT800-Gunn-C2622003-E0016.989.1974                       1 7.00000E+01 1.70000E+02
p-Si028-MT800-Gunn-C2622003-E0016.992.1974                       1 7.00000E+01 9.00000E+01
p-Si028-MT800-Gunn-C2622003-E0016.997.1974                       1 4.00000E+01 9.00000E+01
p-Si028-MT800-Gunn-C2622003-E0017.005.1974                       1 4.00000E+01 1.60000E+02
p-Si028-MT800-Gunn-C2622003-E0017.006.1974                       1 5.00000E+01 1.60000E+02
p-Si028-MT800-Gunn-C2622003-E0017.014.1974                       1 5.00000E+01 1.10000E+02
p-Si028-MT800-Gunn-C2622003-E0017.016.1974                       1 6.00000E+01 1.10000E+02
p-Si028-MT800-Gunn-C2622003-E0017.019.1974                       1 6.00000E+01 1.50000E+02
p-Si028-MT800-Gunn-C2622003-E0017.020.1974                       1 1.30000E+02 1.50000E+02
p-Si028-MT800-Gunn-C2622003-E0017.026.1974                       1 8.00000E+01 1.30000E+02
p-Si028-MT800-Gunn-C2622003-E0017.027.1974                       1 8.00000E+01 1.40000E+02
p-Si028-MT800-Gunn-C2622003-E0017.028.1974                       2 1.00000E+02 1.70000E+02
p-Si028-MT800-Gunn-C2622003-E0017.038.1974                       1 7.00000E+01 1.00000E+02
p-Si028-MT800-Gunn-C2622003-E0017.042.1974                       1 7.00000E+01 1.60000E+02
p-Si028-MT800-Gunn-C2622003-E0017.048.1974                       1 4.00000E+01 1.60000E+02
p-Si028-MT800-Gunn-C2622003-E0017.053.1974                       2 4.00000E+01 1.50000E+02
p-Si028-MT800-Gunn-C2622003-E0017.067.1974                       1 5.00000E+01 1.50000E+02
p-Si028-MT800-Gunn-C2622003-E0017.068.1974                       3 5.00000E+01 1.30000E+02
p-Si028-MT800-Gunn-C2622003-E0017.072.1974                       3 8.00000E+01 1.70000E+02
p-Si028-MT800-Gunn-C2622003-E0017.075.1974                       1 1.00000E+02 1.40000E+02
p-Si028-MT800-Gunn-C2622003-E0017.080.1974                       1 9.00000E+01 1.00000E+02
p-Si028-MT800-Gunn-C2622003-E0017.094.1974                       1 7.00000E+01 9.00000E+01
p-Si028-MT800-Gunn-C2622003-E0017.095.1974                       2 6.00000E+01 1.60000E+02
p-Si028-MT800-Gunn-C2622003-E0017.106.1974                       1 4.00000E+01 6.00000E+01
p-Si028-MT800-Gunn-C2622003-E0017.108.1974                       1 4.00000E+01 1.10000E+02
p-Si028-MT800-Gunn-C2622003-E0017.114.1974                       1 5.00000E+01 1.10000E+02
p-Si028-MT800-Gunn-C2622003-E0017.115.1974                       2 5.00000E+01 1.50000E+02
p-Si028-MT800-Gunn-C2622003-E0017.121.1974                       1 8.00000E+01 1.30000E+02
p-Si028-MT800-Gunn-C2622003-E0017.124.1974                       1 8.00000E+01 1.70000E+02
p-Si028-MT800-Gunn-C2622003-E0017.128.1974                       1 1.40000E+02 1.70000E+02
p-Si028-MT800-Gunn-C2622003-E0017.131.1974                       1 1.00000E+02 1.40000E+02
p-Si028-MT800-Gunn-C2622003-E0017.134.1974                       1 7.00000E+01 1.00000E+02
p-Si028-MT800-Gunn-C2622003-E0017.138.1974                       1 7.00000E+01 9.00000E+01
p-Si028-MT800-Gunn-C2622003-E0017.147.1974                       1 9.00000E+01 1.60000E+02
p-Si028-MT800-Gunn-C2622003-E0017.148.1974                       1 4.00000E+01 1.60000E+02
p-Si028-MT800-Gunn-C2622003-E0017.156.1974                       1 4.00000E+01 5.00000E+01
p-Si028-MT800-Gunn-C2622003-E0017.165.1974                       1 5.00000E+01 6.00000E+01
p-Si028-MT800-Gunn-C2622003-E0017.167.1974                       1 6.00000E+01 1.50000E+02
p-Si028-MT800-Gunn-C2622003-E0017.168.1974                       1 1.30000E+02 1.50000E+02
p-Si028-MT800-Gunn-C2622003-E0017.171.1974                       1 1.10000E+02 1.30000E+02
p-Si028-MT800-Gunn-C2622003-E0017.173.1974                       1 1.10000E+02 1.70000E+02
p-Si028-MT800-Gunn-C2622003-E0017.175.1974                       1 8.00000E+01 1.70000E+02
p-Si028-MT800-Gunn-C2622003-E0017.176.1974                       2 8.00000E+01 1.40000E+02
p-Si028-MT800-Gunn-C2622003-E0017.186.1974                       1 7.00000E+01 1.00000E+02
p-Si028-MT800-Gunn-C2622003-E0017.194.1974                       1 7.00000E+01 9.00000E+01
p-Si028-MT800-Gunn-C2622003-E0017.196.1974                       1 9.00000E+01 1.60000E+02
p-Si028-MT800-Gunn-C2622003-E0017.201.1974                       1 4.00000E+01 1.60000E+02
p-Si028-MT800-Gunn-C2622003-E0017.208.1974                       1 4.00000E+01 6.00000E+01
p-Si028-MT800-Gunn-C2622003-E0017.217.1974                       1 6.00000E+01 1.50000E+02
p-Si028-MT800-Gunn-C2622003-E0017.218.1974                       1 1.10000E+02 1.50000E+02
p-Si028-MT800-Gunn-C2622003-E0017.220.1974                       1 5.00000E+01 1.10000E+02
p-Si028-MT800-Gunn-C2622003-E0017.222.1974                       1 5.00000E+01 8.00000E+01
p-Si028-MT800-Gunn-C2622003-E0017.223.1974                       1 8.00000E+01 1.30000E+02
p-Si028-MT800-Gunn-C2622003-E0017.224.1974                       1 1.30000E+02 1.70000E+02
p-Si028-MT800-Gunn-C2622003-E0017.225.1974                       1 1.40000E+02 1.70000E+02
p-Si028-MT800-Gunn-C2622003-E0017.226.1974                       1 1.00000E+02 1.40000E+02
p-Si028-MT800-Gunn-C2622003-E0017.230.1974                       1 7.00000E+01 1.00000E+02
p-Si028-MT800-Gunn-C2622003-E0017.245.1974                       1 7.00000E+01 9.00000E+01
p-Si028-MT800-Gunn-C2622003-E0017.246.1974                       1 9.00000E+01 1.60000E+02
p-Si028-MT800-Gunn-C2622003-E0017.251.1974                       1 5.00000E+01 1.60000E+02
p-Si028-MT800-Gunn-C2622003-E0017.266.1974                       1 4.00000E+01 5.00000E+01
p-Si028-MT800-Gunn-C2622003-E0017.267.1974                       1 4.00000E+01 6.00000E+01
p-Si028-MT800-Gunn-C2622003-E0017.268.1974                       1 6.00000E+01 1.10000E+02
p-Si028-MT800-Gunn-C2622003-E0017.270.1974                       2 1.10000E+02 1.50000E+02
p-Si028-MT800-Gunn-C2622003-E0017.274.1974                       1 1.30000E+02 1.40000E+02
p-Si028-MT800-Gunn-C2622003-E0017.276.1974                       1 1.40000E+02 1.70000E+02
p-Si028-MT800-Gunn-C2622003-E0017.278.1974                       1 8.00000E+01 1.70000E+02
p-Si028-MT800-Gunn-C2622003-E0017.279.1974                       1 8.00000E+01 1.00000E+02
p-Si028-MT800-Gunn-C2622003-E0017.282.1974                       1 9.00000E+01 1.00000E+02
p-Si028-MT800-Gunn-C2622003-E0017.293.1974                       1 7.00000E+01 9.00000E+01
p-Si028-MT800-Gunn-C2622003-E0017.301.1974                       1 7.00000E+01 1.60000E+02
p-Si028-MT800-Gunn-C2622003-E0017.303.1974                       1 4.00000E+01 1.60000E+02
p-Si028-MT800-Gunn-C2622003-E0017.307.1974                       1 4.00000E+01 6.00000E+01
p-Si028-MT800-Gunn-C2622003-E0017.314.1974                       1 6.00000E+01 1.30000E+02
p-Si028-MT800-Gunn-C2622003-E0017.319.1974                       1 1.30000E+02 1.50000E+02
p-Si028-MT800-Gunn-C2622003-E0017.320.1974                       1 1.10000E+02 1.50000E+02
p-Si028-MT800-Gunn-C2622003-E0017.321.1974                       1 1.10000E+02 1.70000E+02
p-Si028-MT800-Gunn-C2622003-E0017.322.1974                       1 5.00000E+01 1.70000E+02
p-Si028-MT800-Gunn-C2622003-E0017.324.1974                       1 5.00000E+01 8.00000E+01
p-Si028-MT800-Gunn-C2622003-E0017.326.1974                       2 8.00000E+01 1.40000E+02
p-Si028-MT800-Gunn-C2622003-E0017.340.1974                       1 9.00000E+01 1.00000E+02
p-Si028-MT800-Gunn-C2622003-E0017.342.1974                       1 7.00000E+01 9.00000E+01
p-Si028-MT800-Gunn-C2622003-E0017.345.1974                       1 7.00000E+01 1.60000E+02
p-Si028-MT800-Gunn-C2622003-E0017.350.1974                       1 4.00000E+01 1.60000E+02
p-Si028-MT800-Gunn-C2622003-E0017.363.1974                       1 4.00000E+01 1.50000E+02
p-Si028-MT800-Gunn-C2622003-E0017.367.1974                       1 5.00000E+01 1.50000E+02
p-Si028-MT800-Gunn-C2622003-E0017.368.1974                       1 5.00000E+01 1.40000E+02
p-Si028-MT800-Gunn-C2622003-E0017.369.1974                       1 6.00000E+01 1.40000E+02
p-Si028-MT800-Gunn-C2622003-E0017.371.1974                       2 6.00000E+01 1.30000E+02
p-Si028-MT800-Gunn-C2622003-E0017.374.1974                       1 8.00000E+01 1.30000E+02
p-Si028-MT800-Gunn-C2622003-E0017.375.1974                       1 8.00000E+01 1.00000E+02
p-Si028-MT800-Gunn-C2622003-E0017.378.1974                       2 9.00000E+01 1.70000E+02
p-Si028-MT800-Gunn-C2622003-E0017.392.1974                       1 7.00000E+01 9.00000E+01
p-Si028-MT800-Gunn-C2622003-E0017.395.1974                       2 4.00000E+01 1.60000E+02
p-Si028-MT800-Gunn-C2622003-E0017.406.1974                       2 4.00000E+01 1.50000E+02
p-Si028-MT800-Gunn-C2622003-E0017.417.1974                       2 5.00000E+01 1.00000E+02
p-Si028-MT800-Gunn-C2622003-E0017.420.1974                       1 1.00000E+02 1.10000E+02
p-Si028-MT800-Gunn-C2622003-E0017.421.1974                       1 1.10000E+02 1.30000E+02
p-Si028-MT800-Gunn-C2622003-E0017.424.1974                       1 1.30000E+02 1.40000E+02
p-Si028-MT800-Gunn-C2622003-E0017.425.1974                       1 8.00000E+01 1.40000E+02
p-Si028-MT800-Gunn-C2622003-E0017.427.1974                       1 8.00000E+01 1.70000E+02
p-Si028-MT800-Gunn-C2622003-E0017.431.1974                       1 7.00000E+01 1.70000E+02
p-Si028-MT800-Gunn-C2622003-E0017.442.1974                       1 7.00000E+01 9.00000E+01
p-Si028-MT800-Gunn-C2622003-E0017.444.1974                       2 9.00000E+01 1.70000E+02
p-Si028-MT800-Gunn-C2622003-E0017.445.1974                       1 4.00000E+01 1.60000E+02
p-Si028-MT800-Gunn-C2622003-E0017.455.1974                       1 4.00000E+01 1.60000E+02
p-Si028-MT800-Gunn-C2622003-E0017.456.1974                       1 1.50000E+02 1.60000E+02
p-Si028-MT800-Gunn-C2622003-E0017.462.1974                       1 1.50000E+02 1.70000E+02
p-Si028-MT800-Gunn-C2622003-E0017.467.1974                       1 1.30000E+02 1.70000E+02
p-Si028-MT800-Gunn-C2622003-E0017.468.1974                       1 4.00000E+01 1.30000E+02
p-Si028-MT800-Gunn-C2622003-E0017.470.1974                       3 4.00000E+01 1.40000E+02
p-Si028-MT800-Gunn-C2622003-E0017.471.1974                       2 6.00000E+01 1.70000E+02
p-Si028-MT800-Gunn-C2622003-E0017.472.1974                       1 8.00000E+01 1.70000E+02
p-Si028-MT800-Gunn-C2622003-E0017.473.1974                       1 5.00000E+01 8.00000E+01
p-Si028-MT800-Gunn-C2622003-E0017.474.1974                       2 5.00000E+01 1.30000E+02
p-Si028-MT800-Gunn-C2622003-E0017.476.1974                       1 8.00000E+01 1.30000E+02
p-Si028-MT800-Gunn-C2622003-E0017.478.1974                       1 8.00000E+01 1.50000E+02
p-Si028-MT800-Gunn-C2622003-E0017.481.1974                       2 1.50000E+02 1.70000E+02
p-Si028-MT800-Gunn-C2622003-E0017.483.1974                       1 1.40000E+02 1.70000E+02
p-Si028-MT800-Gunn-C2622003-E0017.487.1974                       1 9.00000E+01 1.40000E+02
p-Si028-MT800-Gunn-C2622003-E0017.488.1974                       1 3.00000E+01 9.00000E+01
p-Si028-MT800-Gunn-C2622003-E0017.490.1974                       1 3.00000E+01 1.00000E+02
p-Si028-MT800-Gunn-C2622003-E0017.493.1974                       1 7.00000E+01 1.00000E+02
p-Si028-MT800-Gunn-C2622003-E0017.495.1974                       1 7.00000E+01 1.70000E+02
p-Si028-MT800-Gunn-C2622003-E0017.497.1974                       1 1.60000E+02 1.70000E+02
p-Si028-MT800-Gunn-C2622003-E0017.498.1974                       1 1.10000E+02 1.60000E+02
p-Si028-MT800-Gunn-C2622003-E0017.499.1974                       1 7.00000E+01 1.10000E+02
p-Si028-MT800-Gunn-C2622003-E0017.501.1974                       2 4.00000E+01 8.00000E+01
p-Si028-MT800-Gunn-C2622003-E0017.504.1974                       2 3.00000E+01 1.60000E+02
p-Si028-MT800-Gunn-C2622003-E0017.507.1974                       1 3.00000E+01 1.30000E+02
p-Si028-MT800-Gunn-C2622003-E0017.510.1974                       1 5.00000E+01 1.30000E+02
p-Si028-MT800-Gunn-C2622003-E0017.511.1974                       1 5.00000E+01 1.50000E+02
p-Si028-MT800-Gunn-C2622003-E0017.512.1974                       1 1.50000E+02 1.50000E+02
p-Si028-MT800-Gunn-C2622004-E0016.000.1974                      12 3.54000E+01 1.67100E+02
p-Si028-MT800-Gunn-C2622004-E0016.500.1974                      13 3.54000E+01 1.68500E+02
p-Si028-MT800-Gunn-C2622004-E0017.000.1974                      12 2.65000E+01 1.70400E+02
p-Si028-MT800-Gunn-C2622004-E0017.500.1974                      13 2.65000E+01 1.71000E+02
p-Si028-MT800-Gunn-C2622004-E0017.600.1974                      14 2.64000E+01 1.68700E+02
p-Si028-MT800-Gunn-C2622004-E0017.700.1974                      14 2.64000E+01 1.66000E+02
p-Si028-MT800-Gunn-C2622004-E0017.800.1974                      15 2.84000E+01 1.67700E+02
p-Si028-MT800-Gunn-C2622004-E0017.900.1974                      14 2.87000E+01 1.70200E+02
p-Si028-MT800-Gunn-C2622004-E0018.000.1974                      13 2.91000E+01 1.71200E+02
p-Si028-MT800-Pittman-C1747002-E0040.000.2009                   16 1.77000E+01 4.80000E+01
p-Si028-MT800-Pittman-C1747003-E0042.000.2009                   16 3.07000E+01 7.51000E+01
