#              Filename                                         N    min         max
n-Na023-MT002-Coles-20402003-ang-E0005.000.1971                 10 3.00000E+01 1.35000E+02
n-Na023-MT002-Fasoli-21039002-ang-E0001.510.1969                42 1.92000E+01 1.48700E+02
n-Na023-MT002-Kazakova-40706027-ang-E0002.000.1965               8 2.00000E+01 1.60000E+02
n-Na023-MT002-Kinney-10572004-ang-E0000.550.1976             10157 2.40000E+01 1.55000E+02
n-Na023-MT002-Kopecky-22493005-ang-E0000.238.1997             1615 2.40000E+01 2.40000E+01
n-Na023-MT002-Kopecky-22493006-ang-E0000.237.1997             1599 4.00000E+01 4.00000E+01
n-Na023-MT002-Kopecky-22493007-ang-E0000.247.1997             1387 6.00000E+01 6.00000E+01
n-Na023-MT002-Kopecky-22493008-ang-E0000.280.1997             1419 7.80000E+01 7.80000E+01
n-Na023-MT002-Kopecky-22493009-ang-E0000.297.1997             1007 9.00000E+01 9.00000E+01
n-Na023-MT002-Kopecky-22493010-ang-E0000.308.1997             1048 1.20000E+02 1.20000E+02
n-Na023-MT002-Kopecky-22493011-ang-E0000.311.1997             1007 1.37000E+02 1.37000E+02
n-Na023-MT002-Kopecky-22493012-ang-E0000.311.1997              994 1.50000E+02 1.50000E+02
n-Na023-MT002-Korzh-40685005-ang-E0000.500.1964                 16 3.00029E+01 1.39996E+02
n-Na023-MT002-Korzh-40763003-ang-E0000.300.1963                  8 3.00029E+01 1.39996E+02
n-Na023-MT002-Kuijper-20223004-ang-E0014.760.1972                8 2.30000E+01 1.20000E+02
n-Na023-MT002-Perey-10104002-ang-E0005.440.1970                 21 1.50000E+01 1.13000E+02
n-Na023-MT002-Perey-10104002-ang-E0005.440A001.1970             21 1.50000E+01 1.13000E+02
n-Na023-MT002-Perey-10104002-ang-E0006.370.1970                 21 1.50000E+01 1.34500E+02
n-Na023-MT002-Popov-40101005-ang-E0004.370.1971                  5 3.00000E+01 1.50000E+02
n-Na023-MT002-Schweitzer-30463002-ang-E0003.400.1978            11 2.51000E+01 1.50500E+02
n-Na023-MT002-Towle-21089004-ang-E0000.980.1962                 41 3.05000E+01 1.37800E+02
n-Na023-MT002-Vanhoy-14403002-ang-E0001.480.2015               162 3.00000E+01 1.40000E+02
