#              Filename                                         N    min         max
d-C012-MT651-Aspelund-D0232003-ang-E0060.600.1975               60 1.25000E+01 7.01000E+01
d-C012-MT651-Aspelund-D0232003-ang-E0060.600A001.1975           41 1.32000E+01 7.00000E+01
d-C012-MT651-Aspelund-D0232003-ang-E0060.600A002.1975           60 1.24000E+01 7.05000E+01
d-C012-MT651-Aspelund-D0232003-ang-E0077.300.1975               62 1.25000E+01 7.18000E+01
d-C012-MT651-Aspelund-D0232003-ang-E0077.300A001.1975           56 1.42000E+01 7.19000E+01
d-C012-MT651-Aspelund-D0232003-ang-E0077.300A002.1975           61 1.24000E+01 7.62000E+01
d-C012-MT651-Aspelund-D0232003-ang-E0077.300A003.1975           45 1.64000E+01 7.20000E+01
d-C012-MT651-Aspelund-D0232003-ang-E0090.000.1975               53 1.30000E+01 7.35000E+01
d-C012-MT651-Aspelund-D0232003-ang-E0090.000A001.1975           47 1.25000E+01 7.60000E+01
d-C012-MT651-Aspelund-D0232003-ang-E0090.000A002.1975           51 1.33000E+01 7.82000E+01
d-C012-MT651-Baeumer-O1080004-ang-E0170.000.2001                41 3.00003E+00 4.35000E+01
d-C012-MT651-Cords-F1065015-ang-E0008.391.1969                  65 7.00000E+01 7.00000E+01
d-C012-MT651-Cowley-F0182005-ang-E0015.800.1966                 31 6.90001E+00 1.16900E+02
d-C012-MT651-DaiCaNguyennn-F0164005-ang-E0014.250.1966          14 1.01000E+01 8.38000E+01
d-C012-MT651-Fitz-F0221011-ang-E0011.800.1967                   23 2.07000E+01 1.32600E+02
d-C012-MT651-Galanina-F0839003-ang-E0015.300.2007               29 1.85000E+01 1.60800E+02
d-C012-MT651-Galanina-F0839005-ang-E0011.650.2007               21 4.00000E+01 4.00000E+01
d-C012-MT651-Guratzsch-F0714004-ang-E0013.700.1970              20 2.01000E+01 1.70400E+02
d-C012-MT651-Haffner-F0021005-ang-E0015.000.1956                20 1.79000E+01 9.13000E+01
d-C012-MT651-Ishida-E1553003-ang-E0053.300.1993                  7 1.59000E+01 6.12000E+01
d-C012-MT651-Ishida-E1553004-ang-E0053.300.1993                 19 1.58000E+01 6.49000E+01
d-C012-MT651-Ishizaki-E2224002-ang-E0018.100.1961               17 1.22000E+01 1.57200E+02
d-C012-MT651-Ishizaki-E2224003-ang-E0015.900.1961               25 1.12000E+01 1.36400E+02
d-C012-MT651-Ishizaki-E2224004-ang-E0014.700.1961               12 1.00000E+01 1.03900E+02
d-C012-MT651-Jahr-D0241003-ang-E0011.800.1961                   14 1.98000E+01 8.79000E+01
d-C012-MT651-Kawabata-E1912014-ang-E0200.000.2004               24 2.15404E+00 2.58438E+01
d-C012-MT651-Kawabata-E1912015-ang-E0200.000.2004               24 2.61105E+00 2.57768E+01
d-C012-MT651-Kawabata-E1912016-ang-E0200.000.2004               20 3.02893E+00 2.07518E+01
d-C012-MT651-Nguyen-E2254007-ang-E0014.250.1966                 14 9.69998E+00 8.33000E+01
d-C012-MT651-Satou-E1817002-ang-E0270.000.2002                  36 2.80002E+00 2.06000E+01
d-C012-MT651-Satou-E1817003-ang-E0270.000.2002                  36 2.80002E+00 2.07000E+01
d-C012-MT651-Satou-E1817004-ang-E0270.000.2002                  24 2.80002E+00 1.46000E+01
d-C012-MT651-Satou-E1817005-ang-E0270.000.2002                  24 2.80002E+00 1.46000E+01
d-C012-MT651-Takai-E0061003-ang-E0009.000.1977                  23 1.57000E+01 1.34900E+02
d-C012-MT651-Vandantzig-O1735004-ang-E0030.247.1963             83 4.19997E+00 1.59800E+02
