#              Filename                                         N    min         max
d-B011-MT089-Almond-F0389002-E0001.050.1965                    208 0.00000E+00 0.00000E+00
d-B011-MT089-Almond-F0389003-E0002.380.1965                     16 5.00068E-01 1.59300E+02
d-B011-MT089-Almond-F0389003-E0003.580.1965                     16 9.00051E-01 1.61000E+02
d-B011-MT089-Ames-F0438002-E0000.500.1957                        5 8.00153E-01 1.48200E+02
d-B011-MT089-Ames-F0438002-E0000.600.1957                        6 9.00051E-01 1.49800E+02
d-B011-MT089-Ames-F0438002-E0000.800.1957                        6 9.00051E-01 1.51700E+02
d-B011-MT089-Class-F0302002-E0001.510.1965                      11 3.00014E-01 1.45200E+02
d-B011-MT089-Class-F0302002-E0001.960.1965                      10 5.99705E-01 1.50800E+02
d-B011-MT089-Class-F0302002-E0002.360.1965                       9 9.89117E-02 1.41100E+02
d-B011-MT089-Class-F0302002-E0002.770.1965                      10 9.89117E-02 1.49300E+02
d-B011-MT089-Class-F0302002-E0003.070.1965                      11 1.10003E+00 1.49600E+02
d-B011-MT089-Class-F0302002-E0003.470.1965                      10 1.10003E+00 1.47500E+02
d-B011-MT089-Class-F0302002-E0003.770.1965                      11 1.50011E+00 1.45000E+02
d-B011-MT089-Class-F0302002-E0004.110.1965                      10 5.00068E-01 1.50300E+02
d-B011-MT089-Class-F0302002-E0004.680.1965                      12 5.00068E-01 1.51100E+02
d-B011-MT089-Din-F0223005-E0001.031.1967                       121 0.00000E+00 0.00000E+00
d-B011-MT089-Febbraro-C2272003-E0015.400.2017                   19 1.00000E+01 1.49900E+02
d-B011-MT089-Foot-T0222002-E0079.000.1985                       81 1.10003E+00 6.97000E+01
d-B011-MT089-Mutchler-F0449003-E0011.800.1971                   95 1.16000E+01 1.41700E+02
d-B011-MT089-Neuschaefer-C0749003-E0012.000.1983               101 0.00000E+00 6.00000E+01
