#              Filename                                         N    min         max
n-Pb206-MT002-Belovitskii-40288002-ang-E0013.700.1972            7 4.70000E+01 1.36000E+02
n-Pb206-MT002-Bostrom-11130029-ang-E0004.210.1959               13 2.00000E+01 1.40000E+02
n-Pb206-MT002-Bostrom-11130029-ang-E0004.210A001.1959           13 2.00000E+01 1.40000E+02
n-Pb206-MT002-Buccino-11877011-ang-E0005.000.1966               13 1.99988E+01 1.39996E+02
n-Pb206-MT002-Day-12191007-ang-E0000.500.1965                   72 2.02000E+01 2.02000E+01
n-Pb206-MT002-Etemad-20346025-ang-E0007.000.1973                20 2.00000E+01 1.60000E+02
n-Pb206-MT002-Etemad-20346026-ang-E0007.000.1973                20 2.00000E+01 1.60000E+02
n-Pb206-MT002-Ferrer-10633020-ang-E0011.010.1977                26 1.50000E+01 1.45000E+02
n-Pb206-MT002-Ferrer-10633020-ang-E0011.010A001.1977            26 1.50000E+01 1.45000E+02
n-Pb206-MT002-Guenther-10664002-ang-E0000.600.1978             175 2.00000E+01 1.45000E+02
n-Pb206-MT002-Hicks-13852009-ang-E0002.530.1994                 34 2.01000E+01 1.50600E+02
n-Pb206-MT002-Hicks-13852010-ang-E0008.000.1994                 24 2.00000E+01 1.50000E+02
n-Pb206-MT002-Holmqvist-20162030-ang-E0008.050.1971             19 2.00000E+01 1.60000E+02
n-Pb206-MT002-Landon-11717010-ang-E0002.200.1958                14 2.51000E+01 1.35000E+02
n-Pb206-MT002-Okhuysen-12211003-ang-E0004.200.1959              13 2.00000E+01 1.40000E+02
n-Pb206-MT002-Olsson-21825003-ang-E0001.482.1982               357 1.51000E+01 1.62300E+02
n-Pb206-MT002-Olsson-22048024-ang-E0021.600.1987                49 1.00000E+01 1.61800E+02
n-Pb206-MT002-Schreder-22121012-ang-E0007.710.1989              32 2.10000E+01 1.24000E+02
n-Pb206-MT002-Thomson-11495054-ang-E0004.000.1963                2 9.00000E+01 9.00000E+01
n-Pb206-MT002-Walt-11637079-ang-E0001.000.1954                   9 3.05000E+01 1.49200E+02
n-Pb206-MT002-Zafiratos-12220002-ang-E0007.000.1965             30 1.99000E+01 1.64900E+02
