#              Filename                                         N    min         max
n-C013-MT151-Allen-101410021.1971                                1 1.52000E-01 1.52000E-01
n-C013-MT151-Allen-101410021A001.1971                            1 1.52000E-01 1.52000E-01
n-C013-MT151-Allen-101410022.1971                                1 1.52000E-01 1.52000E-01
n-C013-MT151-Allen-101410022A001.1971                            1 1.52000E-01 1.52000E-01
n-C013-MT151-Allen-101410023.1971                                1 1.52000E-01 1.52000E-01
n-C013-MT151-Allen-101410023A001.1971                            1 1.52000E-01 1.52000E-01
n-C013-MT151-Cohn-113300021.1961                                 3 1.53000E-01 2.43200E+00
n-C013-MT151-Cohn-113300022.1961                                 1 1.53000E-01 1.53000E-01
n-C013-MT151-Cohn-113300023.1961                                 4 1.53000E-01 2.45400E+00
n-C013-MT151-Heatonii-103950031.1975                             1 1.52900E-01 1.52900E-01
n-C013-MT151-Heatonii-103950031A001.1975                         1 1.52900E-01 1.52900E-01
n-C013-MT151-Heatonii-103950033.1975                             1 1.52900E-01 1.52900E-01
n-C013-MT151-Heatonii-103950033A001.1975                         1 1.52900E-01 1.52900E-01
n-C013-MT151-Heatonii-103950034.1975                             1 1.52900E-01 1.52900E-01
n-C013-MT151-Heatonii-103950034A001.1975                         1 1.52900E-01 1.52900E-01
n-C013-MT151-Moxon-221840051.1990                                1 1.52391E-01 1.52391E-01
n-C013-MT151-Moxon-221840052.1990                                1 1.52391E-01 1.52391E-01
n-C013-MT151-Moxon-221840053.1990                                1 1.52391E-01 1.52391E-01
n-C013-MT151-Raman-22170003.1990                                 1 1.53000E-01 1.53000E-01
n-C013-MT151-Resler-131460141.1989                              14 3.35800E+00 1.02000E+01
n-C013-MT151-Resler-131460142.1989                              14 3.35800E+00 1.02000E+01
n-C013-MT151-Resler-131460144.1989                              14 3.35800E+00 1.02000E+01
n-C013-MT151-Willard-112930031.1958                              3 1.75000E+00 2.45000E+00
n-C013-MT151-Willard-112930032.1958                              1 1.75000E+00 1.75000E+00
