#              Filename                                         N    min         max
a-O016-MT151-Bergman-T02310051.1971                             17 1.93000E+01 2.94000E+01
a-O016-MT151-Bergman-T02310053.1971                             13 1.93000E+01 2.94000E+01
a-O016-MT151-Bergman-T02310054.1971                             15 1.93000E+01 2.94000E+01
a-O016-MT151-Berthoumieux-F05870031.1998                         3 3.03200E+00 3.36200E+00
a-O016-MT151-Berthoumieux-F05870032.1998                         3 3.03200E+00 3.36200E+00
a-O016-MT151-Billen-T02360102.1979                              14 1.47210E+01 1.99530E+01
a-O016-MT151-Billen-T02360111.1979                              11 1.79880E+01 2.02490E+01
a-O016-MT151-Billen-T02360112.1979                              11 1.79880E+01 2.02490E+01
a-O016-MT151-Billen-T02360113.1979                              11 1.79880E+01 2.02490E+01
a-O016-MT151-Caskey-T02370041.1985                              67 9.25000E+00 1.33840E+01
a-O016-MT151-Caskey-T02370042.1985                              65 9.40300E+00 1.33840E+01
a-O016-MT151-Caskey-T02370044.1985                              67 9.25000E+00 1.33840E+01
a-O016-MT151-Costantini-C18190021.2010                           3 1.11370E+00 2.49000E+00
a-O016-MT151-Costantini-C18190023.2010                           2 1.31480E+00 2.49000E+00
a-O016-MT151-Costantini-C18190061.2010                           4 6.72630E+00 7.42140E+00
a-O016-MT151-Costantini-C18190062.2010                           4 6.72630E+00 7.42140E+00
a-O016-MT151-Costantini-C18190063.2010                           4 6.72630E+00 7.42140E+00
a-O016-MT151-Costantini-C18190064.2010                           4 6.72630E+00 7.42140E+00
a-O016-MT151-Ferguson-C09160051.1940                             2 5.50000E+00 6.50000E+00
a-O016-MT151-Ferguson-C09160052.1940                             2 5.50000E+00 6.50000E+00
a-O016-MT151-Fifield-F02980021.1980                              8 4.96900E+00 9.40600E+00
a-O016-MT151-Fifield-F02980022.1980                              2 4.96900E+00 8.53500E+00
a-O016-MT151-Garman-F02900072.1981                               2 1.23940E+01 1.24360E+01
a-O016-MT151-Hahn-T00890042.1987                                 2 2.49298E+00 3.04059E+00
a-O016-MT151-Hausser-T02330051.1973                             15 4.65300E+00 1.67370E+01
a-O016-MT151-Hausser-T02330054.1973                              8 4.65300E+00 1.67370E+01
a-O016-MT151-Hunt-T02420041.1967                                16 5.95000E+00 9.82000E+00
a-O016-MT151-Hunt-T02420043.1967                                13 5.95000E+00 9.82000E+00
a-O016-MT151-Hunt-T02420044.1967                                 8 6.58000E+00 9.82000E+00
a-O016-MT151-Hurst-F05840021.1980                                1 1.19500E+01 1.19500E+01
a-O016-MT151-Hurst-F05840022.1980                                1 1.19500E+01 1.19500E+01
a-O016-MT151-Ingalls-C09120022.1976                              1 6.93000E+00 6.93000E+00
a-O016-MT151-Ingalls-C09120023.1976                              1 6.93000E+00 6.93000E+00
a-O016-MT151-Jarjis-F04540041.1985                               4 2.52200E+00 3.37200E+00
a-O016-MT151-Jarjis-F04540042.1985                               4 2.52200E+00 3.37200E+00
a-O016-MT151-Jarjis-F04540043.1985                               4 2.52200E+00 3.37200E+00
a-O016-MT151-Macarthur-F06930041.1980                            2 1.31740E+00 3.03610E+00
a-O016-MT151-Macarthur-F06930042.1980                            2 1.31740E+00 3.03610E+00
a-O016-MT151-Macarthur-F06930051.1980                            6 0.00000E+00 7.22200E+00
a-O016-MT151-Macarthur-F06930052.1980                            6 0.00000E+00 7.22200E+00
a-O016-MT151-Macarthur-F06930054.1980                            6 0.00000E+00 7.22200E+00
a-O016-MT151-Mcdermott-T02440031.1960                            8 4.90000E+00 6.03000E+00
a-O016-MT151-Mcdermott-T02440033.1960                            8 4.90000E+00 6.03000E+00
a-O016-MT151-Mcdermott-T02440034.1960                            5 5.00200E+00 6.03000E+00
a-O016-MT151-Mehta-T02460081.1967                               31 1.00500E+01 1.89000E+01
a-O016-MT151-Mehta-T02460082.1967                               26 1.00500E+01 1.89000E+01
a-O016-MT151-Mehta-T02460084.1967                               25 1.00500E+01 1.89000E+01
a-O016-MT151-Mehta-T02460091.1967                               30 1.01400E+01 1.76000E+01
a-O016-MT151-Nauruzbayev-D0849008.2017                           3 8.77000E+00 9.48000E+00
a-O016-MT151-Pearson-C09100021.1964                             10 5.73400E+00 9.57000E+00
a-O016-MT151-Pearson-C09100022.1964                              4 5.94000E+00 9.57000E+00
a-O016-MT151-Rogers-C09110022.1971                               1 5.06000E+00 5.06000E+00
a-O016-MT151-Steck-T02350051.1978                               11 6.92000E+00 9.82000E+00
a-O016-MT151-Steck-T02350052.1978                                6 8.24000E+00 9.82000E+00
a-O016-MT151-Steck-T02350054.1978                               11 6.92000E+00 9.82000E+00
a-O016-MT151-Toevs-C08370021.1971                                3 1.11600E+00 2.49000E+00
a-O016-MT151-Vanderleun-F10640032.1965                           3 1.11600E+00 2.49000E+00
a-O016-MT151-Wang-F02580031.1983                                 1 3.04200E+00 3.04200E+00
a-O016-MT151-Wang-F02580032.1983                                 1 3.04200E+00 3.04200E+00
