#              Filename                                         N    min         max
p-Te130-MT002-Foster-C2691002-ang-E0007.860.1968                 1 1.20400E+02 1.70100E+02
p-Te130-MT002-Foster-C2691002-ang-E0007.867.1968                 2 1.20400E+02 1.70100E+02
p-Te130-MT002-Foster-C2691002-ang-E0007.869.1968                 1 1.20400E+02 1.70100E+02
p-Te130-MT002-Foster-C2691002-ang-E0007.874.1968                 1 9.05000E+01 1.20400E+02
p-Te130-MT002-Foster-C2691002-ang-E0007.882.1968                 1 9.05000E+01 1.20400E+02
p-Te130-MT002-Foster-C2691002-ang-E0007.886.1968                 1 1.20400E+02 1.50200E+02
p-Te130-MT002-Foster-C2691002-ang-E0007.887.1968                 1 1.50200E+02 1.70100E+02
p-Te130-MT002-Foster-C2691002-ang-E0007.888.1968                 1 1.50200E+02 1.70100E+02
p-Te130-MT002-Foster-C2691002-ang-E0007.896.1968                 1 9.05000E+01 1.50200E+02
p-Te130-MT002-Foster-C2691002-ang-E0007.901.1968                 1 9.05000E+01 1.50200E+02
p-Te130-MT002-Foster-C2691002-ang-E0007.903.1968                 1 1.50200E+02 1.70100E+02
p-Te130-MT002-Foster-C2691002-ang-E0007.904.1968                 1 1.20400E+02 1.70100E+02
p-Te130-MT002-Foster-C2691002-ang-E0007.907.1968                 1 9.05000E+01 1.20400E+02
p-Te130-MT002-Foster-C2691002-ang-E0007.908.1968                 1 9.05000E+01 1.70100E+02
p-Te130-MT002-Foster-C2691002-ang-E0007.909.1968                 1 1.50200E+02 1.70100E+02
p-Te130-MT002-Foster-C2691002-ang-E0007.912.1968                 1 1.20400E+02 1.50200E+02
p-Te130-MT002-Foster-C2691002-ang-E0007.917.1968                 1 9.05000E+01 1.20400E+02
p-Te130-MT002-Foster-C2691002-ang-E0007.925.1968                 1 9.05000E+01 1.70100E+02
p-Te130-MT002-Foster-C2691002-ang-E0007.926.1968                 1 1.20400E+02 1.70100E+02
p-Te130-MT002-Foster-C2691002-ang-E0007.931.1968                 1 1.20400E+02 1.50200E+02
p-Te130-MT002-Foster-C2691002-ang-E0007.934.1968                 1 1.20400E+02 1.50200E+02
p-Te130-MT002-Foster-C2691002-ang-E0007.938.1968                 2 9.05000E+01 1.50200E+02
p-Te130-MT002-Foster-C2691002-ang-E0007.941.1968                 1 9.05000E+01 1.70100E+02
p-Te130-MT002-Foster-C2691002-ang-E0007.942.1968                 1 1.50200E+02 1.70100E+02
p-Te130-MT002-Foster-C2691002-ang-E0007.948.1968                 1 9.05000E+01 1.50200E+02
p-Te130-MT002-Foster-C2691002-ang-E0007.953.1968                 1 9.05000E+01 1.50200E+02
p-Te130-MT002-Fosterjr-T0096006-ang-E0010.178.1984               2 1.19600E+02 1.59800E+02
p-Te130-MT002-Fosterjr-T0096006-ang-E0010.188.1984               2 1.19600E+02 1.19600E+02
p-Te130-MT002-Hiddleston-C2689002-ang-E0010.169.1971            61 1.70000E+02 1.70000E+02
p-Te130-MT002-Matoba-E1415006-ang-E0051.900.1975                26 7.10001E+00 8.26000E+01
