# Z   A   T   M  SUBENT      AUTHOR     YEAR     N            Reaction               F          A      chi2    p-value Quality World     Exp     Dexp(%)    E-min     E-max   TALYS     tendl.2025endfb8.1  jeff4.0   jendl5.0  cendl3.2  eaf.2010  irdff2.0
  13  27  0  -1 20986009 M.T.Swinhoe,C.  1979     1 13-AL-27(N,A)11-NA-24,,SIG      1.01     0.993     0.363     0.346     T1  122.      124.      2.42      14.0      14.0      0.00      1.01      0.00      1.01      0.00      0.00      0.00      0.00
  13  27  0  -1 20986009 M.T.Swinhoe,C.  1979     1 13-AL-27(N,A)11-NA-24,,SIG      1.01     0.993     0.413     0.465     T1  122.      124.      2.42      14.0      14.0      0.00      1.01      1.01      1.01      1.01      1.01      1.01      1.01
  22  48  0  -1 20986008 M.T.Swinhoe,C.  1979     1 22-TI-48(N,P)21-SC-48,,SIG      1.02      1.01     0.776     0.340     T1  63.3      62.5      2.76      14.1      14.1      0.00      1.00      0.00      1.00      1.04      0.00      0.00      0.00
  22  48  0  -1 20986008 M.T.Swinhoe,C.  1979     1 22-TI-48(N,P)21-SC-48,,SIG      1.02      1.00     0.458     0.457     T1  62.5      62.5      2.76      14.1      14.1      0.00      1.00      1.00      1.00      1.04      1.02      1.00      1.00
  28  58  0  -1 20986006 M.T.Swinhoe,C.  1979     1 28-NI-58(N,P)27-CO-58,,SIG      1.04     0.970     0.925     0.300     T1  359.      374.      5.47      14.1      14.1      0.00      1.04      1.04      1.04      1.07      1.00      1.01      1.04
  28  58  0  -1 20986006 M.T.Swinhoe,C.  1979     1 28-NI-58(N,P)27-CO-58,,SIG      1.05     0.954      1.28     0.474     T1  351.      374.      5.47      14.1      14.1      0.00      1.04      1.04      1.04      1.07      0.00      0.00      0.00
  13  27  0  -1 20986003 M.T.Swinhoe,C.  1979     3 13-AL-27(N,A)11-NA-24,,SIG      1.05      1.02      4.18     0.297     T1  76.2      76.9      2.67      7.50      11.8      0.00      1.05      0.00      1.05      0.00      0.00      0.00      0.00
  13  27  0  -1 20986003 M.T.Swinhoe,C.  1979     3 13-AL-27(N,A)11-NA-24,,SIG      1.05      1.02      5.30     0.239     T1  76.2      76.9      2.67      7.50      11.8      0.00      1.05      1.05      1.05      1.03      1.06      1.08      1.05
  22  48  0  -1 20986011 M.T.Swinhoe,C.  1979     1 22-TI-48(N,P)21-SC-48,,SIG      1.07     0.935      3.55     0.257     T1  63.2      68.0      3.82      14.0      14.0      0.00      1.09      0.00      1.09      1.04      0.00      0.00      0.00
  22  48  0  -1 20986011 M.T.Swinhoe,C.  1979     1 22-TI-48(N,P)21-SC-48,,SIG      1.09     0.922      4.72     0.135     T1  62.5      68.0      3.82      14.0      14.0      0.00      1.09      1.09      1.09      1.04      1.12      1.09      1.09
  22  47  0  -1 20986004 M.T.Swinhoe,C.  1979     3 22-TI-47(N,P)21-SC-47,,SIG      1.17     0.889      20.1     0.235     T1  102.      115.      3.53      5.80      9.80      0.00      1.18      1.18      1.18      1.18      1.15      1.11      1.18
  22  47  0  -1 20986004 M.T.Swinhoe,C.  1979     3 22-TI-47(N,P)21-SC-47,,SIG      1.18     0.855      23.4     0.292     T1  97.8      115.      3.53      5.80      9.80      0.00      1.18      0.00      1.18      1.18      0.00      0.00      0.00
  22  48  0  -1 20986005 M.T.Swinhoe,C.  1979     4 22-TI-48(N,P)21-SC-48,,SIG      1.27      1.05      8.56     0.213     T1  22.4      24.6      7.85      5.80      11.8      0.00      1.25      1.25      1.25      1.37      1.25      1.26      1.25
  22  48  0  -1 20986005 M.T.Swinhoe,C.  1979     4 22-TI-48(N,P)21-SC-48,,SIG      1.29      1.07      7.43     0.231     T1  22.7      24.6      7.85      5.80      11.8      0.00      1.25      0.00      1.25      1.37      0.00      0.00      0.00
  22  47  0  -1 20986007 M.T.Swinhoe,C.  1979     1 22-TI-47(N,P)21-SC-47,,SIG      1.62     0.621      536.     6.584E-02 T3  136.      218.      1.64      14.1      14.1      0.00      1.65      1.65      1.65      1.61      1.64      1.42      1.65
  22  47  0  -1 20986007 M.T.Swinhoe,C.  1979     1 22-TI-47(N,P)21-SC-47,,SIG      1.64     0.610      565.     7.687E-02 T1  133.      218.      1.64      14.1      14.1      0.00      1.65      0.00      1.65      1.61      0.00      0.00      0.00
 Average F:  1.16    
