#              Filename                                         N    min         max     
p-Fe000-rp024051-Barchuk-A03390032.1987                         60 2.29500E+01 6.44000E+01
p-Fe000-rp024051-Brodzinski-C02720071.1971                       5 4.46000E+01 5.85000E+02
p-Fe000-rp024051-Sisterson-C1447004.2006                         6 1.40000E+02 5.00000E+02
p-Fe000-rp024051-Lavrukhina-O0283030.1963                        1 1.50000E+02 1.50000E+02
p-Fe000-rp024051-Lavrukhina-O0299030.1963                        1 6.60000E+02 6.60000E+02
p-Fe000-rp024051-Schoen-T0276007.1979                            6 3.82000E+01 6.30000E+01
p-Fe000-rp024051-Michel-A01000075.1985                          26 4.93000E+01 1.99800E+02
p-Fe000-rp024051-Michel-A01450071.1980                           3 1.25500E+01 1.60600E+01
p-Fe000-rp024051-Michel-A0146016.1979                           20 1.34300E+01 4.45300E+01
p-Fe000-rp024051-Aleksandrov-A0501040.1990                       1 1.00000E+03 1.00000E+03
p-Fe000-rp024051-Williams-B0073011.1967                         14 3.19000E+01 6.31000E+01
p-Fe000-rp024051-Cline-B00850191.1971                            1 5.90000E+02 5.90000E+02
p-Fe000-rp024051-Honda-C0226006.1964                             1 7.30000E+02 7.30000E+02
p-Fe000-rp024051-Graves-C2243017.2016                           12 3.46000E+01 9.02000E+01
p-Fe000-rp024051-Alabyad-D0500007.2009                          12 1.16000E+01 1.85000E+01
p-Fe000-rp024051-Kim-D7007002.2014                               8 3.24600E+01 4.03000E+01
p-Fe000-rp024051-Rayudu-O0073005.1964                            4 1.30000E+02 3.96000E+02
p-Fe000-rp024051-Rayudu-O0077005.1968                            5 5.00000E+02 2.90000E+03
p-Fe000-rp024051-Michel-O00780187.1989                           1 6.00000E+02 6.00000E+02
p-Fe000-rp024051-Perron-O0085017.1976                            1 2.10000E+04 2.10000E+04
p-Fe000-rp024051-Weigel-O0088008.1975                            1 6.00000E+02 6.00000E+02
p-Fe000-rp024051-Michel-O0276070.1997                           65 1.60000E+01 2.15000E+02
p-Fe000-rp024051-Michel-O0277117.1995                            4 8.00000E+02 2.60000E+03
p-Fe000-rp024051-Schiekel-O0284077.1996                         14 2.14000E+02 3.99000E+02
p-Fe000-rp024051-Aleksandrov-O0376009.1989                       1 1.00000E+03 1.00000E+03
p-Fe000-rp024051-Fassbender-O0728009.1999                       14 8.67000E+01 3.52700E+02
p-Fe000-rp024051-Gloris-O1881017.1998                           32 8.43000E+01 2.53000E+03
p-Fe000-rp024051-Neumann-O1882018.1999                           4 2.78000E+02 2.60000E+03
p-Fe000-rp024051-Orth-T0131009.1976                              1 5.90000E+02 5.90000E+02
