#              Filename                                         N    min         max
p-Yb174-MT602-Foissel-O1928004-ang-E0010.985.1972                1 1.25000E+02 1.60000E+02
p-Yb174-MT602-Foissel-O1928004-ang-E0010.995.1972                1 1.25000E+02 1.60000E+02
p-Yb174-MT602-Foissel-O1928004-ang-E0011.008.1972                2 1.25000E+02 1.60000E+02
p-Yb174-MT602-Foissel-O1928004-ang-E0011.047.1972                1 1.25000E+02 1.60000E+02
p-Yb174-MT602-Foissel-O1928004-ang-E0011.060.1972                1 1.25000E+02 1.41000E+02
p-Yb174-MT602-Foissel-O1928004-ang-E0011.063.1972                1 9.00000E+01 1.41000E+02
p-Yb174-MT602-Foissel-O1928004-ang-E0011.076.1972                1 9.00000E+01 1.60000E+02
p-Yb174-MT602-Foissel-O1928004-ang-E0011.096.1972                1 1.25000E+02 1.60000E+02
p-Yb174-MT602-Foissel-O1928004-ang-E0011.106.1972                1 1.25000E+02 1.41000E+02
p-Yb174-MT602-Foissel-O1928004-ang-E0011.119.1972                1 9.00000E+01 1.41000E+02
p-Yb174-MT602-Foissel-O1928004-ang-E0011.129.1972                1 9.00000E+01 1.60000E+02
p-Yb174-MT602-Foissel-O1928004-ang-E0011.148.1972                1 1.25000E+02 1.60000E+02
p-Yb174-MT602-Foissel-O1928004-ang-E0011.155.1972                1 1.25000E+02 1.41000E+02
p-Yb174-MT602-Foissel-O1928004-ang-E0011.168.1972                1 9.00000E+01 1.41000E+02
p-Yb174-MT602-Foissel-O1928004-ang-E0011.181.1972                2 9.00000E+01 1.60000E+02
p-Yb174-MT602-Foissel-O1928004-ang-E0011.194.1972                1 1.41000E+02 1.60000E+02
p-Yb174-MT602-Foissel-O1928004-ang-E0011.213.1972                1 1.41000E+02 1.60000E+02
p-Yb174-MT602-Foissel-O1928004-ang-E0011.224.1972                1 9.00000E+01 1.60000E+02
p-Yb174-MT602-Foissel-O1928004-ang-E0011.227.1972                1 9.00000E+01 1.25000E+02
p-Yb174-MT602-Foissel-O1928004-ang-E0011.230.1972                1 1.25000E+02 1.41000E+02
p-Yb174-MT602-Foissel-O1928004-ang-E0011.246.1972                1 1.41000E+02 1.60000E+02
p-Yb174-MT602-Foissel-O1928004-ang-E0011.273.1972                1 9.00000E+01 1.60000E+02
p-Yb174-MT602-Foissel-O1928004-ang-E0011.282.1972                1 9.00000E+01 1.25000E+02
p-Yb174-MT602-Foissel-O1928004-ang-E0011.289.1972                1 1.25000E+02 1.60000E+02
p-Yb174-MT602-Foissel-O1928004-ang-E0011.294.1972                1 1.41000E+02 1.60000E+02
p-Yb174-MT602-Foissel-O1928004-ang-E0011.295.1972                1 1.41000E+02 1.60000E+02
p-Yb174-MT602-Foissel-O1928004-ang-E0011.325.1972                1 9.00000E+01 1.60000E+02
p-Yb174-MT602-Foissel-O1928004-ang-E0011.331.1972                1 9.00000E+01 1.25000E+02
p-Yb174-MT602-Foissel-O1928004-ang-E0011.335.1972                1 1.25000E+02 1.41000E+02
p-Yb174-MT602-Foissel-O1928004-ang-E0011.344.1972                1 1.41000E+02 1.60000E+02
p-Yb174-MT602-Foissel-O1928004-ang-E0011.377.1972                1 9.00000E+01 1.60000E+02
p-Yb174-MT602-Foissel-O1928004-ang-E0011.383.1972                1 9.00000E+01 1.25000E+02
p-Yb174-MT602-Foissel-O1928004-ang-E0011.387.1972                2 1.25000E+02 1.60000E+02
p-Yb174-MT602-Foissel-O1928004-ang-E0011.429.1972                1 9.00000E+01 1.60000E+02
p-Yb174-MT602-Foissel-O1928004-ang-E0011.432.1972                1 9.00000E+01 1.25000E+02
p-Yb174-MT602-Foissel-O1928004-ang-E0011.439.1972                2 1.25000E+02 1.60000E+02
p-Yb174-MT602-Foissel-O1928004-ang-E0011.475.1972                1 9.00000E+01 1.60000E+02
p-Yb174-MT602-Foissel-O1928004-ang-E0011.485.1972                2 9.00000E+01 1.41000E+02
p-Yb174-MT602-Foissel-O1928004-ang-E0011.488.1972                1 1.25000E+02 1.41000E+02
p-Yb174-MT602-Foissel-O1928004-ang-E0011.517.1972                1 1.25000E+02 1.60000E+02
p-Yb174-MT602-Foissel-O1928004-ang-E0011.524.1972                1 9.00000E+01 1.60000E+02
p-Yb174-MT602-Foissel-O1928004-ang-E0011.531.1972                1 9.00000E+01 1.41000E+02
p-Yb174-MT602-Foissel-O1928004-ang-E0011.534.1972                1 1.25000E+02 1.41000E+02
p-Yb174-MT602-Foissel-O1928004-ang-E0011.540.1972                1 1.25000E+02 1.60000E+02
p-Yb174-MT602-Foissel-O1928004-ang-E0011.557.1972                1 1.25000E+02 1.60000E+02
p-Yb174-MT602-Foissel-O1928004-ang-E0011.560.1972                2 1.25000E+02 1.60000E+02
p-Yb174-MT602-Foissel-O1928004-ang-E0011.573.1972                1 1.25000E+02 1.60000E+02
p-Yb174-MT602-Foissel-O1928004-ang-E0011.579.1972                1 1.25000E+02 1.41000E+02
p-Yb174-MT602-Foissel-O1928004-ang-E0011.586.1972                1 1.41000E+02 1.60000E+02
p-Yb174-MT602-Foissel-O1928004-ang-E0011.589.1972                1 1.25000E+02 1.60000E+02
p-Yb174-MT602-Foissel-O1928004-ang-E0011.598.1972                1 1.25000E+02 1.41000E+02
p-Yb174-MT602-Foissel-O1928004-ang-E0011.599.1972                1 9.00000E+01 1.41000E+02
p-Yb174-MT602-Foissel-O1928004-ang-E0011.612.1972                1 9.00000E+01 1.60000E+02
p-Yb174-MT602-Foissel-O1928004-ang-E0011.619.1972                1 1.25000E+02 1.60000E+02
p-Yb174-MT602-Foissel-O1928004-ang-E0011.620.1972                1 1.25000E+02 1.60000E+02
p-Yb174-MT602-Foissel-O1928004-ang-E0011.626.1972                1 1.41000E+02 1.60000E+02
p-Yb174-MT602-Foissel-O1928004-ang-E0011.628.1972                1 1.25000E+02 1.41000E+02
p-Yb174-MT602-Foissel-O1928004-ang-E0011.631.1972                1 9.00000E+01 1.25000E+02
p-Yb174-MT602-Foissel-O1928004-ang-E0011.638.1972                1 9.00000E+01 1.41000E+02
p-Yb174-MT602-Foissel-O1928004-ang-E0011.644.1972                1 1.41000E+02 1.60000E+02
p-Yb174-MT602-Foissel-O1928004-ang-E0011.654.1972                1 9.00000E+01 1.60000E+02
p-Yb174-MT602-Foissel-O1928004-ang-E0011.655.1972                1 9.00000E+01 1.25000E+02
p-Yb174-MT602-Foissel-O1928004-ang-E0011.659.1972                1 1.25000E+02 1.41000E+02
p-Yb174-MT602-Foissel-O1928004-ang-E0011.664.1972                1 1.41000E+02 1.60000E+02
p-Yb174-MT602-Foissel-O1928004-ang-E0011.670.1972                1 1.25000E+02 1.60000E+02
p-Yb174-MT602-Foissel-O1928004-ang-E0011.671.1972                1 9.00000E+01 1.25000E+02
p-Yb174-MT602-Foissel-O1928004-ang-E0011.678.1972                1 9.00000E+01 1.25000E+02
p-Yb174-MT602-Foissel-O1928004-ang-E0011.687.1972                1 1.25000E+02 1.41000E+02
p-Yb174-MT602-Foissel-O1928004-ang-E0011.690.1972                1 1.41000E+02 1.60000E+02
p-Yb174-MT602-Foissel-O1928004-ang-E0011.693.1972                1 9.00000E+01 1.60000E+02
p-Yb174-MT602-Foissel-O1928004-ang-E0011.698.1972                1 9.00000E+01 1.41000E+02
p-Yb174-MT602-Foissel-O1928004-ang-E0011.706.1972                1 1.41000E+02 1.60000E+02
p-Yb174-MT602-Foissel-O1928004-ang-E0011.709.1972                1 1.25000E+02 1.60000E+02
p-Yb174-MT602-Foissel-O1928004-ang-E0011.710.1972                1 9.00000E+01 1.25000E+02
p-Yb174-MT602-Foissel-O1928004-ang-E0011.712.1972                1 9.00000E+01 1.60000E+02
p-Yb174-MT602-Foissel-O1928004-ang-E0011.722.1972                1 1.41000E+02 1.60000E+02
p-Yb174-MT602-Foissel-O1928004-ang-E0011.728.1972                1 1.25000E+02 1.41000E+02
p-Yb174-MT602-Foissel-O1928004-ang-E0011.732.1972                1 9.00000E+01 1.25000E+02
p-Yb174-MT602-Foissel-O1928004-ang-E0011.734.1972                1 9.00000E+01 1.25000E+02
p-Yb174-MT602-Foissel-O1928004-ang-E0011.752.1972                1 1.25000E+02 1.41000E+02
p-Yb174-MT602-Foissel-O1928004-ang-E0011.754.1972                1 9.00000E+01 1.41000E+02
p-Yb174-MT602-Foissel-O1928004-ang-E0011.758.1972                2 9.00000E+01 1.60000E+02
p-Yb174-MT602-Foissel-O1928004-ang-E0011.771.1972                2 1.25000E+02 1.60000E+02
p-Yb174-MT602-Foissel-O1928004-ang-E0011.775.1972                1 9.00000E+01 1.25000E+02
p-Yb174-MT602-Foissel-O1928004-ang-E0011.777.1972                1 9.00000E+01 1.41000E+02
p-Yb174-MT602-Foissel-O1928004-ang-E0011.790.1972                1 1.41000E+02 1.60000E+02
p-Yb174-MT602-Foissel-O1928004-ang-E0011.791.1972                1 1.25000E+02 1.60000E+02
p-Yb174-MT602-Foissel-O1928004-ang-E0011.795.1972                1 9.00000E+01 1.25000E+02
p-Yb174-MT602-Foissel-O1928004-ang-E0011.800.1972                1 9.00000E+01 1.41000E+02
p-Yb174-MT602-Foissel-O1928004-ang-E0011.804.1972                1 1.41000E+02 1.60000E+02
p-Yb174-MT602-Foissel-O1928004-ang-E0011.811.1972                1 1.25000E+02 1.60000E+02
p-Yb174-MT602-Foissel-O1928004-ang-E0011.815.1972                1 9.00000E+01 1.25000E+02
p-Yb174-MT602-Foissel-O1928004-ang-E0011.820.1972                1 9.00000E+01 1.41000E+02
p-Yb174-MT602-Foissel-O1928004-ang-E0011.830.1972                1 1.25000E+02 1.41000E+02
p-Yb174-MT602-Foissel-O1928004-ang-E0011.834.1972                1 1.25000E+02 1.60000E+02
p-Yb174-MT602-Foissel-O1928004-ang-E0011.837.1972                1 9.00000E+01 1.60000E+02
p-Yb174-MT602-Foissel-O1928004-ang-E0011.839.1972                1 9.00000E+01 1.41000E+02
p-Yb174-MT602-Foissel-O1928004-ang-E0011.846.1972                1 1.25000E+02 1.41000E+02
p-Yb174-MT602-Foissel-O1928004-ang-E0011.851.1972                1 9.00000E+01 1.25000E+02
p-Yb174-MT602-Foissel-O1928004-ang-E0011.852.1972                1 9.00000E+01 1.60000E+02
p-Yb174-MT602-Foissel-O1928004-ang-E0011.853.1972                1 1.41000E+02 1.60000E+02
p-Yb174-MT602-Foissel-O1928004-ang-E0011.859.1972                1 1.41000E+02 1.60000E+02
p-Yb174-MT602-Foissel-O1928004-ang-E0011.870.1972                1 1.25000E+02 1.60000E+02
p-Yb174-MT602-Foissel-O1928004-ang-E0011.873.1972                1 1.25000E+02 1.60000E+02
p-Yb174-MT602-Foissel-O1928004-ang-E0011.880.1972                1 9.00000E+01 1.60000E+02
p-Yb174-MT602-Foissel-O1928004-ang-E0011.881.1972                1 9.00000E+01 9.00000E+01
p-Yb174-MT602-Ichihara-E0809022-ang-E0065.000.1984              38 1.80000E+01 7.05000E+01
