#              Filename                                         N    min         max
d-Na023-MT600-Elbehay-D0077002-E0001.400.1965                   19 1.58070E+01 1.50320E+02
d-Na023-MT600-Elbehay-D0077002-E0001.500.1965                   19 1.56830E+01 1.50540E+02
d-Na023-MT600-Elbehay-D0077002-E0001.600.1965                   19 1.56620E+01 1.50050E+02
d-Na023-MT600-Elbehay-D0077002-E0001.700.1965                   19 1.52940E+01 1.49610E+02
d-Na023-MT600-Elbehay-D0077002-E0001.800.1965                   19 1.52940E+01 1.49340E+02
d-Na023-MT600-Elbehay-D0077002-E0001.900.1965                   19 1.52030E+01 1.50220E+02
d-Na023-MT600-Elbehay-D0077002-E0002.000.1965                   19 1.41970E+01 1.50080E+02
d-Na023-MT600-Elbehay-D0077002-E0002.100.1965                   19 1.41970E+01 1.49580E+02
d-Na023-MT600-Elbehay-D0077002-E0002.200.1965                   19 1.59920E+01 1.49870E+02
d-Na023-MT600-Elbehay-D0077002-E0002.300.1965                   19 1.57140E+01 1.50970E+02
d-Na023-MT600-Elbehay-D0077002-E0002.400.1965                   19 1.48150E+01 1.49640E+02
d-Na023-MT600-Elbehay-D0077002-E0002.500.1965                   19 1.48150E+01 1.50340E+02
d-Na023-MT600-Elbehay-D0077003-E0001.000.1965                    1 4.50000E+01 1.35000E+02
d-Na023-MT600-Elbehay-D0077003-E0001.002.1965                    1 4.50000E+01 1.35000E+02
d-Na023-MT600-Elbehay-D0077003-E0001.051.1965                    1 4.50000E+01 1.35000E+02
d-Na023-MT600-Elbehay-D0077003-E0001.053.1965                    1 4.50000E+01 1.35000E+02
d-Na023-MT600-Elbehay-D0077003-E0001.102.1965                    1 4.50000E+01 1.35000E+02
d-Na023-MT600-Elbehay-D0077003-E0001.104.1965                    1 4.50000E+01 1.35000E+02
d-Na023-MT600-Elbehay-D0077003-E0001.151.1965                    1 4.50000E+01 1.35000E+02
d-Na023-MT600-Elbehay-D0077003-E0001.152.1965                    1 1.35000E+02 1.35000E+02
d-Na023-MT600-Osman-F1080004-E0001.550.1979                    120 9.00000E+01 9.00000E+01
d-Na023-MT600-Osman-F1080008-E0001.300.1979                     15 2.22000E+01 1.64100E+02
d-Na023-MT600-Osman-F1080008-E0002.050.1979                     15 2.47000E+01 1.65500E+02
d-Na023-MT600-Osman-F1080008-E0002.230.1979                     14 2.47000E+01 1.66400E+02
d-Na023-MT600-Osman-F1080008-E0002.420.1979                     14 2.50000E+01 1.69200E+02
d-Na023-MT600-Vogelsang-F0971005-E0014.800.1958                  2 1.39000E+01 1.46000E+01
d-Na023-MT600-Zabegai-F0911007-E0003.250.1970                   92 1.30000E+01 1.65000E+02
