#              Filename                                         N    min         max
n-Dy161-MT151-Bokhovko-41177026.1991                             2 2.27500E-01 2.27500E-01
n-Dy161-MT151-Brunhart-10818002.1971                            10 2.72000E-06 1.85000E-05
n-Dy161-MT151-Brunhart-10818002A001.1971                        10 2.72000E-06 1.85000E-05
n-Dy161-MT151-Brunhart-11470002.1962                             2 2.72000E-06 3.69000E-06
n-Dy161-MT151-Karzhavina-40405009.1973                          25 7.72000E-06 6.59000E-05
n-Dy161-MT151-Karzhavina-404100022.1975                         44 2.72000E-06 1.42600E-04
n-Dy161-MT151-Karzhavina-40410009.1975                           3 2.00000E-04 2.00000E-04
n-Dy161-MT151-Karzhavina-40410010.1975                           3 2.00000E-04 2.00000E-04
n-Dy161-MT151-Kim-315300051.2003                                 4 2.69790E-06 7.66320E-06
n-Dy161-MT151-Kim-315300052.2003                                 4 2.69790E-06 7.66320E-06
n-Dy161-MT151-Kim-315300053.2003                                 4 2.69790E-06 7.66320E-06
n-Dy161-MT151-Kim-315300054.2003                                 4 2.69790E-06 7.66320E-06
n-Dy161-MT151-Liou-105250031.1975                              251 2.71000E-06 9.96160E-04
n-Dy161-MT151-Liou-105250031A001.1975                          251 2.71000E-06 9.96160E-04
n-Dy161-MT151-Liou-105250032.1975                              251 2.71000E-06 9.96160E-04
n-Dy161-MT151-Liou-105250032A001.1975                          251 2.71000E-06 9.96160E-04
n-Dy161-MT151-Liou-105250033.1975                               26 1.43100E-05 3.96350E-04
n-Dy161-MT151-Liou-105250033A001.1975                           26 1.43100E-05 3.96350E-04
n-Dy161-MT151-Liou-105250081.1975                                1 4.99435E-04 4.99435E-04
n-Dy161-MT151-Liou-105250081A001.1975                            1 4.99435E-04 4.99435E-04
n-Dy161-MT151-Liou-105250082.1975                                1 4.99435E-04 4.99435E-04
n-Dy161-MT151-Liou-105250082A001.1975                            1 4.99435E-04 4.99435E-04
n-Dy161-MT151-Mughabghab-100520021.1970                         42 2.72000E-06 1.37600E-04
n-Dy161-MT151-Mughabghab-100520021A001.1970                     42 2.72000E-06 1.37600E-04
n-Dy161-MT151-Mughabghab-100520023.1970                          3 4.33000E-06 4.48500E-05
n-Dy161-MT151-Mughabghab-100520023A001.1970                      3 4.33000E-06 4.48500E-05
n-Dy161-MT151-Mughabghab-100520141.1970                          1 7.01600E-05 7.01600E-05
n-Dy161-MT151-Mughabghab-100520141A001.1970                      1 7.01600E-05 7.01600E-05
n-Dy161-MT151-Mughabghab-100520142.1970                          1 7.01600E-05 7.01600E-05
n-Dy161-MT151-Mughabghab-100520142A001.1970                      1 7.01600E-05 7.01600E-05
n-Dy161-MT151-Mughabghab-10052016.1970                           1 7.01600E-05 7.01600E-05
n-Dy161-MT151-Mughabghab-10052016A001.1970                       1 7.01600E-05 7.01600E-05
n-Dy161-MT151-Popov-412760051.1980                              20 7.74000E-06 6.36200E-05
n-Dy161-MT151-Popov-412760052.1980                              16 7.74000E-06 6.36200E-05
n-Dy161-MT151-Popov-412760053.1980                              18 7.74000E-06 6.36200E-05
n-Dy161-MT151-Shin-145140031.2017                              272 1.03000E-05 9.95700E-04
n-Dy161-MT151-Shin-145140032.2017                              272 1.03000E-05 9.95700E-04
n-Dy161-MT151-Shin-145140033.2017                              272 1.03000E-05 9.95700E-04
n-Dy161-MT151-Shin-145140034.2017                              271 1.03000E-05 9.95700E-04
n-Dy161-MT151-Shin-234620061.2018                              101 2.70000E-06 2.99900E-04
n-Dy161-MT151-Shin-23462010.2018                                 1 6.40000E-05 6.40000E-05
n-Dy161-MT151-Zimmerman-114380021.1957                          36 2.72000E-06 1.37900E-04
n-Dy161-MT151-Zimmerman-114380022.1957                           2 2.72000E-06 3.69000E-06
