#              Filename                                         N    min         max
p-Fe054-MT601-Adams-C0652004-ang-E0800.000.1980                337 4.69999E+00 2.39000E+01
p-Fe054-MT601-Ahmed-O0460004-ang-E0010.000.1970                 27 3.55000E+01 1.65200E+02
p-Fe054-MT601-Antropov-F0886003-ang-E0005.550.1978              22 3.13000E+01 1.72100E+02
p-Fe054-MT601-Antropov-F0886003-ang-E0005.810.1978              27 2.79000E+01 1.73800E+02
p-Fe054-MT601-Antropov-F0886003-ang-E0005.950.1978              24 2.79000E+01 1.72600E+02
p-Fe054-MT601-Antropov-F0886003-ang-E0006.160.1978              18 3.69000E+01 1.62000E+02
p-Fe054-MT601-Baugh-O1243004-ang-E0030.400.1967                 48 2.49000E+01 9.99000E+01
p-Fe054-MT601-Bertrand-O0291003-ang-E0061.500.1970             166 1.21000E+01 1.35000E+02
p-Fe054-MT601-Fabrici-O1198029-ang-E0035.200.1980               29 2.00000E+01 1.70000E+02
p-Fe054-MT601-Funsten-C1326004-ang-E0017.450.1964               58 2.50000E+01 9.00000E+01
p-Fe054-MT601-Greaves-O0473016-ang-E0030.400.1972               29 2.57000E+01 1.64200E+02
p-Fe054-MT601-Mani-O0482002-ang-E0049.350.1970                 323 1.41000E+01 8.78000E+01
p-Fe054-MT601-Perey-C2165052-ang-E0011.000.1968                 32 2.00000E+01 1.65000E+02
p-Fe054-MT601-Stovall-O0166009-ang-E0039.700.1964               13 2.30000E+01 8.23000E+01
p-Fe054-MT601-Tesmer-O0079007-ang-E0019.600.1972                29 2.39000E+01 1.64900E+02
p-Fe054-MT601-Vanhall-O0091026-ang-E0017.200.1977               30 1.88000E+01 1.65500E+02
p-Fe054-MT601-Vanhall-O0091026-ang-E0020.400.1977               30 2.05000E+01 1.63500E+02
p-Fe054-MT601-Vanhall-O0091026-ang-E0024.600.1977               29 1.95000E+01 1.62800E+02
