#              Filename                                         N    min         max     
p-Cu000-rp024051-Kozma-A0477069.1990                             1 3.65000E+03 3.65000E+03
p-Cu000-rp024051-Aleksandrov-A0501092.1990                       1 1.00000E+03 1.00000E+03
p-Cu000-rp024051-Mills-A05070053.1992                           36 5.58000E+01 1.96600E+02
p-Cu000-rp024051-Aleksandrov-A0580020.1996                       1 6.60000E+02 6.60000E+02
p-Cu000-rp024051-Cline-B00850072.1971                            1 5.90000E+02 5.90000E+02
p-Cu000-rp024051-Greenwood-C0537013.1984                         9 8.00000E+01 4.50000E+02
p-Cu000-rp024051-Voyles-C2327002.2018                            4 6.15800E+01 8.97400E+01
p-Cu000-rp024051-Fox-C2702029.2021                              14 5.71100E+01 1.92540E+02
p-Cu000-rp024051-Yashima-E1829067.2003                           7 6.30000E+01 2.02000E+02
p-Cu000-rp024051-Michel-O00780272.1989                           1 6.00000E+02 6.00000E+02
p-Cu000-rp024051-Michel-O0276126.1997                           75 5.34000E+01 1.59000E+03
p-Cu000-rp024051-Michel-O0277190.1995                            4 8.00000E+02 2.60000E+03
p-Cu000-rp024051-Schiekel-O0284112.1996                          4 2.26000E+02 3.75000E+02
p-Cu000-rp024051-Heydegger-O0416013.1972                         3 1.11000E+02 4.16000E+02
p-Cu000-rp024051-Orth-O0418064.1978                              2 2.00000E+02 3.50000E+02
p-Cu000-rp024051-Cumming-O0542030.1974                           1 3.90000E+03 3.90000E+03
p-Cu000-rp024051-Fassbender-O0722010.1997                        2 2.14400E+02 2.54100E+02
p-Cu000-rp024051-Ju-S0207002.2015                                1 2.50000E+02 2.50000E+02
p-Cu000-rp024051-Orth-T0131034.1976                              1 5.90000E+02 5.90000E+02
