#              Filename                                         N    min         max
p-Fe056-MT601-Benveniste-O0430002-ang-E0010.930.1964            23 2.52000E+01 1.70000E+02
p-Fe056-MT601-Benveniste-O0430002-ang-E0011.660.1964            26 2.52000E+01 1.69700E+02
p-Fe056-MT601-Bertrand-O0294003-ang-E0061.500.1969              66 1.50000E+01 1.20100E+02
p-Fe056-MT601-Deleo-E1686003-ang-E0065.000.1996                 19 1.00000E+01 6.40000E+01
p-Fe056-MT601-Deleo-E1686006-ang-E0400.000.1996                 21 7.60001E+00 3.12000E+01
p-Fe056-MT601-Deleo-E1686052-ang-E0065.000.1996                 17 9.80000E+00 6.44000E+01
p-Fe056-MT601-Funsten-C1326002-ang-E0017.450.1964               28 2.00000E+01 7.01000E+01
p-Fe056-MT601-Ingham-C1615004-ang-E0040.000.1974                 3 6.10002E+00 2.01000E+01
p-Fe056-MT601-Ingham-T0298004-ang-E0040.000.1974                 9 5.99999E+00 2.01000E+01
p-Fe056-MT601-Krivonosov-F0920010-ang-E0001.341.1976             8 5.60000E+01 5.60000E+01
p-Fe056-MT601-Kumar-O1061003-ang-E0028.000.2002                 95 2.69000E+01 6.53000E+01
p-Fe056-MT601-Mani-O0055002-ang-E0049.350.1971                 781 1.09000E+01 9.11000E+01
p-Fe056-MT601-Perey-C2165061-ang-E0011.000.1968                 28 2.51000E+01 1.60000E+02
p-Fe056-MT601-Peterson-O0402063-ang-E0017.500.1969              15 1.94000E+01 1.19000E+02
p-Fe056-MT601-Peterson-O0402068-ang-E0017.500.1969              13 2.52000E+01 1.20000E+02
p-Fe056-MT601-Peterson-O0402069-ang-E0017.500.1969              13 2.42000E+01 1.20200E+02
p-Fe056-MT601-Peterson-O0402075-ang-E0017.500.1969              12 2.47000E+01 8.43000E+01
p-Fe056-MT601-Schrank-O0465002-ang-E0017.306.1954               32 2.73000E+01 1.72100E+02
p-Fe056-MT601-Takamatsu-E1351002-ang-E0065.000.1990             19 9.80000E+00 6.36000E+01
p-Fe056-MT601-Vanhall-O0091038-ang-E0017.200.1977               30 1.55000E+01 1.64000E+02
p-Fe056-MT601-Vanhall-O0091038-ang-E0020.400.1977               30 1.55000E+01 1.63100E+02
p-Fe056-MT601-Vanhall-O0091038-ang-E0024.600.1977               30 2.04000E+01 1.65300E+02
p-Fe056-MT601-Watsoniii-C2049005-ang-E0003.106.1981            361 1.25000E+02 1.25000E+02
p-Fe056-MT601-Watsoniii-C2049007-ang-E0003.701.1981            112 9.00000E+01 9.00000E+01
p-Fe056-MT601-Watsoniii-C2049008-ang-E0003.701.1981            121 1.07000E+02 1.07000E+02
p-Fe056-MT601-Watsoniii-C2049009-ang-E0003.701.1981            118 1.50000E+02 1.50000E+02
