#              Filename                                         N    min         max
h-S032-MT651-Kozub-C2197002-E0029.700.1972                      15 9.69998E+00 9.69998E+00
h-S032-MT651-Kozub-C2197003-E0029.700.1972                      13 9.90000E+00 5.51000E+01
h-S032-MT651-Kozub-C2197004-E0029.700.1972                      11 9.69998E+00 4.34000E+01
h-S032-MT651-Kozub-C2197005-E0029.700.1972                      13 9.80000E+00 5.55000E+01
h-S032-MT651-Kozub-C2197006-E0029.700.1972                      13 9.09999E+00 5.41000E+01
h-S032-MT651-Kozub-C2197007-E0029.700.1972                       7 9.40003E+00 2.50000E+01
h-S032-MT651-Kozub-C2197008-E0029.700.1972                       7 1.09000E+01 2.47000E+01
h-S032-MT651-Kozub-C2197009-E0029.700.1972                      13 8.80000E+00 5.41000E+01
h-S032-MT651-Kozub-C2197010-E0029.700.1972                      12 9.09999E+00 4.71000E+01
h-S032-MT651-Kozub-C2197011-E0029.700.1972                      11 9.30001E+00 3.76000E+01
h-S032-MT651-Kozub-C2197012-E0034.500.1972                      14 1.11000E+01 4.29000E+01
h-S032-MT651-Kozub-C2197013-E0034.500.1972                      13 1.08000E+01 4.29000E+01
h-S032-MT651-Kozub-C2197014-E0034.500.1972                      10 1.30000E+01 4.29000E+01
h-S032-MT651-Kozub-C2197015-E0034.500.1972                      12 1.11000E+01 4.32000E+01
h-S032-MT651-Kozub-C2197016-E0034.500.1972                      12 1.08000E+01 4.07000E+01
h-S032-MT651-Kozub-C2197017-E0034.500.1972                      12 1.08000E+01 4.04000E+01
h-S032-MT651-Kozub-C2197018-E0034.500.1972                      14 1.09000E+01 4.32000E+01
h-S032-MT651-Kozub-C2197019-E0034.500.1972                      13 1.06000E+01 4.28000E+01
h-S032-MT651-Kozub-C2197020-E0034.500.1972                      13 1.04000E+01 4.29000E+01
h-S032-MT651-Kozub-C2197021-E0034.500.1972                      15 1.06000E+01 4.34000E+01
h-S032-MT651-Kozub-C2197022-E0034.500.1972                      15 9.80000E+00 4.33000E+01
h-S032-MT651-Kozub-C2197023-E0034.500.1972                      11 1.04000E+01 4.33000E+01
h-S032-MT651-Kozub-C2197024-E0034.500.1972                      13 1.04000E+01 4.33000E+01
h-S032-MT651-Kozub-C2197025-E0034.500.1972                      14 1.04000E+01 4.33000E+01
h-S032-MT651-Mertens-O2283006-E0018.000.1970                    25 1.19000E+01 1.61400E+02
h-S032-MT651-Mertens-O2283006-E0020.000.1970                    28 1.19000E+01 1.60400E+02
h-S032-MT651-Vernotte-O2282014-E0025.000.1994                   18 4.40002E+00 3.10000E+01
