#              Filename                                         N    min         max
p-Pb208-MT002-Alkhazov-O0705003-ang-E1000.000.1977              51 1.90002E+00 1.50000E+01
p-Pb208-MT002-Blanpied-C0071006-ang-E0800.000.1978             132 4.09997E+00 3.10000E+01
p-Pb208-MT002-Blanpied-C0260002-ang-E0800.000.1977             150 2.00008E+00 3.10000E+01
p-Pb208-MT002-Comparat-O0049012-ang-E0156.000.1974              34 8.39997E+00 4.19000E+01
p-Pb208-MT002-Cook-O0187002-ang-E0318.000.1987                  56 7.34601E+00 4.25153E+01
p-Pb208-MT002-Fulmer-C1019034-ang-E0022.200.1962                 1 9.00000E+01 9.00000E+01
p-Pb208-MT002-Hintz-C1292002-ang-E0318.000.1988                 55 9.22809E-01 4.25336E+01
p-Pb208-MT002-Hintz-C1292002-ang-E0800.000.1988                101 9.22809E-01 4.72810E+01
p-Pb208-MT002-Hoffmann-C0653002-ang-E0800.000.1980             251 9.99951E-01 4.23000E+01
p-Pb208-MT002-Hoffmann-C0657008-ang-E0500.000.1981             122 5.30001E+00 3.16000E+01
p-Pb208-MT002-Hutcheon-C0081005-ang-E0200.000.1988             185 1.50011E+00 5.87000E+01
p-Pb208-MT002-Hutcheon-C0081005-ang-E0300.000.1988             165 1.50011E+00 4.85000E+01
p-Pb208-MT002-Hutcheon-C0081005-ang-E0400.000.1988             186 1.80016E+00 5.10000E+01
p-Pb208-MT002-Hutcheon-C0081005-ang-E0500.000.1988             130 1.80016E+00 4.15000E+01
p-Pb208-MT002-Kulleck-C2700003-ang-E0014.252.1970              412 1.70000E+02 1.70000E+02
p-Pb208-MT002-Mack-C1033006-ang-E0650.000.1995                  60 3.17398E+00 2.60710E+01
p-Pb208-MT002-Melzer-O0598002-ang-E0014.130.1985                 1 1.40000E+02 1.60000E+02
p-Pb208-MT002-Melzer-O0598002-ang-E0014.160.1985                 1 1.40000E+02 1.60000E+02
p-Pb208-MT002-Melzer-O0598002-ang-E0014.170.1985                 1 1.40000E+02 1.60000E+02
p-Pb208-MT002-Melzer-O0598002-ang-E0014.200.1985                 1 1.40000E+02 1.60000E+02
p-Pb208-MT002-Melzer-O0598002-ang-E0014.230.1985                 1 1.40000E+02 1.60000E+02
p-Pb208-MT002-Melzer-O0598002-ang-E0014.260.1985                 1 1.40000E+02 1.60000E+02
p-Pb208-MT002-Melzer-O0598002-ang-E0014.280.1985                 1 1.40000E+02 1.60000E+02
p-Pb208-MT002-Melzer-O0598002-ang-E0014.300.1985                 1 1.40000E+02 1.60000E+02
p-Pb208-MT002-Melzer-O0598002-ang-E0014.330.1985                 1 1.40000E+02 1.60000E+02
p-Pb208-MT002-Melzer-O0598002-ang-E0014.360.1985                 1 1.20000E+02 1.60000E+02
p-Pb208-MT002-Melzer-O0598002-ang-E0014.380.1985                 1 1.20000E+02 1.40000E+02
p-Pb208-MT002-Melzer-O0598002-ang-E0014.390.1985                 1 1.40000E+02 1.60000E+02
p-Pb208-MT002-Melzer-O0598002-ang-E0014.420.1985                 1 1.40000E+02 1.60000E+02
p-Pb208-MT002-Melzer-O0598002-ang-E0014.440.1985                 1 1.20000E+02 1.40000E+02
p-Pb208-MT002-Melzer-O0598002-ang-E0014.450.1985                 1 1.20000E+02 1.60000E+02
p-Pb208-MT002-Melzer-O0598002-ang-E0014.460.1985                 1 1.40000E+02 1.60000E+02
p-Pb208-MT002-Melzer-O0598002-ang-E0014.480.1985                 1 1.20000E+02 1.40000E+02
p-Pb208-MT002-Melzer-O0598002-ang-E0014.500.1985                 1 1.20000E+02 1.60000E+02
p-Pb208-MT002-Melzer-O0598002-ang-E0014.520.1985                 1 1.40000E+02 1.60000E+02
p-Pb208-MT002-Melzer-O0598002-ang-E0014.530.1985                 1 1.20000E+02 1.40000E+02
p-Pb208-MT002-Melzer-O0598002-ang-E0014.540.1985                 1 1.20000E+02 1.60000E+02
p-Pb208-MT002-Melzer-O0598002-ang-E0014.560.1985                 1 1.40000E+02 1.60000E+02
p-Pb208-MT002-Melzer-O0598002-ang-E0014.580.1985                 1 1.20000E+02 1.40000E+02
p-Pb208-MT002-Melzer-O0598002-ang-E0014.600.1985                 1 1.20000E+02 1.60000E+02
p-Pb208-MT002-Melzer-O0598002-ang-E0014.610.1985                 1 1.40000E+02 1.60000E+02
p-Pb208-MT002-Melzer-O0598002-ang-E0014.630.1985                 1 1.20000E+02 1.40000E+02
p-Pb208-MT002-Melzer-O0598002-ang-E0014.650.1985                 1 1.20000E+02 1.60000E+02
p-Pb208-MT002-Nadasen-T0101004-ang-E0080.000.1981               59 5.09997E+00 9.32000E+01
p-Pb208-MT002-Nadasen-T0101004-ang-E0121.000.1981               73 5.09997E+00 8.26000E+01
p-Pb208-MT002-Nadasen-T0101004-ang-E0160.000.1981               70 6.10002E+00 7.71000E+01
p-Pb208-MT002-Nadasen-T0101004-ang-E0182.000.1981               51 6.20005E+00 7.98000E+01
p-Pb208-MT002-Sakaguchi-E1201014-ang-E0065.000.1981             51 1.31000E+01 7.01000E+01
p-Pb208-MT002-Sakaguchi-O0032025S-ang-E0065.000.1983            51 1.31000E+01 7.01000E+01
p-Pb208-MT002-Stovall-O0166023-ang-E0039.700.1964               48 1.15000E+01 1.32300E+02
p-Pb208-MT002-Varner-C0893042-ang-E0016.000.1986                30 2.50000E+01 1.70000E+02
p-Pb208-MT002-Willis-O0285002-ang-E0155.000.1969                14 7.19999E+00 3.98000E+01
p-Pb208-MT002-Yagi-E1846023-ang-E0055.090.1968                  40 1.43000E+01 8.87000E+01
p-Pb208-MT002-Zenihiro-E2291004-ang-E0295.000.2010              29 7.60001E+00 4.81000E+01
