#              Filename                                         N    min         max
n-Cu000-MT001-Adair-11636003.1950                               18 3.40000E-02 1.40300E+00
n-Cu000-MT001-Ageno-21263006.1953                                1 1.40000E+01 1.40000E+01
n-Cu000-MT001-Albergotti-11467005.1966                          18 1.25000E+01 1.45000E+01
n-Cu000-MT001-Angeli-30141008.1971                               1 1.47000E+01 1.47000E+01
n-Cu000-MT001-Ashmore-21680007.1957                              1 3.51200E+02 3.51200E+02
n-Cu000-MT001-Atkinson-11112012.1961                             1 5.00000E+03 5.00000E+03
n-Cu000-MT001-Atkinson-11112012A001.1961                         1 5.00000E+03 5.00000E+03
n-Cu000-MT001-Biel-10603004.1976                                 8 5.40710E+04 2.79060E+05
n-Cu000-MT001-Biel-10603004A001.1976                             8 5.40710E+04 2.79060E+05
n-Cu000-MT001-Bowen-21103005.1961                               64 1.58000E+01 1.77500E+02
n-Cu000-MT001-Bratenahl-11155036.1958                            8 6.83000E+00 1.40300E+01
n-Cu000-MT001-Bratenahl-11155036A001.1958                        8 6.83000E+00 1.40300E+01
n-Cu000-MT001-Bratenahl-11472006.1950                            1 8.40000E+01 8.40000E+01
n-Cu000-MT001-Bubb-10379011.1974                                 5 2.29000E+01 4.41500E+01
n-Cu000-MT001-Bubb-10379011A001.1974                             5 2.29000E+01 4.41500E+01
n-Cu000-MT001-Bubb-10379012.1974                                 5 2.10500E+01 4.42000E+01
n-Cu000-MT001-Bubb-10379012A001.1974                             5 2.10500E+01 4.42000E+01
n-Cu000-MT001-Carpenter-13850006.1959                            1 1.11000E+02 1.11000E+02
n-Cu000-MT001-Cook-11146016.1949                                 1 8.30000E+01 8.30000E+01
n-Cu000-MT001-Cook-11146016A001.1949                             1 8.30000E+01 8.30000E+01
n-Cu000-MT001-Coon-12524025.1952                                 1 1.41200E+01 1.41200E+01
n-Cu000-MT001-Coor-11087011.1955                                 1 1.40000E+03 1.40000E+03
n-Cu000-MT001-Coor-11087011A001.1955                             1 1.40000E+03 1.40000E+03
n-Cu000-MT001-Cote-11641017.1958                               356 5.28000E-05 3.04800E-02
n-Cu000-MT001-Culler-11088011.1955                              12 6.10000E+01 1.06800E+02
n-Cu000-MT001-Culler-11088011A001.1955                          12 6.10000E+01 1.06800E+02
n-Cu000-MT001-Day-11068009.1953                                  1 1.90000E+01 1.90000E+01
n-Cu000-MT001-Day-11068009A001.1953                              1 1.90000E+01 1.90000E+01
n-Cu000-MT001-Deconninck-20172004.1958                           8 2.10000E+00 3.20000E+00
n-Cu000-MT001-Dejuren-11174012.1950                              1 9.50000E+01 9.50000E+01
n-Cu000-MT001-Dejuren-11174012A001.1950                          1 9.50000E+01 9.50000E+01
n-Cu000-MT001-Dejuren-11176007.1950                              1 2.70000E+02 2.70000E+02
n-Cu000-MT001-Dejuren-11176007A001.1950                          1 2.70000E+02 2.70000E+02
n-Cu000-MT001-Dejuren-11177005.1951                              7 1.15000E+02 2.40000E+02
n-Cu000-MT001-Dejuren-11177005A001.1951                          7 1.15000E+02 2.40000E+02
n-Cu000-MT001-Dilg-20602015.1974                                 1 1.88000E-05 1.88000E-05
n-Cu000-MT001-Dilg-20965004.1974                                25 7.99000E-12 4.73000E-10
n-Cu000-MT001-Dritter-20936002.1966                            996 1.49240E-06 2.82680E-03
n-Cu000-MT001-Dritter-20936003.1966                            996 1.49240E-06 2.82680E-03
n-Cu000-MT001-Dzhelepov-41261009.1955                            1 5.90000E+02 5.90000E+02
n-Cu000-MT001-Fields-11260015.1947                               5 2.40000E-02 8.30000E-01
n-Cu000-MT001-Filippov-40082012.1968                            14 3.20000E-02 1.43000E+00
n-Cu000-MT001-Finlay-13569011.1993                             474 5.29253E+00 5.99640E+02
n-Cu000-MT001-Fosterjr-10047035.1971                           242 2.26200E+00 1.47960E+01
n-Cu000-MT001-Fosterjr-10047035A001.1971                       242 2.26200E+00 1.47960E+01
n-Cu000-MT001-Fox-11175009.1950                                  1 2.70000E+02 2.70000E+02
n-Cu000-MT001-Fox-11175009A001.1950                              1 2.70000E+02 2.70000E+02
n-Cu000-MT001-Franz-22117009.1988                               22 1.60000E+02 5.75000E+02
n-Cu000-MT001-Gaerttner-11659006.1954                           40 2.10000E-04 8.90000E-03
n-Cu000-MT001-Galloway-20359004.1973                             1 3.00000E+00 3.00000E+00
n-Cu000-MT001-Garg-11646015.1964                              3869 2.00300E-04 1.05200E-01
n-Cu000-MT001-Genz-21254002.1965                                42 4.16000E+00 6.22000E+00
n-Cu000-MT001-Good-11178006.1941                                 1 9.00000E-01 9.00000E-01
n-Cu000-MT001-Good-11178006A001.1941                             1 9.00000E-01 9.00000E-01
n-Cu000-MT001-Goodman-11057022.1952                              1 1.40000E+01 1.40000E+01
n-Cu000-MT001-Goodman-11057022A001.1952                          1 1.40000E+01 1.40000E+01
n-Cu000-MT001-Gordon-12839006.1983                               9 2.29140E+01 4.41140E+01
n-Cu000-MT001-Gorlov-403070151.1968                              1 4.00000E+00 4.00000E+00
n-Cu000-MT001-Guenther-12869002.1986                            34 1.20000E+00 4.50000E+00
n-Cu000-MT001-Hanstein-12589008.1941                             1 9.00000E-07 9.00000E-07
n-Cu000-MT001-Harvey-13733006.1982                            2935 3.82110E-09 1.78640E-06
n-Cu000-MT001-Harvey-13733007.1982                             342 1.00590E-08 4.99040E-08
n-Cu000-MT001-Harvey-13733008.1982                            1100 1.68160E-09 9.72660E-06
n-Cu000-MT001-Harvey-14234002.1998                            4023 3.17340E-05 1.95170E-01
n-Cu000-MT001-Harvey-14234003.1998                            8458 2.72400E-05 3.85540E-01
n-Cu000-MT001-Havensjr-11795002.1948                            72 6.70000E-09 9.40000E-05
n-Cu000-MT001-Hibdon-11261018.1949                               2 1.20000E-04 3.45000E-04
n-Cu000-MT001-Hildebrand-11039019.1950                           1 4.20000E+01 4.20000E+01
n-Cu000-MT001-Hildebrand-11039019A001.1950                       1 4.20000E+01 4.20000E+01
n-Cu000-MT001-Hillman-11081010.1954                              2 4.75000E+01 8.80000E+01
n-Cu000-MT001-Hillman-11081010A001.1954                          2 4.75000E+01 8.80000E+01
n-Cu000-MT001-Jones-10194007.1971                                4 1.10970E+04 2.55770E+04
n-Cu000-MT001-Jones-10194007A001.1971                            4 1.10970E+04 2.55770E+04
n-Cu000-MT001-Jones-11206008.1968                                1 2.47780E+04 2.47780E+04
n-Cu000-MT001-Jones-11206008A001.1968                            1 2.47780E+04 2.47780E+04
n-Cu000-MT001-Khaletskij-40709014.1956                           1 1.48000E+01 1.48000E+01
n-Cu000-MT001-Knorr-22505002.1966                                5 3.48000E-10 1.61800E-09
n-Cu000-MT001-Koester-22217021.1990                              1 1.97000E-03 1.97000E-03
n-Cu000-MT001-Lakin-10196004.1970                                1 2.97490E+03 2.97490E+03
n-Cu000-MT001-Lakin-10196004A001.1970                            1 2.97490E+03 2.97490E+03
n-Cu000-MT001-Larson-12882011.1980                             685 1.99650E+00 7.98280E+01
n-Cu000-MT001-Machwe-11572023.1959                               1 3.66000E+00 3.66000E+00
n-Cu000-MT001-Malik-10501012.1970                                4 3.30000E-08 2.70000E-07
n-Cu000-MT001-Malik-10501012A001.1970                            4 3.30000E-08 2.70000E-07
n-Cu000-MT001-Mazari-30037006.1955                               7 1.30000E+01 1.62000E+01
n-Cu000-MT001-Meyer-12641007.1951                                1 1.42150E+01 1.42150E+01
n-Cu000-MT001-Miller-11712004.1952                              14 1.00500E+00 3.21000E+00
n-Cu000-MT001-Minor-11505004.1969                                1 8.94000E+00 8.94000E+00
n-Cu000-MT001-Mitra-31318004.1962                                1 1.40000E+01 1.40000E+01
n-Cu000-MT001-Mook-13731003.1990                              7582 6.36350E-06 1.73050E-01
n-Cu000-MT001-Morales-30764005.1991                              2 1.76000E+01 1.98000E+01
n-Cu000-MT001-Murthy-10403007.1975                               7 3.30730E+04 2.72060E+05
n-Cu000-MT001-Murthy-10403007A001.1975                           7 3.30730E+04 2.72060E+05
n-Cu000-MT001-Nedzel-13568011.1954                               1 4.10000E+02 4.10000E+02
n-Cu000-MT001-Nereson-11060014.1953                             33 2.93200E+00 1.31080E+01
n-Cu000-MT001-Nereson-11060014A001.1953                         33 2.93200E+00 1.31080E+01
n-Cu000-MT001-Newson-11569004.1957                             112 1.30000E-03 5.20000E-02
n-Cu000-MT001-Pantuev-41208011.1962                              1 8.30000E+03 8.30000E+03
n-Cu000-MT001-Parker-13026007.1970                               1 4.83740E+03 4.83740E+03
n-Cu000-MT001-Peterson-11108021.1960                             9 1.74000E+01 2.90000E+01
n-Cu000-MT001-Peterson-11108021A001.1960                         9 1.74000E+01 2.90000E+01
n-Cu000-MT001-Pineo-10542005.1974                               69 1.84700E-02 6.42800E-01
n-Cu000-MT001-Pineo-10542005A001.1974                           69 1.84700E-02 6.42800E-01
n-Cu000-MT001-Poenitz-12853004.1983                              6 6.50000E-02 1.15000E-01
n-Cu000-MT001-Poenitz-12853005.1983                              6 1.36000E-01 3.65000E-01
n-Cu000-MT001-Poenitz-12853006.1983                             17 2.57000E-01 1.39200E+00
n-Cu000-MT001-Policroniades-31468007.1994                        2 2.98000E+00 4.04000E+00
n-Cu000-MT001-Rayburn-11026025.1965                              1 1.44000E-06 1.44000E-06
n-Cu000-MT001-Rayburn-11026025A001.1965                          1 1.44000E-06 1.44000E-06
n-Cu000-MT001-Robinson-10020004.1969                             1 1.49700E+01 1.49700E+01
n-Cu000-MT001-Robinson-10020004A001.1969                         1 1.49700E+01 1.49700E+01
n-Cu000-MT001-Schimmerling-10082007.1973                        15 3.79000E+02 1.73100E+03
n-Cu000-MT001-Schimmerling-10082007A001.1973                    15 3.79000E+02 1.73100E+03
n-Cu000-MT001-Schneider-11514003.1968                            6 9.94000E+01 1.51900E+02
n-Cu000-MT001-Seppi-11791002.1958                               11 2.53000E-09 1.00000E-07
n-Cu000-MT001-Seth-11781002.1965                               100 6.00000E-03 6.40000E-01
n-Cu000-MT001-Seth-11788028.1958                                43 8.47000E-06 1.67100E-03
n-Cu000-MT001-Sherr-11138007.1945                                1 2.54000E+01 2.54000E+01
n-Cu000-MT001-Sherr-11138007A001.1945                            1 2.54000E+01 2.54000E+01
n-Cu000-MT001-Skoy-31579004.2002                                37 1.50100E-07 8.98584E-05
n-Cu000-MT001-Taylor-21378005.1953                              10 3.00000E+01 1.53000E+02
n-Cu000-MT001-Tsukada-22628012.1966                              2 3.95000E+00 4.70000E+00
n-Cu000-MT001-Vervier-20204006.1958                             20 1.37000E+01 1.47600E+01
n-Cu000-MT001-Weil-11482005.1958                                37 4.03000E+00 8.08000E+00
n-Cu000-MT001-Whalen-10071002.1971                             621 1.01576E-01 1.46902E+00
n-Cu000-MT001-Whalen-10071002A001.1971                         621 1.01576E-01 1.46902E+00
n-Cu000-MT001-Zinn-11136018.1939                                 1 2.88000E+00 2.88000E+00
n-Cu000-MT001-Zinn-11136018A001.1939                             1 2.88000E+00 2.88000E+00
