#              Filename                                         N    min         max
p-Cu065-MT002-Benveniste-C0962005-ang-E0007.340.1961            16 2.03000E+01 1.61000E+02
p-Cu065-MT002-Benveniste-C0962005-ang-E0008.800.1961            18 2.49000E+01 1.68000E+02
p-Cu065-MT002-Benveniste-C0962005-ang-E0010.200.1961            28 2.05000E+01 1.69200E+02
p-Cu065-MT002-Benveniste-C0962005-ang-E0011.030.1961            22 1.89000E+01 1.66600E+02
p-Cu065-MT002-Benveniste-C0962005-ang-E0012.290.1961            25 1.89000E+01 1.64900E+02
p-Cu065-MT002-Brussel-O0456006-ang-E0039.800.1959               35 7.70001E+00 1.09500E+02
p-Cu065-MT002-Koike-E1946006-ang-E0007.560.1965                 31 3.00000E+01 3.00000E+01
p-Cu065-MT002-Koike-E1946007-ang-E0007.750.1965                 30 6.00000E+01 6.00000E+01
p-Cu065-MT002-Koike-E1946008-ang-E0007.560.1965                 31 9.50000E+01 9.50000E+01
p-Cu065-MT002-Koike-E1946009-ang-E0007.560.1965                 30 1.65000E+02 1.65000E+02
p-Cu065-MT002-Koike-E1946017-ang-E0007.940.1965                 13 2.00000E+01 1.65000E+02
p-Cu065-MT002-Koike-E1946018-ang-E0008.730.1965                 13 2.00000E+01 1.65000E+02
p-Cu065-MT002-Koike-E1946019-ang-E0009.520.1965                 12 2.00000E+01 1.65000E+02
p-Cu065-MT002-Koike-E1946020-ang-E0010.220.1965                 15 2.00000E+01 1.65000E+02
p-Cu065-MT002-Koike-E1946021-ang-E0012.000.1965                 15 2.00000E+01 1.65000E+02
p-Cu065-MT002-Koike-E1946022-ang-E0012.200.1965                 15 2.00000E+01 1.65000E+02
p-Cu065-MT002-Leejr-C1024008-ang-E0007.000.1964                185 2.03000E+01 1.68180E+02
p-Cu065-MT002-Perey-C2165012-ang-E0011.000.1968                 30 1.91000E+01 1.64100E+02
p-Cu065-MT002-Tomas-O0546003-ang-E0030.000.1971                 69 1.00000E+01 1.49800E+02
p-Cu065-MT002-Tomas-O0546003-ang-E0050.000.1971                 68 1.00000E+01 1.47800E+02
p-Cu065-MT002-Varner-C0893018-ang-E0016.000.1986                30 2.50000E+01 1.70000E+02
