#              Filename                                         N    min         max
n-Er167-MT151-Alfimenkov-405220061.1981                         41 5.99000E-06 2.28700E-04
n-Er167-MT151-Alfimenkov-405220062.1981                         40 5.99000E-06 2.28700E-04
n-Er167-MT151-Alfimenkov-41278002.1978                          41 5.99000E-06 2.28700E-04
n-Er167-MT151-Axmann-22594002.1976                              82 2.02600E-05 5.06100E-04
n-Er167-MT151-Brunhart-10066002.1970                             4 4.60000E-07 9.60000E-06
n-Er167-MT151-Brunhart-10066002A001.1970                         4 4.60000E-07 9.60000E-06
n-Er167-MT151-Fenstermacher-11171002.1959                        4 4.70000E-07 9.40000E-06
n-Er167-MT151-Fenstermacher-11171002A001.1959                    4 4.70000E-07 9.40000E-06
n-Er167-MT151-Haddad-119440071.1963                             23 5.97000E-06 1.07600E-04
n-Er167-MT151-Haddad-119440072.1963                              9 5.97000E-06 1.07600E-04
n-Er167-MT151-Haddad-119440073.1963                             16 5.97000E-06 1.07600E-04
n-Er167-MT151-Kahane-12902002.1984                              83 5.98000E-06 5.90100E-04
n-Er167-MT151-Karzhavina-40147013.1968                          16 5.96000E-06 2.11000E-04
n-Er167-MT151-Karzhavina-40147014.1968                          56 5.90000E-06 3.21000E-04
n-Er167-MT151-Karzhavina-40147015.1968                          15 5.96000E-06 2.11000E-04
n-Er167-MT151-Karzhavina-40147016.1968                          56 5.96000E-06 3.21000E-04
n-Er167-MT151-Karzhavina-40147017.1968                           5 4.75000E-05 2.40000E-04
n-Er167-MT151-Karzhavina-40147018.1968                           5 4.75000E-05 2.40000E-04
n-Er167-MT151-Karzhavina-40147020.1968                           1 1.08480E-04 1.08480E-04
n-Er167-MT151-Karzhavina-40410007.1975                           2 2.80000E-04 2.80000E-04
n-Er167-MT151-Karzhavina-41277002.1975                          60 5.99000E-06 2.88900E-04
n-Er167-MT151-Knopf-224500501.1997                               1 4.60000E-07 4.60000E-07
n-Er167-MT151-Knopf-224500502.1997                               1 4.60000E-07 4.60000E-07
n-Er167-MT151-Knopf-224500503.1997                               1 4.60000E-07 4.60000E-07
n-Er167-MT151-Knopf-224500504.1997                               1 4.60000E-07 4.60000E-07
n-Er167-MT151-Liou-105910091.1972                              268 5.99000E-06 1.68640E-03
n-Er167-MT151-Liou-105910091A001.1972                          268 5.99000E-06 1.68640E-03
n-Er167-MT151-Liou-105910092.1972                              268 5.99000E-06 1.68640E-03
n-Er167-MT151-Liou-105910092A001.1972                          268 5.99000E-06 1.68640E-03
n-Er167-MT151-Liou-105910093.1972                               52 5.99000E-06 6.12710E-04
n-Er167-MT151-Liou-105910093A001.1972                           52 5.99000E-06 6.12710E-04
n-Er167-MT151-Liou-105910094.1972                               18 5.36000E-05 5.42340E-04
n-Er167-MT151-Liou-105910094A001.1972                           18 5.36000E-05 5.42340E-04
n-Er167-MT151-Liou-105910151.1972                                1 1.20000E-04 1.20000E-04
n-Er167-MT151-Liou-105910151A001.1972                            1 1.20000E-04 1.20000E-04
n-Er167-MT151-Liou-105910152.1972                                1 1.20000E-04 1.20000E-04
n-Er167-MT151-Liou-105910152A001.1972                            1 1.20000E-04 1.20000E-04
n-Er167-MT151-Moller-120970121.1960                              2 4.60000E-07 5.84000E-07
n-Er167-MT151-Moller-120970123.1960                              2 4.60000E-07 5.84000E-07
n-Er167-MT151-Moller-120970124.1960                              2 4.60000E-07 5.84000E-07
n-Er167-MT151-Moller-120970126.1960                              2 4.60000E-07 5.84000E-07
n-Er167-MT151-Mughabghab-121200071.1967                         28 4.60000E-07 1.42200E-04
n-Er167-MT151-Mughabghab-121200072.1967                         28 4.60000E-07 1.42200E-04
n-Er167-MT151-Mughabghab-121200073.1967                         28 4.60000E-07 1.42200E-04
n-Er167-MT151-Sailor-11179002.1961                               4 4.60000E-07 9.62000E-06
n-Er167-MT151-Sailor-11179002A001.1961                           4 4.60000E-07 9.62000E-06
n-Er167-MT151-Thomas-20451007.1972                              23 2.03000E-05 1.42300E-04
n-Er167-MT151-Trofimova-405940063.1977                           1 2.00000E-03 2.00000E-03
n-Er167-MT151-Trofimova-405940064.1977                           1 2.00000E-03 2.00000E-03
n-Er167-MT151-Vertebnyi-400610081.1968                          17 4.60000E-07 6.22000E-05
n-Er167-MT151-Vertebnyi-400610082.1968                          12 5.97000E-06 6.22000E-05
n-Er167-MT151-Vertebnyi-40061025.1968                            1 3.17000E-05 3.17000E-05
n-Er167-MT151-Vertebnyi-402390051.1968                          17 4.60000E-07 6.22000E-05
n-Er167-MT151-Vertebnyi-402390052.1968                          13 5.97000E-06 6.22000E-05
n-Er167-MT151-Vertebnyi-40239007.1968                            1 3.13300E-05 3.13300E-05
n-Er167-MT151-Vertebnyi-40239011.1968                            1 3.13300E-05 3.13300E-05
n-Er167-MT151-Wang-316880051.2010                               30 4.63800E-07 1.15440E-04
n-Er167-MT151-Wang-316880052.2010                               30 4.63800E-07 1.15440E-04
n-Er167-MT151-Wang-316880053.2010                               30 4.63800E-07 1.15440E-04
n-Er167-MT151-Wasson-10949002.1971                              18 5.98000E-06 1.07700E-04
n-Er167-MT151-Wasson-10949002A001.1971                          18 5.98000E-06 1.07700E-04
n-Er167-MT151-Wetzel-10080005.1970                               8 4.60000E-07 2.74000E-05
n-Er167-MT151-Wetzel-10080005A001.1970                           8 4.60000E-07 2.74000E-05
