#              Filename                                         N    min         max
n-Pd106-MT151-Crawford-137130021.1998                           20 6.34300E-05 1.83900E-03
n-Pd106-MT151-Crawford-137130022.1998                           20 6.34300E-05 1.83900E-03
n-Pd106-MT151-Crawford-137130023.1998                            6 2.81100E-04 1.83900E-03
n-Pd106-MT151-Crawford-137130031.1998                           22 6.34300E-05 1.76400E-03
n-Pd106-MT151-Crawford-137130032.1998                           22 6.34300E-05 1.76400E-03
n-Pd106-MT151-Crawford-137130033.1998                            3 6.34300E-05 1.56880E-04
n-Pd106-MT151-Crawford-137130034.1998                           22 6.34300E-05 1.76400E-03
n-Pd106-MT151-Crawford-13713008.1998                             2 1.01000E-03 1.01000E-03
n-Pd106-MT151-Macklin-10868014.1979                              3 5.78000E-02 5.78000E-02
n-Pd106-MT151-Macklin-10868014A001.1979                          3 5.78000E-02 5.78000E-02
n-Pd106-MT151-Macklin-128740041.1985                             1 2.82100E-04 2.82100E-04
n-Pd106-MT151-Macklin-128740042.1985                             1 2.82100E-04 2.82100E-04
n-Pd106-MT151-Macklin-128740043.1985                             1 2.82100E-04 2.82100E-04
n-Pd106-MT151-Meaze-308280061.2011                               1 6.32400E-05 6.32400E-05
n-Pd106-MT151-Meaze-308280062.2011                               1 6.32400E-05 6.32400E-05
n-Pd106-MT151-Meaze-308280063.2011                               1 6.32400E-05 6.32400E-05
n-Pd106-MT151-Popov-412850071.1977                               1 2.81900E-04 2.81900E-04
n-Pd106-MT151-Popov-412850072.1977                               1 2.81900E-04 2.81900E-04
n-Pd106-MT151-Popov-412850073.1977                               1 2.81900E-04 2.81900E-04
n-Pd106-MT151-Wang-308380061.2016                                1 6.34110E-05 6.34110E-05
n-Pd106-MT151-Wang-308380062.2016                                1 6.34110E-05 6.34110E-05
n-Pd106-MT151-Wang-308380063.2016                                1 6.34110E-05 6.34110E-05
