#              Filename                                         N    min         max
a-Ne020-MT651-Kadota-E1378053-E0064.300.1986                    19 1.12000E+01 7.85000E+01
a-Ne020-MT651-Kadota-E1378054-E0064.300.1986                    14 1.11000E+01 5.40000E+01
a-Ne020-MT651-Kadota-E1378055-E0064.300.1986                    19 1.11000E+01 7.83000E+01
a-Ne020-MT651-Kadota-E1378056-E0064.300.1986                    20 1.11000E+01 7.87000E+01
a-Ne020-MT651-Kadota-E1378057-E0064.300.1986                    20 1.11000E+01 7.85000E+01
a-Ne020-MT651-Kadota-E1378058-E0064.300.1986                    12 1.11000E+01 4.40000E+01
a-Ne020-MT651-Kadota-E1378059-E0064.300.1986                    20 1.13000E+01 7.87000E+01
a-Ne020-MT651-Kadota-E1378060-E0064.300.1986                    20 1.12000E+01 7.89000E+01
a-Ne020-MT651-Kadota-E1378061-E0064.300.1986                    14 1.14000E+01 6.93000E+01
a-Ne020-MT651-Kadota-E1378062-E0064.300.1986                    12 1.12000E+01 4.37000E+01
a-Ne020-MT651-Kadota-E1378063-E0064.300.1986                    11 1.14000E+01 3.91000E+01
a-Ne020-MT651-Kadota-E1378064-E0064.300.1986                    13 1.12000E+01 4.40000E+01
a-Ne020-MT651-Kadota-E1378065-E0064.300.1986                    13 1.15000E+01 4.41000E+01
a-Ne020-MT651-Kadota-E1378066-E0064.300.1986                    11 1.11000E+01 4.83000E+01
a-Ne020-MT651-Kadota-E1378067-E0064.300.1986                    13 1.12000E+01 4.38000E+01
a-Ne020-MT651-Kadota-E1378068-E0064.300.1986                    20 1.12000E+01 7.94000E+01
a-Ne020-MT651-Kadota-E1378069-E0064.300.1986                    11 1.10000E+01 3.62000E+01
a-Ne020-MT651-Kadota-E1378070-E0064.300.1986                     7 1.16000E+01 3.41000E+01
a-Ne020-MT651-Kadota-E1378071-E0064.300.1986                    20 1.13000E+01 7.90000E+01
a-Ne020-MT651-Kadota-E1378072-E0064.300.1986                    14 1.42000E+01 7.94000E+01
a-Ne020-MT651-Kadota-E1378073-E0064.300.1986                     8 1.40000E+01 5.96000E+01
a-Ne020-MT651-Kadota-E1378074-E0064.300.1986                    14 1.38000E+01 7.95000E+01
a-Ne020-MT651-Kadota-E1378075-E0064.300.1986                    14 1.38000E+01 7.91000E+01
a-Ne020-MT651-Kadota-E1378076-E0064.300.1986                    10 1.41000E+01 6.47000E+01
a-Ne020-MT651-Kadota-E1378077-E0064.300.1986                    11 1.38000E+01 7.46000E+01
a-Ne020-MT651-Kadota-E1378078-E0064.300.1986                    14 1.41000E+01 8.00000E+01
a-Ne020-MT651-Kadota-E1378079-E0064.300.1986                     5 1.36000E+01 4.44000E+01
a-Ne020-MT651-Kadota-E1378080-E0064.300.1986                     4 1.39000E+01 2.93000E+01
a-Ne020-MT651-Kadota-E1378081-E0064.300.1986                     6 1.39000E+01 5.47000E+01
a-Ne020-MT651-Kadota-E1378082-E0064.300.1986                     5 1.41000E+01 3.45000E+01
a-Ne020-MT651-Kadota-E1378083-E0064.300.1986                     6 1.42000E+01 3.98000E+01
a-Ne020-MT651-Kadota-E1378084-E0064.300.1986                     5 1.42000E+01 3.42000E+01
a-Ne020-MT651-Labie-F0678002-E0021.400.1974                     25 1.35000E+01 8.34000E+01
a-Ne020-MT651-Lu-T0240005-E0044.500.1969                        51 9.30001E+00 4.96000E+01
