#              Filename                                         N    min         max
p-Li007-MT107-Cavallaro-F0025002-E0000.397.1962                 23 9.00000E+01 9.00000E+01
p-Li007-MT107-Ciric-F0033002-E0000.073.1976                     14 9.00000E+01 9.00000E+01
p-Li007-MT107-Ciric-F0033003-E0000.150.1976                     15 2.06000E+01 1.60400E+02
p-Li007-MT107-Ciric-F0033003-E0000.300.1976                     15 1.95000E+01 1.59600E+02
p-Li007-MT107-Ciric-F0033003-E0000.600.1976                     15 1.95000E+01 1.60500E+02
p-Li007-MT107-Dieumegard-D0134004-E0000.503.1980                 1 9.00000E+01 1.50000E+02
p-Li007-MT107-Dieumegard-D0134004-E0000.504.1980                 1 9.00000E+01 9.00000E+01
p-Li007-MT107-Kilian-A1443007-E0003.400.1969                     7 3.91000E+01 1.60100E+02
p-Li007-MT107-Kilian-A1443007-E0004.500.1969                    11 3.95000E+01 1.70600E+02
p-Li007-MT107-Kilian-A1443007-E0005.000.1969                    12 3.95000E+01 1.70500E+02
p-Li007-MT107-Kilian-A1443007-E0005.260.1969                    11 3.99000E+01 1.69600E+02
p-Li007-MT107-Kilian-A1443007-E0006.400.1969                    12 3.96000E+01 1.70500E+02
p-Li007-MT107-Kilian-A1443007-E0007.100.1969                    12 3.96000E+01 1.70500E+02
p-Li007-MT107-Kilian-A1443007-E0008.400.1969                     9 4.02000E+01 1.50400E+02
p-Li007-MT107-Kilian-A1443007-E0009.400.1969                     7 4.02000E+01 1.70200E+02
p-Li007-MT107-Spinka-A1445003-E0000.131.1971                     5 2.22000E+01 7.68000E+01
p-Li007-MT107-Spinka-A1445003-E0000.272.1971                     6 1.97000E+01 7.83000E+01
p-Li007-MT107-Spinka-A1445003-E0000.416.1971                     5 1.70000E+01 8.29000E+01
p-Li007-MT107-Spinka-A1445003-E0000.561.1971                     6 1.70000E+01 8.51000E+01
p-Li007-MT107-Sweeneyjr-A1507002-E0000.440.1969                 21 1.20000E+02 1.20000E+02
p-Li007-MT107-Tagishi-F0082002-E0009.000.1992                   15 4.50000E+01 4.50000E+01
p-Li007-MT107-Taskaev-F1465002-E0000.601.2022                   10 1.68000E+02 1.68000E+02
p-Li007-MT107-Teplov-A1484003-E0003.281.1962                    40 8.00000E+01 8.00000E+01
