#              Filename                                         N    min         max
n-Co059-MT102-Berreth-12635006.1962                              1 5.00000E-07 5.00000E-07
n-Co059-MT102-Carre-20658009.1966                                1 5.50000E-07 5.50000E-07
n-Co059-MT102-Dahlberg-20049004.1961                             1 5.00000E-07 5.00000E-07
n-Co059-MT102-Eastwood-11737002.1963                             1 5.00000E-07 5.00000E-07
n-Co059-MT102-Feiner-11752002.1960                               1 6.00000E-07 6.00000E-07
n-Co059-MT102-Gryntakis-20625014.1976                            1 5.50000E-07 5.50000E-07
n-Co059-MT102-Harris-11343008.1950                               1 5.00000E-07 5.00000E-07
n-Co059-MT102-Johnston-11739002.1960                             1 5.00000E-07 5.00000E-07
n-Co059-MT102-Kim-20656003.1968                                  1 5.00000E-07 5.00000E-07
n-Co059-MT102-Kimura-23491006.1989                               1 5.00000E-07 5.00000E-07
n-Co059-MT102-Lesage-11754002.1966                               1 5.00000E-07 5.00000E-07
n-Co059-MT102-Lesage-11754013.1966                               1 5.00000E-07 5.00000E-07
n-Co059-MT102-Lesage-11754014.1966                               1 5.00000E-07 5.00000E-07
n-Co059-MT102-Macklin-143880181.1955                             1 4.90000E-07 4.90000E-07
n-Co059-MT102-Macklin-143880182.1955                             1 4.90000E-07 4.90000E-07
n-Co059-MT102-Mughabghab-V10012171.2006                          1 5.97003E-02 5.97003E-02
n-Co059-MT102-Schuman-11687006.1969                              1 5.00000E-07 5.00000E-07
n-Co059-MT102-Steinnes-20188006.1972                             1 5.00000E-07 5.00000E-07
