#              Filename                                         N    min         max
d-Be009-MT651-Cowley-F0182003-ang-E0015.800.1966                32 7.49999E+00 1.15000E+02
d-Be009-MT651-DaiCaNguyennn-F0164003-ang-E0014.250.1966         27 9.90000E+00 9.90000E+00
d-Be009-MT651-Darden-F0191003-ang-E0015.000.1976                43 1.23000E+01 1.32900E+02
d-Be009-MT651-Fitz-F0221010-ang-E0011.800.1967                  27 2.27000E+01 1.49400E+02
d-Be009-MT651-Haffner-F0021004-ang-E0015.000.1956               20 1.78000E+01 8.72000E+01
d-Be009-MT651-Nguyen-E2254004-ang-E0014.350.1966                12 9.69998E+00 8.31000E+01
d-Be009-MT651-Nguyen-E2254005-ang-E0014.350.1966                13 1.98000E+01 8.33000E+01
d-Be009-MT651-Slobodrian-F0975003-ang-E0027.700.1962            18 1.39000E+01 1.00700E+02
d-Be009-MT651-Summersgill-F0119008-ang-E0024.000.1958           20 1.59000E+01 1.50100E+02
d-Be009-MT651-Szczurek-F0588003-ang-E0007.000.1989              31 3.12000E+01 1.65600E+02
d-Be009-MT651-Tanaka-E0029003-ang-E0012.350.1978                17 2.07000E+01 1.65100E+02
d-Be009-MT651-Tanaka-E0029003-ang-E0012.350A001.1978            16 1.53000E+01 1.59600E+02
d-Be009-MT651-Tanaka-E0029003-ang-E0014.060.1978                17 1.53000E+01 1.66000E+02
d-Be009-MT651-Tanaka-E0029003-ang-E0014.060A001.1978            18 1.57000E+01 1.65400E+02
d-Be009-MT651-Tanaka-E0029005-ang-E0012.170.1978                20 8.50000E+01 8.50000E+01
d-Be009-MT651-Urazbekov-D0962003-ang-E0019.500.2019             35 1.61000E+01 1.32900E+02
d-Be009-MT651-Urazbekov-D0962003-ang-E0035.000.2019             39 1.61000E+01 1.41400E+02
d-Be009-MT651-Vasilev-F0131002-ang-E0012.800.1973               20 1.85000E+01 1.61900E+02
