#              Filename                                         N    min         max
n-Si000-MT002-Baba-22480003-ang-E0055.000.2002                  75 2.59993E+00 5.30000E+01
n-Si000-MT002-Becker-11511003-ang-E0003.200.1966                12 2.07071E+01 1.31598E+02
n-Si000-MT002-Brandenberger-10263004-ang-E0007.710.1972         44 3.00000E+01 1.50000E+02
n-Si000-MT002-Bredin-11496003-ang-E0001.950.1964                10 3.00000E+01 1.20000E+02
n-Si000-MT002-Clarke-11286013-ang-E0014.100.1964                18 2.71000E+01 1.50500E+02
n-Si000-MT002-Cox-12664003-ang-E0000.634.1967                  428 1.99988E+01 1.60001E+02
n-Si000-MT002-Cox-21938002-ang-E0014.000.1984                   20 3.50000E+01 3.50000E+01
n-Si000-MT002-Devito-13902002-ang-E0030.300.1983                37 1.50000E+01 1.30000E+02
n-Si000-MT002-Drake-11579003-ang-E0004.000.1969                 24 3.91000E+01 1.35000E+02
n-Si000-MT002-Grimes-10012002-ang-E0006.640.1969               254 1.50000E+01 1.50000E+01
n-Si000-MT002-Grimes-10012003-ang-E0006.640.1969               254 3.00000E+01 3.00000E+01
n-Si000-MT002-Hjort-13510003-ang-E0065.000.1994                 27 7.40003E+00 4.50000E+01
n-Si000-MT002-Howell-12927006-ang-E0007.958.1988                15 2.42000E+01 1.61800E+02
n-Si000-MT002-Howell-12927006-ang-E0009.948.1988                29 2.39000E+01 1.60100E+02
n-Si000-MT002-Howell-12927006-ang-E0011.936.1988                20 1.92000E+01 1.63000E+02
n-Si000-MT002-Howell-12927006-ang-E0013.965.1988                20 1.92000E+01 1.59800E+02
n-Si000-MT002-Kinney-10107006-ang-E0005.440.1970                22 2.25000E+01 1.14000E+02
n-Si000-MT002-Kinney-10107006-ang-E0005.440A001.1970            22 2.25000E+01 1.14000E+02
n-Si000-MT002-Kinney-10107006-ang-E0006.370.1970                23 1.50000E+01 1.18000E+02
n-Si000-MT002-Kinney-10107006-ang-E0006.370A001.1970            23 1.50000E+01 1.18000E+02
n-Si000-MT002-Kinney-10107006-ang-E0006.440.1970                23 1.50000E+01 1.34500E+02
n-Si000-MT002-Kinney-10573004-ang-E0000.500.1976             20008 2.40000E+01 1.55000E+02
n-Si000-MT002-Knitter-20391003-ang-E0004.000.1967              152 0.00000E+00 1.80000E+02
n-Si000-MT002-Korzh-40043006-ang-E0001.500.1969                 10 2.00000E+01 1.43000E+02
n-Si000-MT002-Korzh-40764003-ang-E0000.300.1964                 24 3.00029E+01 1.39996E+02
n-Si000-MT002-Lane-10415010-ang-E0000.030.1961                 192 2.33000E+01 1.44200E+02
n-Si000-MT002-Lane-10415011-ang-E0000.489.1961                 376 2.33000E+01 2.33000E+01
n-Si000-MT002-Lane-11574004-ang-E0000.039.1962                 155 1.98000E+01 1.49800E+02
n-Si000-MT002-Lovchikova-40230009-ang-E0000.900.1963             5 3.00041E+01 1.49986E+02
n-Si000-MT002-Martin-22588002-ang-E0005.950.1968                16 2.79997E+01 1.52698E+02
n-Si000-MT002-Martin-22588003-ang-E0005.950.1968                16 2.97776E+01 1.53644E+02
n-Si000-MT002-Obst-10306006-ang-E0009.800.1973                  20 2.00000E+01 1.50000E+02
n-Si000-MT002-Obst-10306006-ang-E0009.800A001.1973              20 2.00000E+01 1.50000E+02
n-Si000-MT002-Olsson-22048006-ang-E0021.600.1987                38 1.00000E+01 1.59500E+02
n-Si000-MT002-Petitt-10235006-ang-E0002.450.1966                44 3.00000E+01 1.45000E+02
n-Si000-MT002-Petitt-10235018-ang-E0002.257.1966                35 6.00000E+01 6.00000E+01
n-Si000-MT002-Petitt-10235020-ang-E0002.250.1966                13 6.00000E+01 6.00000E+01
n-Si000-MT002-Petitt-10235022-ang-E0004.000.1966                11 6.00000E+01 6.00000E+01
n-Si000-MT002-Popov-41215004-ang-E0003.100.1963                 10 1.99484E+01 1.50459E+02
n-Si000-MT002-Rapaport-10697002-ang-E0011.000.1977              20 2.00000E+01 1.45000E+02
n-Si000-MT002-Rapaport-10697002-ang-E0011.000A001.1977          20 2.00000E+01 1.45000E+02
n-Si000-MT002-Rapaport-10697003-ang-E0020.000.1977              40 1.50000E+01 1.45000E+02
n-Si000-MT002-Schmidt-22666002-ang-E0007.890.2001              360 1.33000E+01 1.59800E+02
n-Si000-MT002-Seeliger-30563003-ang-E0006.800.1986               7 2.00000E+01 1.50000E+02
n-Si000-MT002-Seeliger-30563003-ang-E0007.000.1986               7 2.00000E+01 1.60000E+02
n-Si000-MT002-Stelson-11527006-ang-E0014.000.1965                9 3.28000E+01 1.16800E+02
n-Si000-MT002-Steuer-12737002-ang-E0007.440.1973                13 2.90000E+01 1.49200E+02
n-Si000-MT002-Takahashi-22075202-ang-E0014.100.1987             16 1.00000E+01 1.60000E+02
n-Si000-MT002-Tanaka-20343006-ang-E0004.810.1970                52 3.00000E+01 1.48000E+02
n-Si000-MT002-Tsukada-20341008-ang-E0003.500.1961               41 2.90000E+01 1.38600E+02
n-Si000-MT002-Velkley-10384013-ang-E0008.920.1974               27 3.00000E+01 1.60000E+02
n-Si000-MT002-Velkley-10384013-ang-E0008.920A001.1974           27 3.00000E+01 1.60000E+02
