#              Filename                                         N    min         max
p-Fe056-MT002-Arai-E0736002-ang-E0003.101.1982                7662 9.00000E+01 9.00000E+01
p-Fe056-MT002-Arai-E0736003-ang-E0003.100.1982                9006 1.20000E+02 1.20000E+02
p-Fe056-MT002-Arai-E0736004-ang-E0003.100.1982                8788 1.35000E+02 1.35000E+02
p-Fe056-MT002-Arai-E0736005-ang-E0003.100.1982                8691 1.60000E+02 1.60000E+02
p-Fe056-MT002-Benveniste-O0431002-ang-E0010.930.1964            23 3.00000E+01 1.70000E+02
p-Fe056-MT002-Benveniste-O0431003-ang-E0011.700.1964            27 2.01000E+01 1.69600E+02
p-Fe056-MT002-Bertrand-O0294002-ang-E0061.500.1969              12 1.50000E+01 1.20100E+02
p-Fe056-MT002-Boukharouba-C0471005-ang-E0004.080.1992          133 3.00000E+01 1.60000E+02
p-Fe056-MT002-Brandle-D0130003-ang-E0003.684.1970                1 9.00000E+01 1.64500E+02
p-Fe056-MT002-Brandle-D0130003-ang-E0003.687.1970                1 1.50300E+02 1.64500E+02
p-Fe056-MT002-Brandle-D0130003-ang-E0003.687A001.1970            1 9.00000E+01 1.50300E+02
p-Fe056-MT002-Brandle-D0130003-ang-E0003.688.1970                1 9.00000E+01 1.64500E+02
p-Fe056-MT002-Brandle-D0130003-ang-E0003.689.1970                1 1.24900E+02 1.64500E+02
p-Fe056-MT002-Brandle-D0130003-ang-E0003.690.1970                1 1.24900E+02 1.50300E+02
p-Fe056-MT002-Brandle-D0130003-ang-E0003.690A001.1970            1 9.00000E+01 1.50300E+02
p-Fe056-MT002-Brandle-D0130003-ang-E0003.691.1970                1 9.00000E+01 1.50300E+02
p-Fe056-MT002-Brandle-D0130003-ang-E0003.693.1970                1 1.50300E+02 1.64500E+02
p-Fe056-MT002-Brandle-D0130003-ang-E0003.693A001.1970            1 1.24900E+02 1.64500E+02
p-Fe056-MT002-Brandle-D0130003-ang-E0003.694.1970                1 9.00000E+01 1.24900E+02
p-Fe056-MT002-Brandle-D0130003-ang-E0003.694A001.1970            1 9.00000E+01 1.50300E+02
p-Fe056-MT002-Brandle-D0130003-ang-E0003.696.1970                1 1.50300E+02 1.64500E+02
p-Fe056-MT002-Brandle-D0130003-ang-E0003.697.1970                1 1.24900E+02 1.64500E+02
p-Fe056-MT002-Brandle-D0130003-ang-E0003.697A001.1970            1 9.00000E+01 1.24900E+02
p-Fe056-MT002-Brandle-D0130003-ang-E0003.698.1970                1 9.00000E+01 9.00000E+01
p-Fe056-MT002-Brandle-D0130004-ang-E0003.797.1970                1 9.00000E+01 1.64500E+02
p-Fe056-MT002-Brandle-D0130004-ang-E0003.797A001.1970            2 9.00000E+01 1.24900E+02
p-Fe056-MT002-Brandle-D0130004-ang-E0003.800.1970                2 9.00000E+01 1.64500E+02
p-Fe056-MT002-Brandle-D0130004-ang-E0003.800A001.1970            1 9.00000E+01 1.64500E+02
p-Fe056-MT002-Brandle-D0130004-ang-E0003.803.1970                1 9.00000E+01 1.64500E+02
p-Fe056-MT002-Brandle-D0130004-ang-E0003.803A001.1970            2 9.00000E+01 1.24900E+02
p-Fe056-MT002-Brandle-D0130004-ang-E0003.806.1970                2 9.00000E+01 1.64500E+02
p-Fe056-MT002-Brandle-D0130004-ang-E0003.806A001.1970            1 9.00000E+01 1.24900E+02
p-Fe056-MT002-Brandle-D0130004-ang-E0003.809.1970                2 9.00000E+01 1.64500E+02
p-Fe056-MT002-Brandle-D0130004-ang-E0003.809A001.1970            1 9.00000E+01 1.64500E+02
p-Fe056-MT002-Brandle-D0130004-ang-E0003.812.1970                1 1.24900E+02 1.64500E+02
p-Fe056-MT002-Brandle-D0130004-ang-E0003.812A001.1970            1 9.00000E+01 1.24900E+02
p-Fe056-MT002-Brandle-D0130004-ang-E0003.812A002.1970            1 9.00000E+01 1.64500E+02
p-Fe056-MT002-Brandle-D0130004-ang-E0003.816.1970                1 9.00000E+01 1.64500E+02
p-Fe056-MT002-Brandle-D0130004-ang-E0003.816A001.1970            2 9.00000E+01 1.24900E+02
p-Fe056-MT002-Brandle-D0130004-ang-E0003.819.1970                2 9.00000E+01 1.64500E+02
p-Fe056-MT002-Brandle-D0130004-ang-E0003.819A001.1970            1 9.00000E+01 1.24900E+02
p-Fe056-MT002-Brandle-D0130004-ang-E0003.822.1970                2 9.00000E+01 1.64500E+02
p-Fe056-MT002-Brandle-D0130004-ang-E0003.822A001.1970            1 9.00000E+01 1.24900E+02
p-Fe056-MT002-Brandle-D0130004-ang-E0003.825.1970                1 1.24900E+02 1.64500E+02
p-Fe056-MT002-Brandle-D0130004-ang-E0003.826.1970                1 9.00000E+01 1.64500E+02
p-Fe056-MT002-Brandle-D0130004-ang-E0003.826A001.1970            1 9.00000E+01 9.00000E+01
p-Fe056-MT002-Brussel-O0456003-ang-E0039.800.1959               41 7.70001E+00 1.09800E+02
p-Fe056-MT002-Comparat-O0049006-ang-E0156.000.1974              31 5.09997E+00 4.20000E+01
p-Fe056-MT002-Deleo-E1686002-ang-E0065.000.1996                 28 1.39000E+01 7.01000E+01
p-Fe056-MT002-Deleo-E1686005-ang-E0400.000.1996                 19 8.99997E+00 3.12000E+01
p-Fe056-MT002-Kossanyidemay-D0286016-ang-E0018.600.1967         18 2.59050E+01 1.48660E+02
p-Fe056-MT002-Lindstrom-F1076006-ang-E0002.006.1971           2169 1.60000E+02 1.60000E+02
p-Fe056-MT002-Noro-E0249024-ang-E0065.000.1981                  28 1.40000E+01 7.01000E+01
p-Fe056-MT002-Perey-C2165006-ang-E0011.000.1968                 28 2.50000E+01 1.60000E+02
p-Fe056-MT002-Sakaguchi-E1201002-ang-E0065.000.1981             28 1.40000E+01 7.01000E+01
p-Fe056-MT002-Sakaguchi-O0032062S-ang-E0065.000.1983            28 1.40000E+01 7.01000E+01
p-Fe056-MT002-Varner-C0893010-ang-E0016.000.1986                31 2.00000E+01 1.70000E+02
p-Fe056-MT002-Watsoniii-C2049002-ang-E0003.104.1981            422 9.00000E+01 9.00000E+01
p-Fe056-MT002-Watsoniii-C2049003-ang-E0003.105.1981            391 1.25000E+02 1.25000E+02
p-Fe056-MT002-Watsoniii-C2049004-ang-E0003.103.1981            436 1.50000E+02 1.50000E+02
p-Fe056-MT002-Watsoniii-C2049006-ang-E0003.701.1981            129 1.07000E+02 1.07000E+02
p-Fe056-MT002-Watsoniii-C2049010-ang-E0003.852.1981            141 1.60000E+02 1.60000E+02
