#              Filename                                         N    min         max
a-N015-MT002-Abele-D0146007-ang-E0048.700.1987                 107 9.90000E+00 1.69300E+02
a-N015-MT002-Abele-D0146007-ang-E0054.100.1987                 108 9.90000E+00 1.57500E+02
a-N015-MT002-Feofilov-F1141002-ang-E0016.598.1977                1 2.99000E+01 1.44600E+02
a-N015-MT002-Feofilov-F1141002-ang-E0016.674.1977                1 1.44600E+02 1.65100E+02
a-N015-MT002-Feofilov-F1141002-ang-E0016.703.1977                1 2.99000E+01 1.65100E+02
a-N015-MT002-Feofilov-F1141002-ang-E0017.620.1977                1 2.99000E+01 1.65100E+02
a-N015-MT002-Feofilov-F1141002-ang-E0017.671.1977                1 1.44600E+02 1.65100E+02
a-N015-MT002-Feofilov-F1141002-ang-E0017.682.1977                1 2.99000E+01 1.44600E+02
a-N015-MT002-Feofilov-F1141002-ang-E0018.095.1977                1 2.99000E+01 1.65100E+02
a-N015-MT002-Feofilov-F1141002-ang-E0018.113.1977                1 1.44600E+02 1.65100E+02
a-N015-MT002-Feofilov-F1141002-ang-E0018.146.1977                1 2.99000E+01 1.44600E+02
a-N015-MT002-Feofilov-F1141002-ang-E0018.353.1977                1 2.99000E+01 1.65100E+02
a-N015-MT002-Feofilov-F1141002-ang-E0018.391.1977                1 1.44600E+02 1.65100E+02
a-N015-MT002-Feofilov-F1141002-ang-E0018.393.1977                1 2.99000E+01 1.44600E+02
a-N015-MT002-Feofilov-F1141002-ang-E0019.055.1977                1 2.99000E+01 1.65100E+02
a-N015-MT002-Feofilov-F1141002-ang-E0019.060.1977                1 1.44600E+02 1.65100E+02
a-N015-MT002-Feofilov-F1141002-ang-E0019.072.1977                1 2.99000E+01 1.44600E+02
a-N015-MT002-Feofilov-F1141002-ang-E0019.117.1977                1 2.99000E+01 1.65100E+02
a-N015-MT002-Feofilov-F1141002-ang-E0019.153.1977                1 1.44600E+02 1.65100E+02
a-N015-MT002-Feofilov-F1141002-ang-E0019.175.1977                1 1.44600E+02 1.65100E+02
a-N015-MT002-Feofilov-F1141002-ang-E0019.513.1977                1 2.99000E+01 1.65100E+02
a-N015-MT002-Feofilov-F1141002-ang-E0019.520.1977                1 2.99000E+01 1.44600E+02
a-N015-MT002-Feofilov-F1141002-ang-E0019.525.1977                1 1.44600E+02 1.65100E+02
a-N015-MT002-Feofilov-F1141002-ang-E0019.585.1977                1 1.44600E+02 1.65100E+02
a-N015-MT002-Feofilov-F1141002-ang-E0019.617.1977                1 2.99000E+01 1.44600E+02
a-N015-MT002-Feofilov-F1141002-ang-E0019.675.1977                1 2.99000E+01 1.65100E+02
a-N015-MT002-Feofilov-F1141002-ang-E0019.678.1977                1 1.44600E+02 1.65100E+02
a-N015-MT002-Feofilov-F1141002-ang-E0019.720.1977                1 1.44600E+02 1.65100E+02
a-N015-MT002-Feofilov-F1141002-ang-E0019.852.1977                1 2.99000E+01 1.65100E+02
a-N015-MT002-Feofilov-F1141002-ang-E0019.860.1977                1 2.99000E+01 1.44600E+02
a-N015-MT002-Feofilov-F1141002-ang-E0019.895.1977                1 2.99000E+01 1.44600E+02
a-N015-MT002-Feofilov-F1141002-ang-E0019.995.1977                1 2.99000E+01 1.65100E+02
a-N015-MT002-Feofilov-F1141002-ang-E0020.027.1977                1 1.65100E+02 1.65100E+02
a-N015-MT002-Feofilov-F1141003-ang-E0023.700.1977               60 1.38000E+01 1.69100E+02
a-N015-MT002-Feofilov-F1141007-ang-E0020.100.1977               16 1.30200E+02 1.66300E+02
a-N015-MT002-Smotrich-C0755002-ang-E0001.745.1961              909 1.65200E+02 1.65200E+02
a-N015-MT002-Smotrich-C0755003-ang-E0002.403.1961              484 5.71000E+01 5.71000E+01
a-N015-MT002-Smotrich-C0755004-ang-E0001.717.1961              622 7.51000E+01 7.51000E+01
a-N015-MT002-Smotrich-C0755005-ang-E0001.721.1961              652 1.10900E+02 1.10900E+02
a-N015-MT002-Smotrich-C0755006-ang-E0001.707.1961              710 1.28800E+02 1.28800E+02
a-N015-MT002-Smotrich-C0755007-ang-E0002.404.1961              532 1.39500E+02 1.39500E+02
