#              Filename                                         N    min         max
n-Cr000-MT001-Abfalterer-13753017.2001                         467 5.29300E+00 5.59100E+02
n-Cr000-MT001-Bennett-11265006.1957                             14 2.25300E+00 2.75000E+00
n-Cr000-MT001-Bonner-11012004.1954                              27 2.37000E+00 7.84000E+00
n-Cr000-MT001-Bonner-11012004A001.1954                          27 2.37000E+00 7.84000E+00
n-Cr000-MT001-Bratenahl-11155012.1958                            5 7.05000E+00 1.42500E+01
n-Cr000-MT001-Bratenahl-11155012A001.1958                        5 7.05000E+00 1.42500E+01
n-Cr000-MT001-Cabe-20482002.1967                               164 5.00000E-01 1.20600E+00
n-Cr000-MT001-Cierjacks-20012003.1968                         3883 5.00100E-01 4.39800E+00
n-Cr000-MT001-Cierjacks-20012005.1968                         1231 4.40690E+00 3.19400E+01
n-Cr000-MT001-Coon-12524020.1952                                 1 1.41200E+01 1.41200E+01
n-Cr000-MT001-Cote-11641010.1958                               132 2.78000E-05 9.21600E-03
n-Cr000-MT001-Filippov-40082009.1968                            13 5.94000E-01 3.12000E+00
n-Cr000-MT001-Filippov-40883002.1983                             4 6.00000E-01 3.25000E+00
n-Cr000-MT001-Fosterjr-10047028.1971                           240 2.33900E+00 1.48880E+01
n-Cr000-MT001-Fosterjr-10047028A001.1971                       240 2.33900E+00 1.48880E+01
n-Cr000-MT001-Goodman-11057011.1952                              1 1.40000E+01 1.40000E+01
n-Cr000-MT001-Goodman-11057011A001.1952                          1 1.40000E+01 1.40000E+01
n-Cr000-MT001-Green-10225021.1973                              218 1.00100E+00 8.69600E+00
n-Cr000-MT001-Green-10225021A001.1973                          218 1.00100E+00 8.69600E+00
n-Cr000-MT001-Green-10225022.1973                              214 1.01100E+00 8.39000E+00
n-Cr000-MT001-Green-10225022A001.1973                          214 1.01100E+00 8.39000E+00
n-Cr000-MT001-Guenther-12750002.1982                            71 1.00000E+00 4.50000E+00
n-Cr000-MT001-Hibdon-11674002.1957                             472 3.03000E-03 4.08500E-01
n-Cr000-MT001-Koester-20813008.1978                              2 1.25700E-06 5.19000E-06
n-Cr000-MT001-Larson-12882008.1980                             685 1.99940E+00 8.06200E+01
n-Cr000-MT001-Manero-20168002.1967                              46 3.19000E+00 5.21000E+00
n-Cr000-MT001-Melkonian-11670002.1953                           31 3.24000E-06 5.02431E-01
n-Cr000-MT001-Melkonian-11670016.1953                           11 4.52188E-04 8.81648E-01
n-Cr000-MT001-Newson-11368011.1961                              29 4.76560E-02 1.61512E-01
n-Cr000-MT001-Perey-10342004.1973                             3658 1.85050E-01 2.94970E+01
n-Cr000-MT001-Perey-10342004A001.1973                         3658 1.85050E-01 2.94970E+01
n-Cr000-MT001-Perey-10342005.1973                             3658 1.85020E-01 2.94170E+01
n-Cr000-MT001-Perey-10342005A001.1973                         3658 1.85020E-01 2.94170E+01
n-Cr000-MT001-Peterson-11108017.1960                             4 1.75000E+01 2.86000E+01
n-Cr000-MT001-Peterson-11108017A001.1960                         4 1.75000E+01 2.86000E+01
n-Cr000-MT001-Policroniades-31468004.1994                        7 2.98000E+00 6.71000E+00
n-Cr000-MT001-Salama-30468002.1973                              93 2.96000E-09 1.09870E-06
n-Cr000-MT001-TranUngg-30149003.1972                             1 3.10000E+00 3.10000E+00
n-Cr000-MT001-Tsukada-22628007.1966                              1 3.95000E+00 3.95000E+00
n-Cr000-MT001-Whalen-11540003.1966                             545 1.00700E-01 6.48700E-01
