#              Filename                                         N    min         max
n-W184-MT151-Anufriev-408500021.1983                            10 5.63000E-05 1.00000E-03
n-W184-MT151-Anufriev-408500022.1983                             9 5.63000E-05 9.60000E-04
n-W184-MT151-Bartolome-100020191.1969                           26 1.65000E-04 2.61600E-03
n-W184-MT151-Bartolome-100020191A001.1969                       26 1.65000E-04 2.61600E-03
n-W184-MT151-Bartolome-100020192.1969                           26 1.65000E-04 2.61600E-03
n-W184-MT151-Bartolome-100020192A001.1969                       26 1.65000E-04 2.61600E-03
n-W184-MT151-Bartolome-100020193.1969                           10 4.22000E-04 2.61600E-03
n-W184-MT151-Bartolome-100020193A001.1969                       10 4.22000E-04 2.61600E-03
n-W184-MT151-Bartolome-100020271.1969                            2 1.39050E-03 1.39050E-03
n-W184-MT151-Bartolome-100020271A001.1969                        2 1.39050E-03 1.39050E-03
n-W184-MT151-Block-114580041.1966                               24 1.02100E-04 1.93000E-03
n-W184-MT151-Block-114580042.1966                               24 1.02100E-04 1.93000E-03
n-W184-MT151-Block-114580043.1966                               24 1.02100E-04 1.93000E-03
n-W184-MT151-Block-114580044.1966                               16 1.84700E-04 1.93000E-03
n-W184-MT151-Block-114580111.1966                                1 2.00000E-03 2.00000E-03
n-W184-MT151-Bowey-21117014.1957                                 1 1.80400E-04 1.80400E-04
n-W184-MT151-Camarda-105070042.1973                              1 8.22550E-03 8.22550E-03
n-W184-MT151-Camarda-105070042A001.1973                          1 8.22550E-03 8.22550E-03
n-W184-MT151-Camarda-105070081.1973                            126 1.01690E-04 1.64510E-02
n-W184-MT151-Camarda-105070081A001.1973                        126 1.01690E-04 1.64510E-02
n-W184-MT151-Camarda-105070082.1973                            125 1.01690E-04 1.64510E-02
n-W184-MT151-Camarda-105070082A001.1973                        125 1.01690E-04 1.64510E-02
n-W184-MT151-Firk-213160091.1959                                 1 1.85000E-04 1.85000E-04
n-W184-MT151-Firk-213160092.1959                                 1 1.85000E-04 1.85000E-04
n-W184-MT151-Firk-213160093.1959                                 1 1.85000E-04 1.85000E-04
n-W184-MT151-Friesenhahn-121670131.1966                          1-1.10000E-04 0.00000E+00
n-W184-MT151-Friesenhahn-121670132.1966                          1-1.10000E-04 0.00000E+00
n-W184-MT151-Friesenhahn-121670133.1966                          1-1.10000E-04 0.00000E+00
n-W184-MT151-Hughes-12311002.1959                                5 7.60000E-06 6.60000E-05
n-W184-MT151-Khan-121820021.1966                                16 1.02000E-04 2.09000E-03
n-W184-MT151-Khan-121820022.1966                                16 1.02000E-04 2.09000E-03
n-W184-MT151-Kononov-40013004.1967                               1 1.40600E-01 1.40600E-01
n-W184-MT151-Kononov-40977016.1987                               2 2.02500E-01 2.02500E-01
n-W184-MT151-Macklin-109990041.1983                             96 2.67500E-03 6.60800E-03
n-W184-MT151-Macklin-109990041A001.1983                         96 2.67500E-03 6.60800E-03
n-W184-MT151-Macklin-109990042.1983                             14 2.92500E-03 6.13000E-03
n-W184-MT151-Macklin-109990042A001.1983                         14 2.92500E-03 6.13000E-03
n-W184-MT151-Macklin-109990043.1983                             30 2.92500E-03 6.55300E-03
n-W184-MT151-Macklin-109990043A001.1983                         30 2.92500E-03 6.55300E-03
n-W184-MT151-Schwartz-121520051.1956                             2 1.87000E-04 3.16000E-04
n-W184-MT151-Schwartz-121520052.1956                             1 1.87000E-04 1.87000E-04
