#              Filename                                         N    min         max
n-W184-MT051-Annand-13966005-ang-E0004.870.1985                 19 1.95500E+01 1.39900E+02
n-W184-MT051-Annand-13966005-ang-E0004.870A001.1985             27 2.06200E+01 1.59590E+02
n-W184-MT051-Annand-13966005-ang-E0004.870A002.1985             26 2.02000E+01 1.59720E+02
n-W184-MT051-Annand-13966005-ang-E0006.000.1985                 16 2.05100E+01 1.35100E+02
n-W184-MT051-Annand-13966005-ang-E0006.000A001.1985             31 2.06200E+01 1.59810E+02
n-W184-MT051-Annand-13966005-ang-E0006.000A002.1985             31 2.02000E+01 1.60140E+02
n-W184-MT051-Delaroche-22513007-ang-E0003.400.1981              31 4.00000E+01 1.60000E+02
n-W184-MT051-Guenther-10803012-ang-E0001.500.1982               10 2.52000E+01 1.58000E+02
n-W184-MT051-Guenther-10803012-ang-E0001.500A001.1982            7 2.52000E+01 1.60000E+02
n-W184-MT051-Guenther-10803012-ang-E0001.500A001.1982           10 2.52000E+01 1.58000E+02
n-W184-MT051-Guenther-10803012-ang-E0001.500A002.1982            7 2.52000E+01 1.60000E+02
n-W184-MT051-Guenther-10803012-ang-E0001.700.1982               10 2.03000E+01 1.57000E+02
n-W184-MT051-Guenther-10803012-ang-E0001.700A001.1982           10 2.03000E+01 1.57000E+02
n-W184-MT051-Guenther-10803012-ang-E0001.900.1982               11 2.03000E+01 1.60000E+02
n-W184-MT051-Guenther-10803012-ang-E0001.900A001.1982           11 2.03000E+01 1.60000E+02
n-W184-MT051-Guenther-10803012-ang-E0002.100.1982                8 4.61000E+01 1.63000E+02
n-W184-MT051-Guenther-10803012-ang-E0002.100A001.1982            8 4.61000E+01 1.63000E+02
n-W184-MT051-Guenther-10803012-ang-E0002.500.1982               13 3.27000E+01 1.60000E+02
n-W184-MT051-Guenther-10803012-ang-E0002.500A001.1982           13 3.27000E+01 1.60000E+02
n-W184-MT051-Guenther-10803012-ang-E0002.600.1982                9 3.27000E+01 1.55000E+02
n-W184-MT051-Guenther-10803012-ang-E0002.600A001.1982            9 3.27000E+01 1.55000E+02
n-W184-MT051-Guenther-10803012-ang-E0002.700.1982                8 2.03000E+01 1.47000E+02
n-W184-MT051-Guenther-10803012-ang-E0002.700A001.1982            8 2.03000E+01 1.47000E+02
n-W184-MT051-Guenther-10803012-ang-E0002.800.1982               10 2.03000E+01 1.57000E+02
n-W184-MT051-Guenther-10803012-ang-E0002.800A001.1982           10 2.03000E+01 1.57000E+02
n-W184-MT051-Guenther-10803012-ang-E0003.000.1982               10 3.96000E+01 1.57000E+02
n-W184-MT051-Guenther-10803012-ang-E0003.000A001.1982           10 3.96000E+01 1.57000E+02
n-W184-MT051-Guenther-10803012-ang-E0003.500.1982                7 2.52000E+01 1.57000E+02
n-W184-MT051-Guenther-10803012-ang-E0003.500A001.1982            7 2.52000E+01 1.57000E+02
