#              Filename                                         N    min         max
p-Ca040-MT601-Adams-C0652002-ang-E0800.000.1980                269 4.69999E+00 2.05000E+01
p-Ca040-MT601-Blanpied-C0842003-ang-E0800.000.1988             670 3.69999E+00 3.69999E+00
p-Ca040-MT601-Ejiri-E0795003-ang-E0065.000.1981                 28 9.40003E+00 9.18000E+01
p-Ca040-MT601-Ejiri-E0795004-ang-E0065.000.1981                 13 1.36000E+01 7.81000E+01
p-Ca040-MT601-Ejiri-E0795005-ang-E0065.000.1981                 13 1.36000E+01 8.67000E+01
p-Ca040-MT601-Ejiri-E0795006-ang-E0065.000.1981                 12 1.43000E+01 6.94000E+01
p-Ca040-MT601-Ejiri-E0795007-ang-E0065.000.1981                 30 5.90000E+00 9.11000E+01
p-Ca040-MT601-Ejiri-E0795008-ang-E0065.000.1981                 13 6.20005E+00 6.31000E+01
p-Ca040-MT601-Ejiri-E0795009-ang-E0065.000.1981                 13 7.70001E+00 6.37000E+01
p-Ca040-MT601-Ejiri-E0795010-ang-E0065.000.1981                 14 7.89998E+00 6.92000E+01
p-Ca040-MT601-Ejiri-E0795011-ang-E0065.000.1981                 26 1.01000E+01 7.68000E+01
p-Ca040-MT601-Ejiri-E0795012-ang-E0065.000.1981                  6 6.90001E+00 2.87000E+01
p-Ca040-MT601-Ejiri-E0795013-ang-E0065.000.1981                  6 7.99998E+00 2.91000E+01
p-Ca040-MT601-Ejiri-E0795014-ang-E0065.000.1981                 14 1.40000E+01 8.72000E+01
p-Ca040-MT601-Ejiri-E0795015-ang-E0065.000.1981                 13 1.37000E+01 7.92000E+01
p-Ca040-MT601-Ejiri-E0795016-ang-E0065.000.1981                 14 1.38000E+01 8.78000E+01
p-Ca040-MT601-Horen-C1295002-ang-E0334.000.1984                120 2.00008E+00 8.59999E+00
p-Ca040-MT601-Hosono-E0817002-ang-E0065.000.1982                12 1.47000E+01 6.53000E+01
p-Ca040-MT601-Hosono-E0817003-ang-E0065.000.1982                11 1.76000E+01 7.23000E+01
p-Ca040-MT601-Kelly-C0143004-ang-E0318.300.1991               1098 4.46006E+00 4.09100E+01
p-Ca040-MT601-Mittig-F1012004-ang-E0005.013.1974              1369 9.00000E+01 9.00000E+01
p-Ca040-MT601-Mittig-F1012005-ang-E0005.004.1974               409 1.25000E+02 1.25000E+02
p-Ca040-MT601-Saito-E1237003-ang-E0065.000.1989                 14 9.20003E+00 7.50000E+01
p-Ca040-MT601-Seifert-C0148007-ang-E0201.400.1993              482 5.90000E+00 5.55000E+01
p-Ca040-MT601-Vasilev-F1396002-ang-E0006.600.1962               16 4.69000E+01 1.52700E+02
p-Ca040-MT601-Yamagata-E1134002-ang-E0065.100.1987               8 1.02000E+01 5.38000E+01
p-Ca040-MT601-Yamagata-E1134003-ang-E0065.100.1987               8 1.05000E+01 5.41000E+01
p-Ca040-MT601-Yamagata-E1134004-ang-E0065.100.1987               8 1.09000E+01 5.47000E+01
p-Ca040-MT601-Yamagata-E1134005-ang-E0065.100.1987               8 1.02000E+01 5.41000E+01
p-Ca040-MT601-Yamagata-E1134006-ang-E0065.100.1987               8 9.80000E+00 5.40000E+01
