#              Filename                                         N    min         max
p-Yb174-MT002-Foissel-O1928002-ang-E0011.027.1972                1 9.00000E+01 1.60000E+02
p-Yb174-MT002-Foissel-O1928002-ang-E0011.030.1972                1 9.00000E+01 1.25000E+02
p-Yb174-MT002-Foissel-O1928002-ang-E0011.037.1972                2 9.00000E+01 1.41000E+02
p-Yb174-MT002-Foissel-O1928002-ang-E0011.073.1972                1 9.00000E+01 1.41000E+02
p-Yb174-MT002-Foissel-O1928002-ang-E0011.074.1972                1 1.41000E+02 1.60000E+02
p-Yb174-MT002-Foissel-O1928002-ang-E0011.078.1972                1 1.25000E+02 1.60000E+02
p-Yb174-MT002-Foissel-O1928002-ang-E0011.090.1972                1 9.00000E+01 1.25000E+02
p-Yb174-MT002-Foissel-O1928002-ang-E0011.129.1972                2 9.00000E+01 1.60000E+02
p-Yb174-MT002-Foissel-O1928002-ang-E0011.132.1972                1 1.25000E+02 1.41000E+02
p-Yb174-MT002-Foissel-O1928002-ang-E0011.136.1972                1 9.00000E+01 1.25000E+02
p-Yb174-MT002-Foissel-O1928002-ang-E0011.178.1972                1 9.00000E+01 1.60000E+02
p-Yb174-MT002-Foissel-O1928002-ang-E0011.179.1972                1 1.41000E+02 1.60000E+02
p-Yb174-MT002-Foissel-O1928002-ang-E0011.180.1972                1 1.25000E+02 1.41000E+02
p-Yb174-MT002-Foissel-O1928002-ang-E0011.187.1972                1 1.25000E+02 1.60000E+02
p-Yb174-MT002-Foissel-O1928002-ang-E0011.219.1972                1 1.41000E+02 1.60000E+02
p-Yb174-MT002-Foissel-O1928002-ang-E0011.224.1972                1 9.00000E+01 1.41000E+02
p-Yb174-MT002-Foissel-O1928002-ang-E0011.229.1972                1 9.00000E+01 1.25000E+02
p-Yb174-MT002-Foissel-O1928002-ang-E0011.233.1972                1 9.00000E+01 1.25000E+02
p-Yb174-MT002-Foissel-O1928002-ang-E0011.251.1972                1 9.00000E+01 1.41000E+02
p-Yb174-MT002-Foissel-O1928002-ang-E0011.253.1972                1 1.41000E+02 1.60000E+02
p-Yb174-MT002-Foissel-O1928002-ang-E0011.255.1972                1 1.25000E+02 1.60000E+02
p-Yb174-MT002-Foissel-O1928002-ang-E0011.260.1972                1 9.00000E+01 1.25000E+02
p-Yb174-MT002-Foissel-O1928002-ang-E0011.273.1972                2 9.00000E+01 1.60000E+02
p-Yb174-MT002-Foissel-O1928002-ang-E0011.279.1972                1 1.25000E+02 1.41000E+02
p-Yb174-MT002-Foissel-O1928002-ang-E0011.284.1972                1 1.25000E+02 1.60000E+02
p-Yb174-MT002-Foissel-O1928002-ang-E0011.299.1972                1 1.25000E+02 1.60000E+02
p-Yb174-MT002-Foissel-O1928002-ang-E0011.301.1972                1 9.00000E+01 1.25000E+02
p-Yb174-MT002-Foissel-O1928002-ang-E0011.304.1972                1 9.00000E+01 1.41000E+02
p-Yb174-MT002-Ichihara-E0809018-ang-E0065.000.1984              46 1.11000E+01 7.05000E+01
