#              Filename                                         N    min         max
p-C012-MT051-Anderson-C0441002-E0135.000.1996                   79 1.99792E-01 6.35000E+01
p-C012-MT051-Clough-F0789006-E0030.500.1970                      6 2.39988E+00 6.22000E+01
p-C012-MT051-Clough-F0789006-E0049.500.1970                      5 2.39988E+00 4.05000E+01
p-C012-MT051-Goulding-C2624005-E0061.800.1979                    4 6.99975E-01 2.09000E+01
p-C012-MT051-Goulding-C2624005-E0119.800.1979                    4 6.99975E-01 1.99000E+01
p-C012-MT051-Moake-T0401003-E0144.000.1980                      11 4.00074E-01 1.85000E+01
p-C012-MT051-Ohnuma-E1372002-E0035.000.1987                     16 9.89117E-02 1.43700E+02
p-C012-MT051-Ohnuma-E1372003-E0035.000.1987                     14 2.50006E+00 1.30400E+02
p-C012-MT051-Ohnuma-E1372004-E0035.000.1987                     15 1.99792E-01 1.42400E+02
p-C012-MT051-Ohnuma-E1372005-E0040.000.1987                     15 1.10003E+00 1.39700E+02
p-C012-MT051-Ohnuma-E1372006-E0040.000.1987                     15 2.30002E+00 1.42500E+02
p-C012-MT051-Ohnuma-E1372007-E0040.000.1987                     15 2.59993E+00 1.41400E+02
p-C012-MT051-Rapaport-C0824004-E0492.000.1989                    1 0.00000E+00 0.00000E+00
p-C012-MT051-Rapaport-T0142002-E0120.000.1981                   13 1.99792E-01 2.57000E+01
p-C012-MT051-Rapaport-T0142004-E0200.000.1981                   11 5.99705E-01 3.15000E+01
p-C012-MT051-Sakai-E0781004-E0065.000.1984                       1 0.00000E+00 0.00000E+00
p-C012-MT051-Yang-C1666002-E0186.000.1993                       11 2.90009E+00 4.55000E+01
p-C012-MT051-Yang-C1666007-E0186.000.1993                       11 3.60000E+00 4.57000E+01
p-C012-MT051-Yang-C1666011-E0190.000.1993                       14 1.02000E+01 3.43000E+01
