#              Filename                                         N    min         max
h-O016-MT051-Hahn-C1144002-E0014.500.1996                       67 0.00000E+00 7.93000E+01
h-O016-MT051-Parpottas-C1374002-E0009.900.2005                   1 0.00000E+00 3.00000E+01
h-O016-MT051-Parpottas-C1374002-E0009.900A001.2005               1 0.00000E+00 3.00000E+01
h-O016-MT051-Parpottas-C1374002-E0009.900A002.2005               1 0.00000E+00 3.00000E+01
h-O016-MT051-Parpottas-C1374002-E0009.900A003.2005               1 0.00000E+00 3.00000E+01
h-O016-MT051-Parpottas-C1374002-E0009.900A004.2005               1 0.00000E+00 3.00000E+01
h-O016-MT051-Parpottas-C1374002-E0009.900A005.2005               1 0.00000E+00 3.00000E+01
h-O016-MT051-Parpottas-C1374002-E0010.100.2005                   1 3.00000E+01 6.00000E+01
h-O016-MT051-Parpottas-C1374002-E0010.100A001.2005               1 3.00000E+01 6.00000E+01
h-O016-MT051-Parpottas-C1374002-E0010.100A002.2005               1 3.00000E+01 6.00000E+01
h-O016-MT051-Parpottas-C1374002-E0010.100A003.2005               1 3.00000E+01 6.00000E+01
h-O016-MT051-Parpottas-C1374002-E0010.100A004.2005               1 3.00000E+01 6.00000E+01
h-O016-MT051-Parpottas-C1374002-E0010.100A005.2005               2 3.00000E+01 6.00000E+01
h-O016-MT051-Parpottas-C1374002-E0010.400.2005                   1 0.00000E+00 6.00000E+01
h-O016-MT051-Parpottas-C1374002-E0010.400A001.2005               1 0.00000E+00 6.00000E+01
h-O016-MT051-Parpottas-C1374002-E0010.400A002.2005               1 0.00000E+00 6.00000E+01
h-O016-MT051-Parpottas-C1374002-E0010.400A003.2005               1 0.00000E+00 6.00000E+01
h-O016-MT051-Parpottas-C1374002-E0010.400A004.2005               1 0.00000E+00 6.00000E+01
