#              Filename                                         N    min         max
n-Pb000-MT002-Atkinson-11112016.1961                             1 5.00000E+03 5.00000E+03
n-Pb000-MT002-Atkinson-11112016A001.1961                         1 5.00000E+03 5.00000E+03
n-Pb000-MT002-Ball-11503009.1952                                 1 3.00000E+02 3.00000E+02
n-Pb000-MT002-Bostrom-11341009.1959                              3 3.67000E+00 4.70000E+00
n-Pb000-MT002-Coon-11322022.1958                                 1 1.45000E+01 1.45000E+01
n-Pb000-MT002-Cox-10332130.1972                                  1 1.09800E+00 1.09800E+00
n-Pb000-MT002-Cox-10332130A001.1972                              1 1.09800E+00 1.09800E+00
n-Pb000-MT002-Etemad-20346020.1973                               1 7.00000E+00 7.00000E+00
n-Pb000-MT002-Gorlov-40221033.1965                               1 4.00000E+00 4.00000E+00
n-Pb000-MT002-Holmqvist-20162026.1971                            1 8.05000E+00 8.05000E+00
n-Pb000-MT002-Korzh-40762018.1963                                1 6.50000E-01 6.50000E-01
n-Pb000-MT002-Korzh-40764008.1964                                1 3.00000E-01 3.00000E-01
n-Pb000-MT002-Lovchikova-40787006.1960                           1 2.20000E-01 2.20000E-01
n-Pb000-MT002-Mitchell-14700016.1936                             1 2.53000E-08 2.53000E-08
n-Pb000-MT002-Niklaus-21336005.1966                              1 9.45774E-06 9.45774E-06
n-Pb000-MT002-Niklaus-21336006.1966                              1 9.45774E-06 9.45774E-06
n-Pb000-MT002-Niklaus-21336007.1966                              1 9.45774E-06 9.45774E-06
n-Pb000-MT002-Pasechnik-40683016.1964                            2 5.00000E-01 8.00000E-01
n-Pb000-MT002-Poenitz-23156029.2011                              4 2.24000E+00 4.02000E+00
n-Pb000-MT002-Popov-40367012.1957                                1 2.90000E+00 2.90000E+00
n-Pb000-MT002-Rayburn-11026030.1965                              1 1.44000E-06 1.44000E-06
n-Pb000-MT002-Rayburn-11026030A001.1965                          1 1.44000E-06 1.44000E-06
n-Pb000-MT002-Rhein-12206002.1955                                4 1.00000E+00 1.50000E+01
n-Pb000-MT002-Schmidt-22407005.1996                              7 7.93000E+00 1.42300E+01
n-Pb000-MT002-Schmiedmayer-14025002.1991                        32 1.64000E-07 4.50000E-04
n-Pb000-MT002-Schmiedmayer-22101003.1988                         1 1.75000E-04 1.75000E-04
n-Pb000-MT002-Seth-11788019.1958                                 1 1.02000E-02 1.02000E-02
n-Pb000-MT002-Smith-12039007.1965                               25 3.00000E-01 1.50000E+00
n-Pb000-MT002-Takahashi-22075188.1987                            1 1.41000E+01 1.41000E+01
n-Pb000-MT002-Vanzyl-21374015.1956                               1 1.36000E+02 1.36000E+02
n-Pb000-MT002-Vertebnyj-41280026.1970                            1 2.53000E-08 2.53000E-08
n-Pb000-MT002-Walt-11215050.1955                                 1 4.10000E+00 4.10000E+00
n-Pb000-MT002-Walt-11215050A001.1955                             1 4.10000E+00 4.10000E+00
n-Pb000-MT002-Walt-11637074.1954                                 1 1.00000E+00 1.00000E+00
n-Pb000-MT002-Whitehead-11475005.1953                            1 3.70000E+00 3.70000E+00
