#              Filename                                         N    min         max
n-Br000-MT001-Coon-12524029.1952                                 1 1.41200E+01 1.41200E+01
n-Br000-MT001-Day-11068010.1953                                  3 1.72000E+01 2.00700E+01
n-Br000-MT001-Day-11068010A001.1953                              3 1.72000E+01 2.00700E+01
n-Br000-MT001-Deconninck-20195013.1961                           1 2.84000E+01 2.84000E+01
n-Br000-MT001-Dvorack-11305006.1953                             14 2.21000E+00 2.76500E+00
n-Br000-MT001-Egelstaff-21376002.1950                           54 5.80000E-09 1.08000E-05
n-Br000-MT001-Fosterjr-10047041.1971                           245 2.26200E+00 1.45570E+01
n-Br000-MT001-Fosterjr-10047041A001.1971                       245 2.26200E+00 1.45570E+01
n-Br000-MT001-Garg-11824009.1964                              5973 1.25000E-04 4.00300E-03
n-Br000-MT001-Havensjr-11732006.1951                            43 2.63790E-05 1.31703E+00
n-Br000-MT001-Hildebrand-11039021.1950                           1 4.20000E+01 4.20000E+01
n-Br000-MT001-Hildebrand-11039021A001.1950                       1 4.20000E+01 4.20000E+01
n-Br000-MT001-Kent-11617020.1962                                 1 3.66000E+00 3.66000E+00
n-Br000-MT001-Koester-21842019.1981                              2 1.26000E-06 5.19000E-06
n-Br000-MT001-Leblanc-11833008.1959                            225 2.85000E-05 1.68400E-03
n-Br000-MT001-Nereson-11308013.1954                             30 2.80600E+00 1.31490E+01
n-Br000-MT001-Ruderman-12606002.1951                             1 2.53000E-08 2.53000E-08
n-Br000-MT001-Zucker-11822005.1956                              53 5.80000E-02 3.03000E+00
