#              Filename                                         N    min         max
a-C012-MT801-Adachi-E2635020-ang-E0386.000.2018                 52 3.00014E-01 2.22000E+01
a-C012-MT801-Adachi-E2635029-ang-E0130.000.2018                 17 4.00074E-01 1.36000E+01
a-C012-MT801-Aisina-F0497018-ang-E0029.300.1989                 34 1.34000E+01 4.74000E+01
a-C012-MT801-Aisina-F0497019-ang-E0040.400.1989                 44 1.22000E+01 5.20000E+01
a-C012-MT801-Aisina-F0497019-ang-E0045.400.1989                 36 1.00000E+01 5.23000E+01
a-C012-MT801-Aisina-F0497019-ang-E0050.500.1989                237 1.00000E+01 6.05000E+01
a-C012-MT801-Ames-C1188003-ang-E0010.399.1982                  902 3.00000E+01 3.00000E+01
a-C012-MT801-Ames-C1188035-ang-E0010.399.1982                 1036 4.00000E+01 4.00000E+01
a-C012-MT801-Ames-C1188036-ang-E0010.399.1982                 1029 5.00000E+01 5.00000E+01
a-C012-MT801-Ames-C1188037-ang-E0010.399.1982                  794 5.50000E+01 5.50000E+01
a-C012-MT801-Ames-C1188038-ang-E0010.399.1982                  979 6.00000E+01 6.00000E+01
a-C012-MT801-Ames-C1188039-ang-E0010.399.1982                  740 6.50000E+01 6.50000E+01
a-C012-MT801-Ames-C1188040-ang-E0010.399.1982                 1008 7.00000E+01 7.00000E+01
a-C012-MT801-Ames-C1188041-ang-E0010.399.1982                  934 7.50000E+01 7.50000E+01
a-C012-MT801-Ames-C1188042-ang-E0010.399.1982                 1029 8.50000E+01 8.50000E+01
a-C012-MT801-Ames-C1188043-ang-E0010.399.1982                 1043 9.50000E+01 9.50000E+01
a-C012-MT801-Ames-C1188044-ang-E0010.399.1982                 1039 1.05000E+02 1.05000E+02
a-C012-MT801-Ames-C1188045-ang-E0011.111.1982                  959 1.15000E+02 1.15000E+02
a-C012-MT801-Ames-C1188046-ang-E0010.399.1982                 1041 1.25000E+02 1.25000E+02
a-C012-MT801-Ames-C1188047-ang-E0010.509.1982                 1032 1.35000E+02 1.35000E+02
a-C012-MT801-Ames-C1188048-ang-E0010.459.1982                 1035 1.45000E+02 1.45000E+02
a-C012-MT801-Ames-C1188049-ang-E0010.900.1982                  994 1.55000E+02 1.55000E+02
a-C012-MT801-Ames-C1188050-ang-E0011.563.1982                  922 1.65000E+02 1.65000E+02
a-C012-MT801-Ames-C1188051-ang-E0010.941.1982                  697 1.70000E+02 1.70000E+02
a-C012-MT801-Atneosen-F0929003-ang-E0020.160.1964               56 1.69000E+01 1.69100E+02
a-C012-MT801-Atneosen-F0929003-ang-E0020.460.1964               57 1.38000E+01 1.68700E+02
a-C012-MT801-Atneosen-F0929003-ang-E0020.910.1964               59 1.38000E+01 1.68000E+02
a-C012-MT801-Atneosen-F0929003-ang-E0021.200.1964               57 1.64000E+01 1.67200E+02
a-C012-MT801-Atneosen-F0929003-ang-E0021.620.1964               57 1.64000E+01 1.67100E+02
a-C012-MT801-Atneosen-F0929003-ang-E0021.900.1964               57 1.37000E+01 1.66800E+02
a-C012-MT801-Atneosen-F0929003-ang-E0022.480.1964               57 1.36000E+01 1.64900E+02
a-C012-MT801-Atneosen-F0929003-ang-E0022.730.1964               56 1.36000E+01 1.64600E+02
a-C012-MT801-Burdzik-D0873003-ang-E0032.500.1972                68 5.90000E+00 1.76200E+02
a-C012-MT801-Burtebaev-D0925009-ang-E0050.500.1988             193 1.01000E+01 1.71500E+02
a-C012-MT801-Burymov-F1167002-ang-E0019.300.1981                23 8.30000E+00 1.66000E+02
a-C012-MT801-Burymov-F1167002-ang-E0025.200.1981                43 8.30000E+00 1.69500E+02
a-C012-MT801-Burymov-F1167002-ang-E0027.100.1981                42 1.54000E+01 1.62700E+02
a-C012-MT801-Burymov-F1167002-ang-E0028.500.1981                46 1.41000E+01 1.69700E+02
a-C012-MT801-Burymov-F1167002-ang-E0030.700.1981                39 1.41000E+01 1.70100E+02
a-C012-MT801-Chaumeaux-D0219003-ang-E1370.000.1976             135 3.40001E+00 1.61000E+01
a-C012-MT801-Corelli-T0245004-ang-E0018.000.1959                55 1.05000E+01 1.03000E+02
a-C012-MT801-Eidson-T0265003-ang-E0022.500.1964                 60 2.14500E+01 1.69900E+02
a-C012-MT801-Feofilov-F0867004-ang-E0024.000.1974              178 1.06000E+01 1.70600E+02
a-C012-MT801-Ignatenko-F1464002-ang-E0016.530.1990               2 9.00000E+01 1.40000E+02
a-C012-MT801-Ignatenko-F1464002-ang-E0016.540.1990               1 9.00000E+01 1.30000E+02
a-C012-MT801-Ignatenko-F1464002-ang-E0016.570.1990               1 1.30000E+02 1.63000E+02
a-C012-MT801-Ignatenko-F1464002-ang-E0017.070.1990               1 6.50000E+01 1.63000E+02
a-C012-MT801-Ignatenko-F1464002-ang-E0017.080.1990               1 6.50000E+01 1.10000E+02
a-C012-MT801-Ignatenko-F1464002-ang-E0017.110.1990               1 2.00000E+01 1.10000E+02
a-C012-MT801-Ignatenko-F1464002-ang-E0017.120.1990               1 2.00000E+01 2.50000E+01
a-C012-MT801-Ignatenko-F1464002-ang-E0017.140.1990               2 2.50000E+01 1.20000E+02
a-C012-MT801-Ignatenko-F1464002-ang-E0017.180.1990               1 5.00000E+01 1.50000E+02
a-C012-MT801-Ignatenko-F1464002-ang-E0017.190.1990               1 9.00000E+01 1.50000E+02
a-C012-MT801-Ignatenko-F1464002-ang-E0017.320.1990               1 9.00000E+01 1.00000E+02
a-C012-MT801-Ignatenko-F1464002-ang-E0017.350.1990               1 1.00000E+02 1.40000E+02
a-C012-MT801-Ignatenko-F1464002-ang-E0017.360.1990               1 1.30000E+02 1.40000E+02
a-C012-MT801-Ignatenko-F1464002-ang-E0017.400.1990               1 1.30000E+02 1.63000E+02
a-C012-MT801-Ignatenko-F1464002-ang-E0017.780.1990               1 2.50000E+01 1.63000E+02
a-C012-MT801-Ignatenko-F1464002-ang-E0017.800.1990               3 2.50000E+01 1.10000E+02
a-C012-MT801-Ignatenko-F1464002-ang-E0017.820.1990               1 2.00000E+01 1.10000E+02
a-C012-MT801-Ignatenko-F1464002-ang-E0017.840.1990               2 2.00000E+01 1.20000E+02
a-C012-MT801-Ignatenko-F1464002-ang-E0017.960.1990               2 9.00000E+01 1.50000E+02
a-C012-MT801-Ignatenko-F1464002-ang-E0018.030.1990               1 9.00000E+01 1.40000E+02
a-C012-MT801-Ignatenko-F1464002-ang-E0018.060.1990               1 1.30000E+02 1.40000E+02
a-C012-MT801-Ignatenko-F1464002-ang-E0018.110.1990               1 1.30000E+02 1.63000E+02
a-C012-MT801-Ignatenko-F1464002-ang-E0018.480.1990               1 2.00000E+01 1.63000E+02
a-C012-MT801-Ignatenko-F1464002-ang-E0018.500.1990               1 2.00000E+01 2.50000E+01
a-C012-MT801-Ignatenko-F1464002-ang-E0018.510.1990               2 2.50000E+01 1.10000E+02
a-C012-MT801-Ignatenko-F1464002-ang-E0018.530.1990               1 1.10000E+02 1.20000E+02
a-C012-MT801-Ignatenko-F1464002-ang-E0018.550.1990               1 5.00000E+01 1.20000E+02
a-C012-MT801-Ignatenko-F1464002-ang-E0018.560.1990               1 5.00000E+01 1.50000E+02
a-C012-MT801-Ignatenko-F1464002-ang-E0018.670.1990               1 1.00000E+02 1.50000E+02
a-C012-MT801-Ignatenko-F1464002-ang-E0018.720.1990               1 9.00000E+01 1.00000E+02
a-C012-MT801-Ignatenko-F1464002-ang-E0018.790.1990               1 9.00000E+01 1.40000E+02
a-C012-MT801-Ignatenko-F1464002-ang-E0018.840.1990               1 1.30000E+02 1.40000E+02
a-C012-MT801-Ignatenko-F1464002-ang-E0018.880.1990               1 2.00000E+01 1.30000E+02
a-C012-MT801-Ignatenko-F1464002-ang-E0019.160.1990               2 2.00000E+01 6.50000E+01
a-C012-MT801-Ignatenko-F1464002-ang-E0019.170.1990               1 2.50000E+01 1.63000E+02
a-C012-MT801-Ignatenko-F1464002-ang-E0019.190.1990               1 5.00000E+01 1.63000E+02
a-C012-MT801-Ignatenko-F1464002-ang-E0019.230.1990               1 5.00000E+01 1.20000E+02
a-C012-MT801-Ignatenko-F1464002-ang-E0019.260.1990               1 1.10000E+02 1.20000E+02
a-C012-MT801-Ignatenko-F1464002-ang-E0019.300.1990               1 1.10000E+02 1.50000E+02
a-C012-MT801-Ignatenko-F1464002-ang-E0019.310.1990               1 1.00000E+02 1.50000E+02
a-C012-MT801-Ignatenko-F1464002-ang-E0019.490.1990               1 1.00000E+02 1.40000E+02
a-C012-MT801-Ignatenko-F1464002-ang-E0019.540.1990               1 9.00000E+01 1.40000E+02
a-C012-MT801-Ignatenko-F1464002-ang-E0019.570.1990               1 9.00000E+01 1.30000E+02
a-C012-MT801-Ignatenko-F1464002-ang-E0019.590.1990               1 2.00000E+01 1.30000E+02
a-C012-MT801-Ignatenko-F1464002-ang-E0019.900.1990               2 2.00000E+01 1.63000E+02
a-C012-MT801-Ignatenko-F1464002-ang-E0019.940.1990               1 5.00000E+01 1.20000E+02
a-C012-MT801-Ignatenko-F1464002-ang-E0019.970.1990               1 2.50000E+01 1.20000E+02
a-C012-MT801-Ignatenko-F1464002-ang-E0020.010.1990               2 2.50000E+01 1.10000E+02
a-C012-MT801-Ignatenko-F1464002-ang-E0020.030.1990               1 6.50000E+01 1.50000E+02
a-C012-MT801-Ignatenko-F1464002-ang-E0020.150.1990               1 1.00000E+02 1.50000E+02
a-C012-MT801-Ignatenko-F1464002-ang-E0020.210.1990               1 1.00000E+02 1.40000E+02
a-C012-MT801-Ignatenko-F1464002-ang-E0020.250.1990               1 9.00000E+01 1.40000E+02
a-C012-MT801-Ignatenko-F1464002-ang-E0020.290.1990               2 2.50000E+01 1.30000E+02
a-C012-MT801-Ignatenko-F1464002-ang-E0020.580.1990               1 2.50000E+01 6.50000E+01
a-C012-MT801-Ignatenko-F1464002-ang-E0020.600.1990               1 5.00000E+01 6.50000E+01
a-C012-MT801-Ignatenko-F1464002-ang-E0020.610.1990               1 2.00000E+01 5.00000E+01
a-C012-MT801-Ignatenko-F1464002-ang-E0020.620.1990               1 2.00000E+01 1.10000E+02
a-C012-MT801-Ignatenko-F1464002-ang-E0020.660.1990               1 1.10000E+02 1.63000E+02
a-C012-MT801-Ignatenko-F1464002-ang-E0020.670.1990               1 1.20000E+02 1.63000E+02
a-C012-MT801-Ignatenko-F1464002-ang-E0020.680.1990               1 1.20000E+02 1.50000E+02
a-C012-MT801-Ignatenko-F1464002-ang-E0020.790.1990               1 1.00000E+02 1.50000E+02
a-C012-MT801-Ignatenko-F1464002-ang-E0020.870.1990               1 1.00000E+02 1.40000E+02
a-C012-MT801-Ignatenko-F1464002-ang-E0020.960.1990               1 9.00000E+01 1.40000E+02
a-C012-MT801-Ignatenko-F1464002-ang-E0021.000.1990               2 2.50000E+01 1.30000E+02
a-C012-MT801-Ignatenko-F1464002-ang-E0021.250.1990               1 2.50000E+01 1.63000E+02
a-C012-MT801-Ignatenko-F1464002-ang-E0021.310.1990               1 6.50000E+01 1.63000E+02
a-C012-MT801-Ignatenko-F1464002-ang-E0021.320.1990               1 5.00000E+01 6.50000E+01
a-C012-MT801-Ignatenko-F1464002-ang-E0021.330.1990               1 2.00000E+01 5.00000E+01
a-C012-MT801-Ignatenko-F1464002-ang-E0021.340.1990               1 2.00000E+01 1.10000E+02
a-C012-MT801-Ignatenko-F1464002-ang-E0021.370.1990               1 1.10000E+02 1.20000E+02
a-C012-MT801-Ignatenko-F1464002-ang-E0021.380.1990               1 1.20000E+02 1.50000E+02
a-C012-MT801-Ignatenko-F1464002-ang-E0021.430.1990               1 1.00000E+02 1.50000E+02
a-C012-MT801-Ignatenko-F1464002-ang-E0021.540.1990               1 9.00000E+01 1.00000E+02
a-C012-MT801-Ignatenko-F1464002-ang-E0021.610.1990               1 9.00000E+01 1.40000E+02
a-C012-MT801-Ignatenko-F1464002-ang-E0021.660.1990               1 1.30000E+02 1.40000E+02
a-C012-MT801-Ignatenko-F1464002-ang-E0021.700.1990               1 5.00000E+01 1.30000E+02
a-C012-MT801-Ignatenko-F1464002-ang-E0021.990.1990               1 2.50000E+01 5.00000E+01
a-C012-MT801-Ignatenko-F1464002-ang-E0022.010.1990               1 2.50000E+01 1.10000E+02
a-C012-MT801-Ignatenko-F1464002-ang-E0022.020.1990               2 6.50000E+01 1.63000E+02
a-C012-MT801-Ignatenko-F1464002-ang-E0022.040.1990               1 2.00000E+01 6.50000E+01
a-C012-MT801-Ignatenko-F1464002-ang-E0022.050.1990               1 2.00000E+01 1.20000E+02
a-C012-MT801-Ignatenko-F1464002-ang-E0022.090.1990               1 1.00000E+02 1.20000E+02
a-C012-MT801-Ignatenko-F1464002-ang-E0022.200.1990               2 9.00000E+01 1.50000E+02
a-C012-MT801-Ignatenko-F1464002-ang-E0022.220.1990               1 9.00000E+01 1.40000E+02
a-C012-MT801-Ignatenko-F1464002-ang-E0022.240.1990               1 1.30000E+02 1.40000E+02
a-C012-MT801-Ignatenko-F1464002-ang-E0022.350.1990               1 2.50000E+01 1.30000E+02
a-C012-MT801-Ignatenko-F1464002-ang-E0022.580.1990               1 2.50000E+01 1.63000E+02
a-C012-MT801-Ignatenko-F1464002-ang-E0022.600.1990               1 5.00000E+01 1.63000E+02
a-C012-MT801-Ignatenko-F1464002-ang-E0022.610.1990               1 5.00000E+01 6.50000E+01
a-C012-MT801-Ignatenko-F1464002-ang-E0022.660.1990               2 2.00000E+01 1.10000E+02
a-C012-MT801-Ignatenko-F1464002-ang-E0022.670.1990               2 2.00000E+01 1.50000E+02
a-C012-MT801-Ignatenko-F1464002-ang-E0022.720.1990               1 1.00000E+02 1.50000E+02
a-C012-MT801-Ignatenko-F1464002-ang-E0022.910.1990               1 9.00000E+01 1.00000E+02
a-C012-MT801-Ignatenko-F1464002-ang-E0022.940.1990               1 9.00000E+01 1.40000E+02
a-C012-MT801-Ignatenko-F1464002-ang-E0022.950.1990               1 1.30000E+02 1.40000E+02
a-C012-MT801-Ignatenko-F1464002-ang-E0022.990.1990               1 1.30000E+02 1.63000E+02
a-C012-MT801-Ignatenko-F1464002-ang-E0023.180.1990               1 2.50000E+01 1.63000E+02
a-C012-MT801-Ignatenko-F1464002-ang-E0023.200.1990               1 2.50000E+01 5.00000E+01
a-C012-MT801-Ignatenko-F1464002-ang-E0023.220.1990               2 2.00000E+01 6.50000E+01
a-C012-MT801-Ignatenko-F1464002-ang-E0023.230.1990               1 2.00000E+01 1.10000E+02
a-C012-MT801-Ignatenko-F1464002-ang-E0023.250.1990               1 1.10000E+02 1.20000E+02
a-C012-MT801-Ignatenko-F1464002-ang-E0023.310.1990               1 1.20000E+02 1.50000E+02
a-C012-MT801-Ignatenko-F1464002-ang-E0023.360.1990               1 1.00000E+02 1.50000E+02
a-C012-MT801-Ignatenko-F1464002-ang-E0023.480.1990               1 9.00000E+01 1.00000E+02
a-C012-MT801-Ignatenko-F1464002-ang-E0023.550.1990               1 9.00000E+01 1.30000E+02
a-C012-MT801-Ignatenko-F1464002-ang-E0023.570.1990               1 1.30000E+02 1.40000E+02
a-C012-MT801-Ignatenko-F1464002-ang-E0023.590.1990               1 2.50000E+01 1.40000E+02
a-C012-MT801-Ignatenko-F1464002-ang-E0023.760.1990               1 2.50000E+01 1.63000E+02
a-C012-MT801-Ignatenko-F1464002-ang-E0023.820.1990               1 5.00000E+01 1.63000E+02
a-C012-MT801-Ignatenko-F1464002-ang-E0023.830.1990               3 2.00000E+01 1.10000E+02
a-C012-MT801-Ignatenko-F1464002-ang-E0023.850.1990               1 2.00000E+01 1.20000E+02
a-C012-MT801-Ignatenko-F1464002-ang-E0023.890.1990               1 1.20000E+02 1.50000E+02
a-C012-MT801-Ignatenko-F1464002-ang-E0024.000.1990               1 1.00000E+02 1.50000E+02
a-C012-MT801-Ignatenko-F1464002-ang-E0024.090.1990               1 1.00000E+02 1.40000E+02
a-C012-MT801-Ignatenko-F1464002-ang-E0024.110.1990               1 1.30000E+02 1.40000E+02
a-C012-MT801-Ignatenko-F1464002-ang-E0024.210.1990               1 9.00000E+01 1.30000E+02
a-C012-MT801-Ignatenko-F1464002-ang-E0024.220.1990               1 2.50000E+01 9.00000E+01
a-C012-MT801-Ignatenko-F1464002-ang-E0024.370.1990               1 2.50000E+01 1.63000E+02
a-C012-MT801-Ignatenko-F1464002-ang-E0024.400.1990               1 1.10000E+02 1.63000E+02
a-C012-MT801-Ignatenko-F1464002-ang-E0024.410.1990               1 6.50000E+01 1.10000E+02
a-C012-MT801-Ignatenko-F1464002-ang-E0024.440.1990               1 2.00000E+01 6.50000E+01
a-C012-MT801-Ignatenko-F1464002-ang-E0024.450.1990               2 2.00000E+01 1.20000E+02
a-C012-MT801-Ignatenko-F1464002-ang-E0024.530.1990               1 1.20000E+02 1.50000E+02
a-C012-MT801-Ignatenko-F1464002-ang-E0024.580.1990               1 1.00000E+02 1.50000E+02
a-C012-MT801-Ignatenko-F1464002-ang-E0024.700.1990               1 1.00000E+02 1.40000E+02
a-C012-MT801-Ignatenko-F1464002-ang-E0024.750.1990               1 9.00000E+01 1.40000E+02
a-C012-MT801-Ignatenko-F1464002-ang-E0024.780.1990               1 9.00000E+01 1.30000E+02
a-C012-MT801-Ignatenko-F1464002-ang-E0024.790.1990               1 2.50000E+01 1.30000E+02
a-C012-MT801-Ignatenko-F1464002-ang-E0024.990.1990               1 2.50000E+01 5.00000E+01
a-C012-MT801-Ignatenko-F1464002-ang-E0025.010.1990               1 5.00000E+01 1.63000E+02
a-C012-MT801-Ignatenko-F1464002-ang-E0025.040.1990               1 6.50000E+01 1.63000E+02
a-C012-MT801-Ignatenko-F1464002-ang-E0025.050.1990               2 2.00000E+01 1.10000E+02
a-C012-MT801-Ignatenko-F1464002-ang-E0025.070.1990               1 2.00000E+01 1.50000E+02
a-C012-MT801-Ignatenko-F1464002-ang-E0025.160.1990               2 1.20000E+02 1.50000E+02
a-C012-MT801-Ignatenko-F1464004-ang-E0018.500.1990              34 1.96000E+01 1.71700E+02
a-C012-MT801-Ignatenko-F1464004-ang-E0021.700.1990              25 1.96000E+01 1.66200E+02
a-C012-MT801-Ignatenko-F1464004-ang-E0025.000.1990              42 2.06000E+01 1.64500E+02
a-C012-MT801-Itoh-E2157006-ang-E0386.000.2011                   23 2.10003E+00 1.03000E+01
a-C012-MT801-Itoh-E2157009-ang-E0386.000.2011                   23 6.99975E-01 1.04000E+01
a-C012-MT801-John-C1109003-ang-E0240.000.2003                  350 9.00051E-01 3.76000E+01
a-C012-MT801-Kiss-D0254002-ang-E0172.500.1987                   77 4.40002E+00 4.80000E+01
a-C012-MT801-Mikumo-E1944005-ang-E0028.400.1960                 36 1.55000E+01 1.02700E+02
a-C012-MT801-Mikumo-E1944006-ang-E0031.000.1960                 39 1.54000E+01 1.12400E+02
a-C012-MT801-Mikumo-E1944007-ang-E0033.600.1960                 45 1.54000E+01 1.17100E+02
a-C012-MT801-Mikumo-E1945003-ang-E0027.000.1961                 42 2.06000E+01 1.20100E+02
a-C012-MT801-Mikumo-E1945005-ang-E0029.600.1961                 55 2.14000E+01 1.50400E+02
a-C012-MT801-Mikumo-E1945007-ang-E0029.800.1961                 40 2.06000E+01 1.02500E+02
a-C012-MT801-Mikumo-E1945009-ang-E0030.000.1961                 37 2.06000E+01 9.74000E+01
a-C012-MT801-Mikumo-E1945011-ang-E0030.200.1961                 35 2.06000E+01 1.02500E+02
a-C012-MT801-Mikumo-E1945013-ang-E0031.400.1961                 54 2.31000E+01 1.50600E+02
a-C012-MT801-Mikumo-E1945015-ang-E0034.500.1961                 71 2.16000E+01 1.50300E+02
a-C012-MT801-Mikumo-E1945017-ang-E0035.500.1961                 64 2.56000E+01 1.46500E+02
a-C012-MT801-Morgan-C2083010-ang-E0018.896.1970                342 1.58700E+02 1.58700E+02
a-C012-MT801-Morgan-C2083011-ang-E0018.887.1970                300 1.45900E+02 1.45900E+02
a-C012-MT801-Morgan-C2083012-ang-E0018.898.1970                291 1.26200E+02 1.26200E+02
a-C012-MT801-Morgan-C2083013-ang-E0018.869.1970                218 7.59000E+01 7.59000E+01
a-C012-MT801-Morgan-C2083014-ang-E0018.901.1970                245 1.11700E+02 1.11700E+02
a-C012-MT801-Morgan-C2083015-ang-E0018.884.1970                294 1.29700E+02 1.29700E+02
a-C012-MT801-Morgan-C2083016-ang-E0018.865.1970                290 1.40100E+02 1.40100E+02
a-C012-MT801-Morgan-C2083017-ang-E0018.887.1970                307 1.52100E+02 1.52100E+02
a-C012-MT801-Morgan-C2083026-ang-E0019.240.1970                130 1.48900E+02 1.48900E+02
a-C012-MT801-Morgan-C2083027-ang-E0019.106.1970                135 1.36000E+02 1.36000E+02
a-C012-MT801-Morgan-C2083028-ang-E0019.240.1970                118 1.21300E+02 1.21300E+02
a-C012-MT801-Morgan-C2083029-ang-E0019.216.1970                107 7.15000E+01 7.15000E+01
a-C012-MT801-Morgan-C2083030-ang-E0019.235.1970                111 1.06500E+02 1.06500E+02
a-C012-MT801-Morgan-C2083031-ang-E0019.229.1970                124 1.24900E+02 1.24900E+02
a-C012-MT801-Morgan-C2083032-ang-E0019.231.1970                133 1.42400E+02 1.42400E+02
a-C012-MT801-Morgan-C2083033-ang-E0019.173.1970                137 1.56100E+02 1.56100E+02
a-C012-MT801-Morgan-C2083054-ang-E0020.100.1970                 76 1.52000E+01 1.69400E+02
a-C012-MT801-Morgan-C2083055-ang-E0020.400.1970                 78 1.57000E+01 1.70900E+02
a-C012-MT801-Morgan-C2083056-ang-E0020.700.1970                 78 1.58000E+01 1.72800E+02
a-C012-MT801-Morgan-C2083057-ang-E0021.300.1970                 78 1.54000E+01 1.72100E+02
a-C012-MT801-Morgan-C2083058-ang-E0021.900.1970                 36 1.60000E+01 1.62100E+02
a-C012-MT801-Morgan-C2083059-ang-E0022.300.1970                 35 1.55000E+01 1.61200E+02
a-C012-MT801-Morgan-C2083060-ang-E0022.900.1970                 36 1.52000E+01 1.60100E+02
a-C012-MT801-Morgan-C2083061-ang-E0023.300.1970                 36 1.57000E+01 1.61800E+02
a-C012-MT801-Morgan-C2083062-ang-E0023.900.1970                 36 1.58000E+01 1.61800E+02
a-C012-MT801-Morgan-C2083063-ang-E0024.100.1970                 34 1.49000E+01 1.61800E+02
a-C012-MT801-Morgan-C2083064-ang-E0024.600.1970                 35 1.58000E+01 1.63000E+02
a-C012-MT801-Morgan-C2083065-ang-E0025.700.1970                 35 1.47000E+01 1.61900E+02
a-C012-MT801-Morgan-C2083066-ang-E0026.100.1970                 36 1.44000E+01 1.61900E+02
a-C012-MT801-Nakamura-E2255003-ang-E0028.500.1967               15 4.30002E+00 5.07000E+01
a-C012-MT801-Pavlova-D8017003-ang-E0039.000.1990                16 2.96000E+01 5.92000E+01
a-C012-MT801-Pavlova-F0672005-ang-E0039.000.1976                 8 1.22000E+01 5.33000E+01
a-C012-MT801-Pavlova-F0672005-ang-E0050.500.1976                66 1.22000E+01 5.44000E+01
a-C012-MT801-Smith-C1080003-ang-E0139.000.1973                  93 3.50001E+00 5.81000E+01
a-C012-MT801-Specht-D0885002-ang-E0104.000.1970                212 4.79996E+00 1.74100E+02
a-C012-MT801-Tatischeff-D0217004-ang-E0166.000.1970             49 1.69996E+00 4.83000E+01
a-C012-MT801-Yasue-E1191003-ang-E0065.000.1983                  31 9.49999E+00 1.07000E+02
a-C012-MT801-Youngblood-C1113002-ang-E0240.000.1998             87 2.50006E+00 7.19999E+00
