#              Filename                                         N    min         max
n-Dy162-MT151-Bokhovko-41177029.1991                             2 2.27500E-01 2.27500E-01
n-Dy162-MT151-Kim-315300041.2003                                 1 5.36970E-06 5.36970E-06
n-Dy162-MT151-Kim-315300042.2003                                 1 5.36970E-06 5.36970E-06
n-Dy162-MT151-Kim-315300043.2003                                 1 5.36970E-06 5.36970E-06
n-Dy162-MT151-Kim-315300044.2003                                 1 5.36970E-06 5.36970E-06
n-Dy162-MT151-Kononov-40013003.1967                              1 1.20125E-01 1.20125E-01
n-Dy162-MT151-Liou-105250041.1975                              142 5.45000E-06 1.58140E-02
n-Dy162-MT151-Liou-105250041A001.1975                          142 5.45000E-06 1.58140E-02
n-Dy162-MT151-Liou-105250042.1975                              142 5.45000E-06 1.58140E-02
n-Dy162-MT151-Liou-105250042A001.1975                          142 5.45000E-06 1.58140E-02
n-Dy162-MT151-Liou-105250043.1975                               16 7.11000E-05 1.83530E-03
n-Dy162-MT151-Liou-105250043A001.1975                           16 7.11000E-05 1.83530E-03
n-Dy162-MT151-Liou-105250092.1975                                1 7.90973E-03 7.90973E-03
n-Dy162-MT151-Liou-105250092A001.1975                            1 7.90973E-03 7.90973E-03
n-Dy162-MT151-Liou-10525010.1975                                 1 2.67720E-03 2.67720E-03
n-Dy162-MT151-Liou-10525010A001.1975                             1 2.67720E-03 2.67720E-03
n-Dy162-MT151-Mughabghab-100520051.1970                         14 5.43000E-06 8.61000E-04
n-Dy162-MT151-Mughabghab-100520051A001.1970                     14 5.43000E-06 8.61000E-04
n-Dy162-MT151-Mughabghab-100520052.1970                         14 5.43000E-06 8.61000E-04
n-Dy162-MT151-Mughabghab-100520052A001.1970                     14 5.43000E-06 8.61000E-04
n-Dy162-MT151-Mughabghab-100520053.1970                          2 5.43000E-06 7.07000E-05
n-Dy162-MT151-Mughabghab-100520053A001.1970                      2 5.43000E-06 7.07000E-05
n-Dy162-MT151-Mughabghab-100520192.1970                          1 4.33215E-04 4.33215E-04
n-Dy162-MT151-Mughabghab-100520192A001.1970                      1 4.33215E-04 4.33215E-04
n-Dy162-MT151-Shin-145140041.2017                               15 7.11000E-05 9.51600E-04
n-Dy162-MT151-Shin-145140042.2017                               15 7.11000E-05 9.51600E-04
n-Dy162-MT151-Shin-145140043.2017                               15 7.11000E-05 9.51600E-04
n-Dy162-MT151-Shin-145140044.2017                               15 7.11000E-05 9.51600E-04
n-Dy162-MT151-Shin-234620071.2018                                6 5.40000E-06 2.69600E-04
n-Dy162-MT151-Zimmerman-114380031.1957                           4 5.44000E-06 6.45400E-04
n-Dy162-MT151-Zimmerman-114380032.1957                           1 5.44000E-06 5.44000E-06
n-Dy162-MT151-Zimmerman-114380033.1957                           4 5.44000E-06 6.45400E-04
