#              Filename                                         N    min         max
p-Fe054-MT648-Fujiwara-E1089111-ang-E0065.000.1985               8 6.69999E+00 4.02000E+01
p-Fe054-MT648-Fujiwara-E1089112-ang-E0065.000.1985               7 6.69999E+00 3.57000E+01
p-Fe054-MT648-Fujiwara-E1089113-ang-E0065.000.1985               6 6.60004E+00 3.53000E+01
p-Fe054-MT648-Fujiwara-E1089114-ang-E0065.000.1985              10 7.00003E+00 4.98000E+01
p-Fe054-MT648-Fujiwara-E1089115-ang-E0065.000.1985               5 7.00003E+00 2.40000E+01
p-Fe054-MT648-Fujiwara-E1089116-ang-E0065.000.1985               9 7.10001E+00 3.62000E+01
p-Fe054-MT648-Fujiwara-E1089117-ang-E0065.000.1985              10 6.20005E+00 4.40000E+01
p-Fe054-MT648-Fujiwara-E1089118-ang-E0065.000.1985               5 7.10001E+00 2.05000E+01
p-Fe054-MT648-Fujiwara-E1089122-ang-E0065.000.1985              11 1.17000E+01 6.60000E+01
p-Fe054-MT648-Fujiwara-E1089123-ang-E0065.000.1985               4 1.21000E+01 2.43000E+01
p-Fe054-MT648-Fujiwara-E1089124-ang-E0065.000.1985              10 1.64000E+01 6.51000E+01
p-Fe054-MT648-Fujiwara-E1089125-ang-E0065.000.1985              10 1.14000E+01 5.52000E+01
p-Fe054-MT648-Fujiwara-E1089126-ang-E0065.000.1985              14 7.00003E+00 6.54000E+01
p-Fe054-MT648-Fujiwara-E1089127-ang-E0065.000.1985              13 6.60004E+00 5.52000E+01
p-Fe054-MT648-Fujiwara-E1089131-ang-E0065.000.1985               5 1.10000E+01 2.81000E+01
p-Fe054-MT648-Fujiwara-E1089132-ang-E0065.000.1985              12 1.23000E+01 6.52000E+01
p-Fe054-MT648-Fujiwara-E1089133-ang-E0065.000.1985               7 2.03000E+01 6.03000E+01
p-Fe054-MT648-Fujiwara-E1089134-ang-E0065.000.1985              14 6.40000E+00 6.47000E+01
p-Fe054-MT648-Fujiwara-E1089135-ang-E0065.000.1985              13 6.90001E+00 6.41000E+01
p-Fe054-MT648-Fujiwara-E1089136-ang-E0065.000.1985              14 6.69999E+00 6.48000E+01
p-Fe054-MT648-Fujiwara-E1089137-ang-E0065.000.1985              15 7.40003E+00 6.49000E+01
p-Fe054-MT648-Fujiwara-E1089138-ang-E0065.000.1985               8 7.19999E+00 3.25000E+01
p-Fe054-MT648-Fujiwara-E1089139-ang-E0065.000.1985              11 7.10001E+00 6.00000E+01
p-Fe054-MT648-Fujiwara-E1089140-ang-E0065.000.1985               9 1.17000E+01 6.01000E+01
p-Fe054-MT648-Fujiwara-E1089141-ang-E0065.000.1985              13 6.90001E+00 6.53000E+01
p-Fe054-MT648-Fujiwara-E1089142-ang-E0065.000.1985               8 6.69999E+00 5.90000E+01
p-Fe054-MT648-Fujiwara-E1089143-ang-E0065.000.1985              12 6.79999E+00 6.00000E+01
p-Fe054-MT648-Fujiwara-E1089144-ang-E0065.000.1985              13 7.89998E+00 6.04000E+01
p-Fe054-MT648-Fujiwara-E1089145-ang-E0065.000.1985              12 7.99998E+00 6.45000E+01
p-Fe054-MT648-Fujiwara-E1089146-ang-E0065.000.1985              11 6.90001E+00 5.03000E+01
p-Fe054-MT648-Fujiwara-E1089147-ang-E0065.000.1985              12 7.10001E+00 4.98000E+01
p-Fe054-MT648-Fujiwara-E1089148-ang-E0065.000.1985               8 6.69999E+00 3.21000E+01
p-Fe054-MT648-Fujiwara-E1089149-ang-E0065.000.1985               8 7.30001E+00 3.27000E+01
p-Fe054-MT648-Fujiwara-E1089150-ang-E0065.000.1985              11 6.79999E+00 4.45000E+01
p-Fe054-MT648-Fujiwara-E1089151-ang-E0065.000.1985              11 6.79999E+00 4.52000E+01
p-Fe054-MT648-Fujiwara-E1089152-ang-E0065.000.1985              15 6.69999E+00 6.47000E+01
p-Fe054-MT648-Fujiwara-E1089153-ang-E0065.000.1985              15 6.69999E+00 6.41000E+01
p-Fe054-MT648-Fujiwara-E1089154-ang-E0065.000.1985              15 7.19999E+00 6.54000E+01
p-Fe054-MT648-Fujiwara-E1089163-ang-E0065.000.1985              12 1.23000E+01 6.44000E+01
p-Fe054-MT648-Fujiwara-E1089164-ang-E0065.000.1985              13 6.90001E+00 6.51000E+01
p-Fe054-MT648-Fujiwara-E1089165-ang-E0065.000.1985              15 7.19999E+00 6.52000E+01
p-Fe054-MT648-Fujiwara-E1089166-ang-E0065.000.1985              15 7.30001E+00 6.42000E+01
p-Fe054-MT648-Fujiwara-E1089167-ang-E0065.000.1985              14 7.00003E+00 6.53000E+01
p-Fe054-MT648-Fujiwara-E1089168-ang-E0065.000.1985               8 1.18000E+01 5.45000E+01
p-Fe054-MT648-Fujiwara-E1089169-ang-E0065.000.1985              11 7.19999E+00 5.51000E+01
p-Fe054-MT648-Fujiwara-E1089170-ang-E0065.000.1985              15 7.19999E+00 6.53000E+01
p-Fe054-MT648-Stovall-O0166012-ang-E0039.700.1964               13 1.22000E+01 8.07000E+01
