#              Filename                                         N    min         max
a-C012-MT600-Ames-C1188005-E0014.661.1982                      478 6.00000E+01 6.00000E+01
a-C012-MT600-Ames-C1188006-E0010.971.1982                      256 6.50000E+01 6.50000E+01
a-C012-MT600-Ames-C1188007-E0010.399.1982                      714 7.00000E+01 7.00000E+01
a-C012-MT600-Ames-C1188008-E0010.399.1982                      707 7.50000E+01 7.50000E+01
a-C012-MT600-Ames-C1188009-E0010.399.1982                      992 8.50000E+01 8.50000E+01
a-C012-MT600-Ames-C1188010-E0010.399.1982                      431 9.50000E+01 9.50000E+01
a-C012-MT600-Ames-C1188011-E0010.399.1982                      668 1.05000E+02 1.05000E+02
a-C012-MT600-Ames-C1188012-E0010.399.1982                      659 1.15000E+02 1.15000E+02
a-C012-MT600-Ames-C1188013-E0010.399.1982                      775 1.25000E+02 1.25000E+02
a-C012-MT600-Ames-C1188014-E0011.959.1982                      468 1.35000E+02 1.35000E+02
a-C012-MT600-Ames-C1188015-E0016.488.1982                      162 1.45000E+02 1.45000E+02
a-C012-MT600-Ames-C1188016-E0016.488.1982                       64 1.65000E+02 1.65000E+02
a-C012-MT600-Ames-C1188017-E0016.888.1982                      123 1.70000E+02 1.70000E+02
a-C012-MT600-Atneosen-F0929004-E0020.170.1964                   33 1.36000E+01 1.69700E+02
a-C012-MT600-Atneosen-F0929004-E0020.440.1964                   33 1.36000E+01 1.69800E+02
a-C012-MT600-Atneosen-F0929004-E0020.910.1964                   31 1.46000E+01 1.69200E+02
a-C012-MT600-Atneosen-F0929004-E0021.200.1964                   32 1.58000E+01 1.69800E+02
a-C012-MT600-Atneosen-F0929004-E0021.640.1964                   32 1.58000E+01 1.68100E+02
a-C012-MT600-Atneosen-F0929004-E0021.900.1964                   32 1.57000E+01 1.67700E+02
a-C012-MT600-Atneosen-F0929004-E0022.500.1964                   32 1.57000E+01 1.67100E+02
a-C012-MT600-Atneosen-F0929004-E0022.810.1964                   31 1.60000E+01 1.62900E+02
a-C012-MT600-Brochard-O2026003-E0022.210.1976                   16 1.70100E+02 1.70100E+02
a-C012-MT600-Glenn-T0270002-E0035.500.1971                      45 3.99998E+00 8.22000E+01
a-C012-MT600-Kondo-E2226002-E0020.600.1961                      21 1.51000E+01 1.65900E+02
a-C012-MT600-Kondo-E2226003-E0021.400.1961                      21 1.48000E+01 1.64500E+02
a-C012-MT600-Kondo-E2226004-E0022.200.1961                      20 1.54000E+01 1.66700E+02
a-C012-MT600-Nonaka-E1942005-E0025.000.1959                     19 1.10000E+01 1.69000E+02
a-C012-MT600-Nonaka-E1942006-E0026.200.1959                     25 1.10000E+01 1.69000E+02
a-C012-MT600-Nonaka-E1942007-E0027.200.1959                     28 1.10000E+01 1.69000E+02
a-C012-MT600-Nonaka-E1942008-E0028.100.1959                     29 1.10000E+01 1.69000E+02
a-C012-MT600-Nonaka-E1942009-E0029.200.1959                     29 1.10000E+01 1.69000E+02
a-C012-MT600-Nonaka-E1942010-E0030.500.1959                     19 1.10000E+01 1.69100E+02
a-C012-MT600-Nonaka-E1942011-E0031.200.1959                     23 1.10000E+01 1.69100E+02
a-C012-MT600-Nonaka-E1942012-E0033.600.1959                     19 1.10000E+01 1.69000E+02
a-C012-MT600-Nonaka-E1942013-E0034.600.1959                     20 9.90000E+00 1.65000E+02
a-C012-MT600-Nonaka-E1942014-E0035.000.1959                     21 1.10000E+01 1.69000E+02
a-C012-MT600-Nonaka-E1942015-E0037.100.1959                     21 1.10000E+01 1.69000E+02
a-C012-MT600-Nonaka-E1942016-E0038.600.1959                     21 1.10000E+01 1.69000E+02
a-C012-MT600-Teplov-F1372002-E0015.048.1965                      1 3.79000E+01 9.35000E+01
a-C012-MT600-Teplov-F1372002-E0015.079.1965                      1 7.88000E+01 9.35000E+01
a-C012-MT600-Teplov-F1372002-E0015.371.1965                      1 7.88000E+01 1.25700E+02
a-C012-MT600-Teplov-F1372002-E0015.379.1965                      1 1.09200E+02 1.25700E+02
a-C012-MT600-Teplov-F1372002-E0015.385.1965                      1 3.80000E+01 1.09200E+02
a-C012-MT600-Teplov-F1372002-E0015.432.1965                      1 3.80000E+01 9.36000E+01
a-C012-MT600-Teplov-F1372002-E0015.453.1965                      1 5.11000E+01 9.36000E+01
a-C012-MT600-Teplov-F1372002-E0015.510.1965                      1 5.11000E+01 6.47000E+01
a-C012-MT600-Teplov-F1372002-E0015.527.1965                      1 6.47000E+01 1.09300E+02
a-C012-MT600-Teplov-F1372002-E0015.713.1965                      1 7.89000E+01 1.09300E+02
a-C012-MT600-Teplov-F1372002-E0015.766.1965                      1 7.89000E+01 9.37000E+01
a-C012-MT600-Teplov-F1372002-E0015.843.1965                      1 6.48000E+01 9.37000E+01
a-C012-MT600-Teplov-F1372002-E0015.898.1965                      1 6.48000E+01 1.25900E+02
a-C012-MT600-Teplov-F1372002-E0015.910.1965                      1 3.81000E+01 1.25900E+02
a-C012-MT600-Teplov-F1372002-E0015.956.1965                      1 3.81000E+01 5.12000E+01
a-C012-MT600-Teplov-F1372002-E0016.061.1965                      1 5.12000E+01 1.43300E+02
a-C012-MT600-Teplov-F1372002-E0016.107.1965                      1 7.90000E+01 1.43300E+02
a-C012-MT600-Teplov-F1372002-E0016.161.1965                      1 7.90000E+01 1.09400E+02
a-C012-MT600-Teplov-F1372002-E0016.182.1965                      1 1.09400E+02 1.25900E+02
a-C012-MT600-Teplov-F1372002-E0016.253.1965                      1 9.38000E+01 1.25900E+02
a-C012-MT600-Teplov-F1372002-E0016.271.1965                      1 3.81000E+01 9.38000E+01
a-C012-MT600-Teplov-F1372002-E0016.341.1965                      1 3.81000E+01 6.49000E+01
a-C012-MT600-Teplov-F1372002-E0016.355.1965                      1 5.13000E+01 6.49000E+01
a-C012-MT600-Teplov-F1372002-E0016.419.1965                      1 5.13000E+01 1.43400E+02
a-C012-MT600-Teplov-F1372002-E0016.500.1965                      1 1.09500E+02 1.43400E+02
a-C012-MT600-Teplov-F1372002-E0016.570.1965                      1 1.09500E+02 1.26000E+02
a-C012-MT600-Teplov-F1372002-E0016.578.1965                      1 7.91000E+01 1.26000E+02
a-C012-MT600-Teplov-F1372002-E0016.632.1965                      1 7.91000E+01 9.39000E+01
a-C012-MT600-Teplov-F1372002-E0016.681.1965                      1 3.82000E+01 9.39000E+01
a-C012-MT600-Teplov-F1372002-E0016.721.1965                      1 3.82000E+01 6.50000E+01
a-C012-MT600-Teplov-F1372002-E0016.770.1965                      1 5.14000E+01 6.50000E+01
a-C012-MT600-Teplov-F1372002-E0016.832.1965                      1 5.14000E+01 1.09600E+02
a-C012-MT600-Teplov-F1372002-E0016.937.1965                      1 1.09600E+02 1.43400E+02
a-C012-MT600-Teplov-F1372002-E0017.000.1965                      1 1.26100E+02 1.43400E+02
a-C012-MT600-Teplov-F1372002-E0017.006.1965                      1 9.40000E+01 1.26100E+02
a-C012-MT600-Teplov-F1372002-E0017.087.1965                      1 7.92000E+01 9.40000E+01
a-C012-MT600-Teplov-F1372002-E0017.093.1965                      1 3.82000E+01 7.92000E+01
a-C012-MT600-Teplov-F1372002-E0017.104.1965                      1 3.82000E+01 6.50000E+01
a-C012-MT600-Teplov-F1372002-E0017.184.1965                      1 5.14000E+01 6.50000E+01
a-C012-MT600-Teplov-F1372002-E0017.217.1965                      1 5.14000E+01 1.09700E+02
a-C012-MT600-Teplov-F1372002-E0017.331.1965                      1 1.09700E+02 1.43500E+02
a-C012-MT600-Teplov-F1372002-E0017.348.1965                      1 1.26200E+02 1.43500E+02
a-C012-MT600-Teplov-F1372002-E0017.353.1965                      1 9.41000E+01 1.26200E+02
a-C012-MT600-Teplov-F1372002-E0017.374.1965                      1 7.92000E+01 9.41000E+01
a-C012-MT600-Teplov-F1372002-E0017.458.1965                      1 6.51000E+01 7.92000E+01
a-C012-MT600-Teplov-F1372002-E0017.515.1965                      1 3.83000E+01 6.51000E+01
a-C012-MT600-Teplov-F1372002-E0017.548.1965                      1 3.83000E+01 5.15000E+01
a-C012-MT600-Teplov-F1372002-E0017.630.1965                      1 5.15000E+01 1.09700E+02
a-C012-MT600-Teplov-F1372002-E0017.682.1965                      1 1.09700E+02 1.43500E+02
a-C012-MT600-Teplov-F1372002-E0017.757.1965                      1 1.26200E+02 1.43500E+02
a-C012-MT600-Teplov-F1372002-E0017.825.1965                      1 9.41000E+01 1.26200E+02
a-C012-MT600-Teplov-F1372002-E0017.853.1965                      1 3.83000E+01 9.41000E+01
a-C012-MT600-Teplov-F1372002-E0017.854.1965                      1 3.83000E+01 7.93000E+01
a-C012-MT600-Teplov-F1372002-E0017.857.1965                      1 6.51000E+01 7.93000E+01
a-C012-MT600-Teplov-F1372002-E0017.887.1965                      1 5.15000E+01 6.51000E+01
a-C012-MT600-Teplov-F1372002-E0018.016.1965                      1 5.15000E+01 1.09800E+02
a-C012-MT600-Teplov-F1372002-E0018.093.1965                      1 1.09800E+02 1.26300E+02
a-C012-MT600-Teplov-F1372002-E0018.108.1965                      1 1.26300E+02 1.59800E+02
a-C012-MT600-Teplov-F1372002-E0018.143.1965                      1 1.43600E+02 1.59800E+02
a-C012-MT600-Teplov-F1372002-E0018.145.1965                      1 9.42000E+01 1.43600E+02
a-C012-MT600-Teplov-F1372002-E0018.204.1965                      1 7.94000E+01 9.42000E+01
a-C012-MT600-Teplov-F1372002-E0018.222.1965                      1 6.52000E+01 7.94000E+01
a-C012-MT600-Teplov-F1372002-E0018.260.1965                      1 3.83000E+01 6.52000E+01
a-C012-MT600-Teplov-F1372002-E0018.295.1965                      1 2.54000E+01 3.83000E+01
a-C012-MT600-Teplov-F1372002-E0018.300.1965                      1 2.54000E+01 1.26300E+02
a-C012-MT600-Teplov-F1372002-E0018.310.1965                      1 5.16000E+01 1.26300E+02
a-C012-MT600-Teplov-F1372002-E0018.319.1965                      1 5.16000E+01 1.43600E+02
a-C012-MT600-Teplov-F1372002-E0018.450.1965                      1 1.09900E+02 1.43600E+02
a-C012-MT600-Teplov-F1372002-E0018.462.1965                      1 1.09900E+02 1.26300E+02
a-C012-MT600-Teplov-F1372002-E0018.513.1965                      1 1.26300E+02 1.59800E+02
a-C012-MT600-Teplov-F1372002-E0018.524.1965                      1 9.43000E+01 1.59800E+02
a-C012-MT600-Teplov-F1372002-E0018.553.1965                      1 7.94000E+01 9.43000E+01
a-C012-MT600-Teplov-F1372002-E0018.586.1965                      1 6.52000E+01 7.94000E+01
a-C012-MT600-Teplov-F1372002-E0018.591.1965                      1 2.54000E+01 6.52000E+01
a-C012-MT600-Teplov-F1372002-E0018.659.1965                      1 2.54000E+01 5.16000E+01
a-C012-MT600-Teplov-F1372002-E0018.732.1965                      1 5.16000E+01 1.43700E+02
a-C012-MT600-Teplov-F1372002-E0018.777.1965                      1 1.09900E+02 1.43700E+02
a-C012-MT600-Teplov-F1372002-E0018.792.1965                      1 1.09900E+02 1.59800E+02
a-C012-MT600-Teplov-F1372002-E0018.822.1965                      1 9.43000E+01 1.59800E+02
a-C012-MT600-Teplov-F1372002-E0018.881.1965                      1 9.43000E+01 1.26400E+02
a-C012-MT600-Teplov-F1372002-E0018.882.1965                      1 2.54000E+01 1.26400E+02
a-C012-MT600-Teplov-F1372002-E0018.990.1965                      1 2.54000E+01 6.53000E+01
a-C012-MT600-Teplov-F1372002-E0019.005.1965                      1 3.84000E+01 6.53000E+01
a-C012-MT600-Teplov-F1372002-E0019.040.1965                      1 3.84000E+01 5.16000E+01
a-C012-MT600-Teplov-F1372002-E0019.063.1965                      1 5.16000E+01 1.10000E+02
a-C012-MT600-Teplov-F1372002-E0019.143.1965                      1 7.95000E+01 1.10000E+02
a-C012-MT600-Teplov-F1372002-E0019.147.1965                      1 7.95000E+01 1.43700E+02
a-C012-MT600-Teplov-F1372002-E0019.186.1965                      1 1.43700E+02 1.59800E+02
a-C012-MT600-Teplov-F1372002-E0019.203.1965                      1 1.26400E+02 1.59800E+02
a-C012-MT600-Teplov-F1372002-E0019.250.1965                      1 7.95000E+01 1.26400E+02
a-C012-MT600-Teplov-F1372002-E0019.313.1965                      1 7.95000E+01 9.44000E+01
a-C012-MT600-Teplov-F1372002-E0019.334.1965                      1 3.84000E+01 9.44000E+01
a-C012-MT600-Teplov-F1372002-E0019.370.1965                      1 2.55000E+01 3.84000E+01
a-C012-MT600-Teplov-F1372002-E0019.403.1965                      1 2.55000E+01 6.53000E+01
a-C012-MT600-Teplov-F1372002-E0019.419.1965                      1 6.53000E+01 1.43700E+02
a-C012-MT600-Teplov-F1372002-E0019.452.1965                      1 1.10000E+02 1.43700E+02
a-C012-MT600-Teplov-F1372002-E0019.471.1965                      1 5.17000E+01 1.10000E+02
a-C012-MT600-Teplov-F1372002-E0019.476.1965                      1 5.17000E+01 7.96000E+01
a-C012-MT600-Teplov-F1372002-E0019.511.1965                      1 7.96000E+01 1.26500E+02
a-C012-MT600-Teplov-F1372002-E0019.559.1965                      1 1.26500E+02 1.59900E+02
a-C012-MT600-Teplov-F1372002-E0019.583.1965                      1 9.44000E+01 1.59900E+02
a-C012-MT600-Teplov-F1372002-E0019.660.1965                      1 7.96000E+01 9.44000E+01
a-C012-MT600-Teplov-F1372002-E0019.674.1965                      1 6.54000E+01 7.96000E+01
a-C012-MT600-Teplov-F1372002-E0019.709.1965                      1 3.84000E+01 6.54000E+01
a-C012-MT600-Teplov-F1372002-E0019.727.1965                      1 2.55000E+01 3.84000E+01
a-C012-MT600-Teplov-F1372002-E0019.731.1965                      1 2.55000E+01 1.10100E+02
a-C012-MT600-Teplov-F1372002-E0019.840.1965                      1 7.96000E+01 1.10100E+02
a-C012-MT600-Teplov-F1372002-E0019.869.1965                      1 7.96000E+01 1.26500E+02
a-C012-MT600-Teplov-F1372002-E0019.884.1965                      2 5.17000E+01 1.43800E+02
a-C012-MT600-Teplov-F1372002-E0019.889.1965                      1 5.17000E+01 7.96000E+01
a-C012-MT600-Teplov-F1372002-E0019.967.1965                      2 3.85000E+01 9.45000E+01
a-C012-MT600-Teplov-F1372002-E0020.029.1965                      1 2.55000E+01 3.85000E+01
a-C012-MT600-Teplov-F1372002-E0020.061.1965                      1 2.55000E+01 7.96000E+01
a-C012-MT600-Teplov-F1372002-E0020.132.1965                      1 5.17000E+01 7.96000E+01
a-C012-MT600-Teplov-F1372002-E0020.164.1965                      1 5.17000E+01 1.10100E+02
a-C012-MT600-Teplov-F1372002-E0020.231.1965                      1 9.45000E+01 1.10100E+02
a-C012-MT600-Teplov-F1372002-E0020.276.1965                      1 9.45000E+01 1.26600E+02
a-C012-MT600-Teplov-F1372002-E0020.291.1965                      1 1.26600E+02 1.59900E+02
a-C012-MT600-Teplov-F1372002-E0020.293.1965                      1 3.85000E+01 1.59900E+02
a-C012-MT600-Teplov-F1372002-E0020.331.1965                      1 3.85000E+01 6.55000E+01
a-C012-MT600-Teplov-F1372002-E0020.370.1965                      1 2.55000E+01 6.55000E+01
a-C012-MT600-Teplov-F1372002-E0020.419.1965                      1 2.55000E+01 5.18000E+01
a-C012-MT600-Teplov-F1372002-E0020.494.1965                      1 5.18000E+01 7.97000E+01
a-C012-MT600-Teplov-F1372002-E0020.499.1965                      1 7.97000E+01 1.10200E+02
a-C012-MT600-Teplov-F1372002-E0020.539.1965                      1 1.10200E+02 1.43800E+02
a-C012-MT600-Teplov-F1372002-E0020.542.1965                      1 1.26600E+02 1.43800E+02
a-C012-MT600-Teplov-F1372002-E0020.619.1965                      1 1.26600E+02 1.59900E+02
a-C012-MT600-Teplov-F1372002-E0020.621.1965                      1 9.46000E+01 1.59900E+02
a-C012-MT600-Teplov-F1372002-E0020.667.1965                      1 6.55000E+01 9.46000E+01
a-C012-MT600-Teplov-F1372002-E0020.743.1965                      1 3.85000E+01 6.55000E+01
a-C012-MT600-Teplov-F1372002-E0020.770.1965                      1 3.85000E+01 5.18000E+01
a-C012-MT600-Teplov-F1372002-E0020.797.1965                      1 2.55000E+01 5.18000E+01
a-C012-MT600-Teplov-F1372002-E0020.804.1965                      1 2.55000E+01 7.97000E+01
a-C012-MT600-Teplov-F1372002-E0020.863.1965                      1 7.97000E+01 1.10200E+02
a-C012-MT600-Teplov-F1372002-E0020.888.1965                      1 1.10200E+02 1.43900E+02
a-C012-MT600-Teplov-F1372002-E0020.930.1965                      1 1.43900E+02 1.59900E+02
a-C012-MT600-Teplov-F1372002-E0020.947.1965                      1 1.26600E+02 1.59900E+02
a-C012-MT600-Teplov-F1372002-E0020.965.1965                      1 9.46000E+01 1.26600E+02
a-C012-MT600-Teplov-F1372002-E0021.078.1965                      1 6.55000E+01 9.46000E+01
a-C012-MT600-Teplov-F1372002-E0021.115.1965                      1 3.85000E+01 6.55000E+01
a-C012-MT600-Teplov-F1372002-E0021.129.1965                      1 2.55000E+01 3.85000E+01
a-C012-MT600-Teplov-F1372002-E0021.136.1965                      1 2.55000E+01 5.18000E+01
a-C012-MT600-Teplov-F1372002-E0021.155.1965                      1 5.18000E+01 1.43900E+02
a-C012-MT600-Teplov-F1372002-E0021.173.1965                      1 1.26700E+02 1.43900E+02
a-C012-MT600-Teplov-F1372002-E0021.230.1965                      1 1.10300E+02 1.26700E+02
a-C012-MT600-Teplov-F1372002-E0021.258.1965                      1 7.98000E+01 1.10300E+02
a-C012-MT600-Teplov-F1372002-E0021.262.1965                      1 7.98000E+01 1.60000E+02
a-C012-MT600-Teplov-F1372002-E0021.273.1965                      1 9.46000E+01 1.60000E+02
a-C012-MT600-Teplov-F1372002-E0021.367.1965                      1 2.55000E+01 9.46000E+01
a-C012-MT600-Teplov-F1372002-E0021.439.1965                      1 1.61000E+01 2.55000E+01
a-C012-MT600-Teplov-F1372002-E0021.444.1965                      1 1.61000E+01 3.86000E+01
a-C012-MT600-Teplov-F1372002-E0021.461.1965                      1 3.86000E+01 6.56000E+01
a-C012-MT600-Teplov-F1372002-E0021.488.1965                      1 6.56000E+01 1.10300E+02
a-C012-MT600-Teplov-F1372002-E0021.506.1965                      1 5.19000E+01 1.10300E+02
a-C012-MT600-Teplov-F1372002-E0021.513.1965                      1 5.19000E+01 1.43900E+02
a-C012-MT600-Teplov-F1372002-E0021.538.1965                      1 7.98000E+01 1.43900E+02
a-C012-MT600-Teplov-F1372002-E0021.561.1965                      1 7.98000E+01 1.26700E+02
a-C012-MT600-Teplov-F1372002-E0021.576.1965                      1 1.10300E+02 1.26700E+02
a-C012-MT600-Teplov-F1372002-E0021.650.1965                      1 9.47000E+01 1.10300E+02
a-C012-MT600-Teplov-F1372002-E0021.678.1965                      1 9.47000E+01 1.60000E+02
a-C012-MT600-Teplov-F1372002-E0021.679.1965                      1 2.56000E+01 1.60000E+02
a-C012-MT600-Teplov-F1372002-E0021.769.1965                      1 2.56000E+01 3.86000E+01
a-C012-MT600-Teplov-F1372002-E0021.791.1965                      1 1.61000E+01 3.86000E+01
a-C012-MT600-Teplov-F1372002-E0021.829.1965                      1 1.61000E+01 6.56000E+01
a-C012-MT600-Teplov-F1372002-E0021.860.1965                      1 5.19000E+01 6.56000E+01
a-C012-MT600-Teplov-F1372002-E0021.871.1965                      1 5.19000E+01 1.10300E+02
a-C012-MT600-Teplov-F1372002-E0021.898.1965                      1 7.98000E+01 1.10300E+02
a-C012-MT600-Teplov-F1372002-E0021.926.1965                      1 7.98000E+01 1.43900E+02
a-C012-MT600-Teplov-F1372002-E0021.933.1965                      1 1.26700E+02 1.43900E+02
a-C012-MT600-Teplov-F1372002-E0021.968.1965                      1 9.47000E+01 1.26700E+02
a-C012-MT600-Teplov-F1372002-E0022.007.1965                      1 9.47000E+01 1.60000E+02
a-C012-MT600-Teplov-F1372002-E0022.035.1965                      1 3.86000E+01 1.60000E+02
a-C012-MT600-Teplov-F1372002-E0022.092.1965                      1 3.86000E+01 6.56000E+01
a-C012-MT600-Teplov-F1372002-E0022.108.1965                      1 1.61000E+01 6.56000E+01
a-C012-MT600-Teplov-F1372002-E0022.132.1965                      1 1.61000E+01 2.56000E+01
a-C012-MT600-Teplov-F1372002-E0022.182.1965                      1 2.56000E+01 5.19000E+01
a-C012-MT600-Teplov-F1372002-E0022.201.1965                      1 5.19000E+01 1.10400E+02
a-C012-MT600-Teplov-F1372002-E0022.206.1965                      1 7.99000E+01 1.10400E+02
a-C012-MT600-Teplov-F1372002-E0022.256.1965                      1 7.99000E+01 1.44000E+02
a-C012-MT600-Teplov-F1372002-E0022.265.1965                      1 1.26800E+02 1.44000E+02
a-C012-MT600-Teplov-F1372002-E0022.275.1965                      1 9.47000E+01 1.26800E+02
a-C012-MT600-Teplov-F1372002-E0022.294.1965                      1 9.47000E+01 1.60000E+02
a-C012-MT600-Teplov-F1372002-E0022.309.1965                      1 2.56000E+01 1.60000E+02
a-C012-MT600-Teplov-F1372002-E0022.401.1965                      1 2.56000E+01 3.86000E+01
a-C012-MT600-Teplov-F1372002-E0022.421.1965                      2 1.62000E+01 5.19000E+01
a-C012-MT600-Teplov-F1372002-E0022.463.1965                      1 1.62000E+01 1.10400E+02
a-C012-MT600-Teplov-F1372002-E0022.493.1965                      1 6.57000E+01 1.10400E+02
a-C012-MT600-Teplov-F1372002-E0022.522.1965                      1 6.57000E+01 7.99000E+01
a-C012-MT600-Teplov-F1372002-E0022.555.1965                      1 7.99000E+01 1.26800E+02
a-C012-MT600-Teplov-F1372002-E0022.581.1965                      1 1.26800E+02 1.44000E+02
a-C012-MT600-Teplov-F1372002-E0022.595.1965                      1 1.44000E+02 1.60000E+02
a-C012-MT600-Teplov-F1372002-E0022.610.1965                      1 9.48000E+01 1.60000E+02
a-C012-MT600-Teplov-F1372002-E0022.622.1965                      1 2.56000E+01 9.48000E+01
a-C012-MT600-Teplov-F1372002-E0022.731.1965                      1 1.62000E+01 2.56000E+01
a-C012-MT600-Teplov-F1372002-E0022.737.1965                      1 1.62000E+01 3.86000E+01
a-C012-MT600-Teplov-F1372002-E0022.779.1965                      1 3.86000E+01 6.57000E+01
a-C012-MT600-Teplov-F1372002-E0022.813.1965                      1 5.20000E+01 6.57000E+01
a-C012-MT600-Teplov-F1372002-E0022.834.1965                      1 5.20000E+01 1.10400E+02
a-C012-MT600-Teplov-F1372002-E0022.863.1965                      1 1.10400E+02 1.26800E+02
a-C012-MT600-Teplov-F1372002-E0022.887.1965                      1 1.26800E+02 1.44000E+02
a-C012-MT600-Teplov-F1372002-E0022.902.1965                      1 7.99000E+01 1.44000E+02
a-C012-MT600-Teplov-F1372002-E0022.920.1965                      1 7.99000E+01 1.60000E+02
a-C012-MT600-Teplov-F1372002-E0022.936.1965                      1 9.48000E+01 1.60000E+02
a-C012-MT600-Teplov-F1372002-E0022.992.1965                      1 3.86000E+01 9.48000E+01
a-C012-MT600-Teplov-F1372002-E0023.028.1965                      1 1.62000E+01 3.86000E+01
a-C012-MT600-Teplov-F1372002-E0023.066.1965                      1 1.62000E+01 2.56000E+01
a-C012-MT600-Teplov-F1372002-E0023.089.1965                      1 2.56000E+01 6.57000E+01
a-C012-MT600-Teplov-F1372002-E0023.103.1965                      1 5.20000E+01 6.57000E+01
a-C012-MT600-Teplov-F1372002-E0023.110.1965                      1 5.20000E+01 1.10400E+02
a-C012-MT600-Teplov-F1372002-E0023.129.1965                      1 1.10400E+02 1.26800E+02
a-C012-MT600-Teplov-F1372002-E0023.172.1965                      1 1.26800E+02 1.44000E+02
a-C012-MT600-Teplov-F1372002-E0023.209.1965                      1 1.44000E+02 1.60000E+02
a-C012-MT600-Teplov-F1372002-E0023.235.1965                      1 8.00000E+01 1.60000E+02
a-C012-MT600-Teplov-F1372002-E0023.285.1965                      1 8.00000E+01 9.48000E+01
a-C012-MT600-Teplov-F1372002-E0023.341.1965                      1 3.87000E+01 9.48000E+01
a-C012-MT600-Teplov-F1372002-E0023.359.1965                      1 2.56000E+01 3.87000E+01
a-C012-MT600-Teplov-F1372002-E0023.420.1965                      1 1.62000E+01 2.56000E+01
a-C012-MT600-Teplov-F1372002-E0023.425.1965                      1 1.62000E+01 6.57000E+01
a-C012-MT600-Teplov-F1372002-E0023.434.1965                      1 5.20000E+01 6.57000E+01
a-C012-MT600-Teplov-F1372002-E0023.496.1965                      1 5.20000E+01 1.10500E+02
a-C012-MT600-Teplov-F1372002-E0023.499.1965                      1 1.10500E+02 1.44000E+02
a-C012-MT600-Teplov-F1372002-E0023.535.1965                      1 1.26900E+02 1.44000E+02
a-C012-MT600-Teplov-F1372002-E0023.539.1965                      1 8.00000E+01 1.26900E+02
a-C012-MT600-Teplov-F1372002-E0023.551.1965                      1 8.00000E+01 1.60000E+02
a-C012-MT600-Teplov-F1372002-E0023.589.1965                      1 9.49000E+01 1.60000E+02
a-C012-MT600-Teplov-F1372002-E0023.629.1965                      1 3.87000E+01 9.49000E+01
a-C012-MT600-Teplov-F1372002-E0023.635.1965                      1 2.56000E+01 3.87000E+01
a-C012-MT600-Teplov-F1372002-E0023.724.1965                      2 1.62000E+01 6.57000E+01
a-C012-MT600-Teplov-F1372002-E0023.727.1965                      1 1.62000E+01 5.20000E+01
a-C012-MT600-Teplov-F1372002-E0023.771.1965                      1 5.20000E+01 1.10500E+02
a-C012-MT600-Teplov-F1372002-E0023.786.1965                      1 1.10500E+02 1.44100E+02
a-C012-MT600-Teplov-F1372002-E0023.821.1965                      1 1.26900E+02 1.44100E+02
a-C012-MT600-Teplov-F1372002-E0023.824.1965                      1 1.26900E+02 1.60100E+02
a-C012-MT600-Teplov-F1372002-E0023.834.1965                      1 8.00000E+01 1.60100E+02
a-C012-MT600-Teplov-F1372002-E0023.850.1965                      1 8.00000E+01 9.49000E+01
a-C012-MT600-Teplov-F1372002-E0023.916.1965                      1 3.87000E+01 9.49000E+01
a-C012-MT600-Teplov-F1372002-E0023.994.1965                      1 2.56000E+01 3.87000E+01
a-C012-MT600-Teplov-F1372002-E0024.000.1965                      1 1.62000E+01 2.56000E+01
a-C012-MT600-Teplov-F1372002-E0024.002.1965                      1 1.62000E+01 6.58000E+01
a-C012-MT600-Teplov-F1372002-E0024.056.1965                      1 5.20000E+01 6.58000E+01
a-C012-MT600-Teplov-F1372002-E0024.074.1965                      2 5.20000E+01 1.10500E+02
a-C012-MT600-Teplov-F1372002-E0024.181.1965                      1 8.00000E+01 1.60100E+02
a-C012-MT600-Teplov-F1372002-E0024.188.1965                      1 1.26900E+02 1.60100E+02
a-C012-MT600-Teplov-F1372002-E0024.190.1965                      1 9.49000E+01 1.26900E+02
a-C012-MT600-Teplov-F1372002-E0024.203.1965                      1 9.49000E+01 1.44100E+02
a-C012-MT600-Teplov-F1372002-E0024.210.1965                      1 1.62000E+01 1.44100E+02
a-C012-MT600-Teplov-F1372002-E0024.251.1965                      1 1.62000E+01 2.56000E+01
a-C012-MT600-Teplov-F1372002-E0024.303.1965                      1 2.56000E+01 6.58000E+01
a-C012-MT600-Teplov-F1372002-E0024.304.1965                      1 3.87000E+01 6.58000E+01
a-C012-MT600-Teplov-F1372002-E0024.325.1965                      1 3.87000E+01 5.20000E+01
a-C012-MT600-Teplov-F1372002-E0024.377.1965                      1 5.20000E+01 1.60100E+02
a-C012-MT600-Teplov-F1372002-E0024.432.1965                      1 8.01000E+01 1.60100E+02
a-C012-MT600-Teplov-F1372002-E0024.445.1965                      1 8.01000E+01 1.44100E+02
a-C012-MT600-Teplov-F1372002-E0024.454.1965                      1 1.10600E+02 1.44100E+02
a-C012-MT600-Teplov-F1372002-E0024.485.1965                      1 1.10600E+02 1.27000E+02
a-C012-MT600-Teplov-F1372002-E0024.557.1965                      1 2.57000E+01 1.27000E+02
a-C012-MT600-Teplov-F1372002-E0024.578.1965                      1 2.57000E+01 9.49000E+01
a-C012-MT600-Teplov-F1372002-E0024.593.1965                      1 1.62000E+01 9.49000E+01
a-C012-MT600-Teplov-F1372002-E0024.610.1965                      1 1.62000E+01 3.87000E+01
a-C012-MT600-Teplov-F1372002-E0024.628.1965                      1 3.87000E+01 6.58000E+01
a-C012-MT600-Teplov-F1372002-E0024.677.1965                      1 6.58000E+01 1.44100E+02
a-C012-MT600-Teplov-F1372002-E0024.719.1965                      1 5.21000E+01 1.44100E+02
a-C012-MT600-Teplov-F1372002-E0024.736.1965                      1 5.21000E+01 1.10600E+02
a-C012-MT600-Teplov-F1372002-E0024.751.1965                      1 8.01000E+01 1.10600E+02
a-C012-MT600-Teplov-F1372002-E0024.776.1965                      1 8.01000E+01 1.27000E+02
a-C012-MT600-Teplov-F1372002-E0024.781.1965                      1 1.27000E+02 1.60100E+02
a-C012-MT600-Teplov-F1372002-E0024.786.1965                      1 9.50000E+01 1.60100E+02
a-C012-MT600-Teplov-F1372002-E0024.859.1965                      1 3.87000E+01 9.50000E+01
a-C012-MT600-Teplov-F1372002-E0024.902.1965                      1 2.57000E+01 3.87000E+01
a-C012-MT600-Teplov-F1372002-E0024.963.1965                      1 1.62000E+01 2.57000E+01
a-C012-MT600-Teplov-F1372002-E0024.968.1965                      1 1.62000E+01 1.44100E+02
a-C012-MT600-Teplov-F1372002-E0024.984.1965                      1 1.10600E+02 1.44100E+02
a-C012-MT600-Teplov-F1372002-E0024.997.1965                      1 1.10600E+02 1.60100E+02
a-C012-MT600-Teplov-F1372002-E0025.004.1965                      1 6.58000E+01 1.60100E+02
a-C012-MT600-Teplov-F1372002-E0025.008.1965                      1 5.21000E+01 6.58000E+01
a-C012-MT600-Teplov-F1372002-E0025.011.1965                      1 5.21000E+01 8.01000E+01
a-C012-MT600-Teplov-F1372002-E0025.041.1965                      1 8.01000E+01 1.27000E+02
a-C012-MT600-Teplov-F1372002-E0025.045.1965                      1 3.87000E+01 1.27000E+02
a-C012-MT600-Teplov-F1372002-E0025.150.1965                      1 3.87000E+01 9.50000E+01
a-C012-MT600-Teplov-F1372002-E0025.167.1965                      1 2.57000E+01 9.50000E+01
a-C012-MT600-Teplov-F1372002-E0025.184.1965                      1 1.62000E+01 2.57000E+01
a-C012-MT600-Teplov-F1372002-E0025.215.1965                      1 1.62000E+01 5.21000E+01
a-C012-MT600-Teplov-F1372002-E0025.231.1965                      1 5.21000E+01 6.58000E+01
a-C012-MT600-Teplov-F1372002-E0025.257.1965                      1 6.58000E+01 1.10600E+02
a-C012-MT600-Teplov-F1372002-E0025.346.1965                      1 1.10600E+02 1.44100E+02
a-C012-MT600-Teplov-F1372002-E0025.352.1965                      1 1.27000E+02 1.44100E+02
a-C012-MT600-Teplov-F1372002-E0025.371.1965                      1 8.01000E+01 1.27000E+02
a-C012-MT600-Teplov-F1372002-E0025.372.1965                      1 3.87000E+01 8.01000E+01
a-C012-MT600-Teplov-F1372002-E0025.452.1965                      1 3.87000E+01 9.50000E+01
a-C012-MT600-Teplov-F1372002-E0025.454.1965                      1 1.62000E+01 9.50000E+01
a-C012-MT600-Teplov-F1372002-E0025.490.1965                      1 1.62000E+01 1.60100E+02
a-C012-MT600-Teplov-F1372002-E0025.494.1965                      1 6.59000E+01 1.60100E+02
a-C012-MT600-Teplov-F1372002-E0025.505.1965                      1 5.21000E+01 6.59000E+01
a-C012-MT600-Teplov-F1372002-E0025.506.1965                      1 2.57000E+01 5.21000E+01
a-C012-MT600-Teplov-F1372002-E0025.514.1965                      1 2.57000E+01 1.10600E+02
a-C012-MT600-Teplov-F1372002-E0025.612.1965                      1 1.10600E+02 1.44200E+02
a-C012-MT600-Teplov-F1372002-E0025.659.1965                      1 8.01000E+01 1.44200E+02
a-C012-MT600-Teplov-F1372002-E0025.669.1965                      1 8.01000E+01 9.50000E+01
a-C012-MT600-Teplov-F1372002-E0025.679.1965                      1 9.50000E+01 1.60100E+02
a-C012-MT600-Teplov-F1372002-E0025.684.1965                      1 1.27000E+02 1.60100E+02
a-C012-MT600-Teplov-F1372002-E0025.696.1965                      1 1.62000E+01 1.27000E+02
a-C012-MT600-Teplov-F1372002-E0025.793.1965                      1 1.62000E+01 3.88000E+01
a-C012-MT600-Teplov-F1372002-E0025.811.1965                      1 2.57000E+01 3.88000E+01
a-C012-MT600-Teplov-F1372002-E0025.817.1965                      1 2.57000E+01 6.59000E+01
a-C012-MT600-Teplov-F1372002-E0025.836.1965                      1 5.21000E+01 6.59000E+01
a-C012-MT600-Teplov-F1372002-E0025.892.1965                      1 5.21000E+01 1.10700E+02
a-C012-MT600-Teplov-F1372002-E0025.921.1965                      1 1.10700E+02 1.27000E+02
a-C012-MT600-Teplov-F1372002-E0025.982.1965                      1 1.27000E+02 1.60100E+02
a-C012-MT600-Teplov-F1372002-E0025.983.1965                      1 1.44200E+02 1.60100E+02
a-C012-MT600-Teplov-F1372002-E0025.987.1965                      1 9.50000E+01 1.44200E+02
a-C012-MT600-Teplov-F1372002-E0025.988.1965                      1 8.02000E+01 9.50000E+01
a-C012-MT600-Teplov-F1372002-E0026.000.1965                      1 3.88000E+01 8.02000E+01
a-C012-MT600-Teplov-F1372002-E0026.059.1965                      1 1.62000E+01 3.88000E+01
a-C012-MT600-Teplov-F1372002-E0026.123.1965                      1 1.62000E+01 2.57000E+01
a-C012-MT600-Teplov-F1372002-E0026.147.1965                      1 2.57000E+01 6.59000E+01
a-C012-MT600-Teplov-F1372002-E0026.167.1965                      1 6.59000E+01 1.10700E+02
a-C012-MT600-Teplov-F1372002-E0026.188.1965                      1 5.21000E+01 1.10700E+02
a-C012-MT600-Teplov-F1372002-E0026.195.1965                      1 5.21000E+01 1.27100E+02
a-C012-MT600-Teplov-F1372002-E0026.206.1965                      1 1.27100E+02 1.44200E+02
a-C012-MT600-Teplov-F1372002-E0026.252.1965                      1 9.51000E+01 1.44200E+02
a-C012-MT600-Teplov-F1372002-E0026.276.1965                      1 8.02000E+01 9.51000E+01
a-C012-MT600-Teplov-F1372002-E0026.331.1965                      1 1.62000E+01 8.02000E+01
a-C012-MT600-Teplov-F1372002-E0026.399.1965                      1 1.62000E+01 5.21000E+01
a-C012-MT600-Teplov-F1372002-E0026.415.1965                      1 5.21000E+01 6.59000E+01
a-C012-MT600-Teplov-F1372002-E0026.457.1965                      2 6.59000E+01 8.02000E+01
a-C012-MT600-Yamazaki-E2239003-E0019.700.1963                   14 2.03000E+01 1.29800E+02
a-C012-MT600-Yamazaki-E2239003-E0020.100.1963                   18 2.02000E+01 1.39800E+02
a-C012-MT600-Yamazaki-E2239003-E0020.500.1963                   16 2.00000E+01 1.39700E+02
a-C012-MT600-Yamazaki-E2239003-E0020.900.1963                   14 1.96000E+01 1.39200E+02
a-C012-MT600-Yamazaki-E2239003-E0021.300.1963                   15 1.96000E+01 1.44500E+02
a-C012-MT600-Yamazaki-E2239003-E0021.700.1963                   16 1.03000E+01 1.59900E+02
a-C012-MT600-Yamazaki-E2239003-E0022.100.1963                   31 1.03000E+01 1.59900E+02
a-C012-MT600-Zelenskaya-F0897002-E0011.114.1971                  1 6.10000E+01 1.10000E+02
a-C012-MT600-Zelenskaya-F0897002-E0011.187.1971                  1 1.10000E+02 1.20000E+02
a-C012-MT600-Zelenskaya-F0897002-E0011.189.1971                  1 7.00000E+01 1.20000E+02
a-C012-MT600-Zelenskaya-F0897002-E0011.246.1971                  1 7.00000E+01 1.01000E+02
a-C012-MT600-Zelenskaya-F0897002-E0011.263.1971                  1 1.01000E+02 1.41000E+02
a-C012-MT600-Zelenskaya-F0897002-E0011.349.1971                  1 9.10000E+01 1.41000E+02
a-C012-MT600-Zelenskaya-F0897002-E0011.351.1971                  1 8.00000E+01 9.10000E+01
a-C012-MT600-Zelenskaya-F0897002-E0011.409.1971                  1 8.00000E+01 1.31000E+02
a-C012-MT600-Zelenskaya-F0897002-E0011.485.1971                  1 6.50000E+01 1.31000E+02
a-C012-MT600-Zelenskaya-F0897002-E0011.494.1971                  1 5.00000E+01 6.50000E+01
a-C012-MT600-Zelenskaya-F0897002-E0011.647.1971                  1 5.00000E+01 6.10000E+01
a-C012-MT600-Zelenskaya-F0897002-E0011.684.1971                  1 6.10000E+01 7.00000E+01
a-C012-MT600-Zelenskaya-F0897002-E0011.725.1971                  1 7.00000E+01 1.20000E+02
a-C012-MT600-Zelenskaya-F0897002-E0011.769.1971                  1 1.10000E+02 1.20000E+02
a-C012-MT600-Zelenskaya-F0897002-E0011.770.1971                  1 1.10000E+02 1.47000E+02
a-C012-MT600-Zelenskaya-F0897002-E0011.779.1971                  1 1.01000E+02 1.47000E+02
a-C012-MT600-Zelenskaya-F0897002-E0011.877.1971                  1 1.01000E+02 1.41000E+02
a-C012-MT600-Zelenskaya-F0897002-E0011.878.1971                  1 8.00000E+01 1.41000E+02
a-C012-MT600-Zelenskaya-F0897002-E0011.955.1971                  1 8.00000E+01 9.10000E+01
a-C012-MT600-Zelenskaya-F0897002-E0011.969.1971                  1 6.50000E+01 9.10000E+01
a-C012-MT600-Zelenskaya-F0897002-E0012.017.1971                  1 6.50000E+01 1.31000E+02
a-C012-MT600-Zelenskaya-F0897002-E0012.023.1971                  1 5.00000E+01 1.31000E+02
a-C012-MT600-Zelenskaya-F0897002-E0012.167.1971                  1 5.00000E+01 6.10000E+01
a-C012-MT600-Zelenskaya-F0897002-E0012.182.1971                  1 6.10000E+01 1.20000E+02
a-C012-MT600-Zelenskaya-F0897002-E0012.213.1971                  1 7.00000E+01 1.20000E+02
a-C012-MT600-Zelenskaya-F0897002-E0012.289.1971                  1 7.00000E+01 1.47000E+02
a-C012-MT600-Zelenskaya-F0897002-E0012.295.1971                  1 1.10000E+02 1.47000E+02
a-C012-MT600-Zelenskaya-F0897002-E0012.329.1971                  1 1.01000E+02 1.10000E+02
a-C012-MT600-Zelenskaya-F0897002-E0012.387.1971                  1 1.01000E+02 1.41000E+02
a-C012-MT600-Zelenskaya-F0897002-E0012.419.1971                  1 9.10000E+01 1.41000E+02
a-C012-MT600-Zelenskaya-F0897002-E0012.452.1971                  1 8.00000E+01 9.10000E+01
a-C012-MT600-Zelenskaya-F0897002-E0012.507.1971                  1 6.50000E+01 8.00000E+01
a-C012-MT600-Zelenskaya-F0897002-E0012.533.1971                  1 6.50000E+01 1.31000E+02
a-C012-MT600-Zelenskaya-F0897002-E0012.564.1971                  1 4.00000E+01 1.31000E+02
a-C012-MT600-Zelenskaya-F0897002-E0012.631.1971                  1 4.00000E+01 5.00000E+01
a-C012-MT600-Zelenskaya-F0897002-E0012.690.1971                  1 5.00000E+01 6.10000E+01
a-C012-MT600-Zelenskaya-F0897002-E0012.700.1971                  1 6.10000E+01 1.20000E+02
a-C012-MT600-Zelenskaya-F0897002-E0012.750.1971                  1 7.00000E+01 1.20000E+02
a-C012-MT600-Zelenskaya-F0897002-E0012.808.1971                  1 7.00000E+01 1.10000E+02
a-C012-MT600-Zelenskaya-F0897002-E0012.818.1971                  1 1.10000E+02 1.47000E+02
a-C012-MT600-Zelenskaya-F0897002-E0012.837.1971                  1 1.01000E+02 1.47000E+02
a-C012-MT600-Zelenskaya-F0897002-E0012.886.1971                  1 1.01000E+02 1.41000E+02
a-C012-MT600-Zelenskaya-F0897002-E0012.920.1971                  1 9.10000E+01 1.41000E+02
a-C012-MT600-Zelenskaya-F0897002-E0012.928.1971                  1 8.00000E+01 9.10000E+01
a-C012-MT600-Zelenskaya-F0897002-E0012.982.1971                  1 6.50000E+01 8.00000E+01
a-C012-MT600-Zelenskaya-F0897002-E0013.028.1971                  1 4.00000E+01 6.50000E+01
a-C012-MT600-Zelenskaya-F0897002-E0013.074.1971                  1 4.00000E+01 5.00000E+01
a-C012-MT600-Zelenskaya-F0897002-E0013.103.1971                  1 5.00000E+01 1.31000E+02
a-C012-MT600-Zelenskaya-F0897002-E0013.107.1971                  1 6.10000E+01 1.31000E+02
a-C012-MT600-Zelenskaya-F0897002-E0013.179.1971                  1 6.10000E+01 1.60000E+02
a-C012-MT600-Zelenskaya-F0897002-E0013.237.1971                  1 7.00000E+01 1.60000E+02
a-C012-MT600-Zelenskaya-F0897002-E0013.242.1971                  1 7.00000E+01 1.20000E+02
a-C012-MT600-Zelenskaya-F0897002-E0013.274.1971                  1 1.10000E+02 1.20000E+02
a-C012-MT600-Zelenskaya-F0897002-E0013.297.1971                  1 1.10000E+02 1.47000E+02
a-C012-MT600-Zelenskaya-F0897002-E0013.302.1971                  1 1.01000E+02 1.47000E+02
a-C012-MT600-Zelenskaya-F0897002-E0013.340.1971                  1 8.00000E+01 1.01000E+02
a-C012-MT600-Zelenskaya-F0897002-E0013.468.1971                  1 8.00000E+01 1.41000E+02
a-C012-MT600-Zelenskaya-F0897002-E0013.470.1971                  1 9.10000E+01 1.41000E+02
a-C012-MT600-Zelenskaya-F0897002-E0013.474.1971                  1 6.50000E+01 9.10000E+01
a-C012-MT600-Zelenskaya-F0897002-E0013.511.1971                  1 6.50000E+01 1.31000E+02
a-C012-MT600-Zelenskaya-F0897002-E0013.531.1971                  1 4.00000E+01 1.31000E+02
a-C012-MT600-Zelenskaya-F0897002-E0013.576.1971                  1 4.00000E+01 5.00000E+01
a-C012-MT600-Zelenskaya-F0897002-E0013.587.1971                  1 5.00000E+01 6.10000E+01
a-C012-MT600-Zelenskaya-F0897002-E0013.637.1971                  1 6.10000E+01 1.20000E+02
a-C012-MT600-Zelenskaya-F0897002-E0013.711.1971                  1 7.00000E+01 1.20000E+02
a-C012-MT600-Zelenskaya-F0897002-E0013.721.1971                  1 7.00000E+01 1.10000E+02
a-C012-MT600-Zelenskaya-F0897002-E0013.780.1971                  1 1.10000E+02 1.60000E+02
a-C012-MT600-Zelenskaya-F0897002-E0013.784.1971                  1 1.47000E+02 1.60000E+02
a-C012-MT600-Zelenskaya-F0897002-E0013.844.1971                  1 1.01000E+02 1.47000E+02
a-C012-MT600-Zelenskaya-F0897002-E0013.849.1971                  1 6.50000E+01 1.01000E+02
a-C012-MT600-Zelenskaya-F0897002-E0013.899.1971                  1 6.50000E+01 1.41000E+02
a-C012-MT600-Zelenskaya-F0897002-E0013.916.1971                  1 9.10000E+01 1.41000E+02
a-C012-MT600-Zelenskaya-F0897002-E0013.942.1971                  1 8.00000E+01 9.10000E+01
a-C012-MT600-Zelenskaya-F0897002-E0013.980.1971                  1 8.00000E+01 1.31000E+02
a-C012-MT600-Zelenskaya-F0897002-E0013.992.1971                  1 4.00000E+01 1.31000E+02
a-C012-MT600-Zelenskaya-F0897002-E0014.019.1971                  1 4.00000E+01 5.00000E+01
a-C012-MT600-Zelenskaya-F0897002-E0014.038.1971                  1 5.00000E+01 6.10000E+01
a-C012-MT600-Zelenskaya-F0897002-E0014.068.1971                  1 6.10000E+01 7.00000E+01
a-C012-MT600-Zelenskaya-F0897002-E0014.153.1971                  1 7.00000E+01 1.20000E+02
a-C012-MT600-Zelenskaya-F0897002-E0014.195.1971                  1 1.20000E+02 1.60000E+02
a-C012-MT600-Zelenskaya-F0897002-E0014.230.1971                  1 1.10000E+02 1.60000E+02
a-C012-MT600-Zelenskaya-F0897002-E0014.244.1971                  1 1.10000E+02 1.47000E+02
a-C012-MT600-Zelenskaya-F0897002-E0014.284.1971                  1 1.01000E+02 1.47000E+02
a-C012-MT600-Zelenskaya-F0897002-E0014.289.1971                  1 6.50000E+01 1.01000E+02
a-C012-MT600-Zelenskaya-F0897002-E0014.329.1971                  1 6.50000E+01 1.41000E+02
a-C012-MT600-Zelenskaya-F0897002-E0014.378.1971                  1 9.10000E+01 1.41000E+02
a-C012-MT600-Zelenskaya-F0897002-E0014.385.1971                  1 8.00000E+01 9.10000E+01
a-C012-MT600-Zelenskaya-F0897002-E0014.419.1971                  1 8.00000E+01 1.31000E+02
a-C012-MT600-Zelenskaya-F0897002-E0014.457.1971                  1 4.00000E+01 1.31000E+02
a-C012-MT600-Zelenskaya-F0897002-E0014.459.1971                  1 4.00000E+01 5.00000E+01
a-C012-MT600-Zelenskaya-F0897002-E0014.504.1971                  1 5.00000E+01 6.10000E+01
a-C012-MT600-Zelenskaya-F0897002-E0014.518.1971                  1 6.10000E+01 7.00000E+01
a-C012-MT600-Zelenskaya-F0897002-E0014.605.1971                  1 7.00000E+01 1.20000E+02
a-C012-MT600-Zelenskaya-F0897002-E0014.642.1971                  1 1.20000E+02 1.47000E+02
a-C012-MT600-Zelenskaya-F0897002-E0014.652.1971                  1 1.47000E+02 1.60000E+02
a-C012-MT600-Zelenskaya-F0897002-E0014.665.1971                  1 1.10000E+02 1.60000E+02
a-C012-MT600-Zelenskaya-F0897002-E0014.713.1971                  1 6.50000E+01 1.10000E+02
a-C012-MT600-Zelenskaya-F0897002-E0014.756.1971                  1 6.50000E+01 1.01000E+02
a-C012-MT600-Zelenskaya-F0897002-E0014.758.1971                  1 9.10000E+01 1.01000E+02
a-C012-MT600-Zelenskaya-F0897002-E0014.824.1971                  1 9.10000E+01 1.41000E+02
a-C012-MT600-Zelenskaya-F0897002-E0014.833.1971                  1 8.00000E+01 1.41000E+02
a-C012-MT600-Zelenskaya-F0897002-E0014.863.1971                  1 4.00000E+01 8.00000E+01
a-C012-MT600-Zelenskaya-F0897002-E0014.911.1971                  1 4.00000E+01 6.10000E+01
a-C012-MT600-Zelenskaya-F0897002-E0014.924.1971                  1 5.00000E+01 6.10000E+01
a-C012-MT600-Zelenskaya-F0897002-E0014.930.1971                  1 5.00000E+01 1.31000E+02
a-C012-MT600-Zelenskaya-F0897002-E0014.940.1971                  1 7.00000E+01 1.31000E+02
a-C012-MT600-Zelenskaya-F0897002-E0015.076.1971                  1 7.00000E+01 1.60000E+02
a-C012-MT600-Zelenskaya-F0897002-E0015.100.1971                  1 1.20000E+02 1.60000E+02
a-C012-MT600-Zelenskaya-F0897002-E0015.105.1971                  1 1.20000E+02 1.47000E+02
a-C012-MT600-Zelenskaya-F0897002-E0015.138.1971                  1 1.10000E+02 1.47000E+02
a-C012-MT600-Zelenskaya-F0897002-E0015.145.1971                  1 1.01000E+02 1.10000E+02
a-C012-MT600-Zelenskaya-F0897002-E0015.167.1971                  1 6.50000E+01 1.01000E+02
a-C012-MT600-Zelenskaya-F0897002-E0015.205.1971                  1 6.50000E+01 1.41000E+02
a-C012-MT600-Zelenskaya-F0897002-E0015.296.1971                  1 4.00000E+01 1.41000E+02
a-C012-MT600-Zelenskaya-F0897002-E0015.298.1971                  1 4.00000E+01 9.10000E+01
a-C012-MT600-Zelenskaya-F0897002-E0015.323.1971                  1 8.00000E+01 9.10000E+01
a-C012-MT600-Zelenskaya-F0897002-E0015.336.1971                  1 6.10000E+01 8.00000E+01
a-C012-MT600-Zelenskaya-F0897002-E0015.358.1971                  1 5.00000E+01 6.10000E+01
a-C012-MT600-Zelenskaya-F0897002-E0015.407.1971                  1 5.00000E+01 1.31000E+02
a-C012-MT600-Zelenskaya-F0897002-E0015.444.1971                  1 7.00000E+01 1.31000E+02
a-C012-MT600-Zelenskaya-F0897002-E0015.486.1971                  1 7.00000E+01 1.20000E+02
a-C012-MT600-Zelenskaya-F0897002-E0015.494.1971                  1 1.20000E+02 1.60000E+02
a-C012-MT600-Zelenskaya-F0897002-E0015.548.1971                  1 1.10000E+02 1.60000E+02
a-C012-MT600-Zelenskaya-F0897002-E0015.561.1971                  1 6.50000E+01 1.10000E+02
a-C012-MT600-Zelenskaya-F0897002-E0015.593.1971                  1 6.50000E+01 1.01000E+02
a-C012-MT600-Zelenskaya-F0897002-E0015.604.1971                  1 1.01000E+02 1.47000E+02
a-C012-MT600-Zelenskaya-F0897002-E0015.624.1971                  1 1.41000E+02 1.47000E+02
a-C012-MT600-Zelenskaya-F0897002-E0015.681.1971                  1 9.10000E+01 1.41000E+02
a-C012-MT600-Zelenskaya-F0897002-E0015.693.1971                  1 8.00000E+01 9.10000E+01
a-C012-MT600-Zelenskaya-F0897002-E0015.727.1971                  1 6.10000E+01 8.00000E+01
a-C012-MT600-Zelenskaya-F0897002-E0015.748.1971                  1 5.00000E+01 6.10000E+01
a-C012-MT600-Zelenskaya-F0897002-E0015.751.1971                  1 4.00000E+01 5.00000E+01
a-C012-MT600-Zelenskaya-F0897002-E0015.754.1971                  1 4.00000E+01 1.31000E+02
a-C012-MT600-Zelenskaya-F0897002-E0015.828.1971                  1 7.00000E+01 1.31000E+02
a-C012-MT600-Zelenskaya-F0897002-E0015.873.1971                  1 7.00000E+01 1.20000E+02
a-C012-MT600-Zelenskaya-F0897002-E0015.913.1971                  1 1.20000E+02 1.60000E+02
a-C012-MT600-Zelenskaya-F0897002-E0015.922.1971                  1 6.50000E+01 1.60000E+02
a-C012-MT600-Zelenskaya-F0897002-E0015.934.1971                  1 6.50000E+01 1.10000E+02
a-C012-MT600-Zelenskaya-F0897002-E0015.957.1971                  1 1.10000E+02 1.47000E+02
a-C012-MT600-Zelenskaya-F0897002-E0015.987.1971                  1 1.01000E+02 1.47000E+02
a-C012-MT600-Zelenskaya-F0897002-E0016.020.1971                  1 1.01000E+02 1.41000E+02
a-C012-MT600-Zelenskaya-F0897002-E0016.073.1971                  1 9.10000E+01 1.41000E+02
a-C012-MT600-Zelenskaya-F0897002-E0016.137.1971                  1 4.00000E+01 9.10000E+01
a-C012-MT600-Zelenskaya-F0897002-E0016.138.1971                  1 4.00000E+01 5.00000E+01
a-C012-MT600-Zelenskaya-F0897002-E0016.157.1971                  1 5.00000E+01 6.10000E+01
a-C012-MT600-Zelenskaya-F0897002-E0016.174.1971                  1 6.10000E+01 8.00000E+01
a-C012-MT600-Zelenskaya-F0897002-E0016.192.1971                  1 8.00000E+01 1.31000E+02
a-C012-MT600-Zelenskaya-F0897002-E0016.222.1971                  1 7.00000E+01 1.31000E+02
a-C012-MT600-Zelenskaya-F0897002-E0016.278.1971                  1 7.00000E+01 1.20000E+02
a-C012-MT600-Zelenskaya-F0897002-E0016.336.1971                  1 1.20000E+02 1.60000E+02
a-C012-MT600-Zelenskaya-F0897002-E0016.365.1971                  1 1.10000E+02 1.60000E+02
a-C012-MT600-Zelenskaya-F0897002-E0016.379.1971                  1 6.50000E+01 1.10000E+02
a-C012-MT600-Zelenskaya-F0897002-E0016.383.1971                  1 6.50000E+01 1.47000E+02
a-C012-MT600-Zelenskaya-F0897002-E0016.405.1971                  1 1.01000E+02 1.47000E+02
a-C012-MT600-Zelenskaya-F0897002-E0016.442.1971                  1 1.01000E+02 1.41000E+02
a-C012-MT600-Zelenskaya-F0897002-E0016.514.1971                  1 4.00000E+01 1.41000E+02
a-C012-MT600-Zelenskaya-F0897002-E0016.532.1971                  1 4.00000E+01 8.00000E+01
a-C012-MT600-Zelenskaya-F0897002-E0016.535.1971                  1 8.00000E+01 9.10000E+01
a-C012-MT600-Zelenskaya-F0897002-E0016.553.1971                  1 5.00000E+01 9.10000E+01
a-C012-MT600-Zelenskaya-F0897002-E0016.565.1971                  1 5.00000E+01 6.10000E+01
a-C012-MT600-Zelenskaya-F0897002-E0016.604.1971                  1 6.10000E+01 1.31000E+02
a-C012-MT600-Zelenskaya-F0897002-E0016.673.1971                  1 1.20000E+02 1.31000E+02
a-C012-MT600-Zelenskaya-F0897002-E0016.706.1971                  1 7.00000E+01 1.20000E+02
a-C012-MT600-Zelenskaya-F0897002-E0016.708.1971                  1 7.00000E+01 1.47000E+02
a-C012-MT600-Zelenskaya-F0897002-E0016.716.1971                  1 1.47000E+02 1.60000E+02
a-C012-MT600-Zelenskaya-F0897002-E0016.739.1971                  1 1.10000E+02 1.60000E+02
a-C012-MT600-Zelenskaya-F0897002-E0016.777.1971                  1 6.50000E+01 1.10000E+02
a-C012-MT600-Zelenskaya-F0897002-E0016.836.1971                  1 6.50000E+01 1.01000E+02
a-C012-MT600-Zelenskaya-F0897002-E0016.840.1971                  1 1.01000E+02 1.41000E+02
a-C012-MT600-Zelenskaya-F0897002-E0016.873.1971                  1 4.00000E+01 1.41000E+02
a-C012-MT600-Zelenskaya-F0897002-E0016.885.1971                  1 4.00000E+01 6.10000E+01
a-C012-MT600-Zelenskaya-F0897002-E0016.949.1971                  1 6.10000E+01 9.10000E+01
a-C012-MT600-Zelenskaya-F0897002-E0016.950.1971                  1 5.00000E+01 9.10000E+01
a-C012-MT600-Zelenskaya-F0897002-E0016.963.1971                  1 5.00000E+01 8.00000E+01
a-C012-MT600-Zelenskaya-F0897002-E0016.974.1971                  1 8.00000E+01 1.31000E+02
a-C012-MT600-Zelenskaya-F0897002-E0017.065.1971                  1 7.00000E+01 1.31000E+02
a-C012-MT600-Zelenskaya-F0897002-E0017.094.1971                  1 7.00000E+01 1.60000E+02
a-C012-MT600-Zelenskaya-F0897002-E0017.123.1971                  1 1.20000E+02 1.60000E+02
a-C012-MT600-Zelenskaya-F0897002-E0017.126.1971                  1 1.20000E+02 1.47000E+02
a-C012-MT600-Zelenskaya-F0897002-E0017.156.1971                  1 1.10000E+02 1.47000E+02
a-C012-MT600-Zelenskaya-F0897002-E0017.223.1971                  1 4.00000E+01 1.10000E+02
a-C012-MT600-Zelenskaya-F0897002-E0017.265.1971                  1 4.00000E+01 1.01000E+02
a-C012-MT600-Zelenskaya-F0897002-E0017.283.1971                  1 5.00000E+01 1.01000E+02
a-C012-MT600-Zelenskaya-F0897002-E0017.300.1971                  1 5.00000E+01 9.10000E+01
a-C012-MT600-Zelenskaya-F0897002-E0017.347.1971                  1 6.10000E+01 9.10000E+01
a-C012-MT600-Zelenskaya-F0897002-E0017.357.1971                  1 6.10000E+01 8.00000E+01
a-C012-MT600-Zelenskaya-F0897002-E0017.366.1971                  1 8.00000E+01 1.31000E+02
a-C012-MT600-Zelenskaya-F0897002-E0017.462.1971                  1 7.00000E+01 1.31000E+02
a-C012-MT600-Zelenskaya-F0897002-E0017.480.1971                  1 7.00000E+01 1.20000E+02
a-C012-MT600-Zelenskaya-F0897002-E0017.488.1971                  1 1.20000E+02 1.47000E+02
a-C012-MT600-Zelenskaya-F0897002-E0017.530.1971                  1 1.10000E+02 1.47000E+02
a-C012-MT600-Zelenskaya-F0897002-E0017.536.1971                  1 1.01000E+02 1.10000E+02
a-C012-MT600-Zelenskaya-F0897002-E0017.624.1971                  1 4.00000E+01 1.01000E+02
a-C012-MT600-Zelenskaya-F0897002-E0017.686.1971                  1 4.00000E+01 5.00000E+01
a-C012-MT600-Zelenskaya-F0897002-E0017.704.1971                  1 5.00000E+01 6.10000E+01
a-C012-MT600-Zelenskaya-F0897002-E0017.719.1971                  1 6.10000E+01 9.10000E+01
a-C012-MT600-Zelenskaya-F0897002-E0017.728.1971                  1 8.00000E+01 9.10000E+01
a-C012-MT600-Zelenskaya-F0897002-E0017.731.1971                  1 8.00000E+01 1.20000E+02
a-C012-MT600-Zelenskaya-F0897002-E0017.833.1971                  1 7.00000E+01 1.20000E+02
a-C012-MT600-Zelenskaya-F0897002-E0017.843.1971                  1 7.00000E+01 1.31000E+02
a-C012-MT600-Zelenskaya-F0897002-E0017.850.1971                  1 1.31000E+02 1.47000E+02
a-C012-MT600-Zelenskaya-F0897002-E0017.878.1971                  1 1.10000E+02 1.47000E+02
a-C012-MT600-Zelenskaya-F0897002-E0017.948.1971                  1 1.01000E+02 1.10000E+02
a-C012-MT600-Zelenskaya-F0897002-E0017.988.1971                  1 9.10000E+01 1.01000E+02
a-C012-MT600-Zelenskaya-F0897002-E0018.091.1971                  1 8.00000E+01 9.10000E+01
a-C012-MT600-Zelenskaya-F0897002-E0018.144.1971                  2 8.00000E+01 1.31000E+02
a-C012-MT600-Zelenskaya-F0897003-E0011.200.1971                 10 5.75000E+01 1.37200E+02
a-C012-MT600-Zelenskaya-F0897003-E0011.800.1971                 11 5.81000E+01 1.43900E+02
a-C012-MT600-Zelenskaya-F0897003-E0012.300.1971                 11 3.85000E+01 1.45000E+02
a-C012-MT600-Zelenskaya-F0897003-E0012.800.1971                 13 3.84000E+01 1.44300E+02
a-C012-MT600-Zelenskaya-F0897003-E0013.300.1971                 14 3.84000E+01 1.58000E+02
a-C012-MT600-Zelenskaya-F0897003-E0013.800.1971                 14 3.78000E+01 1.58600E+02
a-C012-MT600-Zelenskaya-F0897003-E0014.200.1971                 14 3.78000E+01 1.56500E+02
a-C012-MT600-Zelenskaya-F0897003-E0014.600.1971                 14 3.86000E+01 1.59200E+02
a-C012-MT600-Zelenskaya-F0897003-E0015.100.1971                 13 3.86000E+01 1.59000E+02
a-C012-MT600-Zelenskaya-F0897003-E0015.500.1971                 14 3.92000E+01 1.58500E+02
a-C012-MT600-Zelenskaya-F0897003-E0015.900.1971                 14 2.94000E+01 1.59800E+02
a-C012-MT600-Zelenskaya-F0897003-E0016.300.1971                 14 2.94000E+01 1.58700E+02
