#              Filename                                         N    min         max
p-O018-MT002-Escudie-F0819002-ang-E0024.500.1974                30 1.88000E+01 1.65800E+02
p-O018-MT002-Fabrici-O1198004-ang-E0035.200.1980                33 1.60000E+01 1.65000E+02
p-O018-MT002-Fabrici-O1199003-ang-E0014.700.1980                26 1.00000E+01 1.66000E+02
p-O018-MT002-Fabrici-O1199003-ang-E0017.700.1980                26 1.50000E+01 1.65000E+02
p-O018-MT002-Khan-F0818002-ang-E0043.000.2000                   24 1.91000E+01 4.41000E+01
p-O018-MT002-Orihara-O2048002-ang-E0005.546.1973               438 1.22300E+02 1.22300E+02
p-O018-MT002-Sellin-C1918002-ang-E0001.391.1969                678 1.35000E+02 1.35000E+02
p-O018-MT002-Sellin-C1918006-ang-E0001.752.1969                493 4.50000E+01 4.50000E+01
p-O018-MT002-Stevens-F1089002-ang-E0011.160.1966                18 1.65000E+01 1.57600E+02
p-O018-MT002-Stevens-F1089002-ang-E0012.370.1966                18 1.59000E+01 1.56800E+02
p-O018-MT002-Stevens-F1089002-ang-E0013.040.1966                18 1.59000E+01 1.56900E+02
p-O018-MT002-Stevens-F1089002-ang-E0013.290.1966                12 1.59000E+01 1.38300E+02
p-O018-MT002-Stevens-F1089002-ang-E0016.280.1966                16 1.59000E+01 1.56800E+02
p-O018-MT002-Stevens-F1089003-ang-E0007.890.1966                18 1.65000E+01 1.54800E+02
p-O018-MT002-Stevens-F1089003-ang-E0008.770.1966                18 1.63000E+01 1.57400E+02
p-O018-MT002-Stevens-F1089003-ang-E0009.240.1966                19 1.63000E+01 1.57200E+02
p-O018-MT002-Stevens-F1089003-ang-E0009.660.1966                18 1.72000E+01 1.57200E+02
p-O018-MT002-Stevens-F1089003-ang-E0010.610.1966                21 1.59000E+01 1.55800E+02
p-O018-MT002-Stevens-F1089003-ang-E0010.710.1966                19 1.59000E+01 1.56900E+02
p-O018-MT002-Stevens-F1089008-ang-E0007.870.1966                 1 6.68000E+01 8.71000E+01
p-O018-MT002-Stevens-F1089008-ang-E0007.875.1966                 1 4.60000E+01 8.71000E+01
p-O018-MT002-Stevens-F1089008-ang-E0007.892.1966                 1 4.60000E+01 6.68000E+01
p-O018-MT002-Stevens-F1089008-ang-E0008.229.1966                 1 4.60000E+01 6.68000E+01
p-O018-MT002-Stevens-F1089008-ang-E0008.255.1966                 1 4.60000E+01 8.71000E+01
p-O018-MT002-Stevens-F1089008-ang-E0008.260.1966                 1 8.71000E+01 8.71000E+01
p-O018-MT002-Stevens-F1089010-ang-E0007.854.1966                 1 1.23000E+02 1.39100E+02
p-O018-MT002-Stevens-F1089010-ang-E0007.862.1966                 1 1.23000E+02 1.23000E+02
p-O018-MT002-Yagi-E1976002-ang-E0000.699.1962                  134 8.68000E+01 8.68000E+01
p-O018-MT002-Yagi-E1976003-ang-E0000.602.1962                  203 1.38700E+02 1.38700E+02
p-O018-MT002-Yagi-E1976004-ang-E0000.626.1962                   31 1.38700E+02 1.38700E+02
p-O018-MT002-Yagi-E1976005-ang-E0000.977.1962                   31 1.38700E+02 1.38700E+02
p-O018-MT002-Yagi-E1976006-ang-E0001.164.1962                   28 8.68000E+01 8.68000E+01
p-O018-MT002-Yagi-E1976007-ang-E0001.165.1962                   21 1.38700E+02 1.38700E+02
p-O018-MT002-Yagi-E1976008-ang-E0001.218.1962                   27 8.68000E+01 8.68000E+01
p-O018-MT002-Yagi-E1976009-ang-E0001.217.1962                   31 1.38700E+02 1.38700E+02
p-O018-MT002-Yagi-E1976010-ang-E0001.390.1962                   28 8.68000E+01 8.68000E+01
p-O018-MT002-Yagi-E1976011-ang-E0001.390.1962                   29 1.38700E+02 1.38700E+02
