#              Filename                                         N    min         max
n-Sn117-MT151-Adamchuk-40143003.1969                            56 1.32000E-06 2.97800E-03
n-Sn117-MT151-Adamchuk-40143004.1969                            10 3.88000E-05 1.36100E-03
n-Sn117-MT151-Adamchuk-40143005.1969                             9 3.88000E-05 1.36100E-03
n-Sn117-MT151-Adamchuk-40143006.1969                             4 2.91060E-04 1.48966E-03
n-Sn117-MT151-Alfimenkov-40865007.1984                           4 1.33000E-06 1.96000E-04
n-Sn117-MT151-Alfimenkov-40953005.1985                           1 1.33000E-06 1.33000E-06
n-Sn117-MT151-Alfimenkov-40953007.1985                           1 1.33000E-06 1.33000E-06
n-Sn117-MT151-Alfimenkov-415760041.1983                          1 1.33000E-06 1.33000E-06
n-Sn117-MT151-Alfimenkov-415760042.1983                          1 1.33000E-06 1.33000E-06
n-Sn117-MT151-Alfimenkov-415760043.1983                          1 1.33000E-06 1.33000E-06
n-Sn117-MT151-Bhat-11976002.1968                                 1 3.88000E-05 3.88000E-05
n-Sn117-MT151-Frank-410080021.1988                               1 1.33000E-06 1.33000E-06
n-Sn117-MT151-Frank-410080022.1988                               1 1.33000E-06 1.33000E-06
n-Sn117-MT151-Frank-410080023.1988                               1 1.33000E-06 1.33000E-06
n-Sn117-MT151-Fuketa-119620101.1963                             24 1.32000E-06 1.36300E-03
n-Sn117-MT151-Fuketa-119620102.1963                             24 1.32000E-06 1.36300E-03
n-Sn117-MT151-Georgiev-412460021.1996                           78 3.88200E-05 5.97900E-03
n-Sn117-MT151-Georgiev-412460022.1996                           30 3.88200E-05 5.97900E-03
n-Sn117-MT151-Georgiev-412460023.1996                           51 3.88200E-05 5.07500E-03
n-Sn117-MT151-Georgiev-412460024.1996                           10 3.88200E-05 1.48800E-03
n-Sn117-MT151-Harvey-119120191.1955                              8 3.94000E-05 4.60000E-04
n-Sn117-MT151-Harvey-119120192.1955                              8 3.94000E-05 4.60000E-04
n-Sn117-MT151-Harvey-119120193.1955                              8 3.94000E-05 4.60000E-04
n-Sn117-MT151-Julien-206870301.1969                              4 3.89000E-05 1.97000E-04
n-Sn117-MT151-Julien-206870302.1969                              3 3.89000E-05 1.97000E-04
n-Sn117-MT151-Julien-206870303.1969                              3 3.89000E-05 1.97000E-04
n-Sn117-MT151-Julien-206870305.1969                              4 3.89000E-05 1.97000E-04
n-Sn117-MT151-Julien-206870306.1969                              4 3.89000E-05 1.97000E-04
n-Sn117-MT151-Julien-206870307.1969                              4 3.89000E-05 1.97000E-04
n-Sn117-MT151-Popov-40934024.1985                                1 1.25900E-04 1.25900E-04
n-Sn117-MT151-Popov-40934067.1985                                2 1.27400E-04 1.27400E-04
n-Sn117-MT151-Smith-137480021.1999                              63-2.92000E-05 1.48850E-03
n-Sn117-MT151-Smith-137480022.1999                               9 3.88000E-05 1.35860E-03
n-Sn117-MT151-Smith-137480023.1999                              63-2.92000E-05 1.48850E-03
n-Sn117-MT151-Smith-137480024.1999                              62 1.32700E-06 1.48850E-03
n-Sn117-MT151-Smith-137480025.1999                              12 1.32700E-06 1.35860E-03
n-Sn117-MT151-Smith-137480026.1999                              63-2.92000E-05 1.48850E-03
n-Sn117-MT151-Smith-137480032.1999                               2 7.50500E-04 7.50500E-04
n-Sn117-MT151-Timokhov-40960037.1988                             2 3.10000E-01 3.10000E-01
n-Sn117-MT151-Tolstikov-411900112.1995                           1 5.00000E-01 5.00000E-01
