#              Filename                                         N    min         max     
n-Th232-MT459-Glendenin-10920002-E0002.000.1980                  3 2.00000E+00 2.00000E+00
n-Th232-MT459-Glendenin-10920002-E0003.000.1980                  5 3.00000E+00 3.00000E+00
n-Th232-MT459-Glendenin-10920002-E0004.000.1980                  9 4.00000E+00 4.00000E+00
n-Th232-MT459-Glendenin-10920002-E0005.900.1980                  9 5.90000E+00 5.90000E+00
n-Th232-MT459-Glendenin-10920002-E0006.400.1980                 11 6.40000E+00 6.40000E+00
n-Th232-MT459-Glendenin-10920002-E0006.900.1980                  7 6.90000E+00 6.90000E+00
n-Th232-MT459-Glendenin-10920002-E0007.600.1980                  9 7.60000E+00 7.60000E+00
n-Th232-MT459-Glendenin-10920002-E0008.000.1980                  6 8.00000E+00 8.00000E+00
n-Th232-MT459-Glendenin-10920004-E0002.000.1980                 27 2.00000E+00 2.00000E+00
n-Th232-MT459-Glendenin-10920004-E0003.000.1980                 28 3.00000E+00 3.00000E+00
n-Th232-MT459-Glendenin-10920004-E0004.000.1980                 28 4.00000E+00 4.00000E+00
n-Th232-MT459-Glendenin-10920004-E0005.900.1980                 26 5.90000E+00 5.90000E+00
n-Th232-MT459-Glendenin-10920004-E0006.400.1980                 28 6.40000E+00 6.40000E+00
n-Th232-MT459-Glendenin-10920004-E0006.900.1980                 27 6.90000E+00 6.90000E+00
n-Th232-MT459-Glendenin-10920004-E0007.600.1980                 28 7.60000E+00 7.60000E+00
n-Th232-MT459-Glendenin-10920004-E0008.000.1980                 28 8.00000E+00 8.00000E+00
n-Th232-MT459-Glendenin-10920002-E0002.000A001.1980              3 2.00000E+00 2.00000E+00
n-Th232-MT459-Glendenin-10920002-E0003.000A001.1980              5 3.00000E+00 3.00000E+00
n-Th232-MT459-Glendenin-10920002-E0004.000A001.1980              9 4.00000E+00 4.00000E+00
n-Th232-MT459-Glendenin-10920002-E0005.900A001.1980              9 5.90000E+00 5.90000E+00
n-Th232-MT459-Glendenin-10920002-E0006.400A001.1980             11 6.40000E+00 6.40000E+00
n-Th232-MT459-Glendenin-10920002-E0006.900A001.1980              7 6.90000E+00 6.90000E+00
n-Th232-MT459-Glendenin-10920002-E0007.600A001.1980              9 7.60000E+00 7.60000E+00
n-Th232-MT459-Glendenin-10920002-E0008.000A001.1980              6 8.00000E+00 8.00000E+00
n-Th232-MT459-Glendenin-10920004-E0002.000A001.1980             27 2.00000E+00 2.00000E+00
n-Th232-MT459-Glendenin-10920004-E0003.000A001.1980             28 3.00000E+00 3.00000E+00
n-Th232-MT459-Glendenin-10920004-E0004.000A001.1980             28 4.00000E+00 4.00000E+00
n-Th232-MT459-Glendenin-10920004-E0005.900A001.1980             26 5.90000E+00 5.90000E+00
n-Th232-MT459-Glendenin-10920004-E0006.400A001.1980             28 6.40000E+00 6.40000E+00
n-Th232-MT459-Glendenin-10920004-E0006.900A001.1980             27 6.90000E+00 6.90000E+00
n-Th232-MT459-Glendenin-10920004-E0007.600A001.1980             28 7.60000E+00 7.60000E+00
n-Th232-MT459-Glendenin-10920004-E0008.000A001.1980             28 8.00000E+00 8.00000E+00
n-Th232-MT459-Lam-12843008-E0001.600.1983                       52 1.60000E+00 1.60000E+00
n-Th232-MT459-Lam-12843008-E0003.100.1983                       52 3.10000E+00 3.10000E+00
n-Th232-MT459-Lam-12843008-E0005.200.1983                       52 5.20000E+00 5.20000E+00
n-Th232-MT459-Ford-13077004-E0009.100.1965                       4 9.10000E+00 9.10000E+00
n-Th232-MT459-Ford-13077004-E0013.400.1965                       5 1.34000E+01 1.34000E+01
n-Th232-MT459-Ford-13077004-E0014.100.1965                       5 1.41000E+01 1.41000E+01
n-Th232-MT459-Ford-13077004-E0014.900.1965                       5 1.49000E+01 1.49000E+01
n-Th232-MT459-Ford-13077004-E0018.100.1965                       4 1.81000E+01 1.81000E+01
n-Th232-MT459-Ganapathy-13087002-E0014.800.1966                  2 1.48000E+01 1.48000E+01
n-Th232-MT459-Ganapathy-13087003-E0014.800.1966                  6 1.48000E+01 1.48000E+01
n-Th232-MT459-Ganapathy-13089002-E0014.800.1966                  2 1.48000E+01 1.48000E+01
n-Th232-MT459-Broom-13095004-E0002.950.1964                      9 2.95000E+00 2.95000E+00
n-Th232-MT459-Broom-13095005-E0014.800.1964                     15 1.48000E+01 1.48000E+01
n-Th232-MT459-Mo-13235003-E0014.800.1968                         6 1.48000E+01 1.48000E+01
n-Th232-MT459-Thein-13238002-E0014.800.1968                     12 1.48000E+01 1.48000E+01
n-Th232-MT459-Nethaway-13251002-E0014.800.1969                  11 1.48000E+01 1.48000E+01
n-Th232-MT459-Gevaert-13268003-E0014.700.1970                    9 1.47000E+01 1.47000E+01
n-Th232-MT459-Gevaert-13268004-E0014.700.1970                    9 1.47000E+01 1.47000E+01
n-Th232-MT459-Swindle-13291002-E0014.800.1971                    7 1.48000E+01 1.48000E+01
n-Th232-MT459-Swindle-13292003-E0002.950.1971                   14 2.95000E+00 2.95000E+00
n-Th232-MT459-Rao-13305003-E0014.800.1972                        5 1.48000E+01 1.48000E+01
n-Th232-MT459-Battles-13309002-E0014.800.1973                    7 1.48000E+01 1.48000E+01
n-Th232-MT459-Ford-134440022-E0014.700.1976                      4 1.47000E+01 1.47000E+01
n-Th232-MT459-Pierson-14500002-E0014.300.2017                   34 1.43000E+01 1.43000E+01
n-Th232-MT459-Blachot-21561002-E0014.100.1971                   11 1.41000E+01 1.41000E+01
n-Th232-MT459-Bocquet-21734020-E0014.500.1972                    9 1.45000E+01 1.45000E+01
n-Th232-MT459-Lyle-22062004-E0003.000.1969                       3 3.00000E+00 3.00000E+00
n-Th232-MT459-Lyle-22062004-E0014.800.1969                       3 1.48000E+01 1.48000E+01
n-Th232-MT459-Bresesti-22791003-E0001.000.1967                   8 1.00000E+00 1.00000E+00
n-Th232-MT459-Blachot-23566003-E0014.800.1971                   10 1.48000E+01 1.48000E+01
n-Th232-MT459-Blachot-23566004-E0014.800.1971                    6 1.48000E+01 1.48000E+01
n-Th232-MT459-Lyle-23713002-E0014.700.1964                      13 1.47000E+01 1.47000E+01
n-Th232-MT459-Lyle-238030022-E0014.700.1968                      7 1.47000E+01 1.47000E+01
n-Th232-MT459-Lyle-238030032-E0003.000.1968                      8 3.00000E+00 3.00000E+00
n-Th232-MT459-Chauvin-23818002-E0014.000.1973                    6 1.40000E+01 1.40000E+01
n-Th232-MT459-Chauvin-23818003-E0014.000.1973                    4 1.40000E+01 1.40000E+01
n-Th232-MT459-Chauvin-23818004-E0014.000.1973                   10 1.40000E+01 1.40000E+01
n-Th232-MT459-Chauvin-23818008-E0014.000.1973                    3 1.40000E+01 1.40000E+01
n-Th232-MT459-Chauvin-23818009-E0014.000.1973                    3 1.40000E+01 1.40000E+01
n-Th232-MT459-Chauvin-23818010-E0014.000.1973                   28 1.40000E+01 1.40000E+01
n-Th232-MT459-Cheng-30566002-E0001.000.1980                     20 1.00000E+00 1.00000E+00
n-Th232-MT459-LiWenxinn-30785002-E0014.700.1987                 13 1.47000E+01 1.47000E+01
n-Th232-MT459-Chouak-31813002-E0014.700.1995                    34 1.47000E+01 1.47000E+01
n-Th232-MT459-SunTongyuu-32636002-E0014.700.1988                56 1.47000E+01 1.47000E+01
n-Th232-MT459-SunTongyuu-32636003-E0014.700.1988                10 1.47000E+01 1.47000E+01
n-Th232-MT459-LiuShilongg-32719002-E0014.800.2013               47 1.48000E+01 1.48000E+01
n-Th232-MT459-Ramaswami-33010003-E2.53E-08.1981                 13 2.53000E-08 2.53000E-08
n-Th232-MT459-Naik-33057002-E0006.350.2014                      33 6.35000E+00 6.35000E+00
n-Th232-MT459-Naik-33057002-E0008.530.2014                      33 8.53000E+00 8.53000E+00
n-Th232-MT459-Naik-33057002-E0010.090.2014                      33 1.00900E+01 1.00900E+01
n-Th232-MT459-Naik-33057003-E0006.350.2014                      32 6.35000E+00 6.35000E+00
n-Th232-MT459-Naik-33057003-E0008.530.2014                      32 8.53000E+00 8.53000E+00
n-Th232-MT459-Naik-33057003-E0010.090.2014                      32 1.00900E+01 1.00900E+01
n-Th232-MT459-Prajapati-33058002-E0005.420.2014                  8 5.42000E+00 5.42000E+00
n-Th232-MT459-Prajapati-33058002-E0007.750.2014                 16 7.75000E+00 7.75000E+00
n-Th232-MT459-Prajapati-33058002-E0010.090.2014                 18 1.00900E+01 1.00900E+01
n-Th232-MT459-Naik-33098002-E0005.420.2016                      34 5.42000E+00 5.42000E+00
n-Th232-MT459-Naik-33098002-E0007.750.2016                      34 7.75000E+00 7.75000E+00
n-Th232-MT459-Naik-33098002-E0009.350.2016                      34 9.35000E+00 9.35000E+00
n-Th232-MT459-Naik-33098002-E0012.530.2016                      34 1.25300E+01 1.25300E+01
n-Th232-MT459-Naik-33098003-E0005.420.2016                      34 5.42000E+00 5.42000E+00
n-Th232-MT459-Naik-33098003-E0007.750.2016                      34 7.75000E+00 7.75000E+00
n-Th232-MT459-Naik-33098003-E0009.350.2016                      34 9.35000E+00 9.35000E+00
n-Th232-MT459-Naik-33098003-E0012.530.2016                      34 1.25300E+01 1.25300E+01
n-Th232-MT459-Dyacnenko-40570002-E0001.210.1977                 32 1.21000E+00 1.21000E+00
n-Th232-MT459-Dyacnenko-40570002-E0001.320.1977                 34 1.32000E+00 1.32000E+00
n-Th232-MT459-Dyacnenko-40570002-E0001.570.1977                 34 1.57000E+00 1.57000E+00
n-Th232-MT459-Dyacnenko-40570002-E0003.000.1977                 37 3.00000E+00 3.00000E+00
n-Th232-MT459-Vlasov-41736003-E0014.300.1961                    10 1.43000E+01 1.43000E+01
