#              Filename                                         N    min         max
p-O018-MT151-Bair-C10100051.1973                                20 2.64400E+00 3.86300E+00
p-O018-MT151-Bair-C10100052.1973                                20 2.64400E+00 3.86300E+00
p-O018-MT151-Clarke-C2104002.1960                               25 8.38000E-01 3.07500E+00
p-O018-MT151-Lacognata-O1713003.2008                             3 1.95000E-02 1.45500E-01
p-O018-MT151-Mak-C19170101.1978                                  2 6.50000E-01 7.50000E-01
p-O018-MT151-Mak-C19170102.1978                                  2 6.50000E-01 7.50000E-01
p-O018-MT151-Mak-C19170104.1978                                  2 6.50000E-01 7.50000E-01
p-O018-MT151-Orihara-O20480031.1973                             20 3.47900E+00 6.06300E+00
p-O018-MT151-Orihara-O20480032.1973                             20 3.47900E+00 6.06300E+00
p-O018-MT151-Orihara-O20480033.1973                             20 3.47900E+00 6.06300E+00
p-O018-MT151-Pantaleo-O25460021.2021                             4 1.51000E-01 3.34000E-01
p-O018-MT151-Sellin-C19180041.1969                              14 1.76600E+00 3.14800E+00
p-O018-MT151-Sellin-C19180042.1969                              14 1.76600E+00 3.14800E+00
p-O018-MT151-Sellin-C19180043.1969                              14 1.76600E+00 3.14800E+00
p-O018-MT151-Sellin-C19180045.1969                              14 1.76600E+00 3.14800E+00
p-O018-MT151-Sellin-C19180046.1969                              14 1.76600E+00 3.14800E+00
p-O018-MT151-Sellin-C19180051.1969                               3 1.92800E+00 1.92800E+00
p-O018-MT151-Sellin-C19180054.1969                               3 1.92800E+00 1.92800E+00
p-O018-MT151-Sellin-C19180056.1969                               3 1.92800E+00 1.92800E+00
p-O018-MT151-Wiescher-C19160021.1980                            19 9.50000E-02 1.99600E+00
p-O018-MT151-Wiescher-C19160023.1980                            12 6.29000E-01 1.99600E+00
