#              Filename                                         N    min         max
p-He003-MT002-Alkhazov-O1256002-ang-E1000.000.1985              42 7.10001E+00 3.17000E+01
p-He003-MT002-Artemov-F1361002-ang-E0005.500.1959                8 1.87000E+01 1.24500E+02
p-He003-MT002-Artemov-F1361002-ang-E0006.800.1959                9 1.87000E+01 1.38600E+02
p-He003-MT002-Artemov-F1361002-ang-E0007.900.1959               10 1.93000E+01 1.54700E+02
p-He003-MT002-Artemov-F1361002-ang-E0008.600.1959                9 1.93000E+01 1.40000E+02
p-He003-MT002-Artemov-F1361002-ang-E0009.600.1959                9 1.97000E+01 1.54600E+02
p-He003-MT002-Brolleyjr-A1022004-ang-E0006.500.1960             73 1.00000E+01 1.50500E+02
p-He003-MT002-Fain-O0555004-ang-E0600.000.1976                  60 5.84500E+01 7.89100E+01
p-He003-MT002-Famularo-A1535002-ang-E0000.900.1954               1 7.15000E+01 1.63600E+02
p-He003-MT002-Famularo-A1535002-ang-E0001.010.1954               1 7.15000E+01 7.15000E+01
p-He003-MT002-Goldstein-C0052002-ang-E0100.000.1970             22 2.07000E+01 1.40800E+02
p-He003-MT002-Harbison-F1197002-ang-E0030.600.1970              24 1.10000E+01 1.02300E+02
p-He003-MT002-Harbison-F1197003-ang-E0030.600.1970              18 7.99998E+00 3.50000E+01
p-He003-MT002-Harbison-F1197004-ang-E0049.500.1970              12 1.52000E+01 6.65000E+01
p-He003-MT002-Harbison-F1197005-ang-E0049.500.1970              19 7.99998E+00 5.00000E+01
p-He003-MT002-Langley-C2101006-ang-E0002.095.1975               12 1.59200E+02 1.59200E+02
p-He003-MT002-Mcdonald-A1095002-ang-E0004.000.1964              80 1.40000E+01 1.65900E+02
p-He003-MT002-Mcdonald-A1095003-ang-E0003.883.1964              34 1.65900E+02 1.65900E+02
p-He003-MT002-Murdoch-C0616002-ang-E0019.500.1984              478 1.00000E+01 1.70000E+02
p-He003-MT002-Shimizu-E2084005-ang-E0200.000.2007                3 1.80000E+02 1.80000E+02
p-He003-MT002-Tombrello-A1282002-ang-E0002.004.1962              1 3.92300E+01 7.01200E+01
p-He003-MT002-Tombrello-A1282002-ang-E0002.016.1962              1 7.01200E+01 1.40800E+02
p-He003-MT002-Tombrello-A1282002-ang-E0002.017.1962              1 1.40800E+02 1.55000E+02
p-He003-MT002-Tombrello-A1282002-ang-E0002.018.1962              1 1.55000E+02 1.66000E+02
p-He003-MT002-Tombrello-A1282002-ang-E0002.022.1962              1 1.32000E+02 1.66000E+02
p-He003-MT002-Tombrello-A1282002-ang-E0002.024.1962              1 9.00000E+01 1.32000E+02
p-He003-MT002-Tombrello-A1282002-ang-E0002.031.1962              1 5.47000E+01 9.00000E+01
p-He003-MT002-Tombrello-A1282002-ang-E0002.042.1962              1 5.47000E+01 1.25300E+02
p-He003-MT002-Tombrello-A1282002-ang-E0002.054.1962              1 7.01200E+01 1.25300E+02
p-He003-MT002-Tombrello-A1282002-ang-E0002.153.1962              1 7.01200E+01 9.00000E+01
p-He003-MT002-Tombrello-A1282002-ang-E0002.158.1962              1 9.00000E+01 1.40800E+02
p-He003-MT002-Tombrello-A1282002-ang-E0002.171.1962              2 1.25300E+02 1.55000E+02
p-He003-MT002-Tombrello-A1282002-ang-E0002.182.1962              1 5.47000E+01 1.25300E+02
p-He003-MT002-Tombrello-A1282002-ang-E0002.186.1962              1 3.92300E+01 5.47000E+01
p-He003-MT002-Tombrello-A1282002-ang-E0002.196.1962              1 3.92300E+01 1.32000E+02
p-He003-MT002-Tombrello-A1282002-ang-E0002.199.1962              1 1.32000E+02 1.66000E+02
p-He003-MT002-Tombrello-A1282002-ang-E0002.212.1962              1 9.00000E+01 1.66000E+02
p-He003-MT002-Tombrello-A1282002-ang-E0002.349.1962              1 9.00000E+01 1.40800E+02
p-He003-MT002-Tombrello-A1282002-ang-E0002.362.1962              1 1.40800E+02 1.55000E+02
p-He003-MT002-Tombrello-A1282002-ang-E0002.364.1962              1 3.92300E+01 1.55000E+02
p-He003-MT002-Tombrello-A1282002-ang-E0002.367.1962              1 3.92300E+01 1.25300E+02
p-He003-MT002-Tombrello-A1282002-ang-E0002.373.1962              1 7.01200E+01 1.25300E+02
p-He003-MT002-Tombrello-A1282002-ang-E0002.381.1962              1 5.47000E+01 7.01200E+01
p-He003-MT002-Tombrello-A1282002-ang-E0002.396.1962              1 5.47000E+01 1.66000E+02
p-He003-MT002-Tombrello-A1282002-ang-E0002.401.1962              1 1.32000E+02 1.66000E+02
p-He003-MT002-Tombrello-A1282002-ang-E0002.406.1962              1 9.00000E+01 1.32000E+02
p-He003-MT002-Tombrello-A1282002-ang-E0002.561.1962              1 3.92300E+01 9.00000E+01
p-He003-MT002-Tombrello-A1282002-ang-E0002.579.1962              1 3.92300E+01 1.55000E+02
p-He003-MT002-Tombrello-A1282002-ang-E0002.581.1962              1 1.25300E+02 1.55000E+02
p-He003-MT002-Tombrello-A1282002-ang-E0002.584.1962              1 1.25300E+02 1.66000E+02
p-He003-MT002-Tombrello-A1282002-ang-E0002.590.1962              1 1.40800E+02 1.66000E+02
p-He003-MT002-Tombrello-A1282002-ang-E0002.592.1962              1 7.01200E+01 1.40800E+02
p-He003-MT002-Tombrello-A1282002-ang-E0002.595.1962              1 7.01200E+01 1.32000E+02
p-He003-MT002-Tombrello-A1282002-ang-E0002.603.1962              1 5.47000E+01 1.32000E+02
p-He003-MT002-Tombrello-A1282002-ang-E0002.606.1962              1 5.47000E+01 9.00000E+01
p-He003-MT002-Tombrello-A1282002-ang-E0002.772.1962              1 9.00000E+01 1.25300E+02
p-He003-MT002-Tombrello-A1282002-ang-E0002.775.1962              1 7.01200E+01 1.25300E+02
p-He003-MT002-Tombrello-A1282002-ang-E0002.784.1962              1 3.92300E+01 7.01200E+01
p-He003-MT002-Tombrello-A1282002-ang-E0002.791.1962              1 3.92300E+01 1.55000E+02
p-He003-MT002-Tombrello-A1282002-ang-E0002.793.1962              1 1.40800E+02 1.55000E+02
p-He003-MT002-Tombrello-A1282002-ang-E0002.797.1962              1 5.47000E+01 1.40800E+02
p-He003-MT002-Tombrello-A1282002-ang-E0002.798.1962              1 5.47000E+01 1.66000E+02
p-He003-MT002-Tombrello-A1282002-ang-E0002.801.1962              1 1.32000E+02 1.66000E+02
p-He003-MT002-Tombrello-A1282002-ang-E0002.808.1962              1 3.92300E+01 1.32000E+02
p-He003-MT002-Tombrello-A1282002-ang-E0003.002.1962              1 3.92300E+01 9.00000E+01
p-He003-MT002-Tombrello-A1282002-ang-E0003.006.1962              1 9.00000E+01 1.25300E+02
p-He003-MT002-Tombrello-A1282002-ang-E0003.007.1962              2 7.01200E+01 1.55000E+02
p-He003-MT002-Tombrello-A1282002-ang-E0003.012.1962              1 7.01200E+01 1.32000E+02
p-He003-MT002-Tombrello-A1282002-ang-E0003.020.1962              1 1.32000E+02 1.40800E+02
p-He003-MT002-Tombrello-A1282002-ang-E0003.026.1962              1 1.40800E+02 1.66000E+02
p-He003-MT002-Tombrello-A1282002-ang-E0003.033.1962              1 5.47000E+01 1.66000E+02
p-He003-MT002-Tombrello-A1282002-ang-E0003.034.1962              1 5.47000E+01 7.01200E+01
p-He003-MT002-Tombrello-A1282002-ang-E0003.230.1962              1 7.01200E+01 9.00000E+01
p-He003-MT002-Tombrello-A1282002-ang-E0003.238.1962              1 9.00000E+01 1.55000E+02
p-He003-MT002-Tombrello-A1282002-ang-E0003.241.1962              1 5.47000E+01 1.55000E+02
p-He003-MT002-Tombrello-A1282002-ang-E0003.246.1962              1 5.47000E+01 1.32000E+02
p-He003-MT002-Tombrello-A1282002-ang-E0003.247.1962              1 3.92300E+01 1.32000E+02
p-He003-MT002-Tombrello-A1282002-ang-E0003.256.1962              1 3.92300E+01 1.25300E+02
p-He003-MT002-Tombrello-A1282002-ang-E0003.260.1962              1 1.25300E+02 1.66000E+02
p-He003-MT002-Tombrello-A1282002-ang-E0003.266.1962              1 1.40800E+02 1.66000E+02
p-He003-MT002-Tombrello-A1282002-ang-E0003.288.1962              1 1.25300E+02 1.40800E+02
p-He003-MT002-Tombrello-A1282002-ang-E0003.470.1962              1 7.01200E+01 1.25300E+02
p-He003-MT002-Tombrello-A1282002-ang-E0003.478.1962              1 5.47000E+01 7.01200E+01
p-He003-MT002-Tombrello-A1282002-ang-E0003.482.1962              1 5.47000E+01 1.40800E+02
p-He003-MT002-Tombrello-A1282002-ang-E0003.484.1962              1 3.92300E+01 1.40800E+02
p-He003-MT002-Tombrello-A1282002-ang-E0003.488.1962              1 3.92300E+01 9.00000E+01
p-He003-MT002-Tombrello-A1282002-ang-E0003.492.1962              1 9.00000E+01 1.55000E+02
p-He003-MT002-Tombrello-A1282002-ang-E0003.496.1962              1 1.32000E+02 1.55000E+02
p-He003-MT002-Tombrello-A1282002-ang-E0003.513.1962              1 7.01200E+01 1.32000E+02
p-He003-MT002-Tombrello-A1282002-ang-E0003.722.1962              1 7.01200E+01 1.25300E+02
p-He003-MT002-Tombrello-A1282002-ang-E0003.723.1962              1 9.00000E+01 1.25300E+02
p-He003-MT002-Tombrello-A1282002-ang-E0003.725.1962              1 9.00000E+01 1.40800E+02
p-He003-MT002-Tombrello-A1282002-ang-E0003.732.1962              1 5.47000E+01 1.40800E+02
p-He003-MT002-Tombrello-A1282002-ang-E0003.740.1962              1 3.92300E+01 5.47000E+01
p-He003-MT002-Tombrello-A1282002-ang-E0003.741.1962              1 3.92300E+01 1.55000E+02
p-He003-MT002-Tombrello-A1282002-ang-E0003.751.1962              2 1.32000E+02 1.66000E+02
p-He003-MT002-Tombrello-A1282002-ang-E0003.754.1962              1 9.00000E+01 1.32000E+02
p-He003-MT002-Tombrello-A1282002-ang-E0003.979.1962              1 9.00000E+01 1.55000E+02
p-He003-MT002-Tombrello-A1282002-ang-E0003.981.1962              1 3.92300E+01 1.55000E+02
p-He003-MT002-Tombrello-A1282002-ang-E0003.994.1962              2 3.92300E+01 1.32000E+02
p-He003-MT002-Tombrello-A1282002-ang-E0003.996.1962              1 7.01200E+01 1.32000E+02
p-He003-MT002-Tombrello-A1282002-ang-E0003.998.1962              1 7.01200E+01 1.40800E+02
p-He003-MT002-Tombrello-A1282002-ang-E0004.013.1962              1 5.47000E+01 1.40800E+02
p-He003-MT002-Tombrello-A1282002-ang-E0004.017.1962              1 5.47000E+01 1.66000E+02
p-He003-MT002-Tombrello-A1282002-ang-E0004.027.1962              1 1.25300E+02 1.66000E+02
p-He003-MT002-Tombrello-A1282002-ang-E0004.225.1962              1 5.47000E+01 1.25300E+02
p-He003-MT002-Tombrello-A1282002-ang-E0004.232.1962              1 5.47000E+01 7.01200E+01
p-He003-MT002-Tombrello-A1282002-ang-E0004.236.1962              1 7.01200E+01 1.32000E+02
p-He003-MT002-Tombrello-A1282002-ang-E0004.244.1962              1 9.00000E+01 1.32000E+02
p-He003-MT002-Tombrello-A1282002-ang-E0004.254.1962              3 9.00000E+01 1.66000E+02
p-He003-MT002-Tombrello-A1282002-ang-E0004.259.1962              1 3.92300E+01 1.66000E+02
p-He003-MT002-Tombrello-A1282002-ang-E0004.267.1962              1 3.92300E+01 5.47000E+01
p-He003-MT002-Tombrello-A1282002-ang-E0004.444.1962              1 5.47000E+01 1.32000E+02
p-He003-MT002-Tombrello-A1282002-ang-E0004.447.1962              1 1.32000E+02 1.66000E+02
p-He003-MT002-Tombrello-A1282002-ang-E0004.450.1962              1 3.92300E+01 1.66000E+02
p-He003-MT002-Tombrello-A1282002-ang-E0004.457.1962              1 3.92300E+01 1.25300E+02
p-He003-MT002-Tombrello-A1282002-ang-E0004.520.1962              1 1.25300E+02 1.55000E+02
p-He003-MT002-Tombrello-A1282002-ang-E0004.526.1962              1 9.00000E+01 1.55000E+02
p-He003-MT002-Tombrello-A1282002-ang-E0004.530.1962              1 7.01200E+01 9.00000E+01
p-He003-MT002-Tombrello-A1282002-ang-E0004.543.1962              1 7.01200E+01 1.40800E+02
p-He003-MT002-Tombrello-A1282002-ang-E0004.565.1962              1 9.00000E+01 1.40800E+02
p-He003-MT002-Tombrello-A1282002-ang-E0004.656.1962              1 7.01200E+01 9.00000E+01
p-He003-MT002-Tombrello-A1282002-ang-E0004.663.1962              1 7.01200E+01 1.25300E+02
p-He003-MT002-Tombrello-A1282002-ang-E0004.667.1962              1 1.25300E+02 1.40800E+02
p-He003-MT002-Tombrello-A1282002-ang-E0004.673.1962              1 5.47000E+01 1.40800E+02
p-He003-MT002-Tombrello-A1282002-ang-E0004.702.1962              1 5.47000E+01 1.32000E+02
p-He003-MT002-Tombrello-A1282002-ang-E0004.726.1962              1 3.92300E+01 1.32000E+02
p-He003-MT002-Tombrello-A1282002-ang-E0004.731.1962              1 3.92300E+01 1.66000E+02
p-He003-MT002-Tombrello-A1282002-ang-E0004.747.1962              1 7.01200E+01 1.66000E+02
p-He003-MT002-Tombrello-A1282002-ang-E0004.795.1962              2 7.01200E+01 1.55000E+02
p-He003-MT002-Tombrello-A1282011-ang-E0003.010.1962             20 3.82900E+01 1.59200E+02
p-He003-MT002-Tombrello-A1282011-ang-E0003.990.1962             20 3.62400E+01 1.60900E+02
p-He003-MT002-Tombrello-A1282011-ang-E0004.540.1962             20 3.62400E+01 1.56000E+02
p-He003-MT002-Votta-C0053006-ang-E0085.000.1974                 18 8.30000E+00 8.07000E+01
p-He003-MT002-Votta-C0053007-ang-E0085.000.1974                  9 9.00000E+01 1.63100E+02
p-He003-MT002-Watanabe-E2696002-ang-E0065.000.2021              22 2.02000E+01 1.65200E+02
p-He003-MT002-Wesick-C0832006-ang-E0100.000.1985                 7 1.75000E+01 6.00000E+01
