#              Filename                                         N    min         max
n-Cr000-MT051-Christodoulou-13804003-ang-E0014.000.1999         27 2.54000E+01 1.49600E+02
n-Cr000-MT051-Cranberg-11396008-ang-E0002.450.1956               1 9.00000E+01 9.00000E+01
n-Cr000-MT051-Kinney-10413004-ang-E0004.070.1974                 3 4.02000E+01 8.53000E+01
n-Cr000-MT051-Kinney-10413004-ang-E0004.070A001.1974             3 4.02000E+01 8.53000E+01
n-Cr000-MT051-Kinney-10413004-ang-E0004.340.1974                13 4.02000E+01 1.36700E+02
n-Cr000-MT051-Kinney-10413004-ang-E0004.340A001.1974            13 4.02000E+01 1.36700E+02
n-Cr000-MT051-Kinney-10413004-ang-E0004.650.1974                 3 1.51000E+01 8.52000E+01
n-Cr000-MT051-Kinney-10413004-ang-E0004.650A001.1974             3 1.51000E+01 8.52000E+01
n-Cr000-MT051-Kinney-10413004-ang-E0004.920.1974                16 1.51000E+01 1.36600E+02
n-Cr000-MT051-Kinney-10413004-ang-E0004.920A001.1974            16 1.51000E+01 1.36600E+02
n-Cr000-MT051-Kinney-10413004-ang-E0005.230.1974                 3 4.76000E+01 8.52000E+01
n-Cr000-MT051-Kinney-10413004-ang-E0005.230A001.1974             3 4.76000E+01 8.52000E+01
n-Cr000-MT051-Kinney-10413004-ang-E0005.500.1974                 3 2.76000E+01 6.27000E+01
n-Cr000-MT051-Kinney-10413004-ang-E0005.500A001.1974             3 2.76000E+01 6.27000E+01
n-Cr000-MT051-Kinney-10413004-ang-E0006.440.1974                15 2.76000E+01 1.34600E+02
n-Cr000-MT051-Kinney-10413004-ang-E0006.440A001.1974            15 2.76000E+01 1.34600E+02
n-Cr000-MT051-Kinney-10413004-ang-E0007.030.1974                 3 3.51000E+01 8.51000E+01
n-Cr000-MT051-Kinney-10413004-ang-E0007.030A001.1974             3 3.51000E+01 8.51000E+01
n-Cr000-MT051-Kinney-10413004-ang-E0007.540.1974                17 3.51000E+01 1.34600E+02
n-Cr000-MT051-Kinney-10413004-ang-E0007.540A001.1974            17 3.51000E+01 1.34600E+02
n-Cr000-MT051-Kinney-10413004-ang-E0008.040.1974                 3 3.51000E+01 8.51000E+01
n-Cr000-MT051-Kinney-10413004-ang-E0008.040A001.1974             3 3.51000E+01 8.51000E+01
n-Cr000-MT051-Kinney-10413004-ang-E0008.560.1974                14 3.51000E+01 1.34600E+02
n-Cr000-MT051-Kinney-10413004-ang-E0008.560A001.1974            14 3.51000E+01 1.34600E+02
n-Cr000-MT051-Kinney-10413006-ang-E0004.650.1974                 3 7.12000E+01 8.64000E+01
n-Cr000-MT051-Kinney-10413006-ang-E0004.650A001.1974             3 7.12000E+01 8.64000E+01
n-Cr000-MT051-Kinney-10413006-ang-E0005.230.1974                 3 4.84000E+01 8.63000E+01
n-Cr000-MT051-Kinney-10413006-ang-E0005.230A001.1974             3 4.84000E+01 8.63000E+01
n-Cr000-MT051-Kinney-10413006-ang-E0005.500.1974                 3 4.84000E+01 6.36000E+01
n-Cr000-MT051-Kinney-10413006-ang-E0005.500A001.1974             3 4.84000E+01 6.36000E+01
n-Cr000-MT051-Kinney-10413008-ang-E0004.650.1974                 3 7.14000E+01 8.67000E+01
n-Cr000-MT051-Kinney-10413008-ang-E0004.650A001.1974             3 7.14000E+01 8.67000E+01
n-Cr000-MT051-Kinney-10413008-ang-E0005.230.1974                 3 4.85000E+01 8.64000E+01
n-Cr000-MT051-Kinney-10413008-ang-E0005.230A001.1974             3 4.85000E+01 8.64000E+01
n-Cr000-MT051-Kinney-10413008-ang-E0005.500.1974                 3 4.85000E+01 6.37000E+01
n-Cr000-MT051-Kinney-10413008-ang-E0005.500A001.1974             3 4.85000E+01 6.37000E+01
n-Cr000-MT051-Kinney-10413009-ang-E0004.650.1974                 3 7.15000E+01 8.67000E+01
n-Cr000-MT051-Kinney-10413009-ang-E0004.650A001.1974             3 7.15000E+01 8.67000E+01
n-Cr000-MT051-Kinney-10413009-ang-E0005.230.1974                 3 4.86000E+01 8.66000E+01
n-Cr000-MT051-Kinney-10413009-ang-E0005.230A001.1974             3 4.86000E+01 8.66000E+01
n-Cr000-MT051-Kinney-10413009-ang-E0005.500.1974                 3 4.86000E+01 6.38000E+01
n-Cr000-MT051-Kinney-10413009-ang-E0005.500A001.1974             3 4.86000E+01 6.38000E+01
n-Cr000-MT051-Kinney-10413016-ang-E0008.560.1974                 1 4.82000E+01 4.82000E+01
n-Cr000-MT051-Kinney-10413016-ang-E0008.560A001.1974             1 4.82000E+01 4.82000E+01
n-Cr000-MT051-Popov-40101014-ang-E0004.370.1971                 10 3.00000E+01 1.50000E+02
n-Cr000-MT051-Salnikov-40037003-ang-E0014.360.1971               5 3.10000E+01 1.51000E+02
n-Cr000-MT051-Salnikov-40037004-ang-E0014.360.1971               5 3.10000E+01 1.51000E+02
n-Cr000-MT051-Salnikov-40037005-ang-E0014.360.1971               5 3.10000E+01 1.51000E+02
n-Cr000-MT051-Salnikov-40037006-ang-E0014.360.1971               5 3.10000E+01 1.51000E+02
n-Cr000-MT051-Salnikov-40372003-ang-E0002.340.1957               6 3.00041E+01 1.34983E+02
n-Cr000-MT051-Schreder-22121018-ang-E0007.750.1989              21 2.50000E+01 1.24100E+02
n-Cr000-MT051-Smith-13630003-ang-E0004.500.1997                457 1.76600E+01 1.56000E+02
n-Cr000-MT051-Smith-13630004-ang-E0009.800.1997                 31 2.44490E+01 1.57937E+02
n-Cr000-MT051-Smith-13630004-ang-E0009.900.1997                 34 2.36400E+01 1.55540E+02
n-Cr000-MT051-Smith-13630004-ang-E0010.800.1997                 28 2.36400E+01 1.57798E+02
n-Cr000-MT051-Smith-13630004-ang-E0011.400.1997                 28 2.39010E+01 1.57719E+02
n-Cr000-MT051-Smith-13630004-ang-E0012.000.1997                 31 2.41620E+01 1.58302E+02
n-Cr000-MT051-Smith-13630004-ang-E0012.700.1997                 29 2.43460E+01 1.58226E+02
n-Cr000-MT051-Smith-13630004-ang-E0013.700.1997                 29 2.42750E+01 1.58482E+02
n-Cr000-MT051-Smith-13630004-ang-E0014.100.1997                 28 2.42750E+01 1.58743E+02
n-Cr000-MT051-Smith-13630004-ang-E0014.800.1997                 32 2.01490E+01 1.59329E+02
n-Cr000-MT051-Smith-13630004-ang-E0021.600.1997                 32 2.01490E+01 1.59907E+02
n-Cr000-MT051-Stelson-11527013-ang-E0014.000.1965               22 2.54000E+01 1.28900E+02
n-Cr000-MT051-Takahashi-22075217-ang-E0014.100.1987             32 1.50000E+01 1.60000E+02
n-Cr000-MT051-Weddell-11479006-ang-E0004.400.1956                3 9.00000E+01 9.00000E+01
n-Cr000-MT051-Yabuta-22025024-ang-E0014.100.1986                 9 3.00000E+01 1.50000E+02
