#              Filename                                         N    min         max
n-Bi209-MT051-Cranberg-11396025-ang-E0002.450.1956               2 9.00000E+01 9.00000E+01
n-Bi209-MT051-Cranberg-13578004-ang-E0002.500.1967              20 3.27541E+01 1.49769E+02
n-Bi209-MT051-Korzh-40532010-ang-E0002.000.1977                 45 2.00000E+01 1.50000E+02
n-Bi209-MT051-Kuijper-20223010-ang-E0014.760.1972               24 2.30000E+01 1.20100E+02
n-Bi209-MT051-Poenitz-23156039-ang-E0003.990.2011               15 1.34500E+01 1.59610E+02
n-Bi209-MT051-Poenitz-23156041-ang-E0003.990.2011               15 1.35100E+01 1.59680E+02
n-Bi209-MT051-Poole-21377014-ang-E0002.400.1953                  2 9.70000E+01 9.70000E+01
n-Bi209-MT051-Popov-40367015-ang-E0002.900.1957                  2 9.00000E+01 9.00000E+01
n-Bi209-MT051-Popov-40367019-ang-E0002.900.1957                  6 1.20000E+02 1.49986E+02
n-Bi209-MT051-Schectman-11698008-ang-E0014.100.1965              1 9.00000E+01 9.00000E+01
n-Bi209-MT051-Schweitzer-30463059-ang-E0003.400.1978            11 2.49000E+01 1.49900E+02
n-Bi209-MT051-Smith-10010004-ang-E0001.090.1970                 62 3.00000E+01 1.45000E+02
n-Bi209-MT051-Smith-10010006-ang-E0001.020.1970                 66 9.00000E+01 9.00000E+01
n-Bi209-MT051-Tanaka-20337022-ang-E0001.450.1972               117 3.01000E+01 1.47100E+02
n-Bi209-MT051-Tanaka-20337023-ang-E0003.060.1972                13 3.01000E+01 1.47200E+02
n-Bi209-MT051-Tanaka-20337023-ang-E0003.550.1972                13 3.01000E+01 1.47100E+02
n-Bi209-MT051-Thomson-11495059-ang-E0004.000.1963                3 9.00000E+01 9.00000E+01
n-Bi209-MT051-Trykova-40338016-ang-E0004.370.1975                4 6.00000E+01 1.50000E+02
n-Bi209-MT051-Trykova-40338018-ang-E0004.370.1975                5 3.00000E+01 1.50000E+02
n-Bi209-MT051-Wang-12892007-ang-E0007.000.1987                   9 3.00000E+01 1.40000E+02
n-Bi209-MT051-Weddell-11479008-ang-E0004.400.1956                2 8.20000E+01 8.20000E+01
n-Bi209-MT051-Wilenzick-11287049-ang-E0006.040.1965              9 4.00040E+01 1.39996E+02
