#              Filename                                         N    min         max
d-C012-MT600-Allab-D0717002-E0001.386.1970                      22 2.65000E+01 1.57800E+02
d-C012-MT600-Allab-D0717002-E0001.465.1970                      19 2.68000E+01 1.58800E+02
d-C012-MT600-Allab-D0717002-E0001.487.1970                      26 2.67000E+01 1.58700E+02
d-C012-MT600-Allab-D0717002-E0001.587.1970                      21 2.67000E+01 1.58500E+02
d-C012-MT600-Allab-D0717002-E0001.702.1970                      25 2.69000E+01 1.57800E+02
d-C012-MT600-Allab-D0717002-E0001.752.1970                      21 2.71000E+01 1.57900E+02
d-C012-MT600-Allab-D0717002-E0001.806.1970                      19 2.67000E+01 1.71500E+02
d-C012-MT600-Allab-D0717002-E0001.863.1970                      20 2.67000E+01 1.58700E+02
d-C012-MT600-Allab-D0717002-E0001.921.1970                      20 2.70000E+01 1.54400E+02
d-C012-MT600-Balin-D0108002-E0000.500.1982                      38 1.65000E+02 1.65000E+02
d-C012-MT600-Bonner-F0985004-E0004.750.1956                     27 9.28180E+00 1.50190E+02
d-C012-MT600-Borbely-D0659002-E0000.900.1969                   102 9.00000E+01 9.00000E+01
d-C012-MT600-Cords-F1065004-E0005.008.1969                       1 3.00000E+01 1.40000E+02
d-C012-MT600-Cords-F1065004-E0005.009.1969                       2 3.00000E+01 9.00000E+01
d-C012-MT600-Cords-F1065004-E0005.013.1969                       3 7.00000E+01 1.60000E+02
d-C012-MT600-Cords-F1065004-E0005.014.1969                       1 3.00000E+01 7.00000E+01
d-C012-MT600-Cords-F1065004-E0005.022.1969                       1 3.00000E+01 5.00000E+01
d-C012-MT600-Cords-F1065004-E0005.023.1969                       1 5.00000E+01 1.20000E+02
d-C012-MT600-Cords-F1065004-E0005.030.1969                       1 7.00000E+01 1.20000E+02
d-C012-MT600-Cords-F1065004-E0005.031.1969                       1 7.00000E+01 1.40000E+02
d-C012-MT600-Cords-F1065004-E0005.034.1969                       1 1.40000E+02 1.60000E+02
d-C012-MT600-Cords-F1065004-E0005.035.1969                       1 9.00000E+01 1.60000E+02
d-C012-MT600-Cords-F1065004-E0005.036.1969                       1 3.00000E+01 9.00000E+01
d-C012-MT600-Cords-F1065004-E0005.044.1969                       1 3.00000E+01 5.00000E+01
d-C012-MT600-Cords-F1065004-E0005.045.1969                       1 5.00000E+01 1.20000E+02
d-C012-MT600-Cords-F1065004-E0005.057.1969                       2 7.00000E+01 1.60000E+02
d-C012-MT600-Cords-F1065004-E0005.058.1969                       1 7.00000E+01 1.40000E+02
d-C012-MT600-Cords-F1065004-E0005.061.1969                       1 9.00000E+01 1.40000E+02
d-C012-MT600-Cords-F1065004-E0005.062.1969                       1 9.00000E+01 1.40000E+02
d-C012-MT600-Cords-F1065004-E0005.083.1969                       1 3.00000E+01 1.40000E+02
d-C012-MT600-Cords-F1065004-E0005.084.1969                       4 3.00000E+01 1.20000E+02
d-C012-MT600-Cords-F1065004-E0005.085.1969                       1 5.00000E+01 1.60000E+02
d-C012-MT600-Cords-F1065004-E0005.088.1969                       1 5.00000E+01 1.60000E+02
d-C012-MT600-Cords-F1065004-E0005.102.1969                       1 3.00000E+01 5.00000E+01
d-C012-MT600-Cords-F1065004-E0005.106.1969                       1 3.00000E+01 1.20000E+02
d-C012-MT600-Cords-F1065004-E0005.110.1969                       3 7.00000E+01 1.60000E+02
d-C012-MT600-Cords-F1065004-E0005.111.1969                       2 5.00000E+01 9.00000E+01
d-C012-MT600-Cords-F1065004-E0005.124.1969                       1 3.00000E+01 5.00000E+01
d-C012-MT600-Cords-F1065004-E0005.128.1969                       2 3.00000E+01 1.40000E+02
d-C012-MT600-Cords-F1065004-E0005.132.1969                       2 7.00000E+01 1.60000E+02
d-C012-MT600-Cords-F1065004-E0005.133.1969                       2 3.00000E+01 9.00000E+01
d-C012-MT600-Cords-F1065004-E0005.142.1969                       1 3.00000E+01 5.00000E+01
d-C012-MT600-Cords-F1065004-E0005.146.1969                       1 5.00000E+01 1.40000E+02
d-C012-MT600-Cords-F1065004-E0005.158.1969                       1 1.20000E+02 1.40000E+02
d-C012-MT600-Cords-F1065004-E0005.159.1969                       1 5.00000E+01 1.20000E+02
d-C012-MT600-Cords-F1065004-E0005.160.1969                       2 5.00000E+01 1.60000E+02
d-C012-MT600-Cords-F1065004-E0005.163.1969                       1 3.00000E+01 1.60000E+02
d-C012-MT600-Cords-F1065004-E0005.164.1969                       1 3.00000E+01 9.00000E+01
d-C012-MT600-Csedreki-D4300006-E0000.740.2014                  119 1.35000E+02 1.35000E+02
d-C012-MT600-Debras-D0144003-E0000.528.1977                    125 1.35000E+02 1.35000E+02
d-C012-MT600-Duhamel-D0228014-E0080.200.1971                    35 1.12000E+01 4.33000E+01
d-C012-MT600-Fetscher-O2261002-E0051.000.1970                   54 2.10003E+00 1.59800E+02
d-C012-MT600-Gallmann-F0276004-E0001.200.1966                   16 9.80000E+00 1.61500E+02
d-C012-MT600-Gallmann-F0276004-E0001.300.1966                   14 9.80000E+00 1.38300E+02
d-C012-MT600-Gallmann-F0276004-E0001.700.1966                   16 1.03000E+01 1.59900E+02
d-C012-MT600-Gallmann-F0276004-E0002.500.1966                   16 1.03000E+01 1.59600E+02
d-C012-MT600-Gallmann-F0276004-E0004.000.1966                   27 9.90000E+00 1.69900E+02
d-C012-MT600-Gallmann-F0276004-E0004.500.1966                   16 9.90000E+00 1.59900E+02
d-C012-MT600-Gerke-F1090003-E0002.604.1966                       1 3.00000E+01 9.00000E+01
d-C012-MT600-Gerke-F1090003-E0002.605.1966                       1 9.00000E+01 9.00000E+01
d-C012-MT600-Gmur-F1153002-E0002.260.1974                       16 1.30000E+01 1.62100E+02
d-C012-MT600-Gmur-F1153002-E0002.300.1974                       16 1.33000E+01 1.66000E+02
d-C012-MT600-Gmur-F1153002-E0002.340.1974                       16 1.33000E+01 1.63400E+02
d-C012-MT600-Gmur-F1153002-E0002.380.1974                       16 1.28000E+01 1.64100E+02
d-C012-MT600-Gmur-F1153002-E0002.420.1974                       15 1.28000E+01 1.62800E+02
d-C012-MT600-Gmur-F1153002-E0002.460.1974                       16 1.42000E+01 1.63500E+02
d-C012-MT600-Gonchar-D8014004-E0019.000.1969                    62 1.00000E+01 1.25000E+02
d-C012-MT600-Guratzsch-O1242002-E0004.500.1969                  20 2.63000E+01 1.68000E+02
d-C012-MT600-Hosono-E2268002-E0014.600.1968                    197 1.17000E+01 1.47500E+02
d-C012-MT600-Hosono-E2268003-E0012.350.1968                      5 2.05000E+01 6.13000E+01
d-C012-MT600-Hosono-E2268003-E0012.790.1968                      5 2.04000E+01 6.09000E+01
d-C012-MT600-Hosono-E2268003-E0013.000.1968                      5 1.98000E+01 6.18000E+01
d-C012-MT600-Hosono-E2268003-E0013.090.1968                      5 1.89000E+01 6.00000E+01
d-C012-MT600-Hosono-E2268003-E0013.310.1968                      5 1.89000E+01 5.95000E+01
d-C012-MT600-Hosono-E2268003-E0013.430.1968                      5 1.80000E+01 5.84000E+01
d-C012-MT600-Hosono-E2268003-E0013.780.1968                      5 1.71000E+01 5.94000E+01
d-C012-MT600-Hosono-E2268003-E0013.890.1968                      5 1.71000E+01 5.79000E+01
d-C012-MT600-Hosono-E2268003-E0014.080.1968                      5 1.96000E+01 6.01000E+01
d-C012-MT600-Hosono-E2268003-E0014.340.1968                      5 1.99000E+01 5.89000E+01
d-C012-MT600-Hosono-E2268003-E0014.480.1968                      5 1.34000E+01 5.99000E+01
d-C012-MT600-Hosono-E2268003-E0014.600.1968                     11 1.34000E+01 6.08000E+01
d-C012-MT600-Hosono-E2268003-E0014.680.1968                      5 2.03000E+01 5.99000E+01
d-C012-MT600-HuangBingyinn-C0201013-E0003.700.1974              19 1.50000E+01 1.50000E+02
d-C012-MT600-Huez-O2051002-E0000.390.1972                      191 1.30000E+02 1.60000E+02
d-C012-MT600-Kashy-C1007003-E0000.744.1960                       1 4.76000E+01 1.58400E+02
d-C012-MT600-Kashy-C1007003-E0000.749.1960                       1 1.58400E+02 1.58400E+02
d-C012-MT600-Klyucharev-F1009002-E0000.885.1966                  1 1.50000E+01 9.00000E+01
d-C012-MT600-Klyucharev-F1009002-E0000.885A001.1966              1 1.50000E+01 1.65000E+02
d-C012-MT600-Klyucharev-F1009002-E0000.888.1966                  1 1.50000E+01 1.65000E+02
d-C012-MT600-Klyucharev-F1009002-E0000.939.1966                  1 1.50000E+01 9.00000E+01
d-C012-MT600-Klyucharev-F1009002-E0000.941.1966                  1 9.00000E+01 1.65000E+02
d-C012-MT600-Klyucharev-F1009002-E0000.941A001.1966              1 9.00000E+01 1.65000E+02
d-C012-MT600-Klyucharev-F1009002-E0000.987.1966                  1 1.50000E+01 9.00000E+01
d-C012-MT600-Klyucharev-F1009002-E0000.990.1966                  1 1.50000E+01 1.65000E+02
d-C012-MT600-Klyucharev-F1009002-E0000.992.1966                  1 1.65000E+02 1.65000E+02
d-C012-MT600-Kokkoris-D0368002-E0000.897.2006                  360 1.35000E+02 1.70000E+02
d-C012-MT600-Lambert-D0679003-E0001.009.1966                     2 8.93000E+01 1.42000E+02
d-C012-MT600-Lambert-D0679003-E0001.010.1966                     1 7.50000E+01 1.42000E+02
d-C012-MT600-Lambert-D0679003-E0001.013.1966                     2 7.50000E+01 1.03400E+02
d-C012-MT600-Lambert-D0679003-E0001.020.1966                     1 1.03300E+02 1.16900E+02
d-C012-MT600-Lambert-D0679003-E0001.021.1966                     1 4.65000E+01 1.16900E+02
d-C012-MT600-Lambert-D0679003-E0001.023.1966                     1 4.65000E+01 8.93000E+01
d-C012-MT600-Lambert-D0679003-E0001.024.1966                     1 7.50000E+01 8.93000E+01
d-C012-MT600-Lambert-D0679003-E0001.025.1966                     1 7.50000E+01 1.42000E+02
d-C012-MT600-Lambert-D0679003-E0001.029.1966                     1 4.65000E+01 1.42000E+02
d-C012-MT600-Lambert-D0679003-E0001.031.1966                     1 4.65000E+01 7.49000E+01
d-C012-MT600-Lambert-D0679003-E0001.037.1966                     1 7.49000E+01 1.16900E+02
d-C012-MT600-Lambert-D0679003-E0001.038.1966                     2 8.93000E+01 1.29900E+02
d-C012-MT600-Lambert-D0679003-E0001.040.1966                     1 4.65000E+01 8.93000E+01
d-C012-MT600-Lambert-D0679003-E0001.043.1966                     2 4.65000E+01 1.60900E+02
d-C012-MT600-Lambert-D0679003-E0001.044.1966                     1 1.03300E+02 1.60900E+02
d-C012-MT600-Lambert-D0679003-E0001.048.1966                     1 8.93000E+01 1.03300E+02
d-C012-MT600-Lambert-D0679003-E0001.049.1966                     1 8.93000E+01 1.16900E+02
d-C012-MT600-Lambert-D0679003-E0001.051.1966                     1 1.16900E+02 1.60900E+02
d-C012-MT600-Lambert-D0679003-E0001.056.1966                     1 7.49000E+01 1.60900E+02
d-C012-MT600-Lambert-D0679003-E0001.058.1966                     1 7.49000E+01 8.93000E+01
d-C012-MT600-Lambert-D0679003-E0001.059.1966                     3 8.93000E+01 1.42000E+02
d-C012-MT600-Lambert-D0679003-E0001.061.1966                     1 4.65000E+01 1.03300E+02
d-C012-MT600-Lambert-D0679003-E0001.063.1966                     1 4.65000E+01 1.42000E+02
d-C012-MT600-Lambert-D0679003-E0001.064.1966                     1 1.29900E+02 1.42000E+02
d-C012-MT600-Lambert-D0679003-E0001.065.1966                     1 7.49000E+01 1.29900E+02
d-C012-MT600-Lambert-D0679003-E0001.067.1966                     1 7.49000E+01 1.16900E+02
d-C012-MT600-Lambert-D0679003-E0001.074.1966                     1 1.16900E+02 1.16900E+02
d-C012-MT600-Lang-F0552002-E0012.000.1988                      224 1.47000E+01 1.65000E+02
d-C012-MT600-MaoZhenlinn-S0003019-E0005.030.1972                19 1.50000E+01 1.59900E+02
d-C012-MT600-Mcellistrem-C0993004-E0001.857.1956                26 9.20003E+00 1.55500E+02
d-C012-MT600-Mcellistrem-C0993004-E0002.205.1956                27 1.04000E+01 1.56200E+02
d-C012-MT600-Mcellistrem-C0993004-E0002.305.1956                18 9.90000E+00 1.65700E+02
d-C012-MT600-Mcellistrem-C0993004-E0002.519.1956                21 9.90000E+00 1.56400E+02
d-C012-MT600-Mcellistrem-C0993004-E0002.666.1956                19 1.09000E+01 1.62800E+02
d-C012-MT600-Mcellistrem-C0993004-E0002.748.1956                20 1.08000E+01 1.62900E+02
d-C012-MT600-Mcellistrem-C0993004-E0002.872.1956                20 1.05000E+01 1.61800E+02
d-C012-MT600-Mcellistrem-C0993004-E0003.019.1956                23 1.05000E+01 1.58300E+02
d-C012-MT600-Mcellistrem-C0993004-E0003.257.1956                17 1.08000E+01 1.53300E+02
d-C012-MT600-Mcellistrem-C0993006-E0001.856.1956               462 2.38000E+01 2.38000E+01
d-C012-MT600-Morita-E2214002-E0014.900.1960                     23 1.41000E+01 1.64700E+02
d-C012-MT600-Morita-E2214003-E0016.600.1960                     23 1.43000E+01 1.64600E+02
d-C012-MT600-Morita-E2214004-E0018.100.1960                     23 1.50000E+01 1.65000E+02
d-C012-MT600-Morita-E2214005-E0019.600.1960                     22 1.60000E+01 1.64800E+02
d-C012-MT600-Pachecode-D0199002-E0000.810.2008                 154 1.35000E+02 1.65000E+02
d-C012-MT600-Putt-F1079004-E0000.410.1971                       14 1.99000E+01 1.49700E+02
d-C012-MT600-Putt-F1079005-E0000.510.1971                       14 1.99000E+01 1.49500E+02
d-C012-MT600-Schmidtrohr-F0144007-E0011.800.1964                63 1.07000E+01 1.65600E+02
d-C012-MT600-Takai-E0061004-E0009.000.1977                     170 1.04000E+01 1.61400E+02
d-C012-MT600-Vandantzig-O1735005-E0030.247.1963                 52 3.10009E+00 1.60500E+02
