#              Filename                                         N    min         max
n-Fe057-MT151-Beer-203740151.1975                               19 2.91500E-02 1.89500E-01
n-Fe057-MT151-Beer-203740152.1975                               19 2.91500E-02 1.89500E-01
n-Fe057-MT151-Beer-203740154.1975                                7 2.91500E-02 1.10150E-01
n-Fe057-MT151-Beer-203740155.1975                               19 2.91500E-02 1.89500E-01
n-Fe057-MT151-Beer-203740161.1975                               27 7.17000E-03 1.19200E-01
n-Fe057-MT151-Beer-20374044.1975                                 1 5.40000E-02 5.40000E-02
n-Fe057-MT151-Bilpuch-115990171.1961                             1 6.00000E-03 6.00000E-03
n-Fe057-MT151-Bilpuch-115990172.1961                             1 6.00000E-03 6.00000E-03
n-Fe057-MT151-Garg-101720531.1971                                1 6.28000E-03 6.28000E-03
n-Fe057-MT151-Garg-101720531A001.1971                            1 6.28000E-03 6.28000E-03
n-Fe057-MT151-Garg-101720532.1971                                1 6.28000E-03 6.28000E-03
n-Fe057-MT151-Garg-101720532A001.1971                            1 6.28000E-03 6.28000E-03
n-Fe057-MT151-Garg-101720533.1971                                1 6.28000E-03 6.28000E-03
n-Fe057-MT151-Garg-101720533A001.1971                            1 6.28000E-03 6.28000E-03
n-Fe057-MT151-Gayther-213140052.1980                             2 3.89050E-03 6.20990E-03
n-Fe057-MT151-Gayther-213140053.1980                             5 7.22170E-03 2.12570E-02
n-Fe057-MT151-Gayther-213140054.1980                             2 3.89050E-03 6.20990E-03
n-Fe057-MT151-Gayther-213140055.1980                             2 3.89050E-03 6.20990E-03
n-Fe057-MT151-Giubrone-237340331.2014                          116 1.63000E-03 1.98805E-01
n-Fe057-MT151-Good-116260061.1966                                5 3.87000E-03 4.55000E-02
n-Fe057-MT151-Good-116260063.1966                                5 3.87000E-03 4.55000E-02
n-Fe057-MT151-Good-116260064.1966                                3 3.87000E-03 2.87000E-02
n-Fe057-MT151-Good-11626014.1966                                 1 2.85000E-02 2.85000E-02
n-Fe057-MT151-Hockenbury-100010071.1969                          9 1.63000E-03 4.00000E-02
n-Fe057-MT151-Hockenbury-100010071A001.1969                      9 1.63000E-03 4.00000E-02
n-Fe057-MT151-Hockenbury-100010171.1969                          3 3.96000E-03 2.90000E-02
n-Fe057-MT151-Hockenbury-100010171A001.1969                      3 3.96000E-03 2.90000E-02
n-Fe057-MT151-Hockenbury-100010172.1969                          3 3.96000E-03 2.90000E-02
n-Fe057-MT151-Hockenbury-100010172A001.1969                      3 3.96000E-03 2.90000E-02
n-Fe057-MT151-Litvinskij-322340071.1994                          1 4.10700E-03 4.10700E-03
n-Fe057-MT151-Macklin-115750121.1964                             1 2.70000E-02 2.70000E-02
n-Fe057-MT151-Macklin-115750122.1964                             1 2.70000E-02 2.70000E-02
n-Fe057-MT151-Macklin-115750123.1964                             1 2.70000E-02 2.70000E-02
n-Fe057-MT151-Macklin-115750124.1964                             1 2.70000E-02 2.70000E-02
n-Fe057-MT151-Macklin-115750131.1964                             3 1.27000E-02 2.05000E-02
n-Fe057-MT151-Miller-110070081.1959                              3 3.90000E-03 1.27000E-02
n-Fe057-MT151-Miller-110070081A001.1959                          3 3.90000E-03 1.27000E-02
n-Fe057-MT151-Miller-110070082.1959                              2 3.90000E-03 6.10000E-03
n-Fe057-MT151-Miller-110070082A001.1959                          2 3.90000E-03 6.10000E-03
n-Fe057-MT151-Miller-110070083.1959                              2 3.90000E-03 6.10000E-03
n-Fe057-MT151-Miller-110070083A001.1959                          2 3.90000E-03 6.10000E-03
n-Fe057-MT151-Moxon-20828005.1978                                2 3.95470E-03 6.22270E-03
n-Fe057-MT151-Moxon-214930041.1965                               4 4.00000E-03 1.75000E-02
n-Fe057-MT151-Rohr-20159003.1969                                19 2.91500E-02 1.89500E-01
n-Fe057-MT151-Rohr-20159007.1969                                19 2.91500E-02 1.89500E-01
n-Fe057-MT151-Rohr-20159008.1969                                 2 1.00000E-01 1.00000E-01
n-Fe057-MT151-Rohr-20159009.1969                                 5 1.00000E-01 1.00000E-01
n-Fe057-MT151-Rohr-217940022.1982                                1 1.63000E-03 1.63000E-03
n-Fe057-MT151-Rohr-217940023.1982                                1 1.63000E-03 1.63000E-03
n-Fe057-MT151-Rohr-217940031.1982                              118 3.96400E-03 2.00100E-01
n-Fe057-MT151-Rohr-217940033.1982                               24 4.75300E-03 1.13580E-01
n-Fe057-MT151-Rohr-217940034.1982                               73 6.21500E-03 2.00100E-01
n-Fe057-MT151-Slaughter-109120021.1974                           6 3.97300E-03 4.71600E-02
n-Fe057-MT151-Slaughter-109120021A001.1974                       6 3.97300E-03 4.71600E-02
n-Fe057-MT151-Slaughter-109120022.1974                           6 3.97300E-03 4.71600E-02
n-Fe057-MT151-Slaughter-109120022A001.1974                       6 3.97300E-03 4.71600E-02
n-Fe057-MT151-Slaughter-109120023.1974                           6 3.97300E-03 4.71600E-02
n-Fe057-MT151-Slaughter-109120023A001.1974                       6 3.97300E-03 4.71600E-02
n-Fe057-MT151-Slaughter-109120025.1974                           6 3.97300E-03 4.71600E-02
n-Fe057-MT151-Slaughter-109120025A001.1974                       6 3.97300E-03 4.71600E-02
n-Fe057-MT151-Slaughter-109120027.1974                           4 3.97300E-03 1.97200E-02
n-Fe057-MT151-Slaughter-109120027A001.1974                       4 3.97300E-03 1.97200E-02
n-Fe057-MT151-Slaughter-109120031.1974                          15 1.62800E-03 4.19600E-02
n-Fe057-MT151-Slaughter-109120031A001.1974                      15 1.62800E-03 4.19600E-02
n-Fe057-MT151-Slaughter-109120032.1974                          14 1.62800E-03 4.19600E-02
n-Fe057-MT151-Slaughter-109120032A001.1974                      14 1.62800E-03 4.19600E-02
