#              Filename                                         N    min         max
p-Ni058-MT648-Fujiwara-E1208023-ang-E0065.000.1988              14 7.89998E+00 8.50000E+01
p-Ni058-MT648-Fujiwara-E1208024-ang-E0065.000.1988              18 3.89998E+00 8.50000E+01
p-Ni058-MT648-Fujiwara-E1208025-ang-E0065.000.1988              15 7.89998E+00 8.50000E+01
p-Ni058-MT648-Fujiwara-E1208026-ang-E0065.000.1988              13 1.00000E+01 7.80000E+01
p-Ni058-MT648-Fujiwara-E1208027-ang-E0065.000.1988              19 3.89998E+00 8.51000E+01
p-Ni058-MT648-Fujiwara-E1208028-ang-E0065.000.1988               6 3.89998E+00 2.00000E+01
p-Ni058-MT648-Fujiwara-E1208029-ang-E0065.000.1988              18 3.89998E+00 8.51000E+01
p-Ni058-MT648-Fujiwara-E1208030-ang-E0065.000.1988              16 7.89998E+00 8.51000E+01
p-Ni058-MT648-Fujiwara-E1208031-ang-E0065.000.1988              15 7.89998E+00 8.51000E+01
p-Ni058-MT648-Fujiwara-E1208032-ang-E0065.000.1988               9 1.00000E+01 5.01000E+01
p-Ni058-MT648-Fujiwara-E1208033-ang-E0065.000.1988              17 3.89998E+00 7.80000E+01
p-Ni058-MT648-Fujiwara-E1208034-ang-E0065.000.1988              16 3.89998E+00 7.11000E+01
p-Ni058-MT648-Fujiwara-E1208035-ang-E0065.000.1988              10 1.00000E+01 5.01000E+01
p-Ni058-MT648-Fujiwara-E1208036-ang-E0065.000.1988              13 3.89998E+00 5.01000E+01
p-Ni058-MT648-Fujiwara-E1208037-ang-E0065.000.1988               7 5.90000E+00 2.40000E+01
p-Ni058-MT648-Fujiwara-E1208038-ang-E0065.000.1988               9 3.20000E+01 7.80000E+01
p-Ni058-MT648-Fujiwara-E1208039-ang-E0065.000.1988              14 3.89998E+00 5.01000E+01
p-Ni058-MT648-Fujiwara-E1208040-ang-E0065.000.1988              18 3.89998E+00 8.51000E+01
p-Ni058-MT648-Fujiwara-E1208041-ang-E0065.000.1988              17 3.89998E+00 7.80000E+01
p-Ni058-MT648-Fujiwara-E1208042-ang-E0065.000.1988              12 5.90000E+00 4.51000E+01
p-Ni058-MT648-Fujiwara-E1208043-ang-E0065.000.1988              11 5.90000E+00 4.00000E+01
p-Ni058-MT648-Fujiwara-E1208044-ang-E0065.000.1988              17 3.89998E+00 7.11000E+01
p-Ni058-MT648-Fujiwara-E1208045-ang-E0065.000.1988              16 5.90000E+00 7.11000E+01
p-Ni058-MT648-Fujiwara-E1208046-ang-E0065.000.1988              19 3.89998E+00 8.51000E+01
p-Ni058-MT648-Fujiwara-E1208047-ang-E0065.000.1988              11 3.89998E+00 4.51000E+01
p-Ni058-MT648-Fujiwara-E1208048-ang-E0065.000.1988              10 3.89998E+00 4.51000E+01
p-Ni058-MT648-Fujiwara-E1208049-ang-E0065.000.1988               9 5.90000E+00 3.59000E+01
p-Ni058-MT648-Fujiwara-E1208050-ang-E0065.000.1988              12 3.89998E+00 4.51000E+01
p-Ni058-MT648-Fujiwara-E1208051-ang-E0065.000.1988              17 3.89998E+00 7.80000E+01
p-Ni058-MT648-Fujiwara-E1208052-ang-E0065.000.1988              13 5.90000E+00 5.01000E+01
p-Ni058-MT648-Fujiwara-E1208053-ang-E0065.000.1988              13 5.90000E+00 5.01000E+01
p-Ni058-MT648-Fujiwara-E1208054-ang-E0065.000.1988              12 7.89998E+00 5.01000E+01
p-Ni058-MT648-Fujiwara-E1208055-ang-E0065.000.1988              15 1.00000E+01 8.51000E+01
p-Ni058-MT648-Fujiwara-E1208056-ang-E0065.000.1988               9 1.30000E+01 5.01000E+01
p-Ni058-MT648-Fujiwara-E1208057-ang-E0065.000.1988              11 7.89998E+00 5.01000E+01
p-Ni058-MT648-Fujiwara-E1208058-ang-E0065.000.1988              16 3.89998E+00 6.51000E+01
p-Ni058-MT648-Fujiwara-E1208059-ang-E0065.000.1988               7 3.20000E+01 6.51000E+01
p-Ni058-MT648-Fujiwara-E1208060-ang-E0065.000.1988               9 3.89998E+00 2.80000E+01
p-Ni058-MT648-Fujiwara-E1208061-ang-E0065.000.1988              11 3.89998E+00 3.59000E+01
p-Ni058-MT648-Fujiwara-E1208062-ang-E0065.000.1988              12 3.89998E+00 4.00000E+01
p-Ni058-MT648-Fujiwara-E1208063-ang-E0065.000.1988              12 1.00000E+01 6.51000E+01
p-Ni058-MT648-Fujiwara-E1208064-ang-E0065.000.1988              12 1.00000E+01 6.51000E+01
p-Ni058-MT648-Fujiwara-E1208065-ang-E0065.000.1988              11 1.00000E+01 6.51000E+01
p-Ni058-MT648-Fujiwara-E1208066-ang-E0065.000.1988               9 1.00000E+01 5.00000E+01
p-Ni058-MT648-Fujiwara-E1208067-ang-E0065.000.1988              12 1.00000E+01 6.51000E+01
p-Ni058-MT648-Fujiwara-E1208068-ang-E0065.000.1988              12 1.00000E+01 6.51000E+01
p-Ni058-MT648-Fujiwara-E1208069-ang-E0065.000.1988              11 1.00000E+01 5.71000E+01
p-Ni058-MT648-Fujiwara-E1208070-ang-E0065.000.1988               9 1.00000E+01 5.00000E+01
p-Ni058-MT648-Fujiwara-E1208073-ang-E0065.000.1988              12 1.00000E+01 6.51000E+01
p-Ni058-MT648-Fujiwara-E1208074-ang-E0065.000.1988               8 1.00000E+01 6.51000E+01
p-Ni058-MT648-Fujiwara-E1208075-ang-E0065.000.1988               8 1.00000E+01 4.51000E+01
p-Ni058-MT648-Fujiwara-E1208076-ang-E0065.000.1988              10 1.00000E+01 5.00000E+01
p-Ni058-MT648-Fujiwara-E1208077-ang-E0065.000.1988               6 1.00000E+01 3.20000E+01
p-Ni058-MT648-Fujiwara-E1208078-ang-E0065.000.1988              12 1.00000E+01 6.51000E+01
p-Ni058-MT648-Fujiwara-E1208079-ang-E0065.000.1988              10 1.00000E+01 6.51000E+01
p-Ni058-MT648-Fujiwara-E1208080-ang-E0065.000.1988               7 1.00000E+01 3.60000E+01
p-Ni058-MT648-Fujiwara-E1208081-ang-E0065.000.1988              11 1.00000E+01 5.71000E+01
p-Ni058-MT648-Fujiwara-E1208082-ang-E0065.000.1988               8 2.01000E+01 5.71000E+01
p-Ni058-MT648-Fujiwara-E1208083-ang-E0065.000.1988               5 1.00000E+01 2.80000E+01
p-Ni058-MT648-Fujiwara-E1208084-ang-E0065.000.1988              10 1.30000E+01 6.51000E+01
p-Ni058-MT648-Fujiwara-E1208085-ang-E0065.000.1988              11 1.00000E+01 6.51000E+01
p-Ni058-MT648-Fujiwara-E1208086-ang-E0065.000.1988               6 3.60000E+01 6.51000E+01
p-Ni058-MT648-Fujiwara-E1208087-ang-E0065.000.1988              11 1.00000E+01 5.71000E+01
p-Ni058-MT648-Fujiwara-E1208088-ang-E0065.000.1988              12 1.00000E+01 6.51000E+01
p-Ni058-MT648-Fujiwara-E1208089-ang-E0065.000.1988              11 1.00000E+01 5.71000E+01
p-Ni058-MT648-Fujiwara-E1208090-ang-E0065.000.1988               7 1.00000E+01 5.71000E+01
p-Ni058-MT648-Fujiwara-E1208091-ang-E0065.000.1988              12 1.00000E+01 6.51000E+01
p-Ni058-MT648-Fujiwara-E1208092-ang-E0065.000.1988              11 1.00000E+01 6.51000E+01
p-Ni058-MT648-Fujiwara-E1208093-ang-E0065.000.1988              11 1.00000E+01 5.71000E+01
p-Ni058-MT648-Fujiwara-E1208094-ang-E0065.000.1988               6 3.20000E+01 6.51000E+01
p-Ni058-MT648-Fujiwara-E1208095-ang-E0065.000.1988              12 1.00000E+01 6.51000E+01
p-Ni058-MT648-Fujiwara-E1208096-ang-E0065.000.1988               9 1.00000E+01 6.51000E+01
p-Ni058-MT648-Fujiwara-E1208097-ang-E0065.000.1988               8 2.80000E+01 6.51000E+01
p-Ni058-MT648-Fujiwara-E1208098-ang-E0065.000.1988               9 2.01000E+01 6.51000E+01
p-Ni058-MT648-Fujiwara-E1208099-ang-E0065.000.1988              10 1.00000E+01 5.71000E+01
p-Ni058-MT648-Fujiwara-E1208100-ang-E0065.000.1988              10 1.00000E+01 6.51000E+01
p-Ni058-MT648-Fujiwara-E1208101-ang-E0065.000.1988               9 1.30000E+01 5.71000E+01
p-Ni058-MT648-Fujiwara-E1208102-ang-E0065.000.1988              12 5.90000E+00 5.01000E+01
p-Ni058-MT648-Fujiwara-E1208103-ang-E0065.000.1988              12 1.00000E+01 6.51000E+01
p-Ni058-MT648-Fujiwara-E1208104-ang-E0065.000.1988              11 1.30000E+01 6.51000E+01
p-Ni058-MT648-Fujiwara-E1208105-ang-E0065.000.1988              13 5.90000E+00 6.51000E+01
p-Ni058-MT648-Fujiwara-E1208106-ang-E0065.000.1988              11 1.00000E+01 5.71000E+01
p-Ni058-MT648-Fujiwara-E1208107-ang-E0065.000.1988              11 1.00000E+01 6.51000E+01
p-Ni058-MT648-Fujiwara-E1208108-ang-E0065.000.1988              10 1.00000E+01 5.00000E+01
p-Ni058-MT648-Fujiwara-E1208109-ang-E0065.000.1988               9 1.00000E+01 5.71000E+01
p-Ni058-MT648-Fujiwara-E1208110-ang-E0065.000.1988              10 1.00000E+01 6.51000E+01
p-Ni058-MT648-Fujiwara-E1208111-ang-E0065.000.1988              10 1.00000E+01 6.51000E+01
p-Ni058-MT648-Fujiwara-E1208112-ang-E0065.000.1988               9 1.00000E+01 6.51000E+01
p-Ni058-MT648-Fujiwara-E1208113-ang-E0065.000.1988              12 1.00000E+01 6.51000E+01
p-Ni058-MT648-Fujiwara-E1208115-ang-E0065.000.1988              12 1.00000E+01 1.00000E+01
p-Ni058-MT648-Fujiwara-E1696007-ang-E0065.000.1983              12 7.49999E+00 4.95000E+01
p-Ni058-MT648-Fujiwara-E1696008-ang-E0065.000.1983              12 5.60000E+00 4.91000E+01
p-Ni058-MT648-Hosono-E1195004-ang-E0065.000.1986                11 1.09000E+01 4.79000E+01
p-Ni058-MT648-Hosono-E1195006-ang-E0065.000.1986                10 1.22000E+01 4.81000E+01
p-Ni058-MT648-Hosono-E1195008-ang-E0065.000.1986                10 1.27000E+01 4.87000E+01
p-Ni058-MT648-Hosono-E1195012-ang-E0065.000.1986                10 1.24000E+01 4.82000E+01
p-Ni058-MT648-Hosono-E1195014-ang-E0065.000.1986                 9 1.32000E+01 4.90000E+01
