#              Filename                                         N    min         max
n-Gd000-MT102-Block-11935013.1961                               41 2.00000E-04 7.30000E-03
n-Gd000-MT102-Drake-10193002.1971                                1 1.40000E+01 1.40000E+01
n-Gd000-MT102-Drake-10193002A001.1971                            1 1.40000E+01 1.40000E+01
n-Gd000-MT102-Fink-13845010.1936                                 1 2.53000E-08 2.53000E-08
n-Gd000-MT102-Fricke-10049003.1970                              89 1.00500E-03 7.52000E-01
n-Gd000-MT102-Fricke-10049003A001.1970                          89 1.00500E-03 7.52000E-01
n-Gd000-MT102-Gibbons-11329043.1961                              3 3.00000E-02 1.67000E-01
n-Gd000-MT102-Gibbons-11329052.1961                             54 7.50000E-03 1.67500E-01
n-Gd000-MT102-Leconte-23190002.2012                              1 2.53000E-08 2.53000E-08
n-Gd000-MT102-Lepine-30233004.1972                               4 3.00000E-02 3.00000E-01
n-Gd000-MT102-Meadows-11028021.1961                              1 2.53000E-08 2.53000E-08
n-Gd000-MT102-Meadows-11028021A001.1961                          1 2.53000E-08 2.53000E-08
n-Gd000-MT102-Mughabghab-V10022301.2006                          1 2.53000E-08 2.53000E-08
n-Gd000-MT102-Poenitz-12832012.1982                             13 5.00000E-01 4.00000E+00
n-Gd000-MT102-Sokolowski-20077010.1964                           1 2.53000E-08 2.53000E-08
n-Gd000-MT102-Sokolowski-20077011.1964                           1 2.53000E-08 2.53000E-08
n-Gd000-MT102-Tattersall-20638078.1960                           1 2.53000E-08 2.53000E-08
n-Gd000-MT102-Voignier-22006009.1992                             3 5.00000E-01 2.50000E+00
n-Gd000-MT102-XiangZhengyuu-32507003.1988                        6 5.60000E-01 1.61000E+00
