#              Filename                                         N    min         max
p-F019-MT002-Caciolli-O1409002-ang-E0003.009.2006              163 1.50000E+02 1.50000E+02
p-F019-MT002-Crawley-C0828004-ang-E0017.500.1968                15 1.50000E+01 1.30000E+02
p-F019-MT002-Dearnaley-D0319002-ang-E0000.507.1956            1500 1.58700E+02 1.58700E+02
p-F019-MT002-Fabrici-O1198003-ang-E0035.200.1980                31 1.70000E+01 1.70000E+02
p-F019-MT002-Kuan-F0970002-ang-E0005.649.1972                    1 1.47800E+02 1.68000E+02
p-F019-MT002-Kuan-F0970002-ang-E0005.649A001.1972                1 1.22900E+02 1.47800E+02
p-F019-MT002-Kuan-F0970002-ang-E0005.649A002.1972                1 8.70000E+01 1.22900E+02
p-F019-MT002-Kuan-F0970002-ang-E0005.650.1972                    1 8.70000E+01 1.68000E+02
p-F019-MT002-Kuan-F0970002-ang-E0005.653.1972                    1 1.22900E+02 1.68000E+02
p-F019-MT002-Kuan-F0970002-ang-E0005.653A001.1972                1 1.22900E+02 1.47800E+02
p-F019-MT002-Kuan-F0970002-ang-E0005.653A002.1972                1 8.70000E+01 1.47800E+02
p-F019-MT002-Kuan-F0970002-ang-E0005.654.1972                    1 8.70000E+01 1.68000E+02
p-F019-MT002-Kuan-F0970002-ang-E0005.656.1972                    1 1.47800E+02 1.68000E+02
p-F019-MT002-Kuan-F0970002-ang-E0005.657.1972                    1 1.22900E+02 1.47800E+02
p-F019-MT002-Kuan-F0970002-ang-E0005.657A001.1972                1 8.70000E+01 1.22900E+02
p-F019-MT002-Kuan-F0970002-ang-E0005.658.1972                    1 8.70000E+01 1.68000E+02
p-F019-MT002-Kuan-F0970002-ang-E0005.660.1972                    1 1.47800E+02 1.68000E+02
p-F019-MT002-Kuan-F0970002-ang-E0005.661.1972                    1 1.22900E+02 1.47800E+02
p-F019-MT002-Kuan-F0970002-ang-E0005.661A001.1972                1 8.70000E+01 1.22900E+02
p-F019-MT002-Kuan-F0970002-ang-E0005.662.1972                    1 8.70000E+01 1.47800E+02
p-F019-MT002-Kuan-F0970002-ang-E0005.665.1972                    2 8.70000E+01 1.68000E+02
p-F019-MT002-Kuan-F0970002-ang-E0005.666.1972                    1 8.70000E+01 1.22900E+02
p-F019-MT002-Kuan-F0970002-ang-E0005.666A001.1972                1 1.22900E+02 1.68000E+02
p-F019-MT002-Kuan-F0970002-ang-E0005.668.1972                    1 1.47800E+02 1.68000E+02
p-F019-MT002-Kuan-F0970002-ang-E0005.669.1972                    1 1.22900E+02 1.47800E+02
p-F019-MT002-Kuan-F0970002-ang-E0005.669A001.1972                1 8.70000E+01 1.22900E+02
p-F019-MT002-Kuan-F0970002-ang-E0005.670.1972                    1 8.70000E+01 1.47800E+02
p-F019-MT002-Kuan-F0970002-ang-E0005.673.1972                    2 1.22900E+02 1.68000E+02
p-F019-MT002-Kuan-F0970002-ang-E0005.673A001.1972                1 8.70000E+01 1.22900E+02
p-F019-MT002-Kuan-F0970002-ang-E0005.673A002.1972                1 8.70000E+01 1.47800E+02
p-F019-MT002-Kuan-F0970002-ang-E0005.677.1972                    1 1.22900E+02 1.47800E+02
p-F019-MT002-Kuan-F0970002-ang-E0005.677A001.1972                2 8.70000E+01 1.68000E+02
p-F019-MT002-Kuan-F0970002-ang-E0005.677A002.1972                1 8.70000E+01 1.68000E+02
p-F019-MT002-Kuan-F0970002-ang-E0005.681.1972                    1 1.47800E+02 1.68000E+02
p-F019-MT002-Kuan-F0970002-ang-E0005.681A001.1972                1 1.22900E+02 1.47800E+02
p-F019-MT002-Kuan-F0970002-ang-E0005.682.1972                    1 8.70000E+01 1.22900E+02
p-F019-MT002-Kuan-F0970002-ang-E0005.682A001.1972                1 8.70000E+01 1.47800E+02
p-F019-MT002-Kuan-F0970002-ang-E0005.685.1972                    2 8.70000E+01 1.68000E+02
p-F019-MT002-Kuan-F0970002-ang-E0005.686.1972                    2 8.70000E+01 1.22900E+02
p-F019-MT002-Kuan-F0970002-ang-E0005.689.1972                    3 8.70000E+01 1.68000E+02
p-F019-MT002-Kuan-F0970002-ang-E0005.689A001.1972                1 8.70000E+01 1.68000E+02
p-F019-MT002-Kuan-F0970002-ang-E0005.692.1972                    1 1.22900E+02 1.68000E+02
p-F019-MT002-Kuan-F0970002-ang-E0005.694.1972                    1 8.70000E+01 1.22900E+02
p-F019-MT002-Kuan-F0970002-ang-E0005.694A001.1972                2 8.70000E+01 1.68000E+02
p-F019-MT002-Kuan-F0970002-ang-E0005.697.1972                    1 1.47800E+02 1.68000E+02
p-F019-MT002-Kuan-F0970002-ang-E0005.697A001.1972                1 1.22900E+02 1.47800E+02
p-F019-MT002-Kuan-F0970002-ang-E0005.698.1972                    1 8.70000E+01 1.22900E+02
p-F019-MT002-Kuan-F0970002-ang-E0005.698A001.1972                1 8.70000E+01 1.47800E+02
p-F019-MT002-Kuan-F0970002-ang-E0005.701.1972                    2 8.70000E+01 1.68000E+02
p-F019-MT002-Kuan-F0970002-ang-E0005.701A001.1972                1 8.70000E+01 1.22900E+02
p-F019-MT002-Kuan-F0970002-ang-E0005.701A002.1972                1 1.22900E+02 1.68000E+02
p-F019-MT002-Kuan-F0970002-ang-E0005.704.1972                    1 1.47800E+02 1.68000E+02
p-F019-MT002-Kuan-F0970002-ang-E0005.705.1972                    1 1.22900E+02 1.47800E+02
p-F019-MT002-Kuan-F0970002-ang-E0005.705A001.1972                1 8.70000E+01 1.22900E+02
p-F019-MT002-Kuan-F0970002-ang-E0005.706.1972                    1 8.70000E+01 1.68000E+02
p-F019-MT002-Kuan-F0970002-ang-E0005.708.1972                    1 1.22900E+02 1.68000E+02
p-F019-MT002-Kuan-F0970002-ang-E0005.709.1972                    2 8.70000E+01 1.47800E+02
p-F019-MT002-Kuan-F0970002-ang-E0005.711.1972                    1 8.70000E+01 1.68000E+02
p-F019-MT002-Kuan-F0970002-ang-E0005.712.1972                    1 1.47800E+02 1.68000E+02
p-F019-MT002-Kuan-F0970002-ang-E0005.713.1972                    1 1.22900E+02 1.47800E+02
p-F019-MT002-Kuan-F0970002-ang-E0005.713A001.1972                1 1.22900E+02 1.47800E+02
p-F019-MT002-Kuan-F0970002-ang-E0005.716.1972                    2 1.22900E+02 1.68000E+02
p-F019-MT002-Kuan-F0970002-ang-E0005.718.1972                    1 8.70000E+01 1.22900E+02
p-F019-MT002-Kuan-F0970002-ang-E0005.718A001.1972                1 8.70000E+01 1.68000E+02
p-F019-MT002-Kuan-F0970002-ang-E0005.720.1972                    1 1.22900E+02 1.68000E+02
p-F019-MT002-Kuan-F0970002-ang-E0005.720A001.1972                2 8.70000E+01 1.47800E+02
p-F019-MT002-Kuan-F0970002-ang-E0005.721.1972                    1 8.70000E+01 1.68000E+02
p-F019-MT002-Kuan-F0970002-ang-E0005.724.1972                    1 1.22900E+02 1.68000E+02
p-F019-MT002-Kuan-F0970002-ang-E0005.724A001.1972                1 1.22900E+02 1.47800E+02
p-F019-MT002-Kuan-F0970002-ang-E0005.725.1972                    1 8.70000E+01 1.47800E+02
p-F019-MT002-Kuan-F0970002-ang-E0005.726.1972                    1 8.70000E+01 1.68000E+02
p-F019-MT002-Kuan-F0970002-ang-E0005.731.1972                    1 1.22900E+02 1.68000E+02
p-F019-MT002-Kuan-F0970002-ang-E0005.733.1972                    1 8.70000E+01 1.22900E+02
p-F019-MT002-Kuan-F0970002-ang-E0005.733A001.1972                1 8.70000E+01 1.47800E+02
p-F019-MT002-Kuan-F0970002-ang-E0005.734.1972                    1 1.47800E+02 1.68000E+02
p-F019-MT002-Kuan-F0970002-ang-E0005.735.1972                    1 1.22900E+02 1.68000E+02
p-F019-MT002-Kuan-F0970002-ang-E0005.736.1972                    2 8.70000E+01 1.47800E+02
p-F019-MT002-Kuan-F0970002-ang-E0005.738.1972                    1 8.70000E+01 1.68000E+02
p-F019-MT002-Kuan-F0970002-ang-E0005.738A001.1972                1 1.22900E+02 1.68000E+02
p-F019-MT002-Kuan-F0970002-ang-E0005.739.1972                    1 1.22900E+02 1.47800E+02
p-F019-MT002-Kuan-F0970002-ang-E0005.739A001.1972                1 8.70000E+01 1.47800E+02
p-F019-MT002-Kuan-F0970002-ang-E0005.740.1972                    1 8.70000E+01 1.22900E+02
p-F019-MT002-Kuan-F0970002-ang-E0005.741.1972                    1 1.22900E+02 1.47800E+02
p-F019-MT002-Ouichaoui-F0979003-ang-E0001.517.1985               1 1.10600E+02 1.25300E+02
p-F019-MT002-Ouichaoui-F0979003-ang-E0001.518.1985               1 1.10600E+02 1.37700E+02
p-F019-MT002-Ouichaoui-F0979003-ang-E0001.521.1985               1 8.24000E+01 1.37700E+02
p-F019-MT002-Ouichaoui-F0979003-ang-E0001.521A001.1985           1 8.24000E+01 1.58500E+02
p-F019-MT002-Ouichaoui-F0979003-ang-E0001.522.1985               1 6.94000E+01 1.58500E+02
p-F019-MT002-Ouichaoui-F0979003-ang-E0001.523.1985               2 5.46000E+01 9.75000E+01
p-F019-MT002-Ouichaoui-F0979003-ang-E0001.526.1985               1 5.46000E+01 1.25300E+02
p-F019-MT002-Ouichaoui-F0979003-ang-E0001.527.1985               1 8.24000E+01 1.25300E+02
p-F019-MT002-Ouichaoui-F0979003-ang-E0001.528.1985               1 8.24000E+01 1.10600E+02
p-F019-MT002-Ouichaoui-F0979003-ang-E0001.528A001.1985           1 1.10600E+02 1.37700E+02
p-F019-MT002-Ouichaoui-F0979003-ang-E0001.531.1985               2 6.94000E+01 1.58500E+02
p-F019-MT002-Ouichaoui-F0979003-ang-E0001.532.1985               1 6.94000E+01 9.75000E+01
p-F019-MT002-Ouichaoui-F0979003-ang-E0001.533.1985               1 9.75000E+01 1.25300E+02
p-F019-MT002-Ouichaoui-F0979003-ang-E0001.535.1985               1 5.46000E+01 1.25300E+02
p-F019-MT002-Ouichaoui-F0979003-ang-E0001.535A001.1985           1 5.46000E+01 1.10600E+02
p-F019-MT002-Ouichaoui-F0979003-ang-E0001.536.1985               1 1.10600E+02 1.37700E+02
p-F019-MT002-Ouichaoui-F0979003-ang-E0001.537.1985               1 1.37700E+02 1.58500E+02
p-F019-MT002-Ouichaoui-F0979003-ang-E0001.538.1985               1 8.24000E+01 1.58500E+02
p-F019-MT002-Ouichaoui-F0979003-ang-E0001.539.1985               1 6.94000E+01 8.24000E+01
p-F019-MT002-Ouichaoui-F0979003-ang-E0001.540.1985               1 6.94000E+01 9.75000E+01
p-F019-MT002-Ouichaoui-F0979003-ang-E0001.542.1985               1 5.46000E+01 9.75000E+01
p-F019-MT002-Ouichaoui-F0979003-ang-E0001.542A001.1985           1 5.46000E+01 1.25300E+02
p-F019-MT002-Ouichaoui-F0979003-ang-E0001.544.1985               1 6.94000E+01 1.25300E+02
p-F019-MT002-Ouichaoui-F0979003-ang-E0001.546.1985               1 6.94000E+01 1.10600E+02
p-F019-MT002-Ouichaoui-F0979003-ang-E0001.546A001.1985           1 1.10600E+02 1.37700E+02
p-F019-MT002-Ouichaoui-F0979003-ang-E0001.546A002.1985           1 8.24000E+01 1.37700E+02
p-F019-MT002-Ouichaoui-F0979003-ang-E0001.547.1985               1 8.24000E+01 9.75000E+01
p-F019-MT002-Ouichaoui-F0979003-ang-E0001.548.1985               1 9.75000E+01 1.58500E+02
p-F019-MT002-Ouichaoui-F0979003-ang-E0001.548A001.1985           1 5.46000E+01 1.58500E+02
p-F019-MT002-Ouichaoui-F0979003-ang-E0001.552.1985               1 5.46000E+01 6.94000E+01
p-F019-MT002-Ouichaoui-F0979003-ang-E0001.553.1985               1 6.94000E+01 1.37700E+02
p-F019-MT002-Ouichaoui-F0979003-ang-E0001.556.1985               1 1.25300E+02 1.37700E+02
p-F019-MT002-Ouichaoui-F0979003-ang-E0001.557.1985               1 1.25300E+02 1.58500E+02
p-F019-MT002-Ouichaoui-F0979003-ang-E0001.557A001.1985           1 1.37700E+02 1.58500E+02
p-F019-MT002-Ouichaoui-F0979003-ang-E0001.559.1985               1 1.10600E+02 1.37700E+02
p-F019-MT002-Ouichaoui-F0979003-ang-E0001.560.1985               1 1.10600E+02 1.58500E+02
p-F019-MT002-Ouichaoui-F0979003-ang-E0001.560A001.1985           1 8.24000E+01 1.58500E+02
p-F019-MT002-Ouichaoui-F0979003-ang-E0001.560A002.1985           1 6.94000E+01 8.24000E+01
p-F019-MT002-Ouichaoui-F0979003-ang-E0001.561.1985               2 6.94000E+01 1.25300E+02
p-F019-MT002-Ouichaoui-F0979003-ang-E0001.561A001.1985           1 1.25300E+02 1.37700E+02
p-F019-MT002-Ouichaoui-F0979003-ang-E0001.562.1985               1 5.46000E+01 1.37700E+02
p-F019-MT002-Ouichaoui-F0979003-ang-E0001.563.1985               1 5.46000E+01 8.24000E+01
p-F019-MT002-Ouichaoui-F0979003-ang-E0001.564.1985               1 8.24000E+01 9.75000E+01
p-F019-MT002-Ouichaoui-F0979003-ang-E0001.564A001.1985           1 9.75000E+01 1.10600E+02
p-F019-MT002-Ouichaoui-F0979003-ang-E0001.564A002.1985           1 1.10600E+02 1.58500E+02
p-F019-MT002-Ouichaoui-F0979003-ang-E0001.565.1985               1 6.94000E+01 1.58500E+02
p-F019-MT002-Ouichaoui-F0979003-ang-E0001.566.1985               1 6.94000E+01 1.25300E+02
p-F019-MT002-Ouichaoui-F0979003-ang-E0001.566A001.1985           1 1.25300E+02 1.37700E+02
p-F019-MT002-Ouichaoui-F0979003-ang-E0001.568.1985               1 9.75000E+01 1.37700E+02
p-F019-MT002-Ouichaoui-F0979003-ang-E0001.568A001.1985           1 9.75000E+01 1.10600E+02
p-F019-MT002-Ouichaoui-F0979003-ang-E0001.568A002.1985           1 8.24000E+01 1.10600E+02
p-F019-MT002-Ouichaoui-F0979003-ang-E0001.569.1985               1 5.46000E+01 8.24000E+01
p-F019-MT002-Ouichaoui-F0979003-ang-E0001.569A001.1985           2 5.46000E+01 1.58500E+02
p-F019-MT002-Ouichaoui-F0979003-ang-E0001.570.1985               1 6.94000E+01 1.58500E+02
p-F019-MT002-Ouichaoui-F0979003-ang-E0001.571.1985               2 6.94000E+01 1.10600E+02
p-F019-MT002-Ouichaoui-F0979003-ang-E0001.571A001.1985           1 1.10600E+02 1.37700E+02
p-F019-MT002-Ouichaoui-F0979003-ang-E0001.572.1985               1 9.75000E+01 1.37700E+02
p-F019-MT002-Ouichaoui-F0979003-ang-E0001.573.1985               1 8.24000E+01 9.75000E+01
p-F019-MT002-Ouichaoui-F0979003-ang-E0001.574.1985               2 6.94000E+01 1.58500E+02
p-F019-MT002-Ouichaoui-F0979003-ang-E0001.574A001.1985           1 5.46000E+01 6.94000E+01
p-F019-MT002-Ouichaoui-F0979003-ang-E0001.574A002.1985           1 5.46000E+01 1.10600E+02
p-F019-MT002-Ouichaoui-F0979003-ang-E0001.574A003.1985           1 1.10600E+02 1.37700E+02
p-F019-MT002-Ouichaoui-F0979003-ang-E0001.574A004.1985           1 1.25300E+02 1.37700E+02
p-F019-MT002-Ouichaoui-F0979003-ang-E0001.575.1985               1 6.94000E+01 1.25300E+02
p-F019-MT002-Ouichaoui-F0979003-ang-E0001.577.1985               2 6.94000E+01 1.10600E+02
p-F019-MT002-Ouichaoui-F0979003-ang-E0001.577A001.1985           1 8.24000E+01 1.10600E+02
p-F019-MT002-Ouichaoui-F0979003-ang-E0001.577A002.1985           2 8.24000E+01 1.58500E+02
p-F019-MT002-Ouichaoui-F0979003-ang-E0001.578.1985               1 1.25300E+02 1.37700E+02
p-F019-MT002-Ouichaoui-F0979003-ang-E0001.578A001.1985           1 5.46000E+01 1.37700E+02
p-F019-MT002-Ouichaoui-F0979003-ang-E0001.579.1985               1 5.46000E+01 5.46000E+01
p-F019-MT002-Ouichaoui-F0982002-ang-E0001.999.1986               1 6.54000E+01 1.22600E+02
p-F019-MT002-Ouichaoui-F0982002-ang-E0002.001.1986               1 9.49000E+01 1.22600E+02
p-F019-MT002-Ouichaoui-F0982002-ang-E0002.003.1986               1 9.49000E+01 9.49000E+01
p-F019-MT002-Paneta-O2061005-ang-E0001.498.2012                209 1.40000E+02 1.70000E+02
p-F019-MT002-Thompson-F1063004-ang-E0004.197.1967               73 8.70000E+01 8.70000E+01
