#              Filename                                         N    min         max
n-Te000-MT001-Angeli-30113017.1970                               1 1.45000E+01 1.45000E+01
n-Te000-MT001-Artemov-31807006.2020                              1 1.41000E+01 1.41000E+01
n-Te000-MT001-Bally-30205005.1962                               19 2.72200E-09 9.46800E-09
n-Te000-MT001-Coon-12524040.1952                                 1 1.41200E+01 1.41200E+01
n-Te000-MT001-Dilg-20583009.1972                                 1 2.70000E-03 2.70000E-03
n-Te000-MT001-Dukarevich-40813048.1967                           1 1.42000E+01 1.42000E+01
n-Te000-MT001-Egelstaff-21037004.1955                           49 1.44000E-04 2.86000E-01
n-Te000-MT001-Foote-12000003.1954                               68 4.00000E-07 1.00200E-05
n-Te000-MT001-Fosterjr-10047057.1971                           248 2.25900E+00 1.49970E+01
n-Te000-MT001-Fosterjr-10047057A001.1971                       248 2.25900E+00 1.49970E+01
n-Te000-MT001-Heindl-11991002.1951                              72 8.32000E-08 1.81000E-02
n-Te000-MT001-Kent-11617034.1962                                 1 3.66000E+00 3.66000E+00
n-Te000-MT001-Koester-21954013.1984                              2 1.26000E-06 5.20000E-06
n-Te000-MT001-Koester-22001016.1986                              1 5.70000E-10 5.70000E-10
n-Te000-MT001-Koester-22001021.1986                              2 1.26000E-06 5.19000E-06
n-Te000-MT001-Nereson-11308019.1954                             30 2.78500E+00 1.31320E+01
n-Te000-MT001-Simpson-11996002.1956                            191 1.06000E-05 4.03000E-04
n-Te000-MT001-Tellier-20122002.1971                          13105 2.14940E-04 6.20380E-03
n-Te000-MT001-Walt-11746006.1953                                20 9.00000E-02 2.97500E+00
n-Te000-MT001-Wynchank-11913015.1968                          9421 6.07000E-06 5.16300E-03
