#              Filename                                         N    min         max
n-Os189-MT151-Belanova-40330005.1974                            38 6.71000E-06 2.94000E-04
n-Os189-MT151-Belanova-405510081.1980                            1 2.75500E-04 2.75500E-04
n-Os189-MT151-Belanova-405510091.1980                           21 6.75000E-06 7.19000E-05
n-Os189-MT151-Belanova-405510092.1980                           21 6.75000E-06 7.19000E-05
n-Os189-MT151-Belanova-405510093.1980                           11 6.75000E-06 4.32400E-05
n-Os189-MT151-Browne-12712019.1981                             170 6.70000E-06 9.94000E-04
n-Os189-MT151-Jackson-11992012.1961                             13 6.71000E-06 6.10000E-05
n-Os189-MT151-Kane-143900021.1969                                1 6.71000E-06 6.71000E-06
n-Os189-MT151-Karzhavina-40405005.1973                          11 6.72000E-06 6.08000E-05
n-Os189-MT151-Namenson-104660041.1975                           38 6.63000E-06 1.87000E-04
n-Os189-MT151-Namenson-104660041A001.1975                       38 6.63000E-06 1.87000E-04
n-Os189-MT151-Namenson-104660042.1975                           38 6.63000E-06 1.87000E-04
n-Os189-MT151-Namenson-104660042A001.1975                       38 6.63000E-06 1.87000E-04
n-Os189-MT151-Popov-412790051.1981                              13 6.73000E-06 6.08000E-05
n-Os189-MT151-Popov-412790052.1981                              14 6.73000E-06 6.08000E-05
n-Os189-MT151-Stolovy-106590031.1976                            63 6.71000E-06 2.68000E-04
n-Os189-MT151-Stolovy-106590031A001.1976                        63 6.71000E-06 2.68000E-04
n-Os189-MT151-Stolovy-106590032.1976                            44 6.71000E-06 1.69000E-04
n-Os189-MT151-Stolovy-106590032A001.1976                        44 6.71000E-06 1.69000E-04
n-Os189-MT151-Vertebny-40094007.1969                             6 6.70000E-06 2.80000E-05
n-Os189-MT151-Vertebnyj-401270071.1971                          35 6.75000E-06 3.23000E-04
n-Os189-MT151-Vertebnyj-401270072.1971                          14 6.75000E-06 6.03000E-05
n-Os189-MT151-Vertebnyy-402540111.1975                           5 6.75000E-06 2.81800E-05
n-Os189-MT151-Vertebnyy-402540112.1975                           5 6.75000E-06 2.81800E-05
n-Os189-MT151-Wetzel-10080008.1970                              12 6.71000E-06 6.07000E-05
n-Os189-MT151-Wetzel-10080008A001.1970                          12 6.71000E-06 6.07000E-05
n-Os189-MT151-Winters-141200051.1987                            88 2.02360E-01 4.98870E-01
n-Os189-MT151-Winters-141200053.1987                            88 2.02360E-01 4.98870E-01
n-Os189-MT151-Winters-141200061.1987                            15 2.68970E-01 4.97010E-01
n-Os189-MT151-Winters-141200062.1987                            14 2.68970E-01 4.97010E-01
n-Os189-MT151-Winters-141200063.1987                            15 2.68970E-01 4.97010E-01
