#              Filename                                         N    min         max
d-Na023-MT601-Elbehay-D0077005-E0001.400.1965                   19 1.47150E+01 1.50600E+02
d-Na023-MT601-Elbehay-D0077005-E0001.400A001.1965               10 4.53290E+01 1.49800E+02
d-Na023-MT601-Elbehay-D0077005-E0001.400A002.1965               14 1.49120E+01 1.00720E+02
d-Na023-MT601-Elbehay-D0077005-E0001.500.1965                   19 1.47150E+01 1.50420E+02
d-Na023-MT601-Elbehay-D0077005-E0001.500A001.1965               13 4.51100E+01 1.50190E+02
d-Na023-MT601-Elbehay-D0077005-E0001.500A002.1965               19 1.46090E+01 1.50220E+02
d-Na023-MT601-Elbehay-D0077005-E0001.600.1965                   17 1.54870E+01 1.35660E+02
d-Na023-MT601-Elbehay-D0077005-E0001.600A001.1965               13 4.51100E+01 1.49980E+02
d-Na023-MT601-Elbehay-D0077005-E0001.600A002.1965               19 1.46090E+01 1.49800E+02
d-Na023-MT601-Elbehay-D0077005-E0001.700.1965                   19 1.50690E+01 1.50450E+02
d-Na023-MT601-Elbehay-D0077005-E0001.700A001.1965               13 3.49960E+01 1.49270E+02
d-Na023-MT601-Elbehay-D0077005-E0001.700A002.1965               19 1.56060E+01 1.49240E+02
d-Na023-MT601-Elbehay-D0077005-E0001.800.1965                   19 1.50690E+01 1.50320E+02
d-Na023-MT601-Elbehay-D0077005-E0001.800A001.1965               15 1.64490E+01 1.49640E+02
d-Na023-MT601-Elbehay-D0077005-E0001.800A002.1965               19 1.51060E+01 1.50030E+02
d-Na023-MT601-Elbehay-D0077005-E0001.900.1965                   19 1.51330E+01 1.49350E+02
d-Na023-MT601-Elbehay-D0077005-E0001.900A001.1965               19 1.46780E+01 1.49450E+02
d-Na023-MT601-Elbehay-D0077005-E0001.900A002.1965               18 1.44330E+01 1.34750E+02
d-Na023-MT601-Elbehay-D0077005-E0002.000.1965                   20 1.48860E+01 1.50080E+02
d-Na023-MT601-Elbehay-D0077005-E0002.000A001.1965               20 1.43630E+01 1.49840E+02
d-Na023-MT601-Elbehay-D0077005-E0002.000A002.1965               15 1.42440E+01 9.97190E+01
d-Na023-MT601-Elbehay-D0077005-E0002.100.1965                   19 1.48860E+01 1.50260E+02
d-Na023-MT601-Elbehay-D0077005-E0002.100A001.1965               19 1.43630E+01 1.49920E+02
d-Na023-MT601-Elbehay-D0077005-E0002.100A002.1965               14 1.42440E+01 8.47780E+01
d-Na023-MT601-Elbehay-D0077005-E0002.200.1965                   19 1.56680E+01 1.50250E+02
d-Na023-MT601-Elbehay-D0077005-E0002.200A001.1965               19 1.51600E+01 1.48460E+02
d-Na023-MT601-Elbehay-D0077005-E0002.200A002.1965               19 1.52500E+01 1.50130E+02
d-Na023-MT601-Elbehay-D0077005-E0002.300.1965                   19 1.50840E+01 1.51070E+02
d-Na023-MT601-Elbehay-D0077005-E0002.300A001.1965               19 1.51600E+01 1.50200E+02
d-Na023-MT601-Elbehay-D0077005-E0002.300A002.1965               19 1.53650E+01 1.49880E+02
d-Na023-MT601-Elbehay-D0077005-E0002.400.1965                   19 1.50840E+01 1.50030E+02
d-Na023-MT601-Elbehay-D0077005-E0002.400A001.1965               18 1.93610E+01 1.50080E+02
d-Na023-MT601-Elbehay-D0077005-E0002.400A002.1965               19 1.53650E+01 1.50550E+02
d-Na023-MT601-Elbehay-D0077005-E0002.500.1965                   19 1.54060E+01 1.50090E+02
d-Na023-MT601-Elbehay-D0077005-E0002.500A001.1965               18 1.50190E+01 1.49470E+02
d-Na023-MT601-Elbehay-D0077005-E0002.500A002.1965               19 1.53860E+01 1.50410E+02
d-Na023-MT601-Elbehay-D0077006-E0000.997.1965                    1 4.50000E+01 1.35000E+02
d-Na023-MT601-Elbehay-D0077006-E0001.004.1965                    1 4.50000E+01 1.35000E+02
d-Na023-MT601-Elbehay-D0077006-E0001.048.1965                    1 4.50000E+01 1.35000E+02
d-Na023-MT601-Elbehay-D0077006-E0001.049.1965                    1 4.50000E+01 1.35000E+02
d-Na023-MT601-Elbehay-D0077006-E0001.100.1965                    1 4.50000E+01 1.35000E+02
d-Na023-MT601-Elbehay-D0077006-E0001.100A001.1965                1 1.35000E+02 1.35000E+02
d-Na023-MT601-Tomandl-D0297002-E0017.000.2004                  300 1.20000E+01 5.00000E+01
