#              Filename                                         N    min         max
a-C012-MT802-Adachi-E2635009-ang-E0386.000.2018                 39 3.00014E-01 1.68000E+01
a-C012-MT802-Adachi-E2635014-ang-E0130.000.2018                 17 4.00074E-01 1.36000E+01
a-C012-MT802-Ames-C1188004-ang-E0014.661.1982                  454 3.00000E+01 3.00000E+01
a-C012-MT802-Ames-C1188052-ang-E0011.959.1982                  592 4.00000E+01 4.00000E+01
a-C012-MT802-Ames-C1188053-ang-E0015.332.1982                  392 5.00000E+01 5.00000E+01
a-C012-MT802-Ames-C1188054-ang-E0014.761.1982                  542 5.50000E+01 5.50000E+01
a-C012-MT802-Ames-C1188055-ang-E0016.468.1982                  358 6.00000E+01 6.00000E+01
a-C012-MT802-Ames-C1188056-ang-E0016.245.1982                  406 6.50000E+01 6.50000E+01
a-C012-MT802-Ames-C1188057-ang-E0014.791.1982                  558 7.00000E+01 7.00000E+01
a-C012-MT802-Ames-C1188058-ang-E0014.661.1982                  539 7.50000E+01 7.50000E+01
a-C012-MT802-Ames-C1188059-ang-E0015.182.1982                  428 8.50000E+01 8.50000E+01
a-C012-MT802-Ames-C1188060-ang-E0014.661.1982                  264 9.50000E+01 9.50000E+01
a-C012-MT802-Ames-C1188061-ang-E0016.488.1982                  233 1.05000E+02 1.05000E+02
a-C012-MT802-Ames-C1188062-ang-E0016.488.1982                  333 1.15000E+02 1.15000E+02
a-C012-MT802-Ames-C1188063-ang-E0016.215.1982                   82 1.25000E+02 1.25000E+02
a-C012-MT802-Ames-C1188064-ang-E0016.215.1982                   86 1.35000E+02 1.35000E+02
a-C012-MT802-Ames-C1188065-ang-E0016.215.1982                  196 1.45000E+02 1.45000E+02
a-C012-MT802-Ames-C1188066-ang-E0017.429.1982                  238 1.55000E+02 1.55000E+02
a-C012-MT802-Itoh-E2157007-ang-E0386.000.2011                   25 6.99975E-01 1.03000E+01
a-C012-MT802-Mikumo-E1944008-ang-E0028.400.1960                 13 2.13000E+01 7.96000E+01
a-C012-MT802-Morgan-C2077002-ang-E0011.987.1970                 55 3.00000E+01 3.00000E+01
a-C012-MT802-Morgan-C2077004-ang-E0012.500.1970                  9 8.19997E+00 6.27000E+01
a-C012-MT802-Morgan-C2077005-ang-E0013.350.1970                 12 1.41000E+01 8.44000E+01
a-C012-MT802-Morgan-C2077006-ang-E0013.750.1970                 18 6.60004E+00 1.12300E+02
a-C012-MT802-Morgan-C2077007-ang-E0014.300.1970                 17 9.20003E+00 1.10600E+02
a-C012-MT802-Morgan-C2077008-ang-E0015.200.1970                 21 7.70001E+00 1.22900E+02
a-C012-MT802-Morgan-C2077009-ang-E0016.000.1970                 20 8.49999E+00 1.15000E+02
a-C012-MT802-Morgan-C2077010-ang-E0016.900.1970                 18 8.30000E+00 1.08300E+02
a-C012-MT802-Nakamura-E2255004-ang-E0028.500.1967               15 5.30001E+00 5.33000E+01
a-C012-MT802-Ogloblin-O2192002-ang-E0065.000.2014               63 5.19999E+00 6.92000E+01
a-C012-MT802-Pignanelli-F0256009-ang-E0120.000.1986             39 3.79999E+00 5.53000E+01
