#              Filename                                         N    min         max
h-N014-MT600-Gorodetzky-F1046002-E0002.495.1963                  1 3.00000E+01 1.50000E+02
h-N014-MT600-Gorodetzky-F1046002-E0002.502.1963                  1 9.00000E+01 1.50000E+02
h-N014-MT600-Gorodetzky-F1046002-E0002.503.1963                  1 3.00000E+01 9.00000E+01
h-N014-MT600-Gorodetzky-F1046002-E0002.602.1963                  1 3.00000E+01 9.00000E+01
h-N014-MT600-Gorodetzky-F1046002-E0002.609.1963                  1 3.00000E+01 9.00000E+01
h-N014-MT600-Gorodetzky-F1046002-E0002.802.1963                  1 3.00000E+01 9.00000E+01
h-N014-MT600-Gorodetzky-F1046002-E0002.809.1963                  1 3.00000E+01 9.00000E+01
h-N014-MT600-Gorodetzky-F1046002-E0002.998.1963                  1 3.00000E+01 9.00000E+01
h-N014-MT600-Gorodetzky-F1046002-E0003.004.1963                  2 3.00000E+01 1.50000E+02
h-N014-MT600-Gorodetzky-F1046002-E0003.198.1963                  1 3.00000E+01 9.00000E+01
h-N014-MT600-Gorodetzky-F1046002-E0003.208.1963                  1 3.00000E+01 9.00000E+01
h-N014-MT600-Gorodetzky-F1046002-E0003.403.1963                  1 3.00000E+01 9.00000E+01
h-N014-MT600-Gorodetzky-F1046002-E0003.408.1963                  1 3.00000E+01 9.00000E+01
h-N014-MT600-Gorodetzky-F1046002-E0003.505.1963                  1 3.00000E+01 9.00000E+01
h-N014-MT600-Gorodetzky-F1046002-E0003.506.1963                  1 9.00000E+01 1.50000E+02
h-N014-MT600-Gorodetzky-F1046002-E0003.507.1963                  1 3.00000E+01 1.50000E+02
h-N014-MT600-Gorodetzky-F1046002-E0003.599.1963                  1 3.00000E+01 9.00000E+01
h-N014-MT600-Gorodetzky-F1046002-E0003.608.1963                  1 9.00000E+01 1.50000E+02
h-N014-MT600-Gorodetzky-F1046002-E0003.609.1963                  1 3.00000E+01 1.50000E+02
h-N014-MT600-Gorodetzky-F1046002-E0003.701.1963                  1 3.00000E+01 9.00000E+01
h-N014-MT600-Gorodetzky-F1046002-E0003.706.1963                  1 9.00000E+01 1.50000E+02
h-N014-MT600-Gorodetzky-F1046002-E0003.707.1963                  1 3.00000E+01 1.50000E+02
h-N014-MT600-Gorodetzky-F1046002-E0003.799.1963                  1 3.00000E+01 1.50000E+02
h-N014-MT600-Gorodetzky-F1046002-E0003.809.1963                  1 9.00000E+01 1.50000E+02
h-N014-MT600-Gorodetzky-F1046002-E0003.812.1963                  1 3.00000E+01 9.00000E+01
h-N014-MT600-Gorodetzky-F1046002-E0003.901.1963                  1 3.00000E+01 1.50000E+02
h-N014-MT600-Gorodetzky-F1046002-E0003.907.1963                  1 9.00000E+01 1.50000E+02
h-N014-MT600-Gorodetzky-F1046002-E0003.910.1963                  1 3.00000E+01 9.00000E+01
h-N014-MT600-Gorodetzky-F1046002-E0003.999.1963                  1 3.00000E+01 1.50000E+02
h-N014-MT600-Gorodetzky-F1046002-E0004.005.1963                  1 9.00000E+01 1.50000E+02
h-N014-MT600-Gorodetzky-F1046002-E0004.008.1963                  1 3.00000E+01 9.00000E+01
h-N014-MT600-Gorodetzky-F1046002-E0004.097.1963                  1 3.00000E+01 1.50000E+02
h-N014-MT600-Gorodetzky-F1046002-E0004.103.1963                  1 9.00000E+01 1.50000E+02
h-N014-MT600-Gorodetzky-F1046002-E0004.106.1963                  1 3.00000E+01 9.00000E+01
h-N014-MT600-Gorodetzky-F1046002-E0004.195.1963                  1 3.00000E+01 1.50000E+02
h-N014-MT600-Gorodetzky-F1046002-E0004.206.1963                  1 9.00000E+01 1.50000E+02
h-N014-MT600-Gorodetzky-F1046002-E0004.208.1963                  1 3.00000E+01 9.00000E+01
h-N014-MT600-Gorodetzky-F1046002-E0004.302.1963                  1 3.00000E+01 9.00000E+01
h-N014-MT600-Gorodetzky-F1046002-E0004.306.1963                  1 9.00000E+01 1.50000E+02
h-N014-MT600-Gorodetzky-F1046002-E0004.308.1963                  1 3.00000E+01 1.50000E+02
h-N014-MT600-Gorodetzky-F1046002-E0004.400.1963                  1 3.00000E+01 1.50000E+02
h-N014-MT600-Gorodetzky-F1046002-E0004.406.1963                  1 9.00000E+01 1.50000E+02
h-N014-MT600-Gorodetzky-F1046002-E0004.408.1963                  1 3.00000E+01 9.00000E+01
h-N014-MT600-Gorodetzky-F1046002-E0004.498.1963                  1 3.00000E+01 1.50000E+02
h-N014-MT600-Gorodetzky-F1046002-E0004.508.1963                  1 9.00000E+01 1.50000E+02
h-N014-MT600-Gorodetzky-F1046002-E0004.510.1963                  1 3.00000E+01 9.00000E+01
h-N014-MT600-Gorodetzky-F1046002-E0004.699.1963                  1 3.00000E+01 9.00000E+01
h-N014-MT600-Gorodetzky-F1046002-E0004.701.1963                  1 9.00000E+01 1.50000E+02
h-N014-MT600-Gorodetzky-F1046002-E0004.704.1963                  1 3.00000E+01 1.50000E+02
h-N014-MT600-Gorodetzky-F1046002-E0004.899.1963                  1 3.00000E+01 9.00000E+01
h-N014-MT600-Gorodetzky-F1046002-E0004.905.1963                  1 9.00000E+01 1.50000E+02
h-N014-MT600-Gorodetzky-F1046002-E0004.908.1963                  1 3.00000E+01 1.50000E+02
h-N014-MT600-Gorodetzky-F1046002-E0005.099.1963                  1 3.00000E+01 9.00000E+01
h-N014-MT600-Gorodetzky-F1046002-E0005.105.1963                  1 9.00000E+01 1.50000E+02
h-N014-MT600-Gorodetzky-F1046002-E0005.108.1963                  1 3.00000E+01 1.50000E+02
h-N014-MT600-Gorodetzky-F1046002-E0005.295.1963                  1 3.00000E+01 1.50000E+02
h-N014-MT600-Gorodetzky-F1046002-E0005.304.1963                  1 9.00000E+01 1.50000E+02
h-N014-MT600-Gorodetzky-F1046002-E0005.305.1963                  1 3.00000E+01 9.00000E+01
h-N014-MT600-Gorodetzky-F1046002-E0005.500.1963                  1 3.00000E+01 1.50000E+02
h-N014-MT600-Gorodetzky-F1046002-E0005.509.1963                  2 9.00000E+01 1.50000E+02
h-N014-MT600-Mcintyrejr-C0229005-E0001.976.1996                 65 9.00000E+01 1.35000E+02
