#              Filename                                         N    min         max
a-Si028-MT002-Adachi-E2635007-ang-E0130.000.2018                41 7.00003E+00 4.32000E+01
a-Si028-MT002-Ahlfeld-T0264002-ang-E0018.000.1972               60 2.54000E+01 1.70200E+02
a-Si028-MT002-Artemov-F0660002-ang-E0012.700.1992               78 1.98000E+01 1.73900E+02
a-Si028-MT002-Blatchley-T0230003-ang-E0022.500.1965             62 1.50000E+01 1.67000E+02
a-Si028-MT002-Bobrowska-F0591005-ang-E0022.670.1974              1 1.70000E+02 1.79000E+02
a-Si028-MT002-Bobrowska-F0591005-ang-E0022.680.1974              1 1.75000E+02 1.79000E+02
a-Si028-MT002-Bobrowska-F0591005-ang-E0022.698.1974              1 1.70000E+02 1.75000E+02
a-Si028-MT002-Bobrowska-F0591005-ang-E0023.058.1974              1 1.70000E+02 1.79000E+02
a-Si028-MT002-Bobrowska-F0591005-ang-E0023.060.1974              1 1.75000E+02 1.79000E+02
a-Si028-MT002-Bobrowska-F0591005-ang-E0023.093.1974              1 1.75000E+02 1.79000E+02
a-Si028-MT002-Bobrowska-F0591005-ang-E0023.280.1974              1 1.75000E+02 1.79000E+02
a-Si028-MT002-Bobrowska-F0591005-ang-E0023.293.1974              1 1.70000E+02 1.75000E+02
a-Si028-MT002-Bobrowska-F0591005-ang-E0023.301.1974              1 1.70000E+02 1.75000E+02
a-Si028-MT002-Bobrowska-F0591005-ang-E0023.507.1974              1 1.75000E+02 1.79000E+02
a-Si028-MT002-Bobrowska-F0591005-ang-E0023.520.1974              1 1.70000E+02 1.79000E+02
a-Si028-MT002-Bobrowska-F0591005-ang-E0023.549.1974              1 1.70000E+02 1.79000E+02
a-Si028-MT002-Bobrowska-F0591005-ang-E0023.780.1974              1 1.70000E+02 1.79000E+02
a-Si028-MT002-Bobrowska-F0591005-ang-E0023.792.1974              1 1.70000E+02 1.75000E+02
a-Si028-MT002-Bobrowska-F0591005-ang-E0023.806.1974              1 1.75000E+02 1.75000E+02
a-Si028-MT002-Bobrowska-F05980031-ang-E0027.500.1972            62 2.75000E+01 1.78800E+02
a-Si028-MT002-Brenner-C0791002-ang-E0014.300.2000             2034 1.50000E+02 1.73400E+02
a-Si028-MT002-Burtebaev-D09250201-ang-E0050.500.1988            65 1.00000E+01 1.70000E+02
a-Si028-MT002-Chyla-D0875002-ang-E0026.500.1970                 63 2.25000E+01 1.77500E+02
a-Si028-MT002-Chyla-F0594002-ang-E0023.300.1976                 14 3.00000E+01 1.78800E+02
a-Si028-MT002-Chyla-F0594002-ang-E0024.000.1976                 61 3.00000E+01 1.78800E+02
a-Si028-MT002-Chyla-F0594002-ang-E0024.500.1976                 13 2.50000E+01 1.78800E+02
a-Si028-MT002-Chyla-F0594002-ang-E0025.000.1976                 13 2.50000E+01 1.78800E+02
a-Si028-MT002-Coban-O0962003-ang-E0005.960.2000                 48 3.06800E+01 1.72970E+02
a-Si028-MT002-Coban-O0962003-ang-E0006.800.2000                 27 3.12800E+01 1.73450E+02
a-Si028-MT002-Coban-O0962003-ang-E0006.850.2000                 39 3.12800E+01 1.73210E+02
a-Si028-MT002-Coban-O0962004-ang-E0005.960.2000                 30 5.75400E+01 1.75040E+02
a-Si028-MT002-Coban-O0962004-ang-E0006.800.2000                 66 5.51900E+01 1.74850E+02
a-Si028-MT002-Coban-O0962004-ang-E0006.850.2000                 61 5.51900E+01 1.72380E+02
a-Si028-MT002-Galanina-A0861002-ang-E0030.300.2010              51 2.00000E+01 1.60000E+02
a-Si028-MT002-Gonchar-F06680031-ang-E0039.000.1969              66 2.60000E+01 9.11000E+01
a-Si028-MT002-Grzeszczuk-F0596002-ang-E0026.300.1994            13 1.62000E+02 1.74100E+02
a-Si028-MT002-Grzeszczuk-F0596002-ang-E0026.600.1994            12 1.62200E+02 1.74100E+02
a-Si028-MT002-Grzeszczuk-F0596002-ang-E0027.000.1994            13 1.62000E+02 1.74100E+02
a-Si028-MT002-Grzeszczuk-F0596002-ang-E0027.600.1994            13 1.61700E+02 1.74000E+02
a-Si028-MT002-Grzeszczuk-F0596002-ang-E0028.000.1994            13 1.61700E+02 1.73800E+02
a-Si028-MT002-Grzeszczuk-F0596008-ang-E0030.088.1994             5 1.79000E+02 1.79000E+02
a-Si028-MT002-Ignatenko-F1344002-ang-E0025.000.1992             63 1.75000E+01 1.62300E+02
a-Si028-MT002-Kallman-F0599002-ang-E0012.605.1994              596 1.73000E+02 1.73000E+02
a-Si028-MT002-Kallman-F0608003-ang-E0006.391.2003              407 1.73000E+02 1.73000E+02
a-Si028-MT002-Kallman-O0966002-ang-E0003.673.1996                1 1.58000E+02 1.68000E+02
a-Si028-MT002-Kallman-O0966002-ang-E0003.677.1996                1 1.53000E+02 1.68000E+02
a-Si028-MT002-Kallman-O0966002-ang-E0003.681.1996                1 1.53000E+02 1.73000E+02
a-Si028-MT002-Kallman-O0966002-ang-E0003.682.1996                1 1.68000E+02 1.73000E+02
a-Si028-MT002-Kallman-O0966002-ang-E0003.690.1996                1 1.63000E+02 1.68000E+02
a-Si028-MT002-Kallman-O0966002-ang-E0003.691.1996                1 1.48000E+02 1.63000E+02
a-Si028-MT002-Kallman-O0966002-ang-E0003.696.1996                1 1.48000E+02 1.68000E+02
a-Si028-MT002-Kallman-O0966002-ang-E0003.697.1996                1 1.53000E+02 1.68000E+02
a-Si028-MT002-Kallman-O0966002-ang-E0003.708.1996                1 1.53000E+02 1.63000E+02
a-Si028-MT002-Kallman-O0966002-ang-E0003.712.1996                1 1.58000E+02 1.63000E+02
a-Si028-MT002-Kallman-O0966002-ang-E0003.713.1996                1 1.58000E+02 1.68000E+02
a-Si028-MT002-Kallman-O0966002-ang-E0003.717.1996                1 1.53000E+02 1.68000E+02
a-Si028-MT002-Kallman-O0966002-ang-E0003.721.1996                1 1.48000E+02 1.53000E+02
a-Si028-MT002-Kallman-O0966002-ang-E0003.722.1996                1 1.48000E+02 1.68000E+02
a-Si028-MT002-Kallman-O0966002-ang-E0003.730.1996                1 1.58000E+02 1.68000E+02
a-Si028-MT002-Kallman-O0966002-ang-E0003.733.1996                1 1.58000E+02 1.63000E+02
a-Si028-MT002-Kallman-O0966002-ang-E0003.738.1996                1 1.53000E+02 1.63000E+02
a-Si028-MT002-Kallman-O0966002-ang-E0003.748.1996                1 1.48000E+02 1.53000E+02
a-Si028-MT002-Kallman-O0966002-ang-E0003.749.1996                1 1.48000E+02 1.63000E+02
a-Si028-MT002-Kallman-O0966002-ang-E0003.752.1996                1 1.63000E+02 1.73000E+02
a-Si028-MT002-Kallman-O0966002-ang-E0003.756.1996                1 1.68000E+02 1.73000E+02
a-Si028-MT002-Kallman-O0966002-ang-E0003.757.1996                1 1.63000E+02 1.68000E+02
a-Si028-MT002-Kallman-O0966002-ang-E0003.765.1996                1 1.58000E+02 1.63000E+02
a-Si028-MT002-Kallman-O0966002-ang-E0003.766.1996                1 1.53000E+02 1.58000E+02
a-Si028-MT002-Kallman-O0966002-ang-E0003.775.1996                1 1.48000E+02 1.53000E+02
a-Si028-MT002-Kallman-O0966002-ang-E0003.776.1996                1 1.48000E+02 1.58000E+02
a-Si028-MT002-Kallman-O0966002-ang-E0003.780.1996                1 1.58000E+02 1.68000E+02
a-Si028-MT002-Kallman-O0966002-ang-E0003.790.1996                1 1.68000E+02 1.68000E+02
a-Si028-MT002-Kokame-E2246019-ang-E0028.300.1965                25 1.47000E+01 7.46000E+01
a-Si028-MT002-Kokane-E2168005-ang-E0028.348.1964                28 1.47000E+01 8.23000E+01
a-Si028-MT002-Kwon-E2094002-ang-E0120.000.2007                  21 7.99998E+00 4.82000E+01
a-Si028-MT002-Lega-F0574007-ang-E0017.510.1971                   9 1.74100E+02 1.74100E+02
a-Si028-MT002-Lega-F0661002-ang-E0021.900.1974                  76 2.40000E+01 1.73500E+02
a-Si028-MT002-Lega-F0661009-ang-E0018.900.1974                  28 1.19000E+02 1.73100E+02
a-Si028-MT002-Lega-F0661009-ang-E0020.500.1974                  28 1.19800E+02 1.73900E+02
a-Si028-MT002-Leung-C2100003-ang-E0001.698.1972                 11 8.00940E+01 1.64876E+02
a-Si028-MT002-Leung-C2100004-ang-E0002.061.1972                 15 7.32350E+01 1.63925E+02
a-Si028-MT002-Leung-C2100005-ang-E0002.682.1972                  8 8.15330E+01 1.66126E+02
a-Si028-MT002-Leung-C2100006-ang-E0002.447.1972                  7 8.11250E+01 1.64029E+02
a-Si028-MT002-Leung-C2100007-ang-E0002.492.1972                755 8.20000E+01 8.20000E+01
a-Si028-MT002-Leung-C2100008-ang-E0002.494.1972                700 1.18000E+02 1.18000E+02
a-Si028-MT002-Leung-C2100009-ang-E0002.492.1972                717 1.35000E+02 1.35000E+02
a-Si028-MT002-Leung-C2100010-ang-E0002.424.1972                724 1.65000E+02 1.65000E+02
a-Si028-MT002-Manngard-F0642002-ang-E0006.526.1994            1870 1.73000E+02 1.73000E+02
a-Si028-MT002-Manngard-F0653002-ang-E0014.470.1989              29 2.08000E+01 1.59900E+02
a-Si028-MT002-Obst-T0269002-ang-E0020.920.1972                   2 2.97000E+01 5.97000E+01
a-Si028-MT002-Obst-T0269002-ang-E0020.930.1972                   3 5.97000E+01 1.57800E+02
a-Si028-MT002-Obst-T0269002-ang-E0020.940.1972                   3 4.22000E+01 1.70300E+02
a-Si028-MT002-Obst-T0269002-ang-E0021.030.1972                   1 4.22000E+01 5.97000E+01
a-Si028-MT002-Obst-T0269002-ang-E0021.050.1972                   1 2.97000E+01 5.97000E+01
a-Si028-MT002-Obst-T0269002-ang-E0021.070.1972                   2 2.97000E+01 1.30300E+02
a-Si028-MT002-Obst-T0269002-ang-E0021.080.1972                   4 4.22000E+01 1.70300E+02
a-Si028-MT002-Obst-T0269002-ang-E0021.170.1972                   1 2.97000E+01 4.22000E+01
a-Si028-MT002-Obst-T0269002-ang-E0021.180.1972                   3 2.97000E+01 1.57800E+02
a-Si028-MT002-Obst-T0269002-ang-E0021.190.1972                   2 1.30300E+02 1.70300E+02
a-Si028-MT002-Obst-T0269002-ang-E0021.200.1972                   1 1.30300E+02 1.52900E+02
a-Si028-MT002-Obst-T0269002-ang-E0021.210.1972                   1 1.52900E+02 1.57800E+02
a-Si028-MT002-Obst-T0269002-ang-E0021.310.1972                   1 4.22000E+01 1.57800E+02
a-Si028-MT002-Obst-T0269002-ang-E0021.330.1972                   4 2.97000E+01 1.70300E+02
a-Si028-MT002-Obst-T0269002-ang-E0021.340.1972                   2 2.97000E+01 1.52900E+02
a-Si028-MT002-Obst-T0269002-ang-E0021.350.1972                   1 4.22000E+01 1.52900E+02
a-Si028-MT002-Obst-T0269002-ang-E0021.430.1972                   2 2.97000E+01 5.97000E+01
a-Si028-MT002-Obst-T0269002-ang-E0021.440.1972                   2 2.97000E+01 1.30300E+02
a-Si028-MT002-Obst-T0269002-ang-E0021.450.1972                   4 4.22000E+01 1.70300E+02
a-Si028-MT002-Obst-T0269002-ang-E0021.560.1972                   2 4.22000E+01 1.57800E+02
a-Si028-MT002-Obst-T0269002-ang-E0021.570.1972                   1 5.97000E+01 7.97000E+01
a-Si028-MT002-Obst-T0269002-ang-E0021.580.1972                   4 4.22000E+01 1.70300E+02
a-Si028-MT002-Obst-T0269002-ang-E0021.680.1972                   2 2.97000E+01 5.97000E+01
a-Si028-MT002-Obst-T0269002-ang-E0021.690.1972                   4 2.97000E+01 1.57800E+02
a-Si028-MT002-Obst-T0269002-ang-E0021.700.1972                   2 4.22000E+01 1.70300E+02
a-Si028-MT002-Obst-T0269002-ang-E0021.810.1972                   3 4.22000E+01 1.57800E+02
a-Si028-MT002-Obst-T0269002-ang-E0021.820.1972                   1 2.97000E+01 1.52900E+02
a-Si028-MT002-Obst-T0269002-ang-E0021.830.1972                   1 2.97000E+01 7.97000E+01
a-Si028-MT002-Obst-T0269002-ang-E0021.840.1972                   3 4.22000E+01 1.70300E+02
a-Si028-MT002-Obst-T0269002-ang-E0021.930.1972                   4 2.97000E+01 1.57800E+02
a-Si028-MT002-Obst-T0269002-ang-E0021.940.1972                   3 2.97000E+01 1.70300E+02
a-Si028-MT002-Obst-T0269002-ang-E0021.960.1972                   1 4.22000E+01 7.97000E+01
a-Si028-MT002-Obst-T0269002-ang-E0022.040.1972                   3 4.22000E+01 1.57800E+02
a-Si028-MT002-Obst-T0269002-ang-E0022.050.1972                   2 1.30300E+02 1.70300E+02
a-Si028-MT002-Obst-T0269002-ang-E0022.060.1972                   1 7.97000E+01 1.30300E+02
a-Si028-MT002-Obst-T0269002-ang-E0022.070.1972                   1 5.97000E+01 7.97000E+01
a-Si028-MT002-Obst-T0269002-ang-E0022.170.1972                   1 4.22000E+01 5.97000E+01
a-Si028-MT002-Obst-T0269002-ang-E0022.180.1972                   2 2.97000E+01 1.52900E+02
a-Si028-MT002-Obst-T0269002-ang-E0022.190.1972                   4 2.97000E+01 1.70300E+02
a-Si028-MT002-Obst-T0269002-ang-E0022.200.1972                   1 7.97000E+01 1.57800E+02
a-Si028-MT002-Obst-T0269002-ang-E0022.290.1972                   1 5.97000E+01 1.57800E+02
a-Si028-MT002-Obst-T0269002-ang-E0022.300.1972                   2 4.22000E+01 7.97000E+01
a-Si028-MT002-Obst-T0269002-ang-E0022.310.1972                   2 4.22000E+01 1.70300E+02
a-Si028-MT002-Obst-T0269002-ang-E0022.320.1972                   2 4.22000E+01 1.52900E+02
a-Si028-MT002-Obst-T0269002-ang-E0022.430.1972                   2 4.22000E+01 1.57800E+02
a-Si028-MT002-Obst-T0269002-ang-E0022.440.1972                   1 2.97000E+01 1.57800E+02
a-Si028-MT002-Obst-T0269002-ang-E0022.450.1972                   5 2.97000E+01 1.70300E+02
a-Si028-MT002-Obst-T0269002-ang-E0022.540.1972                   1 5.97000E+01 7.97000E+01
a-Si028-MT002-Obst-T0269002-ang-E0022.550.1972                   2 4.22000E+01 1.30300E+02
a-Si028-MT002-Obst-T0269002-ang-E0022.560.1972                   4 4.22000E+01 1.70300E+02
a-Si028-MT002-Obst-T0269002-ang-E0022.680.1972                   1 4.22000E+01 5.97000E+01
a-Si028-MT002-Obst-T0269002-ang-E0022.690.1972                   2 2.97000E+01 1.70300E+02
a-Si028-MT002-Obst-T0269002-ang-E0022.700.1972                   3 2.97000E+01 1.57800E+02
a-Si028-MT002-Obst-T0269002-ang-E0022.710.1972                   2 5.97000E+01 1.52900E+02
a-Si028-MT002-Obst-T0269002-ang-E0022.790.1972                   1 4.22000E+01 5.97000E+01
a-Si028-MT002-Obst-T0269002-ang-E0022.800.1972                   1 2.97000E+01 4.22000E+01
a-Si028-MT002-Obst-T0269002-ang-E0022.810.1972                   3 2.97000E+01 1.57800E+02
a-Si028-MT002-Obst-T0269002-ang-E0022.820.1972                   2 7.97000E+01 1.70300E+02
a-Si028-MT002-Obst-T0269002-ang-E0022.830.1972                   1 4.22000E+01 1.30300E+02
a-Si028-MT002-Obst-T0269002-ang-E0022.940.1972                   4 2.97000E+01 1.70300E+02
a-Si028-MT002-Obst-T0269002-ang-E0022.950.1972                   3 2.97000E+01 1.52900E+02
a-Si028-MT002-Obst-T0269002-ang-E0022.960.1972                   1 4.22000E+01 1.52900E+02
a-Si028-MT002-Obst-T0269002-ang-E0023.050.1972                   2 2.97000E+01 5.97000E+01
a-Si028-MT002-Obst-T0269002-ang-E0023.060.1972                   4 2.97000E+01 1.57800E+02
a-Si028-MT002-Obst-T0269002-ang-E0023.070.1972                   2 4.22000E+01 1.70300E+02
a-Si028-MT002-Obst-T0269002-ang-E0023.160.1972                   3 2.97000E+01 7.97000E+01
a-Si028-MT002-Obst-T0269002-ang-E0023.170.1972                   3 2.97000E+01 1.70300E+02
a-Si028-MT002-Obst-T0269002-ang-E0023.180.1972                   2 4.22000E+01 1.52900E+02
a-Si028-MT002-Obst-T0269002-ang-E0023.280.1972                   1 4.22000E+01 5.97000E+01
a-Si028-MT002-Obst-T0269002-ang-E0023.300.1972                   2 2.97000E+01 1.57800E+02
a-Si028-MT002-Obst-T0269002-ang-E0023.310.1972                   3 2.97000E+01 1.52900E+02
a-Si028-MT002-Obst-T0269002-ang-E0023.320.1972                   2 4.22000E+01 1.70300E+02
a-Si028-MT002-Obst-T0269002-ang-E0023.400.1972                   1 2.97000E+01 4.22000E+01
a-Si028-MT002-Obst-T0269002-ang-E0023.420.1972                   1 2.97000E+01 5.97000E+01
a-Si028-MT002-Obst-T0269002-ang-E0023.430.1972                   2 5.97000E+01 1.57800E+02
a-Si028-MT002-Obst-T0269002-ang-E0023.440.1972                   2 7.97000E+01 1.70300E+02
a-Si028-MT002-Obst-T0269002-ang-E0023.450.1972                   2 4.22000E+01 1.30300E+02
a-Si028-MT002-Obst-T0269002-ang-E0023.550.1972                   3 2.97000E+01 7.97000E+01
a-Si028-MT002-Obst-T0269002-ang-E0023.570.1972                   3 2.97000E+01 1.70300E+02
a-Si028-MT002-Obst-T0269002-ang-E0023.580.1972                   1 1.30300E+02 1.70300E+02
a-Si028-MT002-Obst-T0269002-ang-E0023.590.1972                   1 4.22000E+01 1.30300E+02
a-Si028-MT002-Obst-T0269002-ang-E0023.660.1972                   1 2.97000E+01 4.22000E+01
a-Si028-MT002-Obst-T0269002-ang-E0023.670.1972                   1 2.97000E+01 5.97000E+01
a-Si028-MT002-Obst-T0269002-ang-E0023.680.1972                   1 5.97000E+01 1.57800E+02
a-Si028-MT002-Obst-T0269002-ang-E0023.690.1972                   2 7.97000E+01 1.70300E+02
a-Si028-MT002-Obst-T0269002-ang-E0023.700.1972                   2 7.97000E+01 1.52900E+02
a-Si028-MT002-Obst-T0269002-ang-E0023.720.1972                   1 4.22000E+01 1.52900E+02
a-Si028-MT002-Obst-T0269002-ang-E0023.810.1972                   2 2.97000E+01 5.97000E+01
a-Si028-MT002-Obst-T0269002-ang-E0023.820.1972                   3 2.97000E+01 1.70300E+02
a-Si028-MT002-Obst-T0269002-ang-E0023.830.1972                   3 4.22000E+01 1.52900E+02
a-Si028-MT002-Obst-T0269002-ang-E0023.910.1972                   1 4.22000E+01 5.97000E+01
a-Si028-MT002-Obst-T0269002-ang-E0023.920.1972                   2 2.97000E+01 1.30300E+02
a-Si028-MT002-Obst-T0269002-ang-E0023.930.1972                   1 2.97000E+01 7.97000E+01
a-Si028-MT002-Obst-T0269002-ang-E0023.940.1972                   4 4.22000E+01 1.70300E+02
a-Si028-MT002-Obst-T0269002-ang-E0024.060.1972                   1 2.97000E+01 4.22000E+01
a-Si028-MT002-Obst-T0269002-ang-E0024.070.1972                   3 2.97000E+01 1.30300E+02
a-Si028-MT002-Obst-T0269002-ang-E0024.080.1972                   4 4.22000E+01 1.70300E+02
a-Si028-MT002-Obst-T0269002-ang-E0024.170.1972                   3 2.97000E+01 1.30300E+02
a-Si028-MT002-Obst-T0269002-ang-E0024.180.1972                   2 2.97000E+01 1.52900E+02
a-Si028-MT002-Obst-T0269002-ang-E0024.190.1972                   3 7.97000E+01 1.70300E+02
a-Si028-MT002-Obst-T0269002-ang-E0024.300.1972                   1 4.22000E+01 1.52900E+02
a-Si028-MT002-Obst-T0269002-ang-E0024.310.1972                   4 2.97000E+01 1.30300E+02
a-Si028-MT002-Obst-T0269002-ang-E0024.320.1972                   1 2.97000E+01 1.57800E+02
a-Si028-MT002-Obst-T0269002-ang-E0024.330.1972                   2 4.22000E+01 1.70300E+02
a-Si028-MT002-Obst-T0269002-ang-E0024.410.1972                   1 4.22000E+01 5.97000E+01
a-Si028-MT002-Obst-T0269002-ang-E0024.420.1972                   1 5.97000E+01 1.52900E+02
a-Si028-MT002-Obst-T0269002-ang-E0024.430.1972                   1 2.97000E+01 1.52900E+02
a-Si028-MT002-Obst-T0269002-ang-E0024.440.1972                   5 2.97000E+01 1.70300E+02
a-Si028-MT002-Obst-T0269002-ang-E0024.520.1972                   1 2.97000E+01 4.22000E+01
a-Si028-MT002-Obst-T0269002-ang-E0024.540.1972                   2 2.97000E+01 7.97000E+01
a-Si028-MT002-Obst-T0269002-ang-E0024.550.1972                   3 5.97000E+01 1.70300E+02
a-Si028-MT002-Obst-T0269002-ang-E0024.570.1972                   2 4.22000E+01 1.57800E+02
a-Si028-MT002-Obst-T0269002-ang-E0024.660.1972                   1 4.22000E+01 7.97000E+01
a-Si028-MT002-Obst-T0269002-ang-E0024.670.1972                   1 5.97000E+01 7.97000E+01
a-Si028-MT002-Obst-T0269002-ang-E0024.680.1972                   1 2.97000E+01 5.97000E+01
a-Si028-MT002-Obst-T0269002-ang-E0024.690.1972                   3 2.97000E+01 1.70300E+02
a-Si028-MT002-Obst-T0269002-ang-E0024.710.1972                   1 1.52900E+02 1.70300E+02
a-Si028-MT002-Obst-T0269002-ang-E0024.720.1972                   1 4.22000E+01 1.52900E+02
a-Si028-MT002-Obst-T0269002-ang-E0024.780.1972                   1 4.22000E+01 5.97000E+01
a-Si028-MT002-Obst-T0269002-ang-E0024.790.1972                   2 2.97000E+01 7.97000E+01
a-Si028-MT002-Obst-T0269002-ang-E0024.800.1972                   2 2.97000E+01 1.57800E+02
a-Si028-MT002-Obst-T0269002-ang-E0024.810.1972                   1 1.57800E+02 1.70300E+02
a-Si028-MT002-Obst-T0269002-ang-E0024.820.1972                   1 4.22000E+01 1.70300E+02
a-Si028-MT002-Obst-T0269002-ang-E0024.910.1972                   1 4.22000E+01 1.30300E+02
a-Si028-MT002-Obst-T0269002-ang-E0024.930.1972                   1 2.97000E+01 1.30300E+02
a-Si028-MT002-Obst-T0269002-ang-E0024.940.1972                   4 2.97000E+01 1.57800E+02
a-Si028-MT002-Obst-T0269002-ang-E0024.950.1972                   1 1.52900E+02 1.70300E+02
a-Si028-MT002-Obst-T0269002-ang-E0024.960.1972                   1 4.22000E+01 1.70300E+02
a-Si028-MT002-Obst-T0269002-ang-E0025.030.1972                   1 4.22000E+01 5.97000E+01
a-Si028-MT002-Obst-T0269002-ang-E0025.040.1972                   1 2.97000E+01 5.97000E+01
a-Si028-MT002-Obst-T0269002-ang-E0025.050.1972                   3 2.97000E+01 1.57800E+02
a-Si028-MT002-Obst-T0269002-ang-E0025.060.1972                   2 1.30300E+02 1.70300E+02
a-Si028-MT002-Obst-T0269002-ang-E0025.070.1972                   1 5.97000E+01 1.70300E+02
a-Si028-MT002-Obst-T0269002-ang-E0025.150.1972                   1 4.22000E+01 5.97000E+01
a-Si028-MT002-Obst-T0269002-ang-E0025.160.1972                   1 2.97000E+01 4.22000E+01
a-Si028-MT002-Obst-T0269002-ang-E0025.170.1972                   3 2.97000E+01 1.52900E+02
a-Si028-MT002-Obst-T0269002-ang-E0025.180.1972                   1 1.52900E+02 1.57800E+02
a-Si028-MT002-Obst-T0269002-ang-E0025.190.1972                   1 1.57800E+02 1.70300E+02
a-Si028-MT002-Obst-T0269002-ang-E0025.200.1972                   1 4.22000E+01 1.70300E+02
a-Si028-MT002-Obst-T0269002-ang-E0025.270.1972                   1 4.22000E+01 5.97000E+01
a-Si028-MT002-Obst-T0269002-ang-E0025.280.1972                   2 2.97000E+01 1.30300E+02
a-Si028-MT002-Obst-T0269002-ang-E0025.290.1972                   3 2.97000E+01 1.57800E+02
a-Si028-MT002-Obst-T0269002-ang-E0025.300.1972                   2 4.22000E+01 1.70300E+02
a-Si028-MT002-Obst-T0269002-ang-E0025.410.1972                   1 4.22000E+01 5.97000E+01
a-Si028-MT002-Obst-T0269002-ang-E0025.420.1972                   1 5.97000E+01 7.97000E+01
a-Si028-MT002-Obst-T0269002-ang-E0025.430.1972                   4 2.97000E+01 1.57800E+02
a-Si028-MT002-Obst-T0269002-ang-E0025.440.1972                   1 2.97000E+01 1.70300E+02
a-Si028-MT002-Obst-T0269002-ang-E0025.460.1972                   1 4.22000E+01 1.70300E+02
a-Si028-MT002-Obst-T0269002-ang-E0025.530.1972                   2 2.97000E+01 5.97000E+01
a-Si028-MT002-Obst-T0269002-ang-E0025.540.1972                   1 2.97000E+01 7.97000E+01
a-Si028-MT002-Obst-T0269002-ang-E0025.550.1972                   2 7.97000E+01 1.52900E+02
a-Si028-MT002-Obst-T0269002-ang-E0025.560.1972                   2 1.30300E+02 1.70300E+02
a-Si028-MT002-Obst-T0269002-ang-E0025.580.1972                   1 4.22000E+01 1.70300E+02
a-Si028-MT002-Obst-T0269002-ang-E0025.660.1972                   1 4.22000E+01 5.97000E+01
a-Si028-MT002-Obst-T0269002-ang-E0025.670.1972                   3 2.97000E+01 1.30300E+02
a-Si028-MT002-Obst-T0269002-ang-E0025.680.1972                   1 2.97000E+01 1.52900E+02
a-Si028-MT002-Obst-T0269002-ang-E0025.690.1972                   1 1.52900E+02 1.57800E+02
a-Si028-MT002-Obst-T0269002-ang-E0025.700.1972                   1 1.57800E+02 1.70300E+02
a-Si028-MT002-Obst-T0269002-ang-E0025.710.1972                   1 4.22000E+01 1.70300E+02
a-Si028-MT002-Obst-T0269002-ang-E0025.780.1972                   1 2.97000E+01 4.22000E+01
a-Si028-MT002-Obst-T0269002-ang-E0025.790.1972                   2 2.97000E+01 7.97000E+01
a-Si028-MT002-Obst-T0269002-ang-E0025.800.1972                   4 7.97000E+01 1.70300E+02
a-Si028-MT002-Obst-T0269002-ang-E0025.810.1972                   1 4.22000E+01 1.57800E+02
a-Si028-MT002-Obst-T0269002-ang-E0025.890.1972                   1 4.22000E+01 1.30300E+02
a-Si028-MT002-Obst-T0269002-ang-E0025.900.1972                   1 5.97000E+01 1.30300E+02
a-Si028-MT002-Obst-T0269002-ang-E0025.910.1972                   1 2.97000E+01 5.97000E+01
a-Si028-MT002-Obst-T0269002-ang-E0025.920.1972                   1 2.97000E+01 1.57800E+02
a-Si028-MT002-Pavlova-D8017006-ang-E0050.500.1990               21 1.49000E+01 3.59000E+01
a-Si028-MT002-Rebel-D0215010-ang-E0104.000.1972                 56 3.79999E+00 4.34000E+01
a-Si028-MT002-Roy-D0220002-ang-E0040.000.1992                   57 6.10002E+00 1.45400E+02
a-Si028-MT002-Roy-D0220002-ang-E0045.000.1992                   45 7.99998E+00 1.25300E+02
a-Si028-MT002-Yonezawa-F0117004-ang-E0005.518.1994             281 1.69000E+02 1.69000E+02
a-Si028-MT002-Youngblood-C1065002-ang-E0240.000.1998           125 2.30002E+00 4.24000E+01
a-Si028-MT002-Zelenskaya-F0673005-ang-E0013.834.1969            36 1.00500E+02 1.00500E+02
