#              Filename                                         N    min         max
p-B010-MT002-Amar-D8002003-ang-E0000.400.2011                   42 2.00000E+01 1.30000E+02
p-B010-MT002-Andreev-D5099002-ang-E0001.030.1962                32 1.37100E+02 1.37100E+02
p-B010-MT002-Betker-C1291002-ang-E0197.000.2005                 26 1.02000E+01 8.09000E+01
p-B010-MT002-Chiari-O0922004-ang-E0000.500.2001               1597 1.30000E+02 1.70000E+02
p-B010-MT002-Hoehn-F0288006-ang-E0005.395.1981                  71 1.50000E+02 1.50000E+02
p-B010-MT002-Kaur-D1020002-ang-E0001.044.2022                  597 1.80000E+02 1.80000E+02
p-B010-MT002-Watson-F0156002-ang-E0005.403.1969                  1 8.00000E+01 1.05000E+02
p-B010-MT002-Watson-F0156002-ang-E0005.404.1969                  1 8.00000E+01 1.50000E+02
p-B010-MT002-Watson-F0156002-ang-E0005.412.1969                  1 1.25000E+02 1.50000E+02
p-B010-MT002-Watson-F0156002-ang-E0005.420.1969                  1 5.50000E+01 1.25000E+02
p-B010-MT002-Watson-F0156002-ang-E0005.421.1969                  1 5.50000E+01 8.00000E+01
p-B010-MT002-Watson-F0156002-ang-E0005.504.1969                  1 8.00000E+01 1.05000E+02
p-B010-MT002-Watson-F0156002-ang-E0005.511.1969                  1 1.05000E+02 1.25000E+02
p-B010-MT002-Watson-F0156002-ang-E0005.514.1969                  1 1.25000E+02 1.50000E+02
p-B010-MT002-Watson-F0156002-ang-E0005.517.1969                  1 5.50000E+01 1.50000E+02
p-B010-MT002-Watson-F0156002-ang-E0005.525.1969                  1 5.50000E+01 1.05000E+02
p-B010-MT002-Watson-F0156002-ang-E0005.601.1969                  1 8.00000E+01 1.05000E+02
p-B010-MT002-Watson-F0156002-ang-E0005.603.1969                  1 8.00000E+01 1.25000E+02
p-B010-MT002-Watson-F0156002-ang-E0005.609.1969                  1 1.25000E+02 1.50000E+02
p-B010-MT002-Watson-F0156002-ang-E0005.612.1969                  1 5.50000E+01 1.50000E+02
p-B010-MT002-Watson-F0156002-ang-E0005.620.1969                  1 5.50000E+01 1.05000E+02
p-B010-MT002-Watson-F0156002-ang-E0005.701.1969                  1 8.00000E+01 1.05000E+02
p-B010-MT002-Watson-F0156002-ang-E0005.702.1969                  1 8.00000E+01 1.25000E+02
p-B010-MT002-Watson-F0156002-ang-E0005.704.1969                  1 1.25000E+02 1.50000E+02
p-B010-MT002-Watson-F0156002-ang-E0005.707.1969                  1 5.50000E+01 1.50000E+02
p-B010-MT002-Watson-F0156002-ang-E0005.719.1969                  1 5.50000E+01 1.05000E+02
p-B010-MT002-Watson-F0156002-ang-E0005.800.1969                  1 8.00000E+01 1.05000E+02
p-B010-MT002-Watson-F0156002-ang-E0005.802.1969                  1 8.00000E+01 1.25000E+02
p-B010-MT002-Watson-F0156002-ang-E0005.804.1969                  1 1.25000E+02 1.50000E+02
p-B010-MT002-Watson-F0156002-ang-E0005.807.1969                  1 5.50000E+01 1.50000E+02
p-B010-MT002-Watson-F0156002-ang-E0005.818.1969                  1 5.50000E+01 8.00000E+01
p-B010-MT002-Watson-F0156002-ang-E0005.896.1969                  1 8.00000E+01 1.05000E+02
p-B010-MT002-Watson-F0156002-ang-E0005.904.1969                  1 1.05000E+02 1.50000E+02
p-B010-MT002-Watson-F0156002-ang-E0005.907.1969                  1 5.50000E+01 1.50000E+02
p-B010-MT002-Watson-F0156002-ang-E0005.913.1969                  2 5.50000E+01 1.25000E+02
p-B010-MT002-Watson-F0156002-ang-E0005.999.1969                  1 8.00000E+01 1.05000E+02
p-B010-MT002-Watson-F0156002-ang-E0006.000.1969                  1 8.00000E+01 1.50000E+02
p-B010-MT002-Watson-F0156002-ang-E0006.006.1969                  1 1.25000E+02 1.50000E+02
p-B010-MT002-Watson-F0156002-ang-E0006.007.1969                  1 5.50000E+01 1.25000E+02
p-B010-MT002-Watson-F0156002-ang-E0006.017.1969                  1 5.50000E+01 8.00000E+01
p-B010-MT002-Watson-F0156002-ang-E0006.105.1969                  1 8.00000E+01 1.05000E+02
p-B010-MT002-Watson-F0156002-ang-E0006.108.1969                  1 1.05000E+02 1.50000E+02
p-B010-MT002-Watson-F0156002-ang-E0006.111.1969                  1 5.50000E+01 1.50000E+02
p-B010-MT002-Watson-F0156002-ang-E0006.112.1969                  1 5.50000E+01 1.25000E+02
p-B010-MT002-Watson-F0156002-ang-E0006.117.1969                  1 8.00000E+01 1.25000E+02
p-B010-MT002-Watson-F0156002-ang-E0006.341.1969                  1 8.00000E+01 1.50000E+02
p-B010-MT002-Watson-F0156002-ang-E0006.348.1969                  1 1.25000E+02 1.50000E+02
p-B010-MT002-Watson-F0156002-ang-E0006.349.1969                  1 1.05000E+02 1.25000E+02
p-B010-MT002-Watson-F0156002-ang-E0006.350.1969                  1 5.50000E+01 1.05000E+02
p-B010-MT002-Watson-F0156002-ang-E0006.358.1969                  1 5.50000E+01 8.00000E+01
p-B010-MT002-Watson-F0156002-ang-E0006.587.1969                  1 8.00000E+01 1.05000E+02
p-B010-MT002-Watson-F0156002-ang-E0006.596.1969                  1 1.05000E+02 1.50000E+02
p-B010-MT002-Watson-F0156002-ang-E0006.599.1969                  1 1.25000E+02 1.50000E+02
p-B010-MT002-Watson-F0156002-ang-E0006.609.1969                  1 5.50000E+01 1.25000E+02
p-B010-MT002-Watson-F0156002-ang-E0006.614.1969                  1 5.50000E+01 1.50000E+02
p-B010-MT002-Watson-F0156002-ang-E0006.689.1969                  1 1.05000E+02 1.50000E+02
p-B010-MT002-Watson-F0156002-ang-E0006.695.1969                  1 8.00000E+01 1.05000E+02
p-B010-MT002-Watson-F0156002-ang-E0006.696.1969                  1 8.00000E+01 1.25000E+02
p-B010-MT002-Watson-F0156002-ang-E0006.704.1969                  1 5.50000E+01 1.25000E+02
p-B010-MT002-Watson-F0156002-ang-E0006.708.1969                  1 5.50000E+01 1.50000E+02
p-B010-MT002-Watson-F0156002-ang-E0006.793.1969                  1 1.05000E+02 1.50000E+02
p-B010-MT002-Watson-F0156002-ang-E0006.794.1969                  1 8.00000E+01 1.05000E+02
p-B010-MT002-Watson-F0156002-ang-E0006.795.1969                  1 5.50000E+01 8.00000E+01
p-B010-MT002-Watson-F0156002-ang-E0006.803.1969                  2 5.50000E+01 1.50000E+02
p-B010-MT002-Watson-F0156002-ang-E0006.888.1969                  1 8.00000E+01 1.50000E+02
p-B010-MT002-Watson-F0156002-ang-E0006.894.1969                  3 5.50000E+01 1.25000E+02
p-B010-MT002-Watson-F0156002-ang-E0006.907.1969                  1 5.50000E+01 1.50000E+02
p-B010-MT002-Watson-F0156002-ang-E0006.983.1969                  1 8.00000E+01 1.50000E+02
p-B010-MT002-Watson-F0156002-ang-E0006.989.1969                  1 5.50000E+01 8.00000E+01
p-B010-MT002-Watson-F0156002-ang-E0006.997.1969                  1 5.50000E+01 1.05000E+02
p-B010-MT002-Watson-F0156002-ang-E0006.998.1969                  2 8.00000E+01 1.25000E+02
p-B010-MT002-Watson-F0156002-ang-E0007.088.1969                  1 8.00000E+01 1.50000E+02
p-B010-MT002-Watson-F0156002-ang-E0007.092.1969                  1 1.05000E+02 1.50000E+02
p-B010-MT002-Watson-F0156002-ang-E0007.097.1969                  2 5.50000E+01 1.25000E+02
p-B010-MT002-Watson-F0156002-ang-E0007.101.1969                  1 5.50000E+01 8.00000E+01
p-B010-MT002-Watson-F0156002-ang-E0007.183.1969                  1 8.00000E+01 1.50000E+02
p-B010-MT002-Watson-F0156002-ang-E0007.187.1969                  1 5.50000E+01 1.50000E+02
p-B010-MT002-Watson-F0156002-ang-E0007.196.1969                  1 5.50000E+01 1.25000E+02
p-B010-MT002-Watson-F0156002-ang-E0007.197.1969                  1 1.25000E+02 1.50000E+02
p-B010-MT002-Watson-F0156002-ang-E0007.287.1969                  1 1.05000E+02 1.50000E+02
p-B010-MT002-Watson-F0156002-ang-E0007.291.1969                  1 1.05000E+02 1.25000E+02
p-B010-MT002-Watson-F0156002-ang-E0007.296.1969                  1 8.00000E+01 1.25000E+02
p-B010-MT002-Watson-F0156002-ang-E0007.297.1969                  1 5.50000E+01 8.00000E+01
p-B010-MT002-Watson-F0156002-ang-E0007.300.1969                  1 5.50000E+01 1.05000E+02
p-B010-MT002-Watson-F0156002-ang-E0007.528.1969                  1 1.05000E+02 1.50000E+02
p-B010-MT002-Watson-F0156002-ang-E0007.533.1969                  1 1.25000E+02 1.50000E+02
p-B010-MT002-Watson-F0156002-ang-E0007.537.1969                  1 8.00000E+01 1.25000E+02
p-B010-MT002-Watson-F0156002-ang-E0007.538.1969                  1 5.50000E+01 8.00000E+01
p-B010-MT002-Watson-F0156002-ang-E0007.546.1969                  1 5.50000E+01 1.50000E+02
p-B010-MT002-Watson-F0156002-ang-E0007.680.1969                  1 1.05000E+02 1.50000E+02
p-B010-MT002-Watson-F0156002-ang-E0007.684.1969                  1 8.00000E+01 1.05000E+02
p-B010-MT002-Watson-F0156002-ang-E0007.685.1969                  1 5.50000E+01 8.00000E+01
p-B010-MT002-Watson-F0156002-ang-E0007.693.1969                  1 5.50000E+01 1.25000E+02
p-B010-MT002-Watson-F0156002-ang-E0007.694.1969                  1 1.25000E+02 1.25000E+02
p-B010-MT002-Watson-F0156003-ang-E0005.300.1969                 32 2.46000E+01 1.64900E+02
p-B010-MT002-Watson-F0156003-ang-E0005.400.1969                 32 2.47000E+01 1.64700E+02
p-B010-MT002-Watson-F0156003-ang-E0005.500.1969                 27 3.95000E+01 1.64100E+02
p-B010-MT002-Watson-F0156003-ang-E0005.600.1969                 26 2.40000E+01 1.64700E+02
p-B010-MT002-Watson-F0156003-ang-E0005.700.1969                 31 2.40000E+01 1.63700E+02
p-B010-MT002-Watson-F0156003-ang-E0005.800.1969                 30 2.41000E+01 1.63600E+02
p-B010-MT002-Watson-F0156003-ang-E0005.900.1969                 30 2.41000E+01 1.65100E+02
p-B010-MT002-Watson-F0156003-ang-E0006.000.1969                 30 2.41000E+01 1.64100E+02
p-B010-MT002-Watson-F0156003-ang-E0006.250.1969                 30 2.45000E+01 1.64900E+02
p-B010-MT002-Watson-F0156003-ang-E0006.500.1969                 30 2.49000E+01 1.65700E+02
p-B010-MT002-Watson-F0156003-ang-E0006.600.1969                 30 4.00000E+01 1.65300E+02
