#              Filename                                         N    min         max
h-B011-MT800-Coker-F0447002-E0008.000.1973                      20 4.19997E+00 1.14300E+02
h-B011-MT800-Coker-F0447002-E0010.000.1973                      25 4.19997E+00 1.02600E+02
h-B011-MT800-Coker-F0447002-E0012.000.1973                      20 1.36000E+01 1.00000E+02
h-B011-MT800-Forsyth-F0467002-E0002.254.1965                     2 1.50000E+01 9.00000E+01
h-B011-MT800-Forsyth-F0467002-E0002.313.1965                     1 1.50000E+01 9.00000E+01
h-B011-MT800-Forsyth-F0467002-E0002.314.1965                     1 1.50000E+01 1.65000E+02
h-B011-MT800-Forsyth-F0467002-E0002.318.1965                     1 1.65000E+02 1.65000E+02
h-B011-MT800-Forsyth-F0467003-E0002.350.1965                    37 4.59998E+00 1.78100E+02
h-B011-MT800-Forsyth-F0467003-E0002.860.1965                    21 4.69999E+00 1.66200E+02
h-B011-MT800-Forsyth-F0467003-E0003.420.1965                    40 4.90001E+00 1.65700E+02
h-B011-MT800-Forsyth-F0467003-E0003.920.1965                    39 4.90001E+00 1.64600E+02
h-B011-MT800-Forsyth-F0467003-E0004.500.1965                    32 4.99999E+00 1.65400E+02
h-B011-MT800-Forsyth-F0467003-E0005.020.1965                    38 4.50002E+00 1.65900E+02
h-B011-MT800-Forsyth-F0467003-E0005.510.1965                    39 4.50002E+00 1.66600E+02
h-B011-MT800-Gorodetzky-F0309002-E0004.769.1965                  1 6.00000E+01 7.50000E+01
h-B011-MT800-Gorodetzky-F0309002-E0004.960.1965                  2 6.00000E+01 9.00000E+01
h-B011-MT800-Lonergan-F1043002-E0000.913.1966                   75 9.00000E+01 9.00000E+01
h-B011-MT800-Lonergan-F1043003-E0001.000.1966                  130 1.03000E+01 1.71600E+02
h-B011-MT800-Lonergan-F1043004-E0001.800.1966                  104 7.70001E+00 1.70500E+02
h-B011-MT800-Lonergan-F1043006-E0002.150.1966                   63 8.49999E+00 1.69600E+02
