#              Filename                                         N    min         max
d-C013-MT800-Colaux-D0428003-E0000.494.2007                    213 1.35000E+02 1.65000E+02
d-C013-MT800-Cottrell-F1077010-E0003.870.1968                    2 7.00000E+01 7.00000E+01
d-C013-MT800-Galanina-F1069002-E0015.300.2009                   89 2.00000E+01 1.60800E+02
d-C013-MT800-Klabes-O1771002-E0012.100.1970                     25 1.61000E+01 1.65900E+02
d-C013-MT800-Klabes-O1771002-E0013.300.1970                     20 1.29000E+01 1.67600E+02
d-C013-MT800-Klabes-O1771002-E0014.100.1970                     28 1.29000E+01 1.62300E+02
d-C013-MT800-Klyucharev-F1007002-E0000.734.1966                 16 9.00000E+01 9.00000E+01
d-C013-MT800-Klyucharev-F1007003-E0001.140.1966                 15 2.45000E+01 1.63300E+02
d-C013-MT800-Klyucharev-F1007003-E0001.260.1966                 15 2.45000E+01 1.62500E+02
d-C013-MT800-Klyucharev-F1007003-E0001.480.1966                 15 2.47000E+01 1.61000E+02
d-C013-MT800-Marsh-F0282002-E0003.350.1963                      34 8.19997E+00 1.71900E+02
d-C013-MT800-Marsh-F0282002-E0003.550.1963                      29 8.09999E+00 1.71100E+02
d-C013-MT800-Marsh-F0282002-E0003.850.1963                      32 8.09999E+00 1.66100E+02
d-C013-MT800-Marsh-F0282002-E0003.950.1963                      25 1.02000E+01 1.46100E+02
d-C013-MT800-Marsh-F0282002-E0004.200.1963                      30 1.02000E+01 1.69800E+02
d-C013-MT800-Marsh-F0282003-E0003.050.1963                       1 5.40000E+01 8.40000E+01
d-C013-MT800-Marsh-F0282003-E0003.051.1963                       1 8.40000E+01 1.19000E+02
d-C013-MT800-Marsh-F0282003-E0003.058.1963                       1 1.19000E+02 1.54000E+02
d-C013-MT800-Marsh-F0282003-E0003.148.1963                       1 8.40000E+01 1.54000E+02
d-C013-MT800-Marsh-F0282003-E0003.148A001.1963                   1 5.40000E+01 8.40000E+01
d-C013-MT800-Marsh-F0282003-E0003.152.1963                       1 5.40000E+01 1.19000E+02
d-C013-MT800-Marsh-F0282003-E0003.154.1963                       1 1.19000E+02 1.54000E+02
d-C013-MT800-Marsh-F0282003-E0003.247.1963                       1 8.40000E+01 1.54000E+02
d-C013-MT800-Marsh-F0282003-E0003.250.1963                       1 5.40000E+01 8.40000E+01
d-C013-MT800-Marsh-F0282003-E0003.250A001.1963                   1 5.40000E+01 1.19000E+02
d-C013-MT800-Marsh-F0282003-E0003.258.1963                       1 1.19000E+02 1.54000E+02
d-C013-MT800-Marsh-F0282003-E0003.348.1963                       1 8.40000E+01 1.54000E+02
d-C013-MT800-Marsh-F0282003-E0003.352.1963                       1 5.40000E+01 8.40000E+01
d-C013-MT800-Marsh-F0282003-E0003.352A001.1963                   1 5.40000E+01 1.19000E+02
d-C013-MT800-Marsh-F0282003-E0003.362.1963                       1 1.19000E+02 1.54000E+02
d-C013-MT800-Marsh-F0282003-E0003.448.1963                       1 5.40000E+01 1.54000E+02
d-C013-MT800-Marsh-F0282003-E0003.450.1963                       1 5.40000E+01 8.40000E+01
d-C013-MT800-Marsh-F0282003-E0003.451.1963                       1 8.40000E+01 1.19000E+02
d-C013-MT800-Marsh-F0282003-E0003.460.1963                       1 8.40000E+01 1.19000E+02
d-C013-MT800-Marsh-F0282003-E0003.548.1963                       1 8.40000E+01 1.54000E+02
d-C013-MT800-Marsh-F0282003-E0003.549.1963                       1 5.40000E+01 1.54000E+02
d-C013-MT800-Marsh-F0282003-E0003.549A001.1963                   1 5.40000E+01 1.19000E+02
d-C013-MT800-Marsh-F0282003-E0003.560.1963                       1 1.19000E+02 1.54000E+02
d-C013-MT800-Marsh-F0282003-E0003.651.1963                       1 5.40000E+01 1.54000E+02
d-C013-MT800-Marsh-F0282003-E0003.652.1963                       1 5.40000E+01 8.40000E+01
d-C013-MT800-Marsh-F0282003-E0003.652A001.1963                   1 8.40000E+01 1.19000E+02
d-C013-MT800-Marsh-F0282003-E0003.659.1963                       1 1.19000E+02 1.54000E+02
d-C013-MT800-Marsh-F0282003-E0003.745.1963                       1 8.40000E+01 1.54000E+02
d-C013-MT800-Marsh-F0282003-E0003.751.1963                       1 5.40000E+01 8.40000E+01
d-C013-MT800-Marsh-F0282003-E0003.752.1963                       1 5.40000E+01 1.19000E+02
d-C013-MT800-Marsh-F0282003-E0003.761.1963                       1 1.19000E+02 1.54000E+02
d-C013-MT800-Marsh-F0282003-E0003.848.1963                       1 8.40000E+01 1.54000E+02
d-C013-MT800-Marsh-F0282003-E0003.852.1963                       1 5.40000E+01 8.40000E+01
d-C013-MT800-Marsh-F0282003-E0003.855.1963                       1 5.40000E+01 1.19000E+02
d-C013-MT800-Marsh-F0282003-E0003.862.1963                       1 1.19000E+02 1.54000E+02
d-C013-MT800-Marsh-F0282003-E0003.950.1963                       1 5.40000E+01 1.54000E+02
d-C013-MT800-Marsh-F0282003-E0003.953.1963                       1 5.40000E+01 8.40000E+01
d-C013-MT800-Marsh-F0282003-E0003.954.1963                       1 8.40000E+01 1.19000E+02
d-C013-MT800-Marsh-F0282003-E0003.962.1963                       1 1.19000E+02 1.54000E+02
d-C013-MT800-Marsh-F0282003-E0004.050.1963                       1 5.40000E+01 1.54000E+02
d-C013-MT800-Marsh-F0282003-E0004.056.1963                       1 5.40000E+01 8.40000E+01
d-C013-MT800-Marsh-F0282003-E0004.056A001.1963                   1 8.40000E+01 1.19000E+02
d-C013-MT800-Marsh-F0282003-E0004.063.1963                       1 1.19000E+02 1.54000E+02
d-C013-MT800-Marsh-F0282003-E0004.151.1963                       1 8.40000E+01 1.54000E+02
d-C013-MT800-Marsh-F0282003-E0004.155.1963                       1 5.40000E+01 8.40000E+01
d-C013-MT800-Marsh-F0282003-E0004.156.1963                       1 5.40000E+01 1.19000E+02
d-C013-MT800-Marsh-F0282003-E0004.164.1963                       1 1.19000E+02 1.54000E+02
d-C013-MT800-Marsh-F0282003-E0004.205.1963                       1 8.40000E+01 1.54000E+02
d-C013-MT800-Marsh-F0282003-E0004.207.1963                       1 5.40000E+01 8.40000E+01
d-C013-MT800-Marsh-F0282003-E0004.208.1963                       2 5.40000E+01 1.19000E+02
d-C013-MT800-Naqvi-A0289002-E0000.180.1998                      29 9.00000E+01 9.00000E+01
d-C013-MT800-Naqvi-A0289003-E0000.180.1998                     190 2.98000E+01 1.64600E+02
d-C013-MT800-Nemilov-F1112004-E0006.490.1965                    14 2.23000E+01 1.46900E+02
d-C013-MT800-Nemilov-F1112004-E0006.730.1965                    18 2.23000E+01 1.59700E+02
d-C013-MT800-Putt-F1079015-E0000.410.1971                       14 2.01000E+01 1.50300E+02
d-C013-MT800-Putt-F1079016-E0000.510.1971                       14 1.97000E+01 1.50700E+02
d-C013-MT800-Putt-F1079017-E0000.610.1971                       14 1.99000E+01 1.49600E+02
d-C013-MT800-Putt-F1079017-E0000.710.1971                       14 1.99000E+01 1.50200E+02
d-C013-MT800-Putt-F1079018-E0000.810.1971                       14 1.98000E+01 1.50300E+02
