#              Filename                                         N    min         max
p-Se082-MT002-Delaroche-C0781014-ang-E0016.000.1984             29 2.50000E+01 1.65000E+02
p-Se082-MT002-Takeuchi-E0050002-ang-E0004.514.1977               2 1.20000E+02 1.50000E+02
p-Se082-MT002-Takeuchi-E0050002-ang-E0004.518.1977               1 1.20000E+02 1.50000E+02
p-Se082-MT002-Takeuchi-E0050002-ang-E0004.521.1977               1 9.00000E+01 1.20000E+02
p-Se082-MT002-Takeuchi-E0050002-ang-E0004.524.1977               1 9.00000E+01 1.50000E+02
p-Se082-MT002-Takeuchi-E0050002-ang-E0004.528.1977               1 1.20000E+02 1.50000E+02
p-Se082-MT002-Takeuchi-E0050002-ang-E0004.535.1977               1 9.00000E+01 1.20000E+02
p-Se082-MT002-Takeuchi-E0050002-ang-E0004.538.1977               1 9.00000E+01 1.50000E+02
p-Se082-MT002-Takeuchi-E0050002-ang-E0004.542.1977               1 9.00000E+01 1.50000E+02
p-Se082-MT002-Takeuchi-E0050002-ang-E0004.544.1977               1 9.00000E+01 1.20000E+02
p-Se082-MT002-Takeuchi-E0050002-ang-E0004.545.1977               1 1.20000E+02 1.50000E+02
p-Se082-MT002-Takeuchi-E0050002-ang-E0004.548.1977               1 1.20000E+02 1.50000E+02
p-Se082-MT002-Takeuchi-E0050002-ang-E0004.555.1977               1 9.00000E+01 1.20000E+02
p-Se082-MT002-Takeuchi-E0050002-ang-E0004.558.1977               1 9.00000E+01 1.50000E+02
p-Se082-MT002-Takeuchi-E0050002-ang-E0004.562.1977               1 9.00000E+01 1.50000E+02
p-Se082-MT002-Takeuchi-E0050002-ang-E0004.565.1977               1 9.00000E+01 1.20000E+02
p-Se082-MT002-Takeuchi-E0050002-ang-E0004.569.1977               1 1.20000E+02 1.20000E+02
p-Se082-MT002-Varner-C0893026-ang-E0016.000.1986                29 2.50000E+01 1.65000E+02
