#              Filename                                         N    min         max
n-Fe000-MT051-Antolkovic-20040002.1966                           1 4.56000E+00 4.56000E+00
n-Fe000-MT051-Barnard-30076015.1968                              3 1.08800E+00 1.31100E+00
n-Fe000-MT051-Benjamin-11704003.1966                             4 2.50000E+00 4.00000E+00
n-Fe000-MT051-Benjamin-11704004.1966                             4 2.50000E+00 4.00000E+00
n-Fe000-MT051-Biryukov-41302013.1975                             1 9.10000E+00 9.10000E+00
n-Fe000-MT051-Coon-11322009.1958                                 1 1.45000E+01 1.45000E+01
n-Fe000-MT051-Eliot-21385003.1954                                1 2.50000E+00 2.50000E+00
n-Fe000-MT051-Gilboy-21097007.1965                              11 1.40000E+00 3.99000E+00
n-Fe000-MT051-Hopkins-11706002.1964                              4 3.50000E+00 5.00000E+00
n-Fe000-MT051-Hopkins-11706003.1964                              7 2.00000E+00 5.00000E+00
n-Fe000-MT051-Jacquot-20379005.1966                              5 1.26000E+00 2.28000E+00
n-Fe000-MT051-Kinney-10111141.1970                              10 4.60000E+00 8.56000E+00
n-Fe000-MT051-Kinney-10111141A001.1970                          10 4.60000E+00 8.56000E+00
n-Fe000-MT051-Kinney-10111144.1970                              18 4.19000E+00 8.56000E+00
n-Fe000-MT051-Kinney-10111144A001.1970                          18 4.19000E+00 8.56000E+00
n-Fe000-MT051-Kinney-10682003.1977                             489 8.59408E-01 2.09707E+00
n-Fe000-MT051-Kinney-10682003A001.1977                         489 8.59408E-01 2.09707E+00
n-Fe000-MT051-Kinney-10682004.1977                              13 8.80000E-01 2.05000E+00
n-Fe000-MT051-Kinney-10682004A001.1977                          13 8.80000E-01 2.05000E+00
n-Fe000-MT051-Lashuk-41186041.1994                              22 9.30000E-01 7.37000E+00
n-Fe000-MT051-Lebedev-40413007.1977                              1 4.70000E+00 4.70000E+00
n-Fe000-MT051-Macgregor-11205010.1958                            1 1.42000E+01 1.42000E+01
n-Fe000-MT051-Macgregor-11205010A001.1958                        1 1.42000E+01 1.42000E+01
n-Fe000-MT051-Phillips-11210006.1952                             1 1.41500E+01 1.41500E+01
n-Fe000-MT051-Phillips-11210006A001.1952                         1 1.41500E+01 1.41500E+01
n-Fe000-MT051-Phillips-11210016.1952                             1 1.41500E+01 1.41500E+01
n-Fe000-MT051-Phillips-11210016A001.1952                         1 1.41500E+01 1.41500E+01
n-Fe000-MT051-Phillips-11210022.1952                             1 1.41500E+01 1.41500E+01
n-Fe000-MT051-Phillips-11210022A001.1952                         1 1.41500E+01 1.41500E+01
n-Fe000-MT051-Salnikov-40372010.1957                             1 2.34000E+00 2.34000E+00
n-Fe000-MT051-Schmidt-22403010.1994                             12 9.41000E+00 1.52000E+01
n-Fe000-MT051-Smith-10886003.1980                               50 1.59000E+00 4.02700E+00
n-Fe000-MT051-Smith-10886003A001.1980                           50 1.59000E+00 4.02700E+00
n-Fe000-MT051-Takahashi-22766030.1992                            1 1.41000E+01 1.41000E+01
n-Fe000-MT051-Towle-20905012.1967                                1 7.00000E+00 7.00000E+00
n-Fe000-MT051-Wilenzick-11287010.1965                            1 6.04000E+00 6.04000E+00
