#              Filename                                         N    min         max
n-C000-MT002-Atkinson-11112007.1961                              1 5.00000E+03 5.00000E+03
n-C000-MT002-Atkinson-11112007A001.1961                          1 5.00000E+03 5.00000E+03
n-C000-MT002-Ball-11503006.1952                                  1 3.00000E+02 3.00000E+02
n-C000-MT002-Boerker-22404005.1991                               4 1.33300E+01 1.58200E+01
n-C000-MT002-Bostrom-11130005.1959                               3 4.21000E+00 7.58000E+00
n-C000-MT002-Bostrom-11130005A001.1959                           3 4.21000E+00 7.58000E+00
n-C000-MT002-Clarke-11286002.1964                                1 1.41000E+01 1.41000E+01
n-C000-MT002-Deconninck-20240002.1970                            3 1.72700E+01 1.98800E+01
n-C000-MT002-Frasca-10254003.1966                                1 1.40000E+01 1.40000E+01
n-C000-MT002-Frasca-10254003A001.1966                            1 1.40000E+01 1.40000E+01
n-C000-MT002-Haddad-11267002.1959                                3 6.00000E+00 7.00000E+00
n-C000-MT002-Kimura-23489003.1942                                7 2.60000E-08 2.70000E-05
n-C000-MT002-Knox-10509005.1973                                  1 2.63000E+00 2.63000E+00
n-C000-MT002-Knox-10509005A001.1973                              1 2.63000E+00 2.63000E+00
n-C000-MT002-Lane-10394003.1969                                 39 5.00000E-01 2.00000E+00
n-C000-MT002-Lane-10394003A001.1969                             39 5.00000E-01 2.00000E+00
n-C000-MT002-Langsdorfjr-11224006.1957                          34 6.00000E-02 1.78200E+00
n-C000-MT002-Langsdorfjr-11224006A001.1957                      34 6.00000E-02 1.78200E+00
n-C000-MT002-Lyapin-41401004.1989                               20 1.50000E-03 4.42000E-01
n-C000-MT002-Macphail-14675004.1940                              6 2.34000E+00 2.80000E+00
n-C000-MT002-Meigooni-12944003.1985                              4 2.08000E+01 2.60000E+01
n-C000-MT002-Mitchell-14700002.1936                              1 2.53000E-08 2.53000E-08
n-C000-MT002-Mughabghab-V10010242.2006                           1 2.53000E-08 2.53000E-08
n-C000-MT002-Nakada-11228004.1958                                1 1.40000E+01 1.40000E+01
n-C000-MT002-Nakada-11228004A001.1958                            1 1.40000E+01 1.40000E+01
n-C000-MT002-Perey-10027024.1969                                13 4.60000E+00 8.56000E+00
n-C000-MT002-Perey-10027024A001.1969                            13 4.60000E+00 8.56000E+00
n-C000-MT002-Perey-10609004.1978                                40 5.22000E+00 8.69000E+00
n-C000-MT002-Perey-10609004A001.1978                            40 5.22000E+00 8.69000E+00
n-C000-MT002-Pirovano-23365003.2019                            140 2.00165E+00 7.92885E+00
n-C000-MT002-Schmiedmayer-22101002.1988                          1 1.75000E-04 1.75000E-04
n-C000-MT002-Smith-10474004.1979                                31 1.50200E+00 3.99000E+00
n-C000-MT002-Smith-10474004A001.1979                            31 1.50200E+00 3.99000E+00
n-C000-MT002-Vanzyl-21374011.1956                                1 1.36000E+02 1.36000E+02
n-C000-MT002-Walt-11215006.1955                                  1 4.10000E+00 4.10000E+00
n-C000-MT002-Walt-11215006A001.1955                              1 4.10000E+00 4.10000E+00
n-C000-MT002-Western-12069012.1966                               1 1.47000E+01 1.47000E+01
n-C000-MT002-Willard-11214009.1955                               3 5.50000E-01 1.50000E+00
n-C000-MT002-Willard-11214009A001.1955                           3 5.50000E-01 1.50000E+00
