#              Filename                                         N    min         max
n-Zn068-MT151-Dahlberg-118050051.1956                            1 5.30000E-04 5.30000E-04
n-Zn068-MT151-Dahlberg-118050053.1956                            1 5.30000E-04 5.30000E-04
n-Zn068-MT151-Garg-109820021.1982                               69 5.16400E-04 3.79000E-01
n-Zn068-MT151-Garg-109820021A001.1982                           69 5.16400E-04 3.79000E-01
n-Zn068-MT151-Garg-109820022.1982                               69 5.16400E-04 3.79000E-01
n-Zn068-MT151-Garg-109820022A001.1982                           69 5.16400E-04 3.79000E-01
n-Zn068-MT151-Garg-109820023.1982                               69 5.16400E-04 3.79000E-01
n-Zn068-MT151-Garg-109820023A001.1982                           69 5.16400E-04 3.79000E-01
n-Zn068-MT151-Garg-109820024.1982                               22 5.04000E-03 1.24600E-01
n-Zn068-MT151-Garg-109820024A001.1982                           22 5.04000E-03 1.24600E-01
n-Zn068-MT151-Garg-109820031.1982                              221 3.80100E-03 3.80175E-01
n-Zn068-MT151-Garg-109820031A001.1982                          221 3.80100E-03 3.80175E-01
n-Zn068-MT151-Garg-109820033.1982                              221 3.80100E-03 3.80175E-01
n-Zn068-MT151-Garg-109820033A001.1982                          221 3.80100E-03 3.80175E-01
n-Zn068-MT151-Garg-109820034.1982                               67 7.48100E-03 1.29750E-01
n-Zn068-MT151-Garg-109820034A001.1982                           67 7.48100E-03 1.29750E-01
n-Zn068-MT151-Garg-10982004.1982                                 3 1.30000E-01 3.80000E-01
n-Zn068-MT151-Garg-10982004A001.1982                             3 1.30000E-01 3.80000E-01
n-Zn068-MT151-Garg-10982007.1982                                 2 1.30000E-01 2.50000E-01
n-Zn068-MT151-Garg-10982007A001.1982                             2 1.30000E-01 2.50000E-01
n-Zn068-MT151-Garg-11646020.1964                                 1 1.88200E-02 1.88200E-02
n-Zn068-MT151-KimKhiSannn-412110061.1965                         1 5.30000E-04 5.30000E-04
n-Zn068-MT151-KimKhiSannn-412110062.1965                         1 5.30000E-04 5.30000E-04
n-Zn068-MT151-KimKhiSannn-412110063.1965                         1 5.30000E-04 5.30000E-04
n-Zn068-MT151-Miller-11007015.1959                               1 1.80000E-02 1.80000E-02
n-Zn068-MT151-Miller-11007015A001.1959                           1 1.80000E-02 1.80000E-02
n-Zn068-MT151-Miller-11007016.1959                               1 2.08000E-02 2.08000E-02
n-Zn068-MT151-Miller-11007016A001.1959                           1 2.08000E-02 2.08000E-02
