#              Filename                                         N    min         max
n-N014-MT002-Anli-13979004-ang-E0011.000.1989                   26 1.80000E+01 1.57400E+02
n-N014-MT002-Anli-13979004-ang-E0014.000.1989                   27 1.80000E+01 1.60600E+02
n-N014-MT002-Anli-13979004-ang-E0017.000.1989                   17 1.88000E+01 1.60600E+02
n-N014-MT002-Baba-21984077-ang-E0014.200.1986                   10 2.50000E+01 1.49900E+02
n-N014-MT002-Bernard-10437003-ang-E0006.250.1975                14 1.98000E+01 1.49700E+02
n-N014-MT002-Bernard-10437003-ang-E0006.250A001.1975            14 1.98000E+01 1.49700E+02
n-N014-MT002-Bernard-10437003-ang-E0009.290.1975                 8 4.00000E+01 1.19900E+02
n-N014-MT002-Bernard-10437003-ang-E0009.290A001.1975             8 4.00000E+01 1.19900E+02
n-N014-MT002-Bucher-10331003-ang-E0007.400.1974                  4 2.59993E+00 1.42000E+01
n-N014-MT002-Bucher-10331003-ang-E0007.400A001.1974              4 2.59993E+00 1.42000E+01
n-N014-MT002-Bucher-10331003-ang-E0007.550.1974                  4 2.59993E+00 1.42000E+01
n-N014-MT002-Bucher-10331003-ang-E0007.550A001.1974              4 2.59993E+00 1.42000E+01
n-N014-MT002-Bucher-10331003-ang-E0008.000.1974                  4 2.69994E+00 1.41000E+01
n-N014-MT002-Chardine-22081002-ang-E0007.700.1986               12 2.00000E+01 1.49900E+02
n-N014-MT002-Chardine-22081003-ang-E0007.900.1986               12 2.00000E+01 1.49900E+02
n-N014-MT002-Chardine-22081004-ang-E0008.120.1986               12 2.00000E+01 1.49900E+02
n-N014-MT002-Chardine-22081005-ang-E0009.000.1986               12 2.00000E+01 1.49900E+02
n-N014-MT002-Chardine-22081006-ang-E0010.300.1986               12 2.00000E+01 1.49900E+02
n-N014-MT002-Chardine-22081007-ang-E0010.650.1986               17 2.00000E+01 1.55000E+02
n-N014-MT002-Chardine-22081008-ang-E0011.100.1986               12 2.00000E+01 1.49900E+02
n-N014-MT002-Chardine-22081009-ang-E0011.500.1986               18 2.00000E+01 1.55000E+02
n-N014-MT002-Chardine-22081010-ang-E0012.400.1986               18 2.00000E+01 1.55000E+02
n-N014-MT002-Chardine-22081011-ang-E0013.500.1986               18 2.00000E+01 1.55000E+02
n-N014-MT002-Fowler-11314002-ang-E0000.800.1955                  9 2.97000E+01 1.31300E+02
n-N014-MT002-Fowler-11314002-ang-E0000.970.1955                 42 5.72000E+01 1.67600E+02
n-N014-MT002-Fowler-11314002-ang-E0001.082.1955                 42 5.84000E+01 1.58500E+02
n-N014-MT002-Hyakutake-20273002-ang-E0014.100.1971              17 1.00000E+01 1.60000E+02
n-N014-MT002-Lundberg-20163003-ang-E0014.800.1967               22 8.39997E+00 1.57400E+02
n-N014-MT002-Olsson-22127007-ang-E0021.600.1989                 38 9.49999E+00 1.58300E+02
n-N014-MT002-Perey-10283002-ang-E0004.340.1974                 136 1.75000E+01 1.75000E+01
n-N014-MT002-Schmidt-22806002-ang-E0007.890.2003                36 1.34000E+01 1.59700E+02
n-N014-MT002-Schmidt-22806002-ang-E0008.890.2003                38 1.35000E+01 1.60600E+02
n-N014-MT002-Schmidt-22806002-ang-E0009.880.2003                37 1.35000E+01 1.59700E+02
n-N014-MT002-Schmidt-22806002-ang-E0010.810.2003                41 1.40000E+01 1.60600E+02
n-N014-MT002-Schmidt-22806002-ang-E0011.780.2003                31 1.40000E+01 1.60600E+02
n-N014-MT002-Schmidt-22806002-ang-E0012.790.2003                30 1.41000E+01 1.60800E+02
n-N014-MT002-Schmidt-22806002-ang-E0013.850.2003                35 1.41000E+01 1.60500E+02
n-N014-MT002-Templon-12939002-ang-E0010.963.1985                72 2.00000E+01 1.59800E+02
n-N014-MT002-Vaucher-21249002-ang-E0014.100.1965                 1 4.00000E+01 4.00000E+01
