#              Filename                                         N    min         max     
n-U235-MT459-Chapman-10828002-E0006.000.1978                    29 6.00000E+00 6.00000E+00
n-U235-MT459-Chapman-10828002-E0007.100.1978                    29 7.10000E+00 7.10000E+00
n-U235-MT459-Chapman-10828002-E0008.100.1978                    29 8.10000E+00 8.10000E+00
n-U235-MT459-Chapman-10828002-E0009.100.1978                    29 9.10000E+00 9.10000E+00
n-U235-MT459-Shima-10864008-E2.53E-08.1978                       8 2.53000E-08 2.53000E-08
n-U235-MT459-Maeck-10865002-E2.53E-08.1978                      39 2.53000E-08 2.53000E-08
n-U235-MT459-Maeck-10865003-E2.53E-08.1978                       1 1.00000E+20 0.00000E+00
n-U235-MT459-Fontenla-10937002-E2.53E-08.1980                   28 2.53000E-08 2.53000E-08
n-U235-MT459-Chapman-10828002-E0006.000A001.1978                29 6.00000E+00 6.00000E+00
n-U235-MT459-Chapman-10828002-E0007.100A001.1978                29 7.10000E+00 7.10000E+00
n-U235-MT459-Chapman-10828002-E0008.100A001.1978                29 8.10000E+00 8.10000E+00
n-U235-MT459-Chapman-10828002-E0009.100A001.1978                29 9.10000E+00 9.10000E+00
n-U235-MT459-Shima-10864008-E2.53E-08A001.1978                   8 2.53000E-08 2.53000E-08
n-U235-MT459-Maeck-10865002-E2.53E-08A001.1978                  39 2.53000E-08 2.53000E-08
n-U235-MT459-Maeck-10865003-E2.53E-08A001.1978                   1 1.00000E+20 0.00000E+00
n-U235-MT459-Fontenla-10937002-E2.53E-08A001.1980               28 2.53000E-08 2.53000E-08
n-U235-MT459-Inghram-12106006-E2.53E-08.1950                     4 2.53000E-08 2.53000E-08
n-U235-MT459-Glendenin-12729002-E0000.170.1981                  35 1.70000E-01 1.70000E-01
n-U235-MT459-Glendenin-12729002-E0000.550.1981                  32 5.50000E-01 5.50000E-01
n-U235-MT459-Glendenin-12729002-E0001.000.1981                  33 1.00000E+00 1.00000E+00
n-U235-MT459-Glendenin-12729002-E0002.000.1981                  34 2.00000E+00 2.00000E+00
n-U235-MT459-Glendenin-12729002-E0004.000.1981                  37 4.00000E+00 4.00000E+00
n-U235-MT459-Glendenin-12729002-E0005.500.1981                  35 5.50000E+00 5.50000E+00
n-U235-MT459-Glendenin-12729002-E0006.300.1981                  32 6.30000E+00 6.30000E+00
n-U235-MT459-Glendenin-12729002-E0007.100.1981                  32 7.10000E+00 7.10000E+00
n-U235-MT459-Glendenin-12729002-E0008.100.1981                  34 8.10000E+00 8.10000E+00
n-U235-MT459-Larsen-12771005-E2.53E-08.1974                      5 2.53000E-08 2.53000E-08
n-U235-MT459-Semkow-12813007-E0014.300.1984                      2 1.43000E+01 1.43000E+01
n-U235-MT459-Grummitt-13053002-E2.53E-08.1947                    2 2.53000E-08 2.53000E-08
n-U235-MT459-Grummitt-13054003-E2.53E-08.1951                   16 2.53000E-08 2.53000E-08
n-U235-MT459-Roy-13060002-E2.53E-08.1961                         1 1.00000E+20 0.00000E+00
n-U235-MT459-Farrar-13064007-E2.53E-08.1962                     24 2.53000E-08 2.53000E-08
n-U235-MT459-Strom-13073002-E2.53E-08.1966                       3 2.53000E-08 2.53000E-08
n-U235-MT459-Strom-13073004-E2.53E-08.1966                       3 2.53000E-08 2.53000E-08
n-U235-MT459-Ford-13077002-E0004.700.1965                        4 4.70000E+00 4.70000E+00
n-U235-MT459-Ford-13077002-E0009.100.1965                        5 9.10000E+00 9.10000E+00
n-U235-MT459-Ford-13077002-E0013.400.1965                        4 1.34000E+01 1.34000E+01
n-U235-MT459-Ford-13077002-E0014.100.1965                        5 1.41000E+01 1.41000E+01
n-U235-MT459-Ford-13077002-E0014.900.1965                        6 1.49000E+01 1.49000E+01
n-U235-MT459-Ford-13077002-E0016.300.1965                        5 1.63000E+01 1.63000E+01
n-U235-MT459-Ford-13077002-E0017.300.1965                        5 1.73000E+01 1.73000E+01
n-U235-MT459-Ford-13077002-E0018.100.1965                        5 1.81000E+01 1.81000E+01
n-U235-MT459-Weiss-13082002-E2.53E-08.1965                       3 2.53000E-08 2.53000E-08
n-U235-MT459-Weiss-13082003-E2.53E-08.1965                       1 1.00000E+20 0.00000E+00
n-U235-MT459-Aras-130850022-E2.53E-08.1966                       2 2.53000E-08 2.53000E-08
n-U235-MT459-Rider-13205002-E2.53E-08.1965                       6 2.53000E-08 2.53000E-08
n-U235-MT459-Bunney-13213003-E2.53E-08.1965                      9 2.53000E-08 2.53000E-08
n-U235-MT459-Grayjr-13218003-E2.53E-08.1962                      1 1.00000E+20 0.00000E+00
n-U235-MT459-Ford-13221002-E2.53E-08.1965                        3 2.53000E-08 2.53000E-08
n-U235-MT459-Meyer-13226002-E2.53E-08.1964                       1 1.00000E+20 0.00000E+00
n-U235-MT459-Meyer-13227002-E2.53E-08.1964                       2 2.53000E-08 2.53000E-08
n-U235-MT459-Erdal-13244004-E2.53E-08.1969                       6 2.53000E-08 2.53000E-08
n-U235-MT459-Erdal-13245002-E2.53E-08.1969                       2 2.53000E-08 2.53000E-08
n-U235-MT459-Nethaway-13251003-E0014.800.1969                   12 1.48000E+01 1.48000E+01
n-U235-MT459-Ford-132550042-E0014.700.1976                       8 1.47000E+01 1.47000E+01
n-U235-MT459-Lisman-13270003-E2.53E-08.1970                     31 2.53000E-08 2.53000E-08
n-U235-MT459-Lisman-13270004-E2.53E-08.1970                      2 2.53000E-08 2.53000E-08
n-U235-MT459-Lisman-13270005-E2.53E-08.1970                      5 2.53000E-08 2.53000E-08
n-U235-MT459-Lisman-13270006-E2.53E-08.1970                      4 2.53000E-08 2.53000E-08
n-U235-MT459-Lisman-13270016-E0000.500.1970                     19 5.00000E-01 5.00000E-01
n-U235-MT459-Lisman-13270017-E0000.500.1970                     20 5.00000E-01 5.00000E-01
n-U235-MT459-Lisman-13270018-E0000.500.1970                      1 1.00000E+20 0.00000E+00
n-U235-MT459-Lisman-13270025-E2.53E-08.1970                     36 2.53000E-08 2.53000E-08
n-U235-MT459-Ballou-13274003-E0015.000.1973                      7 1.50000E+01 1.50000E+01
n-U235-MT459-Tracy-13277004-E2.53E-08.1970                       2 2.53000E-08 2.53000E-08
n-U235-MT459-Tracy-13277005-E2.53E-08.1970                       2 2.53000E-08 2.53000E-08
n-U235-MT459-Fowler-13319003-E2.53E-08.1974                      3 2.53000E-08 2.53000E-08
n-U235-MT459-Maeck-13327003-E0000.400.1975                      42 4.00000E-01 4.00000E-01
n-U235-MT459-Diiorio-13359002-E2.53E-08.1977                    64 2.53000E-08 2.53000E-08
n-U235-MT459-Wahl-13368002-E2.53E-08.1952                        2 2.53000E-08 2.53000E-08
n-U235-MT459-Wahl-13368004-E0014.000.1952                        2 1.40000E+01 1.40000E+01
n-U235-MT459-Reed-13372002-E2.53E-08.1953                        3 2.53000E-08 2.53000E-08
n-U235-MT459-Reed-13372003-E2.53E-08.1953                        5 2.53000E-08 2.53000E-08
n-U235-MT459-Sugarman-13373002-E2.53E-08.1953                    4 2.53000E-08 2.53000E-08
n-U235-MT459-Wiles-13375004-E2.53E-08.1953                       2 2.53000E-08 2.53000E-08
n-U235-MT459-Freiling-13378002-E2.53E-08.1954                    2 2.53000E-08 2.53000E-08
n-U235-MT459-Petruska-13386002-E2.53E-08.1955                    6 2.53000E-08 2.53000E-08
n-U235-MT459-Petruska-13386003-E2.53E-08.1955                    4 2.53000E-08 2.53000E-08
n-U235-MT459-Petruska-13386004-E2.53E-08.1955                    2 2.53000E-08 2.53000E-08
n-U235-MT459-Petruska-13386005-E2.53E-08.1955                    5 2.53000E-08 2.53000E-08
n-U235-MT459-Petruska-13386006-E2.53E-08.1955                    4 2.53000E-08 2.53000E-08
n-U235-MT459-Reed-13387003-E2.53E-08.1955                        2 2.53000E-08 2.53000E-08
n-U235-MT459-Finkle-13395002-E2.53E-08.1951                      3 2.53000E-08 2.53000E-08
n-U235-MT459-Finkle-13395003-E2.53E-08.1951                     16 2.53000E-08 2.53000E-08
n-U235-MT459-Glendenin-134010022-E2.53E-08.1945                  1 1.00000E+20 0.00000E+00
n-U235-MT459-Novey-13405002-E2.53E-08.1943                       2 2.53000E-08 2.53000E-08
n-U235-MT459-Metcalf-13412002-E2.53E-08.1951                     1 1.00000E+20 0.00000E+00
n-U235-MT459-Seiler-13413002-E2.53E-08.1951                      2 2.53000E-08 2.53000E-08
n-U235-MT459-Siegel-13415002-E2.53E-08.1951                      2 2.53000E-08 2.53000E-08
n-U235-MT459-Steinberg-13417002-E2.53E-08.1951                   4 2.53000E-08 2.53000E-08
n-U235-MT459-Steinberg-13418002-E2.53E-08.1951                   2 2.53000E-08 2.53000E-08
n-U235-MT459-Winsberg-13423002-E2.53E-08.1951                    2 2.53000E-08 2.53000E-08
n-U235-MT459-Engelkemeir-13425002-E2.53E-08.1952                 8 2.53000E-08 2.53000E-08
n-U235-MT459-Glendenin-13428002-E2.53E-08.1955                  24 2.53000E-08 2.53000E-08
n-U235-MT459-Baerg-13431002-E2.53E-08.1957                       4 2.53000E-08 2.53000E-08
n-U235-MT459-Nasuhoglu-13436002-E2.53E-08.1957                   3 2.53000E-08 2.53000E-08
n-U235-MT459-Nasuhoglu-13436003-E1.10E-06.1957                   3 1.10000E-06 1.10000E-06
n-U235-MT459-Nasuhoglu-13436003-E3.10E-06.1957                   2 3.10000E-06 3.10000E-06
n-U235-MT459-Nasuhoglu-13436003-E9.50E-06.1957                   2 9.50000E-06 9.50000E-06
n-U235-MT459-Maeck-13440003-E0000.700.1980                      38 7.00000E-01 7.00000E-01
n-U235-MT459-Ford-134430032-E2.53E-08.1976                       4 2.53000E-08 2.53000E-08
n-U235-MT459-Ford-134440032-E0014.700.1976                      20 1.47000E+01 1.47000E+01
n-U235-MT459-Ford-134440052-E0014.700.1976                       3 1.47000E+01 1.47000E+01
n-U235-MT459-Coryell-13465002-E2.53E-08.1955                     3 2.53000E-08 2.53000E-08
n-U235-MT459-Sattizahn-13475002-E2.53E-08.1960                   2 2.53000E-08 2.53000E-08
n-U235-MT459-Sattizahn-13475003-E2.53E-08.1960                   2 2.53000E-08 2.53000E-08
n-U235-MT459-Maeck-13848005-E2.53E-08.1966                      22 2.53000E-08 2.53000E-08
n-U235-MT459-Maeck-13848009-E2.53E-08.1966                      14 2.53000E-08 2.53000E-08
n-U235-MT459-Maeck-13848010-E2.53E-08.1966                       4 2.53000E-08 2.53000E-08
n-U235-MT459-Younes-14014002-E0005.100.2001                     23 5.10000E+00 5.10000E+00
n-U235-MT459-Younes-14014002-E0015.100.2001                     21 1.51000E+01 1.51000E+01
n-U235-MT459-Younes-14014002-E0019.600.2001                     24 1.96000E+01 1.96000E+01
n-U235-MT459-Younes-14014002-E0050.000.2001                     25 5.00000E+01 5.00000E+01
n-U235-MT459-Younes-14014002-E0084.400.2001                     23 8.44000E+01 8.44000E+01
n-U235-MT459-Greendale-14304002-E2.53E-08.1963                   3 2.53000E-08 2.53000E-08
n-U235-MT459-Bhatia-144230021-E0008.900.2015                     8 8.90000E+00 8.90000E+00
n-U235-MT459-Finn-14441002-E0000.700.2015                       34 7.00000E-01 7.00000E-01
n-U235-MT459-Pierson-14500004-E0014.300.2017                    33 1.43000E+01 1.43000E+01
n-U235-MT459-Metz-14538003-E0000.700.2013                       20 7.00000E-01 7.00000E-01
n-U235-MT459-Gooden-145550021-E0000.580.2016                    15 5.80000E-01 5.80000E-01
n-U235-MT459-Gooden-145550021-E0001.370.2016                    13 1.37000E+00 1.37000E+00
n-U235-MT459-Gooden-145550021-E0002.370.2016                    15 2.37000E+00 2.37000E+00
n-U235-MT459-Gooden-145550021-E0003.600.2016                    15 3.60000E+00 3.60000E+00
n-U235-MT459-Gooden-145550021-E0004.490.2016                    14 4.49000E+00 4.49000E+00
n-U235-MT459-Gooden-145550021-E0014.800.2016                    15 1.48000E+01 1.48000E+01
n-U235-MT459-Thode-14622002-E2.53E-08.1949                       7 2.53000E-08 2.53000E-08
n-U235-MT459-Bunney-146250021-E0000.700.1958                     7 7.00000E-01 7.00000E-01
n-U235-MT459-Bunney-146250022-E0000.700.1958                     7 7.00000E-01 7.00000E-01
n-U235-MT459-Bunney-146250031-E0008.000.1958                     7 8.00000E+00 8.00000E+00
n-U235-MT459-Bunney-146250032-E0008.000.1958                     7 8.00000E+00 8.00000E+00
n-U235-MT459-Wohlfarth-21054087-E2.53E-08.1976                  32 2.53000E-08 2.53000E-08
n-U235-MT459-Thierens-21531002-E2.53E-08.1976                   37 2.53000E-08 2.53000E-08
n-U235-MT459-Asghar-21543013-E2.53E-08.1977                     44 2.53000E-08 2.53000E-08
n-U235-MT459-Laurec-21708006-E0014.700.2010                     15 1.47000E+01 1.47000E+01
n-U235-MT459-Bocquet-21734018-E0014.500.1972                    12 1.45000E+01 1.45000E+01
n-U235-MT459-Kratz-22047003-E2.53E-08.1970                       3 2.53000E-08 2.53000E-08
n-U235-MT459-Debertin-22054002-E2.53E-08.1972                    6 2.53000E-08 2.53000E-08
n-U235-MT459-Dhondt-22057002-E0001.500.1986                      7 1.50000E+00 1.50000E+00
n-U235-MT459-Sinclair-22066002-E0001.500.1971                   17 1.50000E+00 1.50000E+00
n-U235-MT459-Bail-22985006-E2.53E-08.2009                       30 2.53000E-08 2.53000E-08
n-U235-MT459-Carrel-23178002-E2.53E-08.2011                     28 2.53000E-08 2.53000E-08
n-U235-MT459-Tomlinson-23354007-E2.53E-08.1971                   3 2.53000E-08 2.53000E-08
n-U235-MT459-Vallis-23549004-E0014.700.1961                      2 1.47000E+01 1.47000E+01
n-U235-MT459-Ohyoshi-23552002-E2.53E-08.1970                     4 2.53000E-08 2.53000E-08
n-U235-MT459-Croall-23564002-E2.53E-08.1962                      5 2.53000E-08 2.53000E-08
n-U235-MT459-Cuninghame-23568002-E1.00E-07.1953                  9 1.00000E-07 1.00000E-07
n-U235-MT459-Armbruster-23586003-E2.53E-08.1987                  2 2.53000E-08 2.53000E-08
n-U235-MT459-Birgul-23706003-E2.53E-08.1971                      2 2.53000E-08 2.53000E-08
n-U235-MT459-Birgul-23706004-E2.53E-08.1971                      1 1.00000E+20 0.00000E+00
n-U235-MT459-delmarmol-23708003-E2.53E-08.1967                   2 2.53000E-08 2.53000E-08
n-U235-MT459-Dubey-23763003-E2.53E-08.2020                       2 2.53000E-08 2.53000E-08
n-U235-MT459-Littler-23806002-E2.53E-08.1955                     1 1.00000E+20 0.00000E+00
n-U235-MT459-Crouch-23812006-E0001.500.1971                     22 1.50000E+00 1.50000E+00
n-U235-MT459-Rao-30496002-E2.53E-08.1974                         2 2.53000E-08 2.53000E-08
n-U235-MT459-Rao-30496003-E2.53E-08.1974                         3 2.53000E-08 2.53000E-08
n-U235-MT459-Mathews-30508006-E2.53E-08.1977                    13 2.53000E-08 2.53000E-08
n-U235-MT459-Cheng-30566003-E2.53E-08.1980                      23 2.53000E-08 2.53000E-08
n-U235-MT459-Ramaswami-30575002-E2.50E-08.1980                  14 2.50000E-08 2.50000E-08
n-U235-MT459-Garlea-30752002-E0000.450.1982                      4 4.50000E-01 4.50000E-01
n-U235-MT459-Nair-30797004-E2.53E-08.1985                        3 2.53000E-08 2.53000E-08
n-U235-MT459-Nair-30797005-E2.53E-08.1985                        3 2.53000E-08 2.53000E-08
n-U235-MT459-Nair-30797007-E2.53E-08.1985                        3 2.53000E-08 2.53000E-08
n-U235-MT459-Shmid-30915002-E2.53E-08.1983                       8 2.53000E-08 2.53000E-08
n-U235-MT459-Shmid-30915004-E2.53E-08.1983                       8 2.53000E-08 2.53000E-08
n-U235-MT459-Ajitanand-316850021-E2.53E-08.1978                 87 2.53000E-08 2.53000E-08
n-U235-MT459-Ajitanand-316850022-E2.53E-08.1978                 78 2.53000E-08 2.53000E-08
n-U235-MT459-Glagolenko-316860021-E2.53E-08.2009                17 2.53000E-08 2.53000E-08
n-U235-MT459-Glagolenko-316860022-E2.53E-08.2009                17 2.53000E-08 2.53000E-08
n-U235-MT459-Tohamy-31852002-E2.53E-08.2022                     13 2.53000E-08 2.53000E-08
n-U235-MT459-WangXiuzhii-32631002-E0014.900.1984                 9 1.49000E+01 1.49000E+01
n-U235-MT459-WangDongmeii-32663002-E0000.024.1991                3 2.44000E-02 2.44000E-02
n-U235-MT459-YANGYangg-32721002-E2.53E-08.2013                   4 2.53000E-08 2.53000E-08
n-U235-MT459-YANGYangg-32721003-E2.53E-08.2013                   4 2.53000E-08 2.53000E-08
n-U235-MT459-YANGYangg-32721004-E2.53E-08.2013                   4 2.53000E-08 2.53000E-08
n-U235-MT459-YangYii-32762002-E2.53E-08.2000                    17 2.53000E-08 2.53000E-08
n-U235-MT459-FengJingg-32791002-E0022.000.2001                  28 2.20000E+01 2.20000E+01
n-U235-MT459-YangYii-32792002-E0019.100.2001                    36 1.91000E+01 1.91000E+01
n-U235-MT459-BaoJiee-32794002-E0019.100.2001                    35 1.91000E+01 1.91000E+01
n-U235-MT459-Naik-33030004-E2.50E-08.1993                        4 2.50000E-08 2.50000E-08
n-U235-MT459-Gorshkov-40363002-E2.50E-08.1957                   11 2.50000E-08 2.50000E-08
n-U235-MT459-Gudkov-41025002-E0003.000.1988                      9 3.00000E+00 3.00000E+00
n-U235-MT459-Gudkov-41157003-E2.53E-08.1992                      8 2.53000E-08 2.53000E-08
n-U235-MT459-Gudkov-41157007-E0001.000.1992                      8 1.00000E+00 1.00000E+00
n-U235-MT459-Gudkov-41157013-E0014.700.1992                      8 1.47000E+01 1.47000E+01
n-U235-MT459-Roshchenko-41480002-E2.53E-08.2006                 11 2.53000E-08 2.53000E-08
n-U235-MT459-Roshchenko-41480002-E0000.400.2006                 11 4.00000E-01 4.00000E-01
n-U235-MT459-Roshchenko-41480002-E0001.110.2006                 11 1.11000E+00 1.11000E+00
n-U235-MT459-Bak-41717003-E0001.000.1959                         2 1.00000E+00 1.00000E+00
n-U235-MT459-Bonyushkin-41735004-E0014.500.1961                 18 1.45000E+01 1.45000E+01
