#              Filename                                         N    min         max
n-Cr000-MT102-Belanova-40072002.1965                             1 2.40000E-02 2.40000E-02
n-Cr000-MT102-Belanova-400720201.1965                            1 2.40000E-02 2.40000E-02
n-Cr000-MT102-Belanova-400720202.1965                            1 2.40000E-02 2.40000E-02
n-Cr000-MT102-Belanova-40374006.1958                             3 2.40000E-02 8.30000E-01
n-Cr000-MT102-Budnar-30532018.1979                               1 1.41000E+01 1.41000E+01
n-Cr000-MT102-Diven-11616004.1960                                7 1.75000E-01 1.00000E+00
n-Cr000-MT102-Gibbons-11329010.1961                              2 3.00000E-02 6.50000E-02
n-Cr000-MT102-Kapchigashev-40684002.1964                        53 2.90000E-06 5.00000E-02
n-Cr000-MT102-Kropffmoreno-30311003.1976                         1 2.53000E-08 2.53000E-08
n-Cr000-MT102-Lerigoleur-20557002.1973                         220 9.00000E-02 5.37500E-01
n-Cr000-MT102-Lerigoleur-20557003.1973                          24 9.25000E-02 5.32500E-01
n-Cr000-MT102-Lerigoleur-20572003.1976                         201 1.51300E-02 6.51300E-02
n-Cr000-MT102-Lerigoleur-20572004.1976                          10 1.75000E-02 6.25000E-02
n-Cr000-MT102-Mughabghab-V10011771.2006                          1 2.53000E-08 2.53000E-08
n-Cr000-MT102-Spitz-30114004.1968                                4 1.10000E-02 9.40000E-02
n-Cr000-MT102-Spitz-30114005.1968                               30 8.12000E-03 5.02000E-02
n-Cr000-MT102-Stavisskii-40648002.1962                          10 3.50000E-02 9.00000E-01
n-Cr000-MT102-Stieglitz-10074055.1971                           11 1.50000E-02 1.75000E-01
n-Cr000-MT102-Stieglitz-10074055A001.1971                       11 1.50000E-02 1.75000E-01
n-Cr000-MT102-Voskanyan-41504002.1991                           10 1.50000E-03 1.50000E-02
