#              Filename                                         N    min         max
n-F019-MT151-Allen-30663002.1980                                 2 2.70200E-02 4.91000E-02
n-F019-MT151-Block-11404006.1958                                 3 2.70000E-02 9.90000E-02
n-F019-MT151-Block-114310021.1968                                4 2.65000E-02 9.20000E-02
n-F019-MT151-Block-114310022.1968                                3 2.65000E-02 9.20000E-02
n-F019-MT151-Block-114310023.1968                                1 6.40000E-02 6.40000E-02
n-F019-MT151-Block-114310024.1968                                3 2.65000E-02 6.40000E-02
n-F019-MT151-Bockelman-112080061.1950                            1 1.00000E-01 1.00000E-01
n-F019-MT151-Bockelman-112080061A001.1950                        1 1.00000E-01 1.00000E-01
n-F019-MT151-Bockelman-112080062.1950                            1 1.00000E-01 1.00000E-01
n-F019-MT151-Bockelman-112080062A001.1950                        1 1.00000E-01 1.00000E-01
n-F019-MT151-Bockelman-112080063.1950                            1 1.00000E-01 1.00000E-01
n-F019-MT151-Bockelman-112080063A001.1950                        1 1.00000E-01 1.00000E-01
n-F019-MT151-Bostrom-11393003.1955                               7 4.17000E+00 6.08000E+00
n-F019-MT151-Davis-11195007.1961                                10 3.85000E+00 7.80000E+00
n-F019-MT151-Davis-11195007A001.1961                            10 3.85000E+00 7.80000E+00
n-F019-MT151-Gabbard-110980081.1959                             16 2.70000E-02 1.63500E+00
n-F019-MT151-Gabbard-110980081A001.1959                         16 2.70000E-02 1.63500E+00
n-F019-MT151-Gabbard-110980082.1959                             10 2.70000E-01 1.63500E+00
n-F019-MT151-Gabbard-110980082A001.1959                         10 2.70000E-01 1.63500E+00
n-F019-MT151-Gabbard-110980084.1959                             15 2.70000E-02 1.63500E+00
n-F019-MT151-Gabbard-110980084A001.1959                         15 2.70000E-02 1.63500E+00
n-F019-MT151-Gabbard-110980085.1959                             11 2.70000E-02 1.63500E+00
n-F019-MT151-Gabbard-110980085A001.1959                         11 2.70000E-02 1.63500E+00
n-F019-MT151-Gabbard-110980086.1959                             10 2.70000E-02 1.63500E+00
n-F019-MT151-Gabbard-110980086A001.1959                         10 2.70000E-02 1.63500E+00
n-F019-MT151-Garg-115170021.1965                                15 2.70300E-02 5.28000E-01
n-F019-MT151-Garg-115170022.1965                                 4 2.70300E-02 2.72000E-01
n-F019-MT151-Garg-115170023.1965                                 4 2.70300E-02 2.72000E-01
n-F019-MT151-Henkel-11384003.1950                                2 2.70000E-01 5.95000E-01
n-F019-MT151-Hibdon-111220031.1964                              12 2.73500E-02 2.67700E-01
n-F019-MT151-Hibdon-111220031A001.1964                          12 2.73500E-02 2.67700E-01
n-F019-MT151-Hibdon-111220032.1964                              12 2.73500E-02 2.67700E-01
n-F019-MT151-Hibdon-111220032A001.1964                          12 2.73500E-02 2.67700E-01
n-F019-MT151-Hibdon-11122004.1964                                5 1.52500E-02 7.05000E-02
n-F019-MT151-Hibdon-11122004A001.1964                            5 1.52500E-02 7.05000E-02
n-F019-MT151-Hibdon-11122005.1964                               12 2.73500E-02 2.67700E-01
n-F019-MT151-Hibdon-11122005A001.1964                           12 2.73500E-02 2.67700E-01
n-F019-MT151-Hibdon-112440101.1955                               3 2.80000E-02 9.80000E-02
n-F019-MT151-Hibdon-112440102.1955                               2 4.90000E-02 9.80000E-02
n-F019-MT151-Hibdon-112440103.1955                               3 2.80000E-02 9.80000E-02
n-F019-MT151-Larson-107780031.1976                               3 2.70520E-02 9.77670E-02
n-F019-MT151-Larson-107780031A001.1976                           3 2.70520E-02 9.77670E-02
n-F019-MT151-Larson-107780032.1976                               3 2.70520E-02 9.77670E-02
n-F019-MT151-Larson-107780032A001.1976                           3 2.70520E-02 9.77670E-02
n-F019-MT151-Lee-226510091.1999                                  3 2.70520E-02 9.70000E-02
n-F019-MT151-Macklin-104560021.1973                             24 2.70700E-02 4.90000E+00
n-F019-MT151-Macklin-104560021A001.1973                         24 2.70700E-02 4.90000E+00
n-F019-MT151-Macklin-104560022.1973                             19 2.70700E-02 4.62000E+00
n-F019-MT151-Macklin-104560022A001.1973                         19 2.70700E-02 4.62000E+00
n-F019-MT151-Macklin-104560023.1973                              5 2.70700E-02 2.69000E-01
n-F019-MT151-Macklin-104560023A001.1973                          5 2.70700E-02 2.69000E-01
n-F019-MT151-Macklin-104560024.1973                              2 4.35000E-02 1.73500E-01
n-F019-MT151-Macklin-104560024A001.1973                          2 4.35000E-02 1.73500E-01
n-F019-MT151-Macklin-11380002.1963                               1 1.55000E-02 1.55000E-02
n-F019-MT151-Macklin-11380003.1963                               1 2.70000E-02 2.70000E-02
n-F019-MT151-Marion-113950021.1955                               8 3.40000E+00 5.90000E+00
n-F019-MT151-Newson-113680021.1961                               9 2.75000E-02 4.20000E-01
n-F019-MT151-Newson-113680022.1961                               7 2.75000E-02 4.20000E-01
n-F019-MT151-Newson-113680023.1961                               7 2.75000E-02 4.20000E-01
n-F019-MT151-Newson-113680024.1961                               3 2.75000E-02 1.00000E-01
n-F019-MT151-Nystrom-20248002.1971                               2 2.72000E-02 4.80000E-02
n-F019-MT151-Nystrom-20248003.1971                               2 2.72000E-02 4.80000E-02
n-F019-MT151-Singh-104990021.1974                                3 2.69900E-02 9.75000E-02
n-F019-MT151-Singh-104990021A001.1974                            3 2.69900E-02 9.75000E-02
n-F019-MT151-Singh-104990022.1974                                3 2.69900E-02 9.75000E-02
n-F019-MT151-Singh-104990022A001.1974                            3 2.69900E-02 9.75000E-02
n-F019-MT151-Singh-104990023.1974                                3 2.69900E-02 9.75000E-02
n-F019-MT151-Singh-104990023A001.1974                            3 2.69900E-02 9.75000E-02
n-F019-MT151-Singh-10499007.1974                                 1 1.00000E-01 1.00000E-01
n-F019-MT151-Singh-10499007A001.1974                             1 1.00000E-01 1.00000E-01
n-F019-MT151-Smith-11409002.1960                                 8 3.75000E+00 5.90000E+00
n-F019-MT151-Willsjr-11319005.1958                               2 1.10000E+00 2.25000E+00
