#              Filename                                         N    min         max
n-La139-MT151-Alfimenkov-40865011.1984                           1 7.50000E-07 7.50000E-07
n-La139-MT151-Alfimenkov-415760061.1983                          1 7.50000E-07 7.50000E-07
n-La139-MT151-Alfimenkov-415760062.1983                          1 7.50000E-07 7.50000E-07
n-La139-MT151-Alfimenkov-415760063.1983                          1 7.50000E-07 7.50000E-07
n-La139-MT151-Camarda-10765010.1974                              1 3.00500E-01 3.00500E-01
n-La139-MT151-Camarda-10765010A001.1974                          1 3.00500E-01 3.00500E-01
n-La139-MT151-Hacken-105790021.1976                            150 7.23000E-05 2.60180E-02
n-La139-MT151-Hacken-105790021A001.1976                        150 7.23000E-05 2.60180E-02
n-La139-MT151-Hacken-105790022.1976                            150 7.23000E-05 2.60180E-02
n-La139-MT151-Hacken-105790022A001.1976                        150 7.23000E-05 2.60180E-02
n-La139-MT151-Hacken-10579003.1976                               2 1.60000E-02 1.60000E-02
n-La139-MT151-Hacken-10579003A001.1976                           2 1.60000E-02 1.60000E-02
n-La139-MT151-Hacken-10579004.1976                               1 1.60000E-02 1.60000E-02
n-La139-MT151-Hacken-10579004A001.1976                           1 1.60000E-02 1.60000E-02
n-La139-MT151-Hacken-10579005.1976                               2 1.20000E-02 1.60000E-02
n-La139-MT151-Hacken-10579005A001.1976                           2 1.20000E-02 1.60000E-02
n-La139-MT151-Harvey-120500051.1959                              1 7.52000E-07 7.52000E-07
n-La139-MT151-Harvey-120500053.1959                              1 7.52000E-07 7.52000E-07
n-La139-MT151-Kane-14390003.1969                                 1 7.40000E-07 7.40000E-07
n-La139-MT151-Kapchigashev-40778058.1966                         1 2.50000E-02 2.50000E-02
n-La139-MT151-Morgenstern-206840201.1969                       166 7.23000E-05 3.10800E-02
n-La139-MT151-Morgenstern-206840202.1969                         5 1.17860E-03 3.47900E-03
n-La139-MT151-Morgenstern-206840203.1969                        38 7.23000E-05 1.03500E-02
n-La139-MT151-Morgenstern-206840204.1969                        69 7.23000E-05 1.03500E-02
n-La139-MT151-Morgenstern-20684022.1969                          1 5.00000E-03 5.00000E-03
n-La139-MT151-Nakajima-218720021.1983                           21 7.23000E-05 2.46460E-03
n-La139-MT151-Nakajima-218720023.1983                            6 7.23000E-05 2.46460E-03
n-La139-MT151-Nishimura-20302010.1977                            1 1.30000E-01 1.30000E-01
n-La139-MT151-Seth-11665021.1964                                 3 3.26500E-01 3.26500E-01
n-La139-MT151-Shwe-12065007.1967                                37 2.42000E-04 1.03520E-02
n-La139-MT151-Shwe-120650081.1967                                4 7.34000E-07 1.18200E-03
n-La139-MT151-Shwe-120650083.1967                                4 7.34000E-07 1.18200E-03
n-La139-MT151-Shwe-120650084.1967                                2 7.34000E-07 7.23000E-05
n-La139-MT151-Stolovy-118660081.1957                             1 7.35000E-05 7.35000E-05
n-La139-MT151-Stolovy-118660082.1957                             1 7.35000E-05 7.35000E-05
n-La139-MT151-Stolovy-118660083.1957                             1 7.35000E-05 7.35000E-05
n-La139-MT151-Stolovy-118660084.1957                             1 7.35000E-05 7.35000E-05
n-La139-MT151-Terlizzi-22930002.2007                             2 4.50030E-03 4.50030E-03
n-La139-MT151-Terlizzi-22930003.2007                             1 4.50030E-03 4.50030E-03
n-La139-MT151-Terlizzi-22930004.2007                             2 4.80000E-06 4.80000E-06
n-La139-MT151-Terlizzi-229300061.2007                           79 7.58000E-07 8.97000E-03
