#              Filename                                         N    min         max
n-Ag000-MT151-Camarda-10765006.1974                              1 3.00500E-01 3.00500E-01
n-Ag000-MT151-Camarda-10765006A001.1974                          1 3.00500E-01 3.00500E-01
n-Ag000-MT151-Debarros-206850021.1969                           16 3.16800E-04 7.35100E-04
n-Ag000-MT151-Debarros-206850022.1969                            1 6.90400E-04 6.90400E-04
n-Ag000-MT151-Desjardins-119480041.1960                         79 1.63000E-05 7.28000E-04
n-Ag000-MT151-Desjardins-119480043.1960                         16 1.33900E-04 6.09000E-04
n-Ag000-MT151-Desjardins-119480044.1960                         15 1.33900E-04 6.09000E-04
n-Ag000-MT151-Desjardins-11948007.1960                           1 0.00000E+00 0.00000E+00
n-Ag000-MT151-Dilg-20583035.1972                                 1 2.70000E-03 2.70000E-03
n-Ag000-MT151-Fluharty-119460021.1956                            7 1.36000E-04 3.16000E-04
n-Ag000-MT151-Fluharty-119460022.1956                            7 1.36000E-04 3.16000E-04
n-Ag000-MT151-Fluharty-119460023.1956                            7 1.36000E-04 3.16000E-04
n-Ag000-MT151-Garg-119050161.1965                              376 1.06290E-04 3.99600E-03
n-Ag000-MT151-Gibbons-11329084.1961                              2 1.05000E-01 1.05000E-01
n-Ag000-MT151-Havensjr-111390061.1946                            3 5.10000E-06 4.30000E-05
n-Ag000-MT151-Havensjr-111390061A001.1946                        3 5.10000E-06 4.30000E-05
n-Ag000-MT151-Havensjr-11732011.1951                             1 5.13000E-06 5.13000E-06
n-Ag000-MT151-Kompe-20358012.1969                                2 8.00000E-02 8.00000E-02
n-Ag000-MT151-Litvinsky-41189005.1994                            1 6.00000E-01 6.00000E-01
n-Ag000-MT151-Popov-40934042.1985                                1 1.27400E-04 1.27400E-04
n-Ag000-MT151-Popov-40934049.1985                                2 1.27400E-04 1.27400E-04
n-Ag000-MT151-Rainwater-116850081.1947                           3 5.10000E-06 4.50000E-05
n-Ag000-MT151-Selove-121680081.1951                              1 5.17000E-06 5.17000E-06
n-Ag000-MT151-Selove-121680082.1951                              1 5.17000E-06 5.17000E-06
n-Ag000-MT151-Seth-11665018.1964                                 2 3.26500E-01 3.26500E-01
n-Ag000-MT151-Sheer-135660021.1955                               2 5.19300E-06 1.66000E-05
n-Ag000-MT151-Sheer-135660023.1955                               2 5.19300E-06 1.66000E-05
n-Ag000-MT151-Sheer-135660024.1955                               2 5.19300E-06 1.66000E-05
n-Ag000-MT151-Singh-119420021.1963                               8 1.60000E-05 1.74000E-04
n-Ag000-MT151-Singh-119420023.1963                               7 1.60000E-05 1.74000E-04
n-Ag000-MT151-Spitz-30114012.1968                                1 1.90000E-02 1.90000E-02
n-Ag000-MT151-Wood-119470031.1956                                2 5.19400E-06 1.64000E-05
n-Ag000-MT151-Wood-119470033.1956                                1 5.19400E-06 5.19400E-06
n-Ag000-MT151-Wood-119470034.1956                                1 5.19400E-06 5.19400E-06
n-Ag000-MT151-Wood-119470035.1956                                1 5.19400E-06 5.19400E-06
