#              Filename                                         N    min         max
n-Hg198-MT151-Beer-128790081.1985                               68 3.12200E-03 1.17340E-02
n-Hg198-MT151-Beer-12879014.1985                                 3 2.51300E-01 2.51300E-01
n-Hg198-MT151-Bird-210140102.1959                                1 9.00000E-05 9.00000E-05
n-Hg198-MT151-Bird-210140103.1959                                1 9.00000E-05 9.00000E-05
n-Hg198-MT151-Bird-210140104.1959                                1 9.00000E-05 9.00000E-05
n-Hg198-MT151-Bolotin-119220101.1963                             2 2.33000E-05 9.11000E-05
n-Hg198-MT151-Bolotin-119220102.1963                             2 2.33000E-05 9.11000E-05
n-Hg198-MT151-Bolotin-119220103.1963                             2 2.33000E-05 9.11000E-05
n-Hg198-MT151-Bolotin-119220104.1963                             2 2.33000E-05 9.11000E-05
n-Hg198-MT151-Carpenter-122360041.1960                           5 3.35000E-05 4.17000E-04
n-Hg198-MT151-Carpenter-122360043.1960                           5 3.35000E-05 4.17000E-04
n-Hg198-MT151-Carpenter-122360044.1960                           5 3.35000E-05 4.17000E-04
n-Hg198-MT151-Carpenter-122360045.1960                           5 3.35000E-05 4.17000E-04
n-Hg198-MT151-Carpenter-122360046.1960                           4 3.35000E-05 4.17000E-04
n-Hg198-MT151-Julien-206870391.1969                              5 2.30600E-05 4.17400E-04
n-Hg198-MT151-Julien-206870392.1969                              5 2.30600E-05 4.17400E-04
n-Hg198-MT151-Julien-206870393.1969                              5 2.30600E-05 4.17400E-04
n-Hg198-MT151-Julien-206870394.1969                              5 2.30600E-05 4.17400E-04
n-Hg198-MT151-Julien-206870395.1969                              5 2.30600E-05 4.17400E-04
n-Hg198-MT151-Julien-206870396.1969                              5 2.30600E-05 4.17400E-04
n-Hg198-MT151-Julien-20687041.1969                               1 2.10000E-04 2.10000E-04
n-Hg198-MT151-Levin-122740091.1956                               1 2.33000E-05 2.33000E-05
n-Hg198-MT151-Levin-122740093.1956                               1 2.33000E-05 2.33000E-05
n-Hg198-MT151-Levin-122740094.1956                               1 2.33000E-05 2.33000E-05
n-Hg198-MT151-Levin-122740095.1956                               1 2.33000E-05 2.33000E-05
n-Hg198-MT151-Palmer-11804020.1956                               3 2.30000E-05 3.11000E-04
n-Hg198-MT151-Zimmerman-124940061.1959                           1 2.30000E-05 2.30000E-05
n-Hg198-MT151-Zimmerman-124940062.1959                           1 2.30000E-05 2.30000E-05
