#              Filename                                         N    min         max
d-Fe056-MT651-Brown-D0230012-ang-E0012.300.1973                 26 2.44000E+01 1.49000E+02
d-Fe056-MT651-Deleo-E1686015-ang-E0056.000.1996                 21 9.90000E+00 5.85000E+01
d-Fe056-MT651-Deleo-E1686016-ang-E0056.000.1996                 17 1.00000E+01 5.27000E+01
d-Fe056-MT651-Deleo-E1686017-ang-E0056.000.1996                 21 1.03000E+01 5.88000E+01
d-Fe056-MT651-Deleo-E1686018-ang-E0056.000.1996                 17 1.25000E+01 5.63000E+01
d-Fe056-MT651-Deleo-E1686019-ang-E0056.000.1996                 21 9.69998E+00 5.85000E+01
d-Fe056-MT651-Deleo-E1686020-ang-E0056.000.1996                 21 9.69998E+00 5.85000E+01
d-Fe056-MT651-Deleo-E1686021-ang-E0056.000.1996                 20 9.69998E+00 5.85000E+01
d-Fe056-MT651-Deleo-E1686044-ang-E0056.000.1996                 21 1.00000E+01 5.98000E+01
d-Fe056-MT651-Deleo-E1686049-ang-E0056.000.1996                 21 1.02000E+01 6.03000E+01
d-Fe056-MT651-Gofman-D5156004-ang-E0013.600.1962                29 1.31000E+01 1.20200E+02
d-Fe056-MT651-Jolly-O1767002-ang-E0011.500.1970                127 1.94000E+01 1.00700E+02
d-Fe056-MT651-Leo-E1713003-ang-E0056.000.1998                   16 1.01000E+01 5.01000E+01
d-Fe056-MT651-Leo-E1713004-ang-E0056.000.1998                   15 1.01000E+01 5.01000E+01
d-Fe056-MT651-Leo-E1713005-ang-E0056.000.1998                   16 1.01000E+01 5.02000E+01
d-Fe056-MT651-Leo-E1713006-ang-E0056.000.1998                   16 1.01000E+01 5.02000E+01
d-Fe056-MT651-Leo-E1713007-ang-E0056.000.1998                   16 1.01000E+01 5.02000E+01
d-Fe056-MT651-Leo-E1713008-ang-E0056.000.1998                   14 1.00000E+01 4.51000E+01
d-Fe056-MT651-Leo-E1713009-ang-E0056.000.1998                   14 1.00000E+01 5.01000E+01
d-Fe056-MT651-Leo-E1713010-ang-E0056.000.1998                   16 1.01000E+01 5.01000E+01
d-Fe056-MT651-Leo-E1713011-ang-E0056.000.1998                   16 1.01000E+01 5.02000E+01
d-Fe056-MT651-Leo-E1713012-ang-E0056.000.1998                   16 1.02000E+01 5.02000E+01
d-Fe056-MT651-Leo-E1713013-ang-E0056.000.1998                   16 1.02000E+01 5.03000E+01
d-Fe056-MT651-Leo-E1713014-ang-E0056.000.1998                   16 1.01000E+01 5.02000E+01
d-Fe056-MT651-Leo-E1713015-ang-E0056.000.1998                   16 1.01000E+01 5.02000E+01
d-Fe056-MT651-Leo-E1713016-ang-E0056.000.1998                   12 1.01000E+01 4.51000E+01
d-Fe056-MT651-Leo-E1713017-ang-E0056.000.1998                   14 1.26000E+01 5.01000E+01
d-Fe056-MT651-Leo-E1713018-ang-E0056.000.1998                   16 9.80000E+00 5.01000E+01
d-Fe056-MT651-Leo-E1713019-ang-E0056.000.1998                   16 9.80000E+00 5.00000E+01
d-Fe056-MT651-Leo-E1713020-ang-E0056.000.1998                   15 1.26000E+01 5.00000E+01
d-Fe056-MT651-Leo-E1713021-ang-E0056.000.1998                   16 9.90000E+00 5.01000E+01
d-Fe056-MT651-Leo-E1713022-ang-E0056.000.1998                   16 9.80000E+00 5.00000E+01
d-Fe056-MT651-Leo-E1713023-ang-E0056.000.1998                   16 9.90000E+00 5.01000E+01
d-Fe056-MT651-Leo-E1713024-ang-E0056.000.1998                   16 9.80000E+00 5.02000E+01
d-Fe056-MT651-Leo-E1713025-ang-E0056.000.1998                   15 9.90000E+00 5.03000E+01
d-Fe056-MT651-Leo-E1713026-ang-E0056.000.1998                   15 1.00000E+01 5.01000E+01
d-Fe056-MT651-Leo-E1713027-ang-E0056.000.1998                   15 1.00000E+01 5.02000E+01
d-Fe056-MT651-Leo-E1713028-ang-E0056.000.1998                   16 1.00000E+01 5.02000E+01
d-Fe056-MT651-Leo-E1713029-ang-E0056.000.1998                   16 1.00000E+01 5.01000E+01
d-Fe056-MT651-Leo-E1713030-ang-E0056.000.1998                   16 1.00000E+01 5.01000E+01
d-Fe056-MT651-Takamatsu-E1351014-ang-E0056.000.1990             21 9.90000E+00 6.00000E+01
d-Fe056-MT651-Takamatsu-E1351015-ang-E0056.000.1990             21 1.01000E+01 6.01000E+01
d-Fe056-MT651-Takamatsu-E1351016-ang-E0056.000.1990             18 1.26000E+01 5.99000E+01
d-Fe056-MT651-Takamatsu-E1351017-ang-E0056.000.1990             21 1.02000E+01 6.07000E+01
d-Fe056-MT651-Takamatsu-E1351018-ang-E0056.000.1990             21 1.03000E+01 6.19000E+01
d-Fe056-MT651-Takamatsu-E1351019-ang-E0056.000.1990             20 1.01000E+01 6.03000E+01
d-Fe056-MT651-Tjinadjie-D0561012-ang-E0025.900.1967             42 1.43000E+01 1.60500E+02
