#              Filename                                         N    min         max
n-Hg199-MT151-Bartholomew-12501002.1964                          1-2.00000E-06 0.00000E+00
n-Hg199-MT151-Beer-128790091.1985                               78 3.08800E-03 8.51000E-03
n-Hg199-MT151-Beer-128790093.1985                                4 4.01500E-03 7.25900E-03
n-Hg199-MT151-Beer-128790094.1985                                4 4.01500E-03 7.25900E-03
n-Hg199-MT151-Beer-12879015.1985                                 3 2.51300E-01 2.51300E-01
n-Hg199-MT151-Bird-210140112.1959                                3 3.35000E-05 1.75000E-04
n-Hg199-MT151-Bird-210140113.1959                                3 3.35000E-05 1.75000E-04
n-Hg199-MT151-Bird-210140114.1959                                3 3.35000E-05 1.75000E-04
n-Hg199-MT151-Bollinger-12195004.1963                            4-2.00000E-06 1.75000E-04
n-Hg199-MT151-Bolotin-119220111.1963                             2 3.35000E-05 1.31000E-04
n-Hg199-MT151-Bolotin-119220112.1963                             2 3.35000E-05 1.31000E-04
n-Hg199-MT151-Brussel-12209003.1959                              3 3.30000E-05 2.64000E-04
n-Hg199-MT151-Carpenter-122360051.1960                           8 3.35000E-05 8.80000E-04
n-Hg199-MT151-Carpenter-122360053.1960                           8 3.35000E-05 8.80000E-04
n-Hg199-MT151-Carpenter-122360054.1960                           8 3.35000E-05 8.80000E-04
n-Hg199-MT151-Carpenter-122360055.1960                           8 3.35000E-05 8.80000E-04
n-Hg199-MT151-Carpenter-122360056.1960                           7 3.35000E-05 8.80000E-04
n-Hg199-MT151-Julien-20687042.1969                               2 3.50000E-04 3.50000E-04
n-Hg199-MT151-Julien-206870431.1969                              7 3.35000E-05 6.86000E-04
n-Hg199-MT151-Julien-206870432.1969                              7 3.35000E-05 6.86000E-04
n-Hg199-MT151-Julien-206870433.1969                              7 3.35000E-05 6.86000E-04
n-Hg199-MT151-Julien-206870434.1969                              7 3.35000E-05 6.86000E-04
n-Hg199-MT151-Julien-206870435.1969                              7 3.35000E-05 6.86000E-04
n-Hg199-MT151-Julien-206870436.1969                              7 3.35000E-05 6.86000E-04
n-Hg199-MT151-Julien-20687045.1969                               1 3.50000E-04 3.50000E-04
n-Hg199-MT151-Levin-122740101.1956                               1 3.40000E-05 3.40000E-05
n-Hg199-MT151-Levin-122740103.1956                               1 3.40000E-05 3.40000E-05
n-Hg199-MT151-Levin-122740104.1956                               1 3.40000E-05 3.40000E-05
n-Hg199-MT151-Levin-122740105.1956                               1 3.40000E-05 3.40000E-05
n-Hg199-MT151-Palmer-11804021.1956                               3 3.40000E-05 1.77000E-04
n-Hg199-MT151-Zimmerman-124940071.1959                           1 3.33000E-05 3.33000E-05
