#              Filename                                         N    min         max
p-Ti046-MT648-Fujiwara-E1131045-ang-E0065.000.1987              15 1.20000E+01 4.71000E+01
p-Ti046-MT648-Fujiwara-E1131047-ang-E0065.000.1987              16 1.00000E+01 4.71000E+01
p-Ti046-MT648-Fujiwara-E1131049-ang-E0065.000.1987              11 1.20000E+01 3.51000E+01
p-Ti046-MT648-Fujiwara-E1131051-ang-E0065.000.1987              16 1.00000E+01 4.71000E+01
p-Ti046-MT648-Fujiwara-E1131053-ang-E0065.000.1987              15 1.20000E+01 4.71000E+01
p-Ti046-MT648-Fujiwara-E1131055-ang-E0065.000.1987              16 1.00000E+01 4.71000E+01
p-Ti046-MT648-Fujiwara-E1131057-ang-E0065.000.1987              16 1.00000E+01 4.71000E+01
p-Ti046-MT648-Fujiwara-E1131059-ang-E0065.000.1987              16 1.00000E+01 4.71000E+01
p-Ti046-MT648-Fujiwara-E1131061-ang-E0065.000.1987              16 1.00000E+01 4.71000E+01
p-Ti046-MT648-Fujiwara-E1131063-ang-E0065.000.1987              16 1.00000E+01 4.71000E+01
p-Ti046-MT648-Fujiwara-E1131065-ang-E0065.000.1987              11 2.01000E+01 4.71000E+01
p-Ti046-MT648-Fujiwara-E1131067-ang-E0065.000.1987              16 1.00000E+01 4.71000E+01
p-Ti046-MT648-Fujiwara-E1131069-ang-E0065.000.1987              16 1.00000E+01 4.71000E+01
p-Ti046-MT648-Fujiwara-E1131071-ang-E0065.000.1987              16 1.00000E+01 4.71000E+01
p-Ti046-MT648-Fujiwara-E1131073-ang-E0065.000.1987              16 1.00000E+01 4.71000E+01
p-Ti046-MT648-Fujiwara-E1131075-ang-E0065.000.1987              15 1.20000E+01 4.71000E+01
p-Ti046-MT648-Fujiwara-E1131077-ang-E0065.000.1987              15 1.00000E+01 4.71000E+01
p-Ti046-MT648-Fujiwara-E1131079-ang-E0065.000.1987              16 1.00000E+01 4.71000E+01
p-Ti046-MT648-Fujiwara-E1131081-ang-E0065.000.1987              16 1.00000E+01 4.71000E+01
p-Ti046-MT648-Fujiwara-E1131083-ang-E0065.000.1987              13 1.40000E+01 4.41000E+01
p-Ti046-MT648-Fujiwara-E1131085-ang-E0065.000.1987              15 1.20000E+01 4.71000E+01
p-Ti046-MT648-Fujiwara-E1131087-ang-E0065.000.1987              16 1.00000E+01 4.71000E+01
p-Ti046-MT648-Fujiwara-E1131089-ang-E0065.000.1987              16 1.00000E+01 4.71000E+01
p-Ti046-MT648-Fujiwara-E1131091-ang-E0065.000.1987              12 1.20000E+01 4.71000E+01
p-Ti046-MT648-Fujiwara-E1131093-ang-E0065.000.1987              15 1.20000E+01 4.71000E+01
p-Ti046-MT648-Fujiwara-E1131095-ang-E0065.000.1987              16 1.00000E+01 4.71000E+01
p-Ti046-MT648-Fujiwara-E1131097-ang-E0065.000.1987              15 1.00000E+01 4.71000E+01
p-Ti046-MT648-Fujiwara-E1131099-ang-E0065.000.1987              13 1.20000E+01 4.71000E+01
p-Ti046-MT648-Fujiwara-E1131101-ang-E0065.000.1987              14 1.20000E+01 4.71000E+01
p-Ti046-MT648-Fujiwara-E1131103-ang-E0065.000.1987              15 1.20000E+01 4.71000E+01
p-Ti046-MT648-Fujiwara-E1131105-ang-E0065.000.1987              16 1.00000E+01 4.71000E+01
p-Ti046-MT648-Fujiwara-E1131107-ang-E0065.000.1987              11 1.20000E+01 3.51000E+01
p-Ti046-MT648-Fujiwara-E1131109-ang-E0065.000.1987              10 1.80000E+01 4.71000E+01
p-Ti046-MT648-Fujiwara-E1131111-ang-E0065.000.1987              12 1.20000E+01 4.71000E+01
p-Ti046-MT648-Fujiwara-E1131113-ang-E0065.000.1987              15 1.20000E+01 4.71000E+01
p-Ti046-MT648-Fujiwara-E1131115-ang-E0065.000.1987              16 1.00000E+01 4.71000E+01
p-Ti046-MT648-Fujiwara-E1131117-ang-E0065.000.1987              16 1.00000E+01 4.71000E+01
p-Ti046-MT648-Fujiwara-E1131119-ang-E0065.000.1987              13 1.00000E+01 4.71000E+01
p-Ti046-MT648-Fujiwara-E1131121-ang-E0065.000.1987              15 1.20000E+01 4.71000E+01
p-Ti046-MT648-Fujiwara-E1131123-ang-E0065.000.1987              16 1.00000E+01 4.71000E+01
p-Ti046-MT648-Fujiwara-E1131125-ang-E0065.000.1987              15 1.00000E+01 4.71000E+01
p-Ti046-MT648-Fujiwara-E1131127-ang-E0065.000.1987              13 1.20000E+01 4.71000E+01
p-Ti046-MT648-Fujiwara-E1131129-ang-E0065.000.1987              14 1.20000E+01 4.71000E+01
p-Ti046-MT648-Fujiwara-E1131131-ang-E0065.000.1987              10 1.20000E+01 4.71000E+01
p-Ti046-MT648-Fujiwara-E1131133-ang-E0065.000.1987              10 1.40000E+01 3.80000E+01
p-Ti046-MT648-Fujiwara-E1131135-ang-E0065.000.1987               5 2.41000E+01 4.71000E+01
p-Ti046-MT648-Fujiwara-E1131137-ang-E0065.000.1987              10 1.40000E+01 4.71000E+01
p-Ti046-MT648-Fujiwara-E1131139-ang-E0065.000.1987              10 1.20000E+01 3.20000E+01
p-Ti046-MT648-Fujiwara-E1131141-ang-E0065.000.1987              11 1.40000E+01 4.71000E+01
p-Ti046-MT648-Fujiwara-E1131143-ang-E0065.000.1987               9 1.40000E+01 4.71000E+01
p-Ti046-MT648-Fujiwara-E1131145-ang-E0065.000.1987              11 1.40000E+01 4.71000E+01
p-Ti046-MT648-Fujiwara-E1131147-ang-E0065.000.1987               8 1.40000E+01 4.71000E+01
p-Ti046-MT648-Fujiwara-E1131149-ang-E0065.000.1987              10 1.40000E+01 4.71000E+01
p-Ti046-MT648-Fujiwara-E1131151-ang-E0065.000.1987              10 1.40000E+01 4.71000E+01
