#              Filename                                         N    min         max
n-Ru102-MT151-Anufriev-406000041.1980                            1 1.89000E-05 1.89000E-05
n-Ru102-MT151-Anufriev-406000042.1980                            1 1.89000E-05 1.89000E-05
n-Ru102-MT151-Anufriev-408660031.1985                           14 9.80200E-06 1.58000E-03
n-Ru102-MT151-Anufriev-408660032.1985                            3 9.80200E-06 4.21500E-05
n-Ru102-MT151-Anufriev-408660033.1985                            3 9.80200E-06 4.21500E-05
n-Ru102-MT151-Anufriev-408660034.1985                           14 9.80200E-06 1.58000E-03
n-Ru102-MT151-Anufriev-408660062.1985                            1 8.52000E-04 8.52000E-04
n-Ru102-MT151-Anufriev-408660063.1985                            1 8.52000E-04 8.52000E-04
n-Ru102-MT151-Bolotin-119220051.1963                             1 2.00000E-04 2.00000E-04
n-Ru102-MT151-Bolotin-119220053.1963                             1 2.00000E-04 2.00000E-04
n-Ru102-MT151-Bolotin-119220054.1963                             1 2.00000E-04 2.00000E-04
n-Ru102-MT151-Hockenbury-105520081.1975                         22 4.23000E-05 2.37800E-03
n-Ru102-MT151-Hockenbury-105520081A001.1975                     22 4.23000E-05 2.37800E-03
n-Ru102-MT151-Hockenbury-105520082.1975                          1 4.15200E-04 4.15200E-04
n-Ru102-MT151-Hockenbury-105520082A001.1975                      1 4.15200E-04 4.15200E-04
n-Ru102-MT151-Hockenbury-105520141.1975                          1 4.38500E-02 4.38500E-02
n-Ru102-MT151-Hockenbury-105520141A001.1975                      1 4.38500E-02 4.38500E-02
n-Ru102-MT151-Hockenbury-105520142.1975                          1 4.38500E-02 4.38500E-02
n-Ru102-MT151-Hockenbury-105520142A001.1975                      1 4.38500E-02 4.38500E-02
n-Ru102-MT151-Hockenbury-10552015.1975                           3 4.38500E-02 4.38500E-02
n-Ru102-MT151-Hockenbury-10552015A001.1975                       3 4.38500E-02 4.38500E-02
n-Ru102-MT151-Macklin-108750071.1980                             3 8.05350E-03 8.05350E-03
n-Ru102-MT151-Macklin-108750071A001.1980                         3 8.05350E-03 8.05350E-03
n-Ru102-MT151-Priesmeyer-20507021.1972                           3 1.65000E-04 1.29100E-03
n-Ru102-MT151-Priesmeyer-20507022.1972                           1 7.50500E-04 7.50500E-04
n-Ru102-MT151-Priesmeyer-20507023.1972                           1 7.50500E-04 7.50500E-04
