#              Filename                                         N    min         max
n-Cr000-MT002-Becker-11511007-ang-E0003.200.1966                14 2.03970E+01 1.50598E+02
n-Cr000-MT002-Christodoulou-13804002-ang-E0014.000.1999         15 1.66000E+01 1.49600E+02
n-Cr000-MT002-Cox-11519004-ang-E0000.677.1966                  520 1.99988E+01 1.60001E+02
n-Cr000-MT002-Elwyn-11682002-ang-E0000.350.1967                210 2.24069E+01 1.58404E+02
n-Cr000-MT002-Fujita-21722037-ang-E0014.100.1972                 1 1.10000E+02 1.10000E+02
n-Cr000-MT002-Holmqvist-20019063-ang-E0002.470.1969            166 3.00000E+01 1.60000E+02
n-Cr000-MT002-Holmqvist-20020003-ang-E0001.770.1970             72 2.01000E+01 1.58000E+02
n-Cr000-MT002-Kazakova-40706033-ang-E0002.000.1965               8 2.00000E+01 1.60000E+02
n-Cr000-MT002-Kinney-10413002-ang-E0004.070.1974                 3 1.00000E+01 8.50000E+01
n-Cr000-MT002-Kinney-10413002-ang-E0004.070A001.1974             3 1.00000E+01 8.50000E+01
n-Cr000-MT002-Kinney-10413002-ang-E0004.340.1974                19 1.00000E+01 1.36500E+02
n-Cr000-MT002-Kinney-10413002-ang-E0004.340A001.1974            19 1.00000E+01 1.36500E+02
n-Cr000-MT002-Kinney-10413002-ang-E0004.650.1974                 3 1.00000E+01 8.50000E+01
n-Cr000-MT002-Kinney-10413002-ang-E0004.650A001.1974             3 1.00000E+01 8.50000E+01
n-Cr000-MT002-Kinney-10413002-ang-E0004.920.1974                21 1.00000E+01 1.36500E+02
n-Cr000-MT002-Kinney-10413002-ang-E0004.920A001.1974            21 1.00000E+01 1.36500E+02
n-Cr000-MT002-Kinney-10413002-ang-E0005.230.1974                 3 4.75000E+01 8.50000E+01
n-Cr000-MT002-Kinney-10413002-ang-E0005.230A001.1974             3 4.75000E+01 8.50000E+01
n-Cr000-MT002-Kinney-10413002-ang-E0005.500.1974                 3 1.50000E+01 6.25000E+01
n-Cr000-MT002-Kinney-10413002-ang-E0005.500A001.1974             3 1.50000E+01 6.25000E+01
n-Cr000-MT002-Kinney-10413002-ang-E0006.440.1974                17 1.50000E+01 1.34500E+02
n-Cr000-MT002-Kinney-10413002-ang-E0006.440A001.1974            17 1.50000E+01 1.34500E+02
n-Cr000-MT002-Kinney-10413002-ang-E0007.030.1974                 3 1.50000E+01 8.50000E+01
n-Cr000-MT002-Kinney-10413002-ang-E0007.030A001.1974             3 1.50000E+01 8.50000E+01
n-Cr000-MT002-Kinney-10413002-ang-E0007.540.1974                20 1.50000E+01 1.34500E+02
n-Cr000-MT002-Kinney-10413002-ang-E0007.540A001.1974            20 1.50000E+01 1.34500E+02
n-Cr000-MT002-Kinney-10413002-ang-E0008.040.1974                 3 1.50000E+01 8.50000E+01
n-Cr000-MT002-Kinney-10413002-ang-E0008.040A001.1974             3 1.50000E+01 8.50000E+01
n-Cr000-MT002-Kinney-10413002-ang-E0008.560.1974                17 1.50000E+01 1.34500E+02
n-Cr000-MT002-Kinney-10413002-ang-E0008.560A001.1974            17 1.50000E+01 1.34500E+02
n-Cr000-MT002-Korzh-40042015-ang-E0001.500.1968                  8 2.95762E+01 1.41460E+02
n-Cr000-MT002-Korzh-40764005-ang-E0000.300.1964                 24 3.00029E+01 1.39996E+02
n-Cr000-MT002-Malmskog-20197003-ang-E0000.500.1972             280 3.00000E+01 1.50000E+02
n-Cr000-MT002-Olsson-22048012-ang-E0021.600.1987                36 1.00000E+01 1.60000E+02
n-Cr000-MT002-Popov-40101006-ang-E0004.370.1971                 15 2.00000E+01 1.60000E+02
n-Cr000-MT002-QiHuiquann-30990004-ang-E0014.800.1992             8 2.50006E+00 1.60000E+01
n-Cr000-MT002-Salnikov-40372002-ang-E0002.340.1957               6 3.05721E+01 1.35799E+02
n-Cr000-MT002-Schmidt-22408002-ang-E0007.950.1998               38 1.30000E+01 1.59700E+02
n-Cr000-MT002-Schmidt-22408002-ang-E0009.000.1998               38 1.33000E+01 1.59600E+02
n-Cr000-MT002-Schmidt-22408002-ang-E0009.800.1998               35 1.30000E+01 1.59600E+02
n-Cr000-MT002-Schmidt-22408002-ang-E0010.790.1998               35 1.28000E+01 1.59600E+02
n-Cr000-MT002-Schmidt-22408002-ang-E0011.440.1998               38 1.27000E+01 1.59500E+02
n-Cr000-MT002-Schmidt-22408002-ang-E0012.010.1998               35 1.27000E+01 1.59400E+02
n-Cr000-MT002-Schmidt-22408002-ang-E0012.700.1998               35 1.26000E+01 1.59500E+02
n-Cr000-MT002-Schmidt-22408002-ang-E0013.650.1998               35 1.26000E+01 1.26000E+01
n-Cr000-MT002-Smith-13630002-ang-E0004.500.1997                 40 1.45000E+01 1.54000E+02
n-Cr000-MT002-Smith-13630002-ang-E0005.000.1997                 40 1.76600E+01 1.56000E+02
n-Cr000-MT002-Stelson-11527012-ang-E0014.000.1965               12 2.54000E+01 1.28900E+02
n-Cr000-MT002-Takahashi-22075216-ang-E0014.100.1987             16 1.50000E+01 1.60000E+02
n-Cr000-MT002-Weddell-11479005-ang-E0004.400.1956                1 9.00000E+01 9.00000E+01
n-Cr000-MT002-Yabuta-22025023-ang-E0014.100.1986                 9 3.00000E+01 1.50000E+02
