#              Filename                                         N    min         max
n-Sb121-MT151-Adamchuk-40164002.1971                           114 6.24000E-06 1.31100E-03
n-Sb121-MT151-Adamchuk-40164004.1971                             3 6.58620E-04 6.58620E-04
n-Sb121-MT151-Belyaev-41431002.1983                             27 6.24000E-06 6.61200E-04
n-Sb121-MT151-Bhat-10065002.1970                                 8 6.24000E-06 1.26800E-04
n-Sb121-MT151-Bhat-10065002A001.1970                             8 6.24000E-06 1.26800E-04
n-Sb121-MT151-Bolotin-119220061.1963                             3 6.23000E-06 2.97000E-05
n-Sb121-MT151-Bolotin-119220063.1963                             3 6.23000E-06 2.97000E-05
n-Sb121-MT151-Cauvin-20126002.1971                              18 6.24000E-06 4.21000E-04
n-Sb121-MT151-Jackson-11992002.1961                             14 6.24000E-06 1.67000E-04
n-Sb121-MT151-Mateiciuc-303720041.1970                           1 7.80000E-05 7.80000E-05
n-Sb121-MT151-Mateiciuc-303720042.1970                           1 7.80000E-05 7.80000E-05
n-Sb121-MT151-Mateiciuc-303730021.1970                           1 6.24000E-06 6.24000E-06
n-Sb121-MT151-Mateiciuc-303730023.1970                           1 6.24000E-06 6.24000E-06
n-Sb121-MT151-Matsuda-141790021.2001                            17 3.79000E-05 2.74800E-04
n-Sb121-MT151-Matsuda-141790022.2001                            17 3.79000E-05 2.74800E-04
n-Sb121-MT151-Muradyan-40208003.1969                           133 6.24000E-06 2.53300E-03
n-Sb121-MT151-Muradyan-40208006.1969                             2 3.53120E-04 3.53120E-04
n-Sb121-MT151-Muradyan-40208008.1969                             1 7.00000E-04 7.00000E-04
n-Sb121-MT151-Ohkubo-208190121.1993                            187 6.22000E-06 5.35000E-03
n-Sb121-MT151-Ohkubo-208190122.1993                            187 6.22000E-06 5.35000E-03
n-Sb121-MT151-Ohkubo-20819013.1993                               1 5.30000E-03 5.30000E-03
n-Sb121-MT151-Ohkubo-20819014.1993                               1 6.00000E-04 6.00000E-04
n-Sb121-MT151-Ohkubo-234900021.1972                             34 6.23700E-06 4.21700E-04
n-Sb121-MT151-Ohkubo-234900023.1972                             30 6.23700E-06 4.21700E-04
n-Sb121-MT151-Ohkubo-234900025.1972                              7 6.23700E-06 1.49900E-04
n-Sb121-MT151-Ohkubo-23490007.1972                               1 3.50000E-04 3.50000E-04
n-Sb121-MT151-Ohkubo-23490008.1972                               1 3.50000E-04 3.50000E-04
n-Sb121-MT151-Palmer-118040131.1956                              1 6.25000E-06 6.25000E-06
n-Sb121-MT151-Palmer-118040132.1956                              1 6.25000E-06 6.25000E-06
n-Sb121-MT151-Palmer-118040134.1956                              1 6.25000E-06 6.25000E-06
n-Sb121-MT151-Palmer-118040135.1956                              1 6.25000E-06 6.25000E-06
n-Sb121-MT151-Palmer-118040136.1956                              1 6.25000E-06 6.25000E-06
n-Sb121-MT151-Palmer-118040141.1956                              6 1.56000E-05 9.00000E-05
n-Sb121-MT151-Palmer-118040143.1956                              6 1.56000E-05 9.00000E-05
n-Sb121-MT151-Palmer-118040144.1956                              6 1.56000E-05 9.00000E-05
n-Sb121-MT151-Palmer-118040145.1956                              6 1.56000E-05 9.00000E-05
n-Sb121-MT151-Palmer-118040151.1956                              6 1.56000E-05 9.00000E-05
n-Sb121-MT151-Palmer-118040153.1956                              6 1.56000E-05 9.00000E-05
n-Sb121-MT151-Palmer-118040154.1956                              6 1.56000E-05 9.00000E-05
n-Sb121-MT151-Palmer-118040155.1956                              6 1.56000E-05 9.00000E-05
n-Sb121-MT151-Stolovy-118660051.1957                             3 6.24000E-06 2.97000E-05
n-Sb121-MT151-Stolovy-118660052.1957                             3 6.24000E-06 2.97000E-05
n-Sb121-MT151-Stolovy-118660053.1957                             3 6.24000E-06 2.97000E-05
n-Sb121-MT151-Stolovy-118660054.1957                             3 6.24000E-06 2.97000E-05
n-Sb121-MT151-Stolovy-119950021.1967                             2 6.24000E-06 1.55000E-05
n-Sb121-MT151-Stolovy-119950022.1967                             2 6.24000E-06 1.55000E-05
