#              Filename                                         N    min         max     
n-Pu241-MT459-Maeck-10917002-E0000.700.1980                     33 7.00000E-01 7.00000E-01
n-Pu241-MT459-Maeck-10917002-E0000.700A001.1980                 33 7.00000E-01 7.00000E-01
n-Pu241-MT459-Farrar-13070009-E2.53E-08.1964                    23 2.53000E-08 2.53000E-08
n-Pu241-MT459-Okazaki-13076004-E2.53E-08.1965                    2 2.53000E-08 2.53000E-08
n-Pu241-MT459-Rider-13257002-E2.53E-08.1967                      1 1.00000E+20 0.00000E+00
n-Pu241-MT459-Rider-13257003-E2.53E-08.1967                      7 2.53000E-08 2.53000E-08
n-Pu241-MT459-Lisman-13270011-E2.53E-08.1970                    30 2.53000E-08 2.53000E-08
n-Pu241-MT459-Lisman-13270012-E2.53E-08.1970                    18 2.53000E-08 2.53000E-08
n-Pu241-MT459-Lisman-13270013-E2.53E-08.1970                     4 2.53000E-08 2.53000E-08
n-Pu241-MT459-Lisman-13270014-E2.53E-08.1970                     3 2.53000E-08 2.53000E-08
n-Pu241-MT459-Lisman-13270015-E2.53E-08.1970                     1 1.00000E+20 0.00000E+00
n-Pu241-MT459-Maeck-13469004-E0000.300.1977                     42 3.00000E-01 3.00000E-01
n-Pu241-MT459-Schillebeeckx-22299002-E2.53E-08.1994             31 2.53000E-08 2.53000E-08
n-Pu241-MT459-Bail-22985007-E2.53E-08.2009                      22 2.53000E-08 2.53000E-08
n-Pu241-MT459-Dubey-23763008-E2.53E-08.2020                      2 2.53000E-08 2.53000E-08
n-Pu241-MT459-Croall-23793002-E2.53E-08.1969                    12 2.53000E-08 2.53000E-08
n-Pu241-MT459-Chitambar-30514002-E2.53E-08.1973                 11 2.53000E-08 2.53000E-08
n-Pu241-MT459-Nair-30798002-E2.53E-08.1987                       3 2.53000E-08 2.53000E-08
n-Pu241-MT459-Nair-30798003-E2.53E-08.1987                       3 2.53000E-08 2.53000E-08
n-Pu241-MT459-Naik-33030008-E2.50E-08.1993                       4 2.50000E-08 2.50000E-08
n-Pu241-MT459-Reddy-331230031-E2.53E-08.1987                     4 2.53000E-08 2.53000E-08
n-Pu241-MT459-Naik-33144002-E2.50E-08.2020                     118 2.50000E-08 2.50000E-08
n-Pu241-MT459-Naik-33144003-E2.50E-08.2020                      22 2.50000E-08 2.50000E-08
n-Pu241-MT459-Naik-33144006-E2.50E-08.2020                     112 2.50000E-08 2.50000E-08
n-Pu241-MT459-Skovorodkin-40389004-E2.53E-08.1973                7 2.53000E-08 2.53000E-08
n-Pu241-MT459-Skovorodkin-40389017-E2.53E-08.1973               15 2.53000E-08 2.53000E-08
n-Pu241-MT459-Gudkov-41157011-E0001.000.1992                     8 1.00000E+00 1.00000E+00
