#              Filename                                         N    min         max
a-Al027-MT751-Ciangaru-T0097003-E0080.000.1984                  70 1.13000E+01 4.54000E+01
a-Al027-MT751-Yasue-E1206010-E0064.500.1982                     15 4.90001E+00 4.93000E+01
a-Al027-MT751-Yasue-E1206072-E0064.500.1982                     15 5.60000E+00 5.04000E+01
a-Al027-MT751-Yasue-E1206073-E0064.500.1982                      6 5.60000E+00 3.03000E+01
a-Al027-MT751-Yasue-E1206075-E0064.500.1982                     17 3.50001E+00 5.07000E+01
a-Al027-MT751-Yasue-E1206076-E0064.500.1982                      8 6.49999E+00 3.06000E+01
a-Al027-MT751-Yasue-E1206077-E0064.500.1982                      8 5.09997E+00 3.03000E+01
a-Al027-MT751-Yasue-E1206078-E0064.500.1982                      5 5.69997E+00 3.06000E+01
a-Al027-MT751-Yasue-E1206079-E0064.500.1982                     12 5.30001E+00 5.03000E+01
a-Al027-MT751-Yasue-E1206080-E0064.500.1982                     13 4.99999E+00 5.02000E+01
a-Al027-MT751-Yasue-E1206081-E0064.500.1982                      9 6.20005E+00 3.05000E+01
a-Al027-MT751-Yasue-E1206082-E0064.500.1982                     12 6.79999E+00 5.08000E+01
a-Al027-MT751-Yasue-E1206083-E0064.500.1982                     13 8.59999E+00 4.58000E+01
a-Al027-MT751-Yasue-E1206084-E0064.500.1982                     13 5.80002E+00 4.56000E+01
a-Al027-MT751-Yasue-E1206085-E0064.500.1982                      5 5.90000E+00 3.02000E+01
a-Al027-MT751-Yasue-E1206091-E0064.500.1982                     12 5.19999E+00 3.51000E+01
a-Al027-MT751-Yasue-E1206094-E0064.500.1982                     12 6.49999E+00 3.64000E+01
a-Al027-MT751-Yasue-E1206095-E0064.500.1982                      9 6.69999E+00 3.11000E+01
a-Al027-MT751-Yasue-E1206096-E0064.500.1982                      6 6.29999E+00 3.11000E+01
a-Al027-MT751-Yasue-E1206097-E0064.500.1982                      5 5.39997E+00 2.95000E+01
a-Al027-MT751-Yasue-E1206098-E0064.500.1982                      5 5.50000E+00 2.99000E+01
