#              Filename                                         N    min         max
p-He004-MT002-Alkhazov-F1337002-ang-E1000.000.1977              57 5.80002E+00 3.69000E+01
p-He004-MT002-Alkhazov-O1256003-ang-E1000.000.1985              58 5.90000E+00 3.68000E+01
p-He004-MT002-Bunch-C1210002-ang-E0031.000.1964                 49 4.99999E+00 1.55000E+02
p-He004-MT002-Burzynski-O1605002-ang-E0071.900.1989             44 2.02000E+01 1.65200E+02
p-He004-MT002-Cai-S0071003-ang-E0001.400.2010                   24 1.51000E+02 1.51000E+02
p-He004-MT002-Cairns-O0451005-ang-E0053.000.1964                19 1.16000E+01 1.72900E+02
p-He004-MT002-Chamberlain-C1085003-ang-E0312.000.1956            9 7.99998E+00 3.40000E+01
p-He004-MT002-Comparat-O1564002-ang-E0156.000.1975              41 8.99997E+00 1.64000E+02
p-He004-MT002-Darriulat-O2469002-ang-E0022.150.1968            156 2.00000E+01 1.55100E+02
p-He004-MT002-Fain-O0555005-ang-E0600.000.1976                  46 6.57800E+01 7.86100E+01
p-He004-MT002-Godinho-O2322002-ang-E0000.596.2016               25 1.10000E+02 1.10000E+02
p-He004-MT002-Godinho-O2322003-ang-E0000.596.2016               25 1.35000E+02 1.35000E+02
p-He004-MT002-Godinho-O2322004-ang-E0000.596.2016               25 1.50000E+02 1.50000E+02
p-He004-MT002-Godinho-O2322005-ang-E0000.596.2016               25 1.65000E+02 1.65000E+02
p-He004-MT002-Goldstein-C0052003-ang-E0100.000.1970              1 4.79996E+00 4.79996E+00
p-He004-MT002-Hayakawa-E2243002-ang-E0055.000.1964              29 1.06000E+01 1.61400E+02
p-He004-MT002-Hayakawa-E2354002-ang-E0055.000.1964              28 1.00000E+01 1.61000E+02
p-He004-MT002-Imai-E0077003-ang-E0045.000.1979                  22 5.50000E+00 1.55200E+02
p-He004-MT002-Imai-E0077003-ang-E0052.300.1979                  41 5.50000E+00 1.58200E+02
p-He004-MT002-Imai-E0077003-ang-E0059.600.1979                  37 5.60000E+00 1.60200E+02
p-He004-MT002-Imai-E0077003-ang-E0064.900.1979                  41 5.60000E+00 1.60200E+02
p-He004-MT002-Kozodaev-A0925002-ang-E0630.000.1960               6 5.50000E+00 2.60000E+01
p-He004-MT002-Langley-C2101008-ang-E0001.708.1975                6 1.64000E+02 1.64000E+02
p-He004-MT002-Lu-D0557002-ang-E0001.600.2009                    18 1.65000E+02 1.65000E+02
p-He004-MT002-Nicholls-O0531002-ang-E0141.000.1972               6 1.45000E+01 6.27200E+01
p-He004-MT002-Nurmela-O0915002-ang-E0001.400.1997               90 1.40000E+02 1.70000E+02
p-He004-MT002-Palevsky-O0745005-ang-E1000.000.1967              42 5.90000E+00 4.76000E+01
p-He004-MT002-Pusa-D0197002-ang-E0001.302.2004                  40 1.29000E+02 1.29000E+02
p-He004-MT002-Sterbenz-C1276002-ang-E0500.000.1992              11 5.30001E+00 3.21000E+01
p-He004-MT002-Votta-C0053002-ang-E0085.000.1974                 35 7.99998E+00 1.50500E+02
p-He004-MT002-Votta-C0053003-ang-E0085.000.1974                  7 1.34300E+02 1.63800E+02
p-He004-MT002-Wesick-C0832008-ang-E0100.000.1985                 6 1.75000E+01 6.00000E+01
p-He004-MT002-Wickershamjr-C1998002-ang-E0027.880.1957          18 3.40001E+00 1.72300E+02
p-He004-MT002-Yamagata-E1993002-ang-E0300.000.2006              25 2.50006E+00 6.13000E+01
p-He004-MT002-Yoshimura-E1745002-ang-E0297.000.2001             10 1.28000E+01 6.86000E+01
