#              Filename                                         N    min         max     
p-Ni000-rp027055-Griswold-C2048003.2013                         10 1.19200E+01 3.79100E+01
p-Ni000-rp027055-Sonck-D0393002.1996                            17 1.27160E+01 2.85400E+01
p-Ni000-rp027055-Uddin-D0802007.2016                            16 7.10000E+00 1.59000E+01
p-Ni000-rp027055-Anwer-D1033005.2022                             2 4.79000E+00 5.61000E+00
p-Ni000-rp027055-Betak-D1036009.2007                             1 2.28000E+01 2.28000E+01
p-Ni000-rp027055-Tarkanyi-D4002005.1991                         54 7.90000E+00 2.96000E+01
p-Ni000-rp027055-Adel-D4410005.2020                             15 6.03000E+00 1.66200E+01
p-Ni000-rp027055-Khandaker-D7002002.2011                        26 5.60000E+00 3.96000E+01
p-Ni000-rp027055-Porras-O0768170.2000                            1 8.50000E+02 8.50000E+02
p-Ni000-rp027055-Garrido-O2315010.2016                          13 1.03900E+01 6.98100E+01
p-Ni000-rp027055-Michel-A01000117.1985                          26 4.78700E+01 1.98900E+02
p-Ni000-rp027055-Michel-A01450095.1980                           5 7.75000E+00 1.62600E+01
p-Ni000-rp027055-Kozma-A0477055.1990                             1 3.65000E+03 3.65000E+03
p-Ni000-rp027055-Aleksandrov-A0502044.1990                       1 6.60000E+02 6.60000E+02
p-Ni000-rp027055-Titarenko-A0906005.2011                        11 4.30000E+01 2.60500E+03
p-Ni000-rp027055-Michel-B0083005.1978                           19 1.19000E+01 4.47200E+01
p-Ni000-rp027055-Cline-B00850405.1971                            1 5.90000E+02 5.90000E+02
p-Ni000-rp027055-Amjed-D4301006.2014                            90 7.40000E+00 6.36000E+01
p-Ni000-rp027055-Hermanne-D4324017.2015                         40 8.20000E+00 6.41000E+01
p-Ni000-rp027055-Hermanne-D4343016.2015                         20 3.06000E+01 6.43000E+01
p-Ni000-rp027055-Michel-O0276108.1997                           15 1.83000E+01 1.60000E+03
p-Ni000-rp027055-Michel-O0277170.1995                            2 1.20000E+03 2.60000E+03
p-Ni000-rp027055-Alsaleh-O1503007.2007                          41 5.50000E+00 2.74000E+01
p-Ni000-rp027055-Neumann-O1882062.1999                           3 9.57000E+02 2.60000E+03
