#              Filename                                         N    min         max
g-He003-MT103-Audit-M0958002-E0250.000.1993                      1 9.00000E+01 9.00000E+01
g-He003-MT103-Berman-M0478002-E0009.000.1963                    13 9.00000E+01 9.00000E+01
g-He003-MT103-DAPHNECollaborationn-M0377002-E0235.000.1994      27 4.00000E+01 4.00000E+01
g-He003-MT103-DAPHNECollaborationn-M0377003-E0205.000.1994      30 5.00000E+01 5.00000E+01
g-He003-MT103-DAPHNECollaborationn-M0377004-E0205.000.1994      30 6.00000E+01 6.00000E+01
g-He003-MT103-DAPHNECollaborationn-M0377005-E0205.000.1994      30 7.00000E+01 7.00000E+01
g-He003-MT103-DAPHNECollaborationn-M0377006-E0205.000.1994      30 8.00000E+01 8.00000E+01
g-He003-MT103-DAPHNECollaborationn-M0377007-E0205.000.1994      30 9.00000E+01 9.00000E+01
g-He003-MT103-DAPHNECollaborationn-M0377008-E0205.000.1994      30 1.00000E+02 1.00000E+02
g-He003-MT103-DAPHNECollaborationn-M0377009-E0205.000.1994      30 1.10000E+02 1.10000E+02
g-He003-MT103-DAPHNECollaborationn-M0377010-E0205.000.1994      30 1.20000E+02 1.20000E+02
g-He003-MT103-DAPHNECollaborationn-M0377011-E0205.000.1994      30 1.30000E+02 1.30000E+02
g-He003-MT103-DAPHNECollaborationn-M0377012-E0205.000.1994      30 1.40000E+02 1.40000E+02
g-He003-MT103-Fetisov-M0934002-E0009.000.1965                   12 7.49999E+00 1.72500E+02
g-He003-MT103-Fetisov-M0934003-E0014.000.1965                   10 2.25000E+01 1.57500E+02
g-He003-MT103-Fetisov-M0934004-E0019.000.1965                   11 2.25000E+01 1.72500E+02
g-He003-MT103-Fetisov-M0934005-E0019.000.1965                   11 2.25000E+01 1.72500E+02
g-He003-MT103-Gassen-M0474002-E0154.000.1981                    92 1.20000E+02 1.50000E+02
g-He003-MT103-Karlsson-L0149002-E0014.000.2009                  11 9.00000E+01 9.00000E+01
g-He003-MT103-Kolb-M0379002-E0172.000.1994                      45 4.00000E+01 1.40000E+02
g-He003-MT103-Ofallon-M0477002-E0042.400.1972                   47 3.15500E+01 1.39400E+02
g-He003-MT103-Picozza-M0962002-E0195.000.1970                   13 9.00000E+01 9.00000E+01
g-He003-MT103-Sober-M0482002-E0155.000.1983                      1 6.36000E+01 6.40000E+01
g-He003-MT103-Sober-M0482002-E0165.000.1983                      1 6.32000E+01 6.36000E+01
g-He003-MT103-Sober-M0482002-E0175.000.1983                      1 6.29000E+01 6.32000E+01
g-He003-MT103-Sober-M0482002-E0185.000.1983                      1 6.25000E+01 6.29000E+01
g-He003-MT103-Sober-M0482002-E0195.000.1983                      1 6.22000E+01 6.25000E+01
g-He003-MT103-Sober-M0482002-E0205.000.1983                      1 6.19000E+01 6.22000E+01
g-He003-MT103-Sober-M0482002-E0215.000.1983                      1 6.16000E+01 6.19000E+01
g-He003-MT103-Sober-M0482002-E0225.000.1983                      1 6.13000E+01 6.16000E+01
g-He003-MT103-Sober-M0482002-E0235.000.1983                      1 6.10000E+01 6.13000E+01
g-He003-MT103-Sober-M0482002-E0245.000.1983                      1 6.07000E+01 6.10000E+01
g-He003-MT103-Sober-M0482002-E0255.000.1983                      1 6.04000E+01 6.07000E+01
g-He003-MT103-Sober-M0482002-E0265.000.1983                      1 6.01000E+01 6.04000E+01
g-He003-MT103-Sober-M0482002-E0275.000.1983                      1 5.98000E+01 6.01000E+01
g-He003-MT103-Sober-M0482002-E0285.000.1983                      1 5.96000E+01 5.98000E+01
g-He003-MT103-Sober-M0482002-E0295.000.1983                      1 5.93000E+01 5.96000E+01
g-He003-MT103-Sober-M0482002-E0305.000.1983                      1 5.90000E+01 5.93000E+01
g-He003-MT103-Sober-M0482002-E0315.000.1983                      1 5.88000E+01 5.90000E+01
g-He003-MT103-Sober-M0482002-E0325.000.1983                      1 5.85000E+01 5.88000E+01
g-He003-MT103-Sober-M0482002-E0335.000.1983                      2 5.83000E+01 5.85000E+01
g-He003-MT103-Sober-M0482003-E0225.000.1983                      1 9.23000E+01 9.29000E+01
g-He003-MT103-Sober-M0482003-E0235.000.1983                      2 9.20000E+01 9.26000E+01
g-He003-MT103-Sober-M0482003-E0255.000.1983                      1 9.17000E+01 9.20000E+01
g-He003-MT103-Sober-M0482003-E0265.000.1983                      1 9.14000E+01 9.17000E+01
g-He003-MT103-Sober-M0482003-E0275.000.1983                      1 9.11000E+01 9.14000E+01
g-He003-MT103-Sober-M0482003-E0285.000.1983                      1 9.09000E+01 9.11000E+01
g-He003-MT103-Sober-M0482003-E0305.000.1983                      1 9.03000E+01 9.09000E+01
g-He003-MT103-Sober-M0482003-E0315.000.1983                      1 9.01000E+01 9.03000E+01
g-He003-MT103-Sober-M0482003-E0325.000.1983                      1 8.98000E+01 9.01000E+01
g-He003-MT103-Sober-M0482003-E0335.000.1983                      2 8.96000E+01 8.98000E+01
g-He003-MT103-Stewart-M0470002-E0008.900.1965                   14 9.00000E+01 9.00000E+01
