#              Filename                                         N    min         max
a-Be009-MT051-Deconninck-F0419002-E0013.600.1963                 6 9.99951E-01 5.22000E+01
a-Be009-MT051-Deconninck-F0419002-E0014.500.1963                 5 8.00153E-01 4.08000E+01
a-Be009-MT051-Deconninck-F0419002-E0015.700.1963                 9 8.00153E-01 8.03000E+01
a-Be009-MT051-Deconninck-F0419002-E0015.900.1963                16 4.00074E-01 1.46100E+02
a-Be009-MT051-Deconninck-F0419002-E0017.000.1963                11 4.00074E-01 1.01300E+02
a-Be009-MT051-Deconninck-F0419002-E0018.000.1963                12 5.99705E-01 1.09300E+02
a-Be009-MT051-Deconninck-F0419002-E0018.300.1963                14 9.00051E-01 1.27900E+02
a-Be009-MT051-Deconninck-F0419002-E0019.300.1963                14 9.00051E-01 1.56400E+02
a-Be009-MT051-Deconninck-F0450002-E0016.500.1962                16 9.89117E-02 1.48600E+02
a-Be009-MT051-Deconninck-F0450002-E0018.500.1962                14 9.89117E-02 1.28400E+02
a-Be009-MT051-Deconninck-F0450002-E0019.500.1962                17 8.00153E-01 1.56600E+02
a-Be009-MT051-Deconninck-F0450002-E0020.500.1962                18 4.00074E-01 1.64800E+02
a-Be009-MT051-Deconninck-F0450002-E0021.500.1962                18 4.00074E-01 1.66600E+02
a-Be009-MT051-Deconninck-F0450002-E0022.700.1962                18 5.99705E-01 1.70100E+02
a-Be009-MT051-Kjellman-F0260002-E0009.800.1962                  20 4.19997E+00 1.50600E+02
a-Be009-MT051-Kjellman-F0260002-E0011.300.1962                  18 3.10009E+00 1.53800E+02
a-Be009-MT051-Kjellman-F0260002-E0012.700.1962                  18 3.10009E+00 1.53900E+02
a-Be009-MT051-Kondo-F0420002-E0017.500.1963                     18 1.99792E-01 1.19100E+02
a-Be009-MT051-Kondo-F0420002-E0018.700.1963                     15 1.99792E-01 1.29800E+02
a-Be009-MT051-Kondo-F0420002-E0019.900.1963                     17 1.10003E+00 1.45100E+02
a-Be009-MT051-Kondo-F0420002-E0022.100.1963                     20 8.00153E-01 1.57800E+02
a-Be009-MT051-Nilsson-F0414002-E0013.500.1962                   15 5.99999E+00 1.57600E+02
a-Be009-MT051-Nilsson-F0414002-E0013.900.1962                   15 5.99999E+00 1.57100E+02
a-Be009-MT051-Nilsson-F0414002-E0014.100.1962                    8 4.90001E+00 1.43200E+02
a-Be009-MT051-Okorokov-F1174004-E0022.900.1973                  27 1.01490E+01 1.15010E+02
a-Be009-MT051-Risser-F0247003-E0004.000.1957                    13 3.00014E-01 1.52000E+02
a-Be009-MT051-Risser-F0247003-E0004.190.1957                    12 3.00014E-01 1.49200E+02
a-Be009-MT051-Risser-F0247003-E0004.650.1957                    12 3.00014E-01 1.49100E+02
a-Be009-MT051-Risser-F0247003-E0005.080.1957                    12 3.00014E-01 1.52200E+02
a-Be009-MT051-Werle-C1602002-E0001.320.1973                      2 1.20000E+02 1.20000E+02
