#              Filename                                         N    min         max
n-S032-MT002-Alarcon-13125004-ang-E0021.700.1986                40 1.50000E+01 1.60000E+02
n-S032-MT002-Alohali-14345004-ang-E0007.960.2012                18 1.94000E+01 1.62000E+02
n-S032-MT002-Alohali-14345004-ang-E0009.950.2012                32 1.94000E+01 1.60600E+02
n-S032-MT002-Alohali-14345004-ang-E0011.930.2012                20 2.37000E+01 1.62800E+02
n-S032-MT002-Alohali-14345004-ang-E0013.920.2012                29 1.74000E+01 1.59500E+02
n-S032-MT002-Alohali-14345004-ang-E0015.440.2012                33 1.74000E+01 1.59800E+02
n-S032-MT002-Alohali-14345004-ang-E0016.920.2012                26 1.68000E+01 1.59800E+02
n-S032-MT002-Alohali-14345004-ang-E0018.900.2012                39 1.68000E+01 1.59600E+02
n-S032-MT002-Conjeaud-21101002-ang-E0014.600.1965               13 2.00000E+01 1.52000E+02
n-S032-MT002-Hall-21729002-ang-E0000.601.1978                    1 8.20000E+01 9.00000E+01
n-S032-MT002-Hall-21729002-ang-E0000.605.1978                    1 8.20000E+01 1.14000E+02
n-S032-MT002-Hall-21729002-ang-E0000.606.1978                    1 4.00000E+01 1.14000E+02
n-S032-MT002-Hall-21729002-ang-E0000.609.1978                    3 4.00000E+01 1.25000E+02
n-S032-MT002-Hall-21729002-ang-E0000.610.1978                    1 5.00000E+01 1.25000E+02
n-S032-MT002-Hall-21729002-ang-E0000.613.1978                    4 5.00000E+01 1.14000E+02
n-S032-MT002-Hall-21729002-ang-E0000.614.1978                    1 1.04000E+02 1.40000E+02
n-S032-MT002-Hall-21729002-ang-E0000.618.1978                    1 6.00000E+01 1.40000E+02
n-S032-MT002-Hall-21729002-ang-E0000.621.1978                    4 4.00000E+01 9.00000E+01
n-S032-MT002-Hall-21729002-ang-E0000.625.1978                    3 4.00000E+01 1.25000E+02
n-S032-MT002-Hall-21729002-ang-E0000.626.1978                    1 5.00000E+01 1.25000E+02
n-S032-MT002-Hall-21729002-ang-E0000.629.1978                    2 5.00000E+01 1.04000E+02
n-S032-MT002-Hall-21729002-ang-E0000.630.1978                    2 6.00000E+01 1.14000E+02
n-S032-MT002-Hall-21729002-ang-E0000.633.1978                    4 6.00000E+01 9.00000E+01
n-S032-MT002-Hall-21729002-ang-E0000.637.1978                    1 4.00000E+01 6.80000E+01
n-S032-MT002-Hall-21729002-ang-E0000.641.1978                    5 4.00000E+01 1.40000E+02
n-S032-MT002-Hall-21729002-ang-E0000.642.1978                    1 6.00000E+01 1.40000E+02
n-S032-MT002-Hall-21729002-ang-E0000.645.1978                    3 5.00000E+01 1.25000E+02
n-S032-MT002-Hall-21729002-ang-E0000.649.1978                    2 5.00000E+01 1.04000E+02
n-S032-MT002-Hall-21729002-ang-E0000.650.1978                    1 4.00000E+01 1.04000E+02
n-S032-MT002-Hall-21729002-ang-E0000.653.1978                    5 4.00000E+01 1.40000E+02
n-S032-MT002-Hall-21729002-ang-E0000.654.1978                    1 7.50000E+01 9.00000E+01
n-S032-MT002-Hall-21729002-ang-E0000.657.1978                    1 4.00000E+01 7.50000E+01
n-S032-MT002-Hall-21729002-ang-E0000.661.1978                    4 4.00000E+01 9.00000E+01
n-S032-MT002-Hall-21729002-ang-E0000.665.1978                    4 6.00000E+01 1.04000E+02
n-S032-MT002-Harrar-21524002-ang-E0014.500.1962                 13 2.00000E+01 1.52300E+02
n-S032-MT002-Korzh-40618003-ang-E0005.000.1980                   9 2.00000E+01 1.50000E+02
n-S032-MT002-Martin-21046011-ang-E0005.950.1968                 16 2.54994E+01 1.31000E+02
n-S032-MT002-Mezzetti-21614004-ang-E0014.200.1978                7 1.45000E+02 1.74900E+02
n-S032-MT002-Shope-12704002-ang-E0007.600.1976                  14 3.00000E+01 1.60000E+02
n-S032-MT002-Stewart-21490004-ang-E0006.100.1965                16 2.55000E+01 1.31000E+02
n-S032-MT002-Virdis-21773026-ang-E0009.760.1981                 28 1.50000E+01 1.60000E+02
n-S032-MT002-Virdis-21773046-ang-E0014.830.1981                 27 1.50000E+01 1.60000E+02
n-S032-MT002-Yamanouti-21628002-ang-E0021.500.1977              21 2.00000E+01 1.55000E+02
