#              Filename                                         N    min         max
n-Li006-MT105-Bamejr-11103004-E0000.150.1959                    41 0.00000E+00 1.35700E+02
n-Li006-MT105-Bartle-10446003-E0002.160.1979                     7 1.01000E+01 1.50700E+02
n-Li006-MT105-Bartle-10446003-E0002.160A001.1979                 7 1.01000E+01 1.50700E+02
n-Li006-MT105-Bartle-10446003-E0002.340.1979                     7 1.01000E+01 1.50500E+02
n-Li006-MT105-Bartle-10446003-E0002.340A001.1979                 7 1.01000E+01 1.50500E+02
n-Li006-MT105-Bartle-10446003-E0002.520.1979                     7 1.50000E+01 1.50400E+02
n-Li006-MT105-Bartle-10446003-E0002.520A001.1979                 7 1.50000E+01 1.50400E+02
n-Li006-MT105-Bartle-10446003-E0002.710.1979                     7 1.41000E+01 1.51400E+02
n-Li006-MT105-Bartle-10446003-E0002.710A001.1979                 7 1.41000E+01 1.51400E+02
n-Li006-MT105-Bartle-10446003-E0002.870.1979                     7 1.32000E+01 1.50100E+02
n-Li006-MT105-Bartle-10446003-E0002.870A001.1979                 7 1.32000E+01 1.50100E+02
n-Li006-MT105-Bartle-10446003-E0003.140.1979                     7 1.32000E+01 1.49800E+02
n-Li006-MT105-Bartle-10446003-E0003.140A001.1979                 7 1.32000E+01 1.49800E+02
n-Li006-MT105-Bartle-10446003-E0003.420.1979                     7 1.64000E+01 1.49600E+02
n-Li006-MT105-Bartle-10446003-E0003.420A001.1979                 7 1.64000E+01 1.49600E+02
n-Li006-MT105-Bartle-10446003-E0003.540.1979                     7 2.14000E+01 1.50800E+02
n-Li006-MT105-Bartle-10446003-E0003.540A001.1979                 7 2.14000E+01 1.50800E+02
n-Li006-MT105-Bartle-10446003-E0003.610.1979                     7 1.64000E+01 1.50800E+02
n-Li006-MT105-Bartle-10446003-E0003.610A001.1979                 7 1.64000E+01 1.50800E+02
n-Li006-MT105-Bartle-10446003-E0003.770.1979                     7 1.64000E+01 1.49400E+02
n-Li006-MT105-Bartle-10446003-E0003.770A001.1979                 7 1.64000E+01 1.49400E+02
n-Li006-MT105-Bartle-10446003-E0003.890.1979                     7 2.04000E+01 1.50600E+02
n-Li006-MT105-Bartle-10446003-E0003.890A001.1979                 7 2.04000E+01 1.50600E+02
n-Li006-MT105-Bartle-10446003-E0004.200.1979                     7 2.60000E+01 1.50400E+02
n-Li006-MT105-Bartle-10446003-E0004.200A001.1979                 7 2.60000E+01 1.50400E+02
n-Li006-MT105-Bartle-10446003-E0004.460.1979                     7 2.11000E+01 1.50200E+02
n-Li006-MT105-Bartle-10446003-E0004.460A001.1979                 7 2.11000E+01 1.50200E+02
n-Li006-MT105-Bartle-10446003-E0004.690.1979                     7 2.11000E+01 1.48900E+02
n-Li006-MT105-Bartle-10446003-E0004.690A001.1979                 7 2.11000E+01 1.48900E+02
n-Li006-MT105-Bartle-10446003-E0005.300.1979                     7 2.33000E+01 1.48600E+02
n-Li006-MT105-Bartle-10446003-E0005.300A001.1979                 7 2.33000E+01 1.48600E+02
n-Li006-MT105-Bartle-10446003-E0005.650.1979                     7 2.33000E+01 1.48400E+02
n-Li006-MT105-Bartle-10446003-E0005.650A001.1979                 7 2.33000E+01 1.48400E+02
n-Li006-MT105-Bartle-10446003-E0005.890.1979                     7 2.56000E+01 1.48300E+02
n-Li006-MT105-Bartle-10446003-E0005.890A001.1979                 7 2.56000E+01 1.48300E+02
n-Li006-MT105-Bartle-10446003-E0006.280.1979                     7 2.39000E+01 1.48200E+02
n-Li006-MT105-Bartle-10446003-E0006.280A001.1979                 7 2.39000E+01 1.48200E+02
n-Li006-MT105-Bartle-10446003-E0006.650.1979                     7 2.39000E+01 1.48000E+02
n-Li006-MT105-Bartle-10446003-E0006.650A001.1979                 7 2.39000E+01 1.48000E+02
n-Li006-MT105-Bartle-10446003-E0007.080.1979                     7 2.06000E+01 1.47900E+02
n-Li006-MT105-Bartle-10446003-E0007.080A001.1979                 7 2.06000E+01 1.47900E+02
n-Li006-MT105-Bartle-10446003-E0007.510.1979                     7 1.97000E+01 1.46400E+02
n-Li006-MT105-Bartle-10446003-E0007.510A001.1979                 7 1.97000E+01 1.46400E+02
n-Li006-MT105-Bartle-10446003-E0007.980.1979                     7 1.57000E+01 1.46300E+02
n-Li006-MT105-Bartle-10446003-E0007.980A001.1979                 7 1.57000E+01 1.46300E+02
n-Li006-MT105-Bartle-10446003-E0009.010.1979                     7 1.41000E+01 1.46000E+02
n-Li006-MT105-Bartle-10446003-E0009.010A001.1979                 7 1.41000E+01 1.46000E+02
n-Li006-MT105-Bartle-10446003-E0009.660.1979                     7 1.41000E+01 1.44600E+02
n-Li006-MT105-Bartle-10446003-E0009.660A001.1979                 7 1.41000E+01 1.44600E+02
n-Li006-MT105-Bartle-30918002-E0002.160.1986                     3 2.89000E+01 1.16800E+02
n-Li006-MT105-Bartle-30918002-E0007.080.1986                     3 1.25000E+01 8.47000E+01
n-Li006-MT105-Bartle-30918002-E0013.700.1986                     4 1.25000E+01 1.03100E+02
n-Li006-MT105-Baudinetrobinet-20196002-E0000.190.1963            6 1.43000E+01 1.54500E+02
n-Li006-MT105-Brown-10866002-E0000.087.1977                     25 0.00000E+00 0.00000E+00
n-Li006-MT105-Darlington-11065002-E0000.270.1953                12 7.10001E+00 1.71700E+02
n-Li006-MT105-Darlington-11065002-E0000.270A001.1953            12 7.10001E+00 1.71700E+02
n-Li006-MT105-Darlington-11065003-E0000.400.1953                12 7.00003E+00 1.71500E+02
n-Li006-MT105-Darlington-11065003-E0000.400A001.1953            12 7.00003E+00 1.71500E+02
n-Li006-MT105-Darlington-11065004-E0000.600.1953                12 6.90001E+00 1.71400E+02
n-Li006-MT105-Darlington-11065004-E0000.600A001.1953            12 6.90001E+00 1.71400E+02
n-Li006-MT105-Darlington-11065005-E0000.200.1953                12 7.19999E+00 1.71800E+02
n-Li006-MT105-Darlington-11065005-E0000.200A001.1953            12 7.19999E+00 1.71800E+02
n-Li006-MT105-Devlin-14159002-E0000.200.2009                    79 2.00000E+01 2.00000E+01
n-Li006-MT105-Devlin-14159003-E0000.200.2009                    73 3.00000E+01 3.00000E+01
n-Li006-MT105-Devlin-14159004-E0000.200.2009                    77 4.50000E+01 4.50000E+01
n-Li006-MT105-Devlin-14159005-E0000.200.2009                    83 6.00000E+01 6.00000E+01
n-Li006-MT105-Devlin-14159006-E0000.200.2009                    80 7.00000E+01 7.00000E+01
n-Li006-MT105-Devlin-14159007-E0000.200.2009                    84 9.00000E+01 9.00000E+01
n-Li006-MT105-Devlin-14159008-E0000.200.2009                    74 1.20000E+02 1.20000E+02
n-Li006-MT105-Devlin-14159009-E0000.200.2009                    75 1.35000E+02 1.35000E+02
n-Li006-MT105-Devlin-14159010-E0000.240.2009                     8 2.00000E+01 1.35000E+02
n-Li006-MT105-Devlin-14159011-E0000.400.2009                     8 2.00000E+01 1.34900E+02
n-Li006-MT105-Devlin-14159012-E0000.600.2009                     8 2.00000E+01 1.34900E+02
n-Li006-MT105-Devlin-14159013-E0000.800.2009                     8 2.00000E+01 1.34900E+02
n-Li006-MT105-Devlin-14159014-E0001.000.2009                     8 1.99000E+01 1.34900E+02
n-Li006-MT105-Devlin-14159015-E0002.000.2009                     8 2.00000E+01 1.34900E+02
n-Li006-MT105-Devlin-14159016-E0003.000.2009                     8 2.00000E+01 1.35000E+02
n-Li006-MT105-Devlin-14159017-E0004.000.2009                     8 2.00000E+01 1.34900E+02
n-Li006-MT105-Engdahl-10755003-E0000.023.1981                    5 0.00000E+00 1.80000E+02
n-Li006-MT105-Engdahl-10755003-E0000.023A001.1981                5 0.00000E+00 1.80000E+02
n-Li006-MT105-Fryejr-11071009-E0014.100.1954                    23 0.00000E+00 1.08400E+02
n-Li006-MT105-Fryejr-11071009-E0014.100A001.1954                23 0.00000E+00 1.08400E+02
n-Li006-MT105-GuohuiZhangg-32544003-E0003.670.2000              54 1.28000E+01 1.58700E+02
n-Li006-MT105-GuohuiZhangg-32646003-E0001.850.2003              14 2.14088E+01 1.57668E+02
n-Li006-MT105-GuohuiZhangg-32646004-E0002.670.2003              14 2.18748E+01 1.57073E+02
n-Li006-MT105-GuohuiZhangg-32651003-E0001.050.2006              14 1.82000E+01 1.55000E+02
n-Li006-MT105-GuohuiZhangg-32651004-E0001.540.2006              14 1.82000E+01 1.53700E+02
n-Li006-MT105-GuohuiZhangg-32651005-E0002.250.2006              14 1.82000E+01 1.52200E+02
n-Li006-MT105-Higuchi-216940031-E0014.100.1982                  11 6.20005E+00 1.32100E+02
n-Li006-MT105-Higuchi-216940032-E0014.100.1982                   3 1.47800E+02 1.68600E+02
n-Li006-MT105-HuaiyongBaii-32800003-E1.00E-06.2020            1200 1.92000E+01 1.60800E+02
n-Li006-MT105-Knox-12974002-E0002.000.1982                      44 0.00000E+00 1.80000E+02
n-Li006-MT105-Overley-10382002-E0000.100.1974                    8 8.59999E+00 8.97000E+01
n-Li006-MT105-Overley-10382002-E0000.100A001.1974                8 8.59999E+00 8.97000E+01
n-Li006-MT105-Overley-10382002-E0000.150.1974                    8 8.59999E+00 8.97000E+01
n-Li006-MT105-Overley-10382002-E0000.150A001.1974                8 8.59999E+00 8.97000E+01
n-Li006-MT105-Overley-10382002-E0000.200.1974                    8 8.69999E+00 8.97000E+01
n-Li006-MT105-Overley-10382003-E0000.100.1974                    8 8.27000E+01 1.70300E+02
n-Li006-MT105-Overley-10382003-E0000.100A001.1974                8 8.27000E+01 1.70300E+02
n-Li006-MT105-Overley-10382003-E0000.150.1974                    8 8.15000E+01 1.70100E+02
n-Li006-MT105-Overley-10382003-E0000.150A001.1974                8 8.15000E+01 1.70100E+02
n-Li006-MT105-Overley-10382003-E0000.200.1974                    8 8.11000E+01 1.69900E+02
n-Li006-MT105-Overley-10382003-E0000.200A001.1974                8 8.11000E+01 1.69900E+02
n-Li006-MT105-Overley-10382003-E0000.220.1974                    8 8.07000E+01 1.69800E+02
n-Li006-MT105-Overley-10382003-E0000.220A001.1974                8 8.07000E+01 1.69800E+02
n-Li006-MT105-Overley-10382003-E0000.240.1974                    8 8.04000E+01 1.69800E+02
n-Li006-MT105-Overley-10382003-E0000.240A001.1974                8 8.04000E+01 1.69800E+02
n-Li006-MT105-Overley-10382003-E0000.260.1974                    8 8.00000E+01 1.69700E+02
n-Li006-MT105-Overley-10382003-E0000.260A001.1974                8 8.00000E+01 1.69700E+02
n-Li006-MT105-Overley-10382003-E0000.280.1974                    8 7.97000E+01 1.69600E+02
n-Li006-MT105-Overley-10382003-E0000.280A001.1974                8 7.97000E+01 1.69600E+02
n-Li006-MT105-Overley-10382003-E0000.300.1974                    8 7.89000E+01 1.69600E+02
n-Li006-MT105-Overley-10382003-E0000.300A001.1974                8 7.89000E+01 1.69600E+02
n-Li006-MT105-Overley-10382003-E0000.350.1974                    8 7.82000E+01 1.69400E+02
n-Li006-MT105-Overley-10382003-E0000.350A001.1974                8 7.82000E+01 1.69400E+02
n-Li006-MT105-Overley-10382003-E0000.400.1974                    8 7.75000E+01 1.69200E+02
n-Li006-MT105-Overley-10382003-E0000.400A001.1974                8 7.75000E+01 1.69200E+02
n-Li006-MT105-Overley-10382003-E0000.450.1974                    8 7.69000E+01 1.69100E+02
n-Li006-MT105-Overley-10382003-E0000.450A001.1974                8 7.69000E+01 1.69100E+02
n-Li006-MT105-Overley-10382003-E0000.500.1974                    8 7.57000E+01 1.69000E+02
n-Li006-MT105-Overley-10382003-E0000.500A001.1974                8 7.57000E+01 1.69000E+02
n-Li006-MT105-Overley-10382003-E0000.600.1974                    8 7.47000E+01 1.68800E+02
n-Li006-MT105-Overley-10382003-E0000.600A001.1974                8 7.47000E+01 1.68800E+02
n-Li006-MT105-Overley-10382003-E0000.700.1974                    8 7.38000E+01 1.68600E+02
n-Li006-MT105-Overley-10382003-E0000.700A001.1974                8 7.38000E+01 1.68600E+02
n-Li006-MT105-Overley-10382003-E0000.800.1974                    8 7.29000E+01 1.68400E+02
n-Li006-MT105-Overley-10382003-E0000.800A001.1974                8 7.29000E+01 1.68400E+02
n-Li006-MT105-Overley-10382003-E0000.900.1974                    8 7.21000E+01 1.68300E+02
n-Li006-MT105-Overley-10382003-E0000.900A001.1974                8 7.21000E+01 1.68300E+02
n-Li006-MT105-Overley-10382003-E0001.000.1974                    8 7.14000E+01 1.68100E+02
n-Li006-MT105-Overley-10382003-E0001.000A001.1974                8 7.14000E+01 1.68100E+02
n-Li006-MT105-Overley-10382003-E0001.100.1974                    8 7.08000E+01 1.67900E+02
n-Li006-MT105-Overley-10382003-E0001.100A001.1974                8 7.08000E+01 1.67900E+02
n-Li006-MT105-Overley-10382003-E0001.200.1974                    8 7.01000E+01 1.67800E+02
n-Li006-MT105-Overley-10382003-E0001.200A001.1974                8 7.01000E+01 1.67800E+02
n-Li006-MT105-Overley-10382003-E0001.300.1974                    8 6.96000E+01 1.67600E+02
n-Li006-MT105-Overley-10382003-E0001.300A001.1974                8 6.96000E+01 1.67600E+02
n-Li006-MT105-Overley-10382003-E0001.400.1974                    8 6.90000E+01 1.67500E+02
n-Li006-MT105-Overley-10382003-E0001.400A001.1974                8 6.90000E+01 1.67500E+02
n-Li006-MT105-Overley-10382003-E0001.500.1974                    8 6.85000E+01 1.67400E+02
n-Li006-MT105-Overley-10382003-E0001.500A001.1974                8 6.85000E+01 1.67400E+02
n-Li006-MT105-Overley-10382003-E0001.600.1974                    8 6.80000E+01 1.67200E+02
n-Li006-MT105-Overley-10382003-E0001.600A001.1974                8 6.80000E+01 1.67200E+02
n-Li006-MT105-Overley-10382003-E0001.700.1974                    8 6.75000E+01 1.67100E+02
n-Li006-MT105-Overley-10382003-E0001.700A001.1974                8 6.75000E+01 1.67100E+02
n-Li006-MT105-Overley-10382003-E0001.800.1974                    8 6.71000E+01 1.67000E+02
n-Li006-MT105-Overley-10382003-E0001.800A001.1974                8 6.71000E+01 1.67000E+02
n-Li006-MT105-Overley-10382003-E0001.900.1974                    8 6.71000E+01 1.66900E+02
n-Li006-MT105-Overley-10382003-E0001.900A001.1974                8 6.71000E+01 1.66900E+02
n-Li006-MT105-Perelygin-40455003-E0002.150.1961                  9 1.90000E+01 1.34800E+02
n-Li006-MT105-Rendic-30193002-E0002.700.1967                    19 0.00000E+00 1.80000E+02
n-Li006-MT105-Rendic-30193003-E0014.400.1967                    17 0.00000E+00 1.80000E+02
n-Li006-MT105-Robaye-20262002-E0000.250.1965                     9 0.00000E+00 1.67900E+02
n-Li006-MT105-Robaye-20262004-E0000.390.1965                     9 0.00000E+00 1.68000E+02
n-Li006-MT105-Robaye-20262005-E0000.600.1965                     9 0.00000E+00 1.67800E+02
n-Li006-MT105-Rosariogarcia-10632002-E0004.710.1977              7 1.16000E+01 7.33000E+01
n-Li006-MT105-Rosariogarcia-10632002-E0004.710A001.1977          7 1.16000E+01 7.33000E+01
n-Li006-MT105-Rosariogarcia-10632002-E0005.240.1977              6 1.14000E+01 7.26000E+01
n-Li006-MT105-Rosariogarcia-10632002-E0005.240A001.1977          6 1.14000E+01 7.26000E+01
n-Li006-MT105-Rosariogarcia-10632002-E0006.570.1977              6 1.14000E+01 7.27000E+01
n-Li006-MT105-Rosariogarcia-10632003-E0004.370.1977             11 0.00000E+00 0.00000E+00
n-Li006-MT105-Trzcinski-30943002-E0018.130.1988                 16 7.99998E+00 1.63700E+02
n-Li006-MT105-Weddell-11076003-E0001.100.1954                   18 4.50002E+00 1.74000E+02
n-Li006-MT105-Weddell-11076003-E0001.100A001.1954               18 4.50002E+00 1.74000E+02
n-Li006-MT105-Weddell-11076005-E0001.500.1954                   18 4.30002E+00 1.73900E+02
n-Li006-MT105-Weddell-11076005-E0001.500A001.1954               18 4.30002E+00 1.73900E+02
n-Li006-MT105-Weddell-11076005-E0002.000.1954                   18 4.30002E+00 1.73700E+02
n-Li006-MT105-Weddell-11076005-E0002.000A001.1954               18 4.30002E+00 1.73700E+02
