#              Filename                                         N    min         max
n-Ag000-MT001-Allen-11762003.1954                               20 5.11000E-09 8.18000E-08
n-Ag000-MT001-Bockelman-11881003.1949                           35 2.40000E-02 1.57000E+00
n-Ag000-MT001-Bonner-31336002.1955                               6 1.29000E+01 1.62000E+01
n-Ag000-MT001-Bratenahl-11155021.1958                            5 6.83000E+00 1.41100E+01
n-Ag000-MT001-Bratenahl-11155021A001.1958                        5 6.83000E+00 1.41100E+01
n-Ag000-MT001-Carlson-11497020.1967                             68 4.53100E+00 7.88900E+00
n-Ag000-MT001-Coon-12524035.1952                                 1 1.41200E+01 1.41200E+01
n-Ag000-MT001-Dilg-20583004.1972                                 1 2.70000E-03 2.70000E-03
n-Ag000-MT001-Divadeenam-10523021.1968                          61 1.00000E-01 6.60000E-01
n-Ag000-MT001-Divadeenam-10523021A001.1968                      61 1.00000E-01 6.60000E-01
n-Ag000-MT001-Dukarevich-40813045.1967                           1 1.42000E+01 1.42000E+01
n-Ag000-MT001-Fields-11260017.1947                               6 2.40000E-02 8.30000E-01
n-Ag000-MT001-Fluharty-11946003.1956                           123 4.02000E-05 6.75000E-04
n-Ag000-MT001-Fosterjr-10047052.1971                           245 2.25600E+00 1.48150E+01
n-Ag000-MT001-Fosterjr-10047052A001.1971                       245 2.25600E+00 1.48150E+01
n-Ag000-MT001-Franz-22117010.1988                               22 1.60000E+02 5.75000E+02
n-Ag000-MT001-Garg-11905007.1965                              5965 8.10800E-05 4.02800E-03
n-Ag000-MT001-Harvey-12154002.1958                             243 1.93713E-05 1.51068E-04
n-Ag000-MT001-Harvey-12154003.1958                             256 7.37964E-05 7.46018E-04
n-Ag000-MT001-Havensjr-11139004.1946                            49 1.50000E-08 4.32879E-04
n-Ag000-MT001-Havensjr-11139004A001.1946                        49 1.50000E-08 4.32879E-04
n-Ag000-MT001-Havensjr-11732025.1951                            22 4.09600E-06 6.36800E-06
n-Ag000-MT001-Hildebrand-11039024.1950                           1 4.20000E+01 4.20000E+01
n-Ag000-MT001-Hildebrand-11039024A001.1950                       1 4.20000E+01 4.20000E+01
n-Ag000-MT001-Jain-11904005.1965                                10 1.00000E-02 1.00000E-01
n-Ag000-MT001-Kim-31550002.2004                                138 1.52900E-07 9.98393E-05
n-Ag000-MT001-Litvinsky-411890021.1994                           1 2.75000E-01 2.75000E-01
n-Ag000-MT001-Malik-10501006.1970                                4 7.00000E-08 8.35000E-07
n-Ag000-MT001-Malik-10501006A001.1970                            4 7.00000E-08 8.35000E-07
n-Ag000-MT001-Malmberg-11949003.1962                             1 6.80000E+00 6.80000E+00
n-Ag000-MT001-Mazari-30037010.1955                              10 1.30000E+01 1.62000E+01
n-Ag000-MT001-Merrison-21282006.1952                            85 1.45000E-05 5.20000E-03
n-Ag000-MT001-Miller-11712011.1952                              14 1.00000E+00 3.21000E+00
n-Ag000-MT001-Nereson-11308015.1954                             29 2.73400E+00 1.30800E+01
n-Ag000-MT001-Newson-11569010.1957                              21 2.35000E-03 1.10000E-02
n-Ag000-MT001-Ortega-30378003.1975                              11 1.84400E+01 2.19500E+01
n-Ag000-MT001-Peterson-11108028.1960                             4 1.74000E+01 2.88000E+01
n-Ag000-MT001-Peterson-11108028A001.1960                         4 1.74000E+01 2.88000E+01
n-Ag000-MT001-Poenitz-12853030.1983                              9 4.70000E-02 2.28000E-01
n-Ag000-MT001-Poenitz-12853031.1983                             21 2.15000E-01 1.60000E+00
n-Ag000-MT001-Poenitz-12853032.1983                             66 1.82000E+00 1.83400E+01
n-Ag000-MT001-Poenitz-12853033.1983                             24 9.85000E-01 4.40000E+00
n-Ag000-MT001-Rainwater-11685006.1947                           30 9.64700E-06 9.54582E-01
n-Ag000-MT001-Rainwater-11685024.1947                            9 3.51000E-06 8.31800E-06
n-Ag000-MT001-Rayburn-11026027.1965                              1 1.44000E-06 1.44000E-06
n-Ag000-MT001-Rayburn-11026027A001.1965                          1 1.44000E-06 1.44000E-06
n-Ag000-MT001-Schimmerling-10082009.1973                        15 3.79000E+02 1.73100E+03
n-Ag000-MT001-Schimmerling-10082009A001.1973                    15 3.79000E+02 1.73100E+03
n-Ag000-MT001-Seidl-11671008.1954                              154 5.07800E-06 5.00000E-04
n-Ag000-MT001-Selove-121680083.1951                              1 5.17000E-06 5.17000E-06
n-Ag000-MT001-Selove-12168009.1951                              82 3.30000E-06 5.22100E-03
n-Ag000-MT001-Seth-11781011.1965                                95 5.00000E-03 6.40000E-01
n-Ag000-MT001-Seth-11788011.1958                                35 9.83000E-06 1.27000E-04
n-Ag000-MT001-Sheer-135660025.1955                               2 5.19300E-06 1.66000E-05
n-Ag000-MT001-Sherr-11138008.1945                                1 2.54000E+01 2.54000E+01
n-Ag000-MT001-Sherr-11138008A001.1945                            1 2.54000E+01 2.54000E+01
n-Ag000-MT001-Whalen-11540005.1966                             266 1.01700E-01 6.48700E-01
n-Ag000-MT001-Wood-11947002.1956                                97 4.10000E-07 1.69490E-05
n-Ag000-MT001-Wood-119470032.1956                                1 5.19400E-06 5.19400E-06
