#              Filename                                         N    min         max
n-C000-MT003-Atkinson-11112004.1961                              1 5.00000E+03 5.00000E+03
n-C000-MT003-Atkinson-11112004A001.1961                          1 5.00000E+03 5.00000E+03
n-C000-MT003-Ball-11257003.1958                                  2 7.00000E+00 1.42000E+01
n-C000-MT003-Beyster-11216003.1955                               2 1.00000E+00 4.07000E+00
n-C000-MT003-Beyster-11216003A001.1955                           2 1.00000E+00 4.07000E+00
n-C000-MT003-Beyster-11220004.1956                               2 2.50000E+00 7.00000E+00
n-C000-MT003-Beyster-11220004A001.1956                           2 2.50000E+00 7.00000E+00
n-C000-MT003-Chatterjee-30337002.1967                            1 1.48000E+01 1.48000E+01
n-C000-MT003-Flerov-40369004.1956                                1 1.45000E+01 1.45000E+01
n-C000-MT003-Gorbachev-40391006.1958                             1 1.40000E+01 1.40000E+01
n-C000-MT003-Graves-11304002.1953                                1 1.41000E+01 1.41000E+01
n-C000-MT003-Graves-11310002.1955                                1 1.41000E+01 1.41000E+01
n-C000-MT003-Hansen-11354003.1968                                1 1.53000E+01 1.53000E+01
n-C000-MT003-Ibaraki-23019002.2002                               6 4.50000E+01 7.55000E+01
n-C000-MT003-Macgregor-11226004.1957                             1 1.42000E+01 1.42000E+01
n-C000-MT003-Macgregor-11226004A001.1957                         1 1.42000E+01 1.42000E+01
n-C000-MT003-Macgregor-11230003.1958                             3 2.10000E+01 2.92000E+01
n-C000-MT003-Macgregor-11230003A001.1958                         3 2.10000E+01 2.92000E+01
n-C000-MT003-Macgregor-11323002.1958                             2 5.80000E+00 7.00000E+00
n-C000-MT003-Schimmerling-10082015.1973                         15 3.79000E+02 1.73100E+03
n-C000-MT003-Schimmerling-10082015A001.1973                     15 3.79000E+02 1.73100E+03
n-C000-MT003-Strizhak-32239002.1958                              1 1.40000E+01 1.40000E+01
n-C000-MT003-Taylor-11217003.1955                                2 1.27000E+01 1.41000E+01
n-C000-MT003-Taylor-11217003A001.1955                            2 1.27000E+01 1.41000E+01
n-C000-MT003-Voss-21370002.1956                                  4 5.50000E+01 1.40000E+02
n-C000-MT003-Walt-11215007.1955                                  1 4.10000E+00 4.10000E+00
n-C000-MT003-Walt-11215007A001.1955                              1 4.10000E+00 4.10000E+00
n-C000-MT003-Zanelli-10940002.1981                               2 4.03000E+01 5.04000E+01
n-C000-MT003-Zanelli-10940002A001.1981                           2 4.03000E+01 5.04000E+01
