#              Filename                                         N    min         max
d-C013-MT601-Cottrell-F1077006-E0004.960.1968                   14 2.83000E+01 1.52900E+02
d-C013-MT601-Cottrell-F1077007-E0004.477.1968                    1 7.00000E+01 1.00000E+02
d-C013-MT601-Cottrell-F1077007-E0004.500.1968                    1 7.00000E+01 1.00000E+02
d-C013-MT601-Cottrell-F1077007-E0004.540.1968                    1 7.00000E+01 1.00000E+02
d-C013-MT601-Cottrell-F1077007-E0004.545.1968                    1 7.00000E+01 1.00000E+02
d-C013-MT601-Cottrell-F1077007-E0004.603.1968                    1 7.00000E+01 1.00000E+02
d-C013-MT601-Cottrell-F1077007-E0004.613.1968                    1 7.00000E+01 1.00000E+02
d-C013-MT601-Cottrell-F1077007-E0004.666.1968                    1 7.00000E+01 1.00000E+02
d-C013-MT601-Cottrell-F1077007-E0004.667.1968                    1 7.00000E+01 1.00000E+02
d-C013-MT601-Cottrell-F1077007-E0004.725.1968                    1 7.00000E+01 1.00000E+02
d-C013-MT601-Cottrell-F1077007-E0004.730.1968                    1 7.00000E+01 1.00000E+02
d-C013-MT601-Cottrell-F1077007-E0004.774.1968                    1 7.00000E+01 1.00000E+02
d-C013-MT601-Cottrell-F1077007-E0004.784.1968                    1 7.00000E+01 1.00000E+02
d-C013-MT601-Cottrell-F1077007-E0004.887.1968                    1 7.00000E+01 1.00000E+02
d-C013-MT601-Cottrell-F1077007-E0004.901.1968                    1 7.00000E+01 1.00000E+02
d-C013-MT601-Cottrell-F1077007-E0004.946.1968                    1 7.00000E+01 1.00000E+02
d-C013-MT601-Cottrell-F1077007-E0004.955.1968                    1 7.00000E+01 7.00000E+01
d-C013-MT601-Peterson-C1179005-E0017.700.1984                  236 5.19999E+00 1.21600E+02
