#              Filename                                         N    min         max     
p-Cu000-rp026059-Aleksandrov-A03510028.1987                      5 5.90000E+01 9.80000E+01
p-Cu000-rp026059-Kozma-A0477080.1990                             1 3.65000E+03 3.65000E+03
p-Cu000-rp026059-Aleksandrov-A0501087.1990                       1 1.00000E+03 1.00000E+03
p-Cu000-rp026059-Mills-A05070043.1992                           43 4.59000E+01 1.96600E+02
p-Cu000-rp026059-Aleksandrov-A0580014.1996                       1 6.60000E+02 6.60000E+02
p-Cu000-rp026059-Cline-B00850051.1971                            1 5.90000E+02 5.90000E+02
p-Cu000-rp026059-Greenwood-C0537003.1984                        11 4.00000E+01 4.50000E+02
p-Cu000-rp026059-Garrett-C1915004.1973                           1 2.05000E+02 2.05000E+02
p-Cu000-rp026059-Voyles-C2327014.2018                            5 5.21000E+01 8.97400E+01
p-Cu000-rp026059-Fox-C2702038.2021                              17 5.12200E+01 1.92540E+02
p-Cu000-rp026059-Gruetter-D0505018.1982                         13 4.91000E+01 6.98000E+01
p-Cu000-rp026059-Michel-O00780275.1989                           1 6.00000E+02 6.00000E+02
p-Cu000-rp026059-Michel-O0276136.1997                          136 3.96000E+01 1.59000E+03
p-Cu000-rp026059-Michel-O0277193.1995                            4 8.00000E+02 2.60000E+03
p-Cu000-rp026059-Schiekel-O0284115.1996                          4 2.26000E+02 3.75000E+02
p-Cu000-rp026059-Heydegger-O0416009.1972                         5 8.20000E+01 4.16000E+02
p-Cu000-rp026059-Orth-O0418058.1978                              2 2.00000E+02 3.50000E+02
p-Cu000-rp026059-Cumming-O0542037.1974                           1 3.90000E+03 3.90000E+03
p-Cu000-rp026059-Orth-T0131030.1976                              1 5.90000E+02 5.90000E+02
