#              Filename                                         N    min         max
n-Zn000-MT002-Becker-11511013-ang-E0003.200.1966                14 2.02982E+01 1.50401E+02
n-Zn000-MT002-Cox-10332008-ang-E0000.875.1972                    8 2.10000E+01 1.57000E+02
n-Zn000-MT002-Cox-10332008-ang-E0000.875A001.1972                8 2.10000E+01 1.57000E+02
n-Zn000-MT002-Cox-11519007-ang-E0000.677.1966                  462 1.99988E+01 1.60001E+02
n-Zn000-MT002-Darden-11638016-ang-E0000.500.1955                 4 3.00000E+01 3.00000E+01
n-Zn000-MT002-Deconninck-21858005-ang-E0014.000.1961             8 9.00000E+01 9.00000E+01
n-Zn000-MT002-Fujita-21722043-ang-E0014.100.1972                 1 1.10000E+02 1.10000E+02
n-Zn000-MT002-Holmqvist-20019169-ang-E0002.470.1969            147 3.00000E+01 1.60100E+02
n-Zn000-MT002-Kazakova-40706032-ang-E0002.000.1965               8 2.00000E+01 1.60000E+02
n-Zn000-MT002-Korzh-40762005-ang-E0000.650.1963                  8 3.00029E+01 1.39996E+02
n-Zn000-MT002-Korzh-40763011-ang-E0000.300.1963                  8 3.00029E+01 1.39996E+02
n-Zn000-MT002-Machwe-11572031-ang-E0003.660.1959                24 1.07000E+01 1.60100E+02
n-Zn000-MT002-Nauta-20199002-ang-E0014.100.1956                 10 2.00000E+01 9.00000E+01
n-Zn000-MT002-Pasechnik-40336081-ang-E0002.800.1958              8 2.50000E+01 1.40000E+02
n-Zn000-MT002-Pasechnik-40683005-ang-E0000.500.1964             16 3.00029E+01 1.39996E+02
n-Zn000-MT002-Rayburn-11806002-ang-E0014.000.1959               25 1.02631E+01 1.65240E+02
n-Zn000-MT002-Stelson-11527016-ang-E0014.000.1965               10 2.95000E+01 1.24300E+02
n-Zn000-MT002-Tanaka-20342007-ang-E0001.710.1970                26 3.00006E+01 1.49999E+02
n-Zn000-MT002-Tanaka-20343012-ang-E0004.480.1970                52 3.00000E+01 1.50000E+02
n-Zn000-MT002-Tostkii-32246004-ang-E0002.800.1957                8 2.27057E+01 1.41656E+02
n-Zn000-MT002-Tsukada-20341015-ang-E0003.500.1961               35 2.96000E+01 1.39400E+02
n-Zn000-MT002-Tsukada-22531005-ang-E0003.440.1961                5 9.00000E+01 9.00000E+01
n-Zn000-MT002-Walt-11215025-ang-E0004.100.1955                  11 1.41000E+01 1.48200E+02
n-Zn000-MT002-Walt-11215025-ang-E0004.100A001.1955              11 1.41000E+01 1.48200E+02
n-Zn000-MT002-Walt-11637019-ang-E0001.000.1954                   9 3.07000E+01 1.49300E+02
