#              Filename                                         N    min         max
n-Gd157-MT151-Asghar-20147004.1970                              24 1.68100E-05 2.40980E-04
n-Gd157-MT151-Asghar-20147005.1970                               2 1.20515E-04 1.20515E-04
n-Gd157-MT151-Balabanov-404940041.1975                           1 1.60000E-05 1.60000E-05
n-Gd157-MT151-Bartholomew-11444003.1960                          1 3.14000E-08 3.14000E-08
n-Gd157-MT151-Belyaev-41107003.1990                             78 1.68000E-05 7.56600E-04
n-Gd157-MT151-Belyaev-41107005.1990                              2 1.01500E-04 1.01500E-04
n-Gd157-MT151-Belyaev-41107008.1990                              2 1.53000E-04 1.53000E-04
n-Gd157-MT151-Borst-117560061.1946                               1 4.40000E-08 4.40000E-08
n-Gd157-MT151-Borst-117560063.1946                               1 4.40000E-08 4.40000E-08
n-Gd157-MT151-Bowey-21118009.1958                                7 1.68800E-05 8.14000E-05
n-Gd157-MT151-Fricke-100490122.1970                             17 1.68500E-05 1.56600E-04
n-Gd157-MT151-Fricke-100490122A001.1970                         17 1.68500E-05 1.56600E-04
n-Gd157-MT151-Fricke-10049018.1970                               1 1.01500E-04 1.01500E-04
n-Gd157-MT151-Fricke-10049018A001.1970                           1 1.01500E-04 1.01500E-04
n-Gd157-MT151-Fricke-10049020.1970                               1 1.01500E-04 1.01500E-04
n-Gd157-MT151-Fricke-10049020A001.1970                           1 1.01500E-04 1.01500E-04
n-Gd157-MT151-Fricke-10049021.1970                               2 1.01500E-04 1.05000E-02
n-Gd157-MT151-Fricke-10049021A001.1970                           2 1.01500E-04 1.05000E-02
n-Gd157-MT151-Fricke-10049022.1970                               1 1.05000E-02 1.05000E-02
n-Gd157-MT151-Fricke-10049022A001.1970                           1 1.05000E-02 1.05000E-02
n-Gd157-MT151-Julien-206870361.1969                              2 1.68000E-05 4.87000E-05
n-Gd157-MT151-Julien-206870362.1969                              1 1.68000E-05 1.68000E-05
n-Gd157-MT151-Julien-206870363.1969                              2 1.68000E-05 4.87000E-05
n-Gd157-MT151-Julien-206870364.1969                              2 1.68000E-05 4.87000E-05
n-Gd157-MT151-Julien-206870365.1969                              2 1.68000E-05 4.87000E-05
n-Gd157-MT151-Kang-143430101.2015                              155 3.20000E-08 9.88700E-04
n-Gd157-MT151-Kang-143430102.2015                              154 3.20000E-08 9.88700E-04
n-Gd157-MT151-Kang-143430103.2015                              155 3.20000E-08 9.88700E-04
n-Gd157-MT151-Kang-143430104.2015                              154 3.20000E-08 9.88700E-04
n-Gd157-MT151-Karzhavina-40162031.1969                          53 1.61700E-05 3.06400E-04
n-Gd157-MT151-Karzhavina-40162032.1969                          53 1.61700E-05 3.06400E-04
n-Gd157-MT151-Karzhavina-40162033.1969                          53 1.61700E-05 3.06400E-04
n-Gd157-MT151-Karzhavina-40162034.1969                          14 1.67700E-05 2.39200E-04
n-Gd157-MT151-Karzhavina-40162035.1969                          14 1.61700E-05 2.39200E-04
n-Gd157-MT151-Karzhavina-40162042.1969                           1 1.58000E-04 1.58000E-04
n-Gd157-MT151-Karzhavina-40162058.1969                           1 1.58000E-04 1.58000E-04
n-Gd157-MT151-Karzhavina-40162059.1969                           1 1.27500E-04 1.27500E-04
n-Gd157-MT151-Karzhavina-40405008.1973                          53 1.61700E-05 3.39000E-04
n-Gd157-MT151-Karzhavina-40405011.1973                           2 1.77500E-04 1.77500E-04
n-Gd157-MT151-Karzhavina-40405012.1973                           2 1.77500E-04 1.77500E-04
n-Gd157-MT151-Kye-237200091.2020                                51 1.61990E-05 3.06630E-04
n-Gd157-MT151-Leinweber-141100021.2006                          54 3.20000E-08 2.94160E-04
n-Gd157-MT151-Leinweber-141100022.2006                          54 3.20000E-08 2.94160E-04
n-Gd157-MT151-Leinweber-141100023.2006                          54 3.20000E-08 2.94160E-04
n-Gd157-MT151-Mastromarco-234000081.2019                        59 3.14000E-08 3.06910E-04
n-Gd157-MT151-Mastromarco-234000091.2019                        96 3.20190E-04 9.89790E-04
n-Gd157-MT151-Mastromarco-234000141.2019                         1 1.53471E-04 1.53471E-04
n-Gd157-MT151-Mastromarco-234000142.2019                         1 1.53471E-04 1.53471E-04
n-Gd157-MT151-Mastromarco-23400015.2019                          1 1.53471E-04 1.53471E-04
n-Gd157-MT151-Moller-120970101.1960                              5 3.14000E-08 2.36000E-05
n-Gd157-MT151-Moller-120970103.1960                              2 3.14000E-08 2.82500E-06
n-Gd157-MT151-Moller-120970104.1960                              2 3.14000E-08 2.82500E-06
n-Gd157-MT151-Moller-120970106.1960                              2 3.14000E-08 2.82500E-06
n-Gd157-MT151-Mughabghab-100510051.1969                         28 2.83000E-06 1.84600E-04
n-Gd157-MT151-Mughabghab-100510051A001.1969                     28 2.83000E-06 1.84600E-04
n-Gd157-MT151-Mughabghab-100510053.1969                          3 1.67000E-05 4.86400E-05
n-Gd157-MT151-Mughabghab-100510053A001.1969                      3 1.67000E-05 4.86400E-05
n-Gd157-MT151-Nakajima-219250051.1989                            2 5.05500E-02 5.05500E-02
n-Gd157-MT151-Nakajima-219250052.1989                            2 5.05500E-02 5.05500E-02
n-Gd157-MT151-Poortmans-20166003.1963                            1 3.14000E-08 3.14000E-08
n-Gd157-MT151-Poortmans-20213007.1967                            1 1.71000E-05 1.71000E-05
n-Gd157-MT151-Ribon-20148023.1969                               41 1.62400E-05 2.48230E-04
n-Gd157-MT151-Ribon-20148024.1969                                1 9.60155E-05 9.60155E-05
n-Gd157-MT151-Ribon-20148026.1969                               41 1.62400E-05 2.48230E-04
n-Gd157-MT151-Ribon-20148027.1969                                1 1.24015E-04 1.24015E-04
n-Gd157-MT151-Ribon-20148028.1969                                1 1.24015E-04 1.24015E-04
n-Gd157-MT151-Shore-114400031.1965                               2 3.14000E-08 2.82500E-06
n-Gd157-MT151-Shore-114400032.1965                               2 3.14000E-08 2.82500E-06
n-Gd157-MT151-Simpson-119830101.1957                             4 2.98000E-06 4.90000E-05
n-Gd157-MT151-Simpson-119830102.1957                             2 1.71000E-05 4.90000E-05
n-Gd157-MT151-Simpson-119830103.1957                             4 2.98000E-06 4.90000E-05
n-Gd157-MT151-Simpson-119830104.1957                             4 2.98000E-06 4.90000E-05
n-Gd157-MT151-Stolovy-114360051.1964                             1 3.14000E-08 3.14000E-08
n-Gd157-MT151-Stolovy-114360052.1964                             1 3.14000E-08 3.14000E-08
