#              Filename                                         N    min         max
n-Gd000-MT001-Brill-12137002.1947                               64 2.10000E-09 2.00000E-07
n-Gd000-MT001-Brill-121370032.1947                               1 2.80000E-08 2.80000E-08
n-Gd000-MT001-Conner-11320010.1958                               3 1.31400E+01 1.56000E+01
n-Gd000-MT001-Dilg-20583018.1972                                 1 2.70000E-03 2.70000E-03
n-Gd000-MT001-Fosterjr-10047068.1971                           256 2.26000E+00 1.49640E+01
n-Gd000-MT001-Fosterjr-10047068A001.1971                       256 2.26000E+00 1.49640E+01
n-Gd000-MT001-Gayther-21038006.1957                             18 7.97000E-04 2.39000E-02
n-Gd000-MT001-Hoehne-21091008.1961                               8 1.85000E-10 2.80000E-09
n-Gd000-MT001-Hoehne-210910092.1961                              1 3.30000E-08 3.30000E-08
n-Gd000-MT001-Hussain-30016002.1969                             12 1.64050E+01 1.88220E+01
n-Gd000-MT001-Hussain-30016003.1969                             33 3.88900E+00 5.63700E+00
n-Gd000-MT001-Hussain-30054002.1968                             34 1.00100E+00 2.00100E+00
n-Gd000-MT001-Islam-30134007.1973                              101 1.00400E+00 2.00400E+00
n-Gd000-MT001-Kellie-20418007.1974                             646 7.00340E-01 9.06480E+00
n-Gd000-MT001-Moller-12097002.1960                              50 1.95000E-08 2.79300E-07
n-Gd000-MT001-Palmer-12129002.1953                              29 1.91000E-06 2.99000E-06
n-Gd000-MT001-Palmer-12129003.1953                             277 6.60000E-07 2.74000E-03
n-Gd000-MT001-Palmer-12129004.1953                              35 5.90000E-06 2.47000E-05
n-Gd000-MT001-Pattenden-21325022.1958                            1 2.53000E-08 2.53000E-08
n-Gd000-MT001-Pineo-10542021.1974                               69 4.58700E-03 6.01600E-01
n-Gd000-MT001-Pineo-10542021A001.1974                           69 4.58700E-03 6.01600E-01
n-Gd000-MT001-Rustad-11586004.1965                              14 9.20000E-09 2.30000E-07
n-Gd000-MT001-Rustad-11586005.1965                               1 2.53000E-08 2.53000E-08
n-Gd000-MT001-Schroffenegger-23285002.2016                       3 4.70400E-14 5.22790E-13
n-Gd000-MT001-Schroffenegger-23285003.2016                       3 4.70400E-14 5.22790E-13
n-Gd000-MT001-Schroffenegger-23285006.2016                     143 6.50540E-15 5.80650E-09
n-Gd000-MT001-Schroffenegger-23285007.2016                     143 6.50540E-15 5.80650E-09
n-Gd000-MT001-Seth-11781015.1965                                95 4.00000E-03 6.40000E-01
n-Gd000-MT001-Sherwood-10007010.1970                           704 1.00000E-01 1.49840E+00
n-Gd000-MT001-Sherwood-10007010A001.1970                       704 1.00000E-01 1.49840E+00
n-Gd000-MT001-Sherwood-10007011.1970                             5 6.06670E-01 1.40320E+00
n-Gd000-MT001-Sherwood-10007011A001.1970                         5 6.06670E-01 1.40320E+00
n-Gd000-MT001-Simpson-11983003.1957                            725 8.87000E-06 8.00000E-04
n-Gd000-MT001-Simpson-12072004.1958                            203 1.16000E-06 9.99000E-06
n-Gd000-MT001-Stupegia-12125002.1966                            99 1.20000E-03 2.03700E+00
n-Gd000-MT001-Sturm-121360042.1947                               1 3.10000E-08 3.10000E-08
n-Gd000-MT001-Wickstrom-12102002.1966                            7 2.39000E+00 1.57100E+01
