#              Filename                                         N    min         max
n-Cu000-MT002-Atkinson-11112020.1961                             1 5.00000E+03 5.00000E+03
n-Cu000-MT002-Atkinson-11112020A001.1961                         1 5.00000E+03 5.00000E+03
n-Cu000-MT002-Ball-11503008.1952                                 1 3.00000E+02 3.00000E+02
n-Cu000-MT002-Bendt-13652004.1950                                1 2.27220E-09 2.27220E-09
n-Cu000-MT002-Bendt-13652007.1950                                1 2.27220E-09 2.27220E-09
n-Cu000-MT002-Coon-11322012.1958                                 1 1.45000E+01 1.45000E+01
n-Cu000-MT002-Cox-10332080.1972                                  1 8.76800E-01 8.76800E-01
n-Cu000-MT002-Cox-10332080A001.1972                              1 8.76800E-01 8.76800E-01
n-Cu000-MT002-Guenther-12869010.1986                            25 1.50000E+00 3.90000E+00
n-Cu000-MT002-Holmqvist-20019146.1969                            1 1.46000E+00 1.46000E+00
n-Cu000-MT002-Holmqvist-20019147.1969                            9 2.00000E+00 8.05000E+00
n-Cu000-MT002-Kazakova-40706007.1965                             1 2.00000E+00 2.00000E+00
n-Cu000-MT002-Korzh-40042007.1968                                1 1.50000E+00 1.50000E+00
n-Cu000-MT002-Korzh-40179014.1972                                1 1.50000E+00 1.50000E+00
n-Cu000-MT002-Korzh-40685010.1964                                2 5.00000E-01 8.00000E-01
n-Cu000-MT002-Machwe-11572024.1959                               1 3.66000E+00 3.66000E+00
n-Cu000-MT002-Mitchell-14700010.1936                             1 2.53000E-08 2.53000E-08
n-Cu000-MT002-Popov-40367009.1957                                1 2.90000E+00 2.90000E+00
n-Cu000-MT002-Popov-40940002.1986                               20 1.80000E-03 4.42000E-01
n-Cu000-MT002-Rayburn-11026024.1965                              1 1.44000E-06 1.44000E-06
n-Cu000-MT002-Rayburn-11026024A001.1965                          1 1.44000E-06 1.44000E-06
n-Cu000-MT002-Schmidt-22974014.2006                              8 6.95000E+00 1.41800E+01
n-Cu000-MT002-Seth-11788002.1958                                 1 8.50000E-04 8.50000E-04
n-Cu000-MT002-Smith-11749006.1964                               26 3.00000E-01 1.50000E+00
n-Cu000-MT002-Vanzyl-21374013.1956                               1 1.36000E+02 1.36000E+02
n-Cu000-MT002-Vertebnyj-41280004.1970                            1 2.53000E-08 2.53000E-08
n-Cu000-MT002-Walt-11637014.1954                                 1 1.00000E+00 1.00000E+00
