#              Filename                                         N    min         max
n-Pu239-MT151-Abov-412220032.1955                                1 3.00000E-07 3.00000E-07
n-Pu239-MT151-Adamchuk-400630061.1955                            4 2.95000E-07 1.37000E-05
n-Pu239-MT151-Anderson-125190042.1945                            1 2.95000E-07 2.95000E-07
n-Pu239-MT151-Anderson-12519005.1945                             2 1.20000E-05 6.00000E-05
n-Pu239-MT151-Anderson-147340131.1944                            1 3.00000E-07 3.00000E-07
n-Pu239-MT151-Auclair-225080022.1955                             1 2.97000E-07 2.97000E-07
n-Pu239-MT151-Berceanu-305250031.1979                            5-1.21000E-06 1.55000E-05
n-Pu239-MT151-Berceanu-305250032.1979                            5-1.21000E-06 1.55000E-05
n-Pu239-MT151-Berceanu-305250034.1979                            5-1.21000E-06 1.55000E-05
n-Pu239-MT151-Berceanu-305250035.1979                            1 2.96000E-07 2.96000E-07
n-Pu239-MT151-Berceanu-305250036.1979                            5-1.21000E-06 1.55000E-05
n-Pu239-MT151-Blons-200010031.1970                             252 7.82000E-06 6.58290E-04
n-Pu239-MT151-Bollinger-125020101.1958                           9 2.96000E-07 5.26000E-05
n-Pu239-MT151-Bollinger-125020103.1958                           9 2.96000E-07 5.26000E-05
n-Pu239-MT151-Bollinger-125020113.1958                           9 2.96000E-07 5.26000E-05
n-Pu239-MT151-Bollinger-125020114.1958                           9 2.96000E-07 5.26000E-05
n-Pu239-MT151-Bollinger-125020121.1958                          11-2.60000E-07 5.00000E-05
n-Pu239-MT151-Bollinger-125020123.1958                          11-2.60000E-07 5.00000E-05
n-Pu239-MT151-Bollinger-125020133.1958                           4 2.22000E-05 5.00000E-05
n-Pu239-MT151-Bollinger-125020142.1958                           7-2.60000E-07 3.53000E-05
n-Pu239-MT151-Bollinger-125020171.1958                           1 2.63000E-05 2.63000E-05
n-Pu239-MT151-Bollinger-125020172.1958                           1 2.63000E-05 2.63000E-05
n-Pu239-MT151-Bollinger-125020174.1958                           1 2.63000E-05 2.63000E-05
n-Pu239-MT151-Chrien-10916002.1985                               2 3.00000E-07 4.17000E-05
n-Pu239-MT151-Chrien-10916002A001.1985                           2 3.00000E-07 4.17000E-05
n-Pu239-MT151-Cole-14227002.2009                                 7 5.18000E-06 7.09300E-05
n-Pu239-MT151-Cowan-125110022.1966                              17 1.76600E-05 8.17000E-05
n-Pu239-MT151-Derrien-20445003.1973                              2 2.20000E-04 2.20000E-04
n-Pu239-MT151-Derrien-204450041.1973                            79 7.80000E-06 2.03980E-04
n-Pu239-MT151-Derrien-204450051.1973                           254 7.82000E-06 6.58290E-04
n-Pu239-MT151-Derrien-204450053.1973                           158 7.82000E-06 4.42410E-04
n-Pu239-MT151-Derrien-204450054.1973                           109 7.82000E-06 4.38720E-04
n-Pu239-MT151-Derrien-204450055.1973                            51 1.54600E-05 3.52820E-04
n-Pu239-MT151-Derrien-20445009.1973                              2 3.00000E-04 3.00000E-04
n-Pu239-MT151-Derrien-20445010.1973                              1 1.02000E-04 1.02000E-04
n-Pu239-MT151-Derrien-20445011.1973                              2 3.00000E-04 3.00000E-04
n-Pu239-MT151-Derrien-20445012.1973                              1 1.02000E-04 1.02000E-04
n-Pu239-MT151-Egelstaff-210320031.1958                           8 2.96000E-07 2.23500E-05
n-Pu239-MT151-Egelstaff-210320033.1958                          16 2.96000E-07 3.22000E-05
n-Pu239-MT151-Egelstaff-21032004.1958                            1 2.57500E-02 2.57500E-02
n-Pu239-MT151-Egelstaff-21032005.1958                            1 2.57500E-02 2.57500E-02
n-Pu239-MT151-Farley-21066003.1956                              24 2.96000E-07 4.92000E-05
n-Pu239-MT151-Farrell-125160021.1968                            47 1.42900E-05 8.56000E-05
n-Pu239-MT151-Farrell-125160022.1968                            47 1.42900E-05 8.56000E-05
n-Pu239-MT151-Fraser-211240022.1962                              8 7.80000E-06 4.45000E-05
n-Pu239-MT151-Grigoriev-412920021.1997                         135 7.82600E-06 3.13400E-04
n-Pu239-MT151-Grigoriev-413530021.1999                         128 2.10900E-05 3.13400E-04
n-Pu239-MT151-Havensjr-125170053.1951                            1 2.98000E-07 2.98000E-07
n-Pu239-MT151-Ignatev-40719004.1965                             13 9.57000E-05 2.70000E-04
n-Pu239-MT151-Ignatev-40719005.1965                              5 4.17000E-05 7.50000E-05
n-Pu239-MT151-Ignatev-40719006.1965                              5 4.17000E-05 7.50000E-05
n-Pu239-MT151-Ignatiev-412670061.1963                            9 3.00000E-07 2.22000E-05
n-Pu239-MT151-Ignatiev-412670062.1963                            9 3.00000E-07 2.22000E-05
n-Pu239-MT151-King-100400151.1969                                8 4.17000E-05 1.17900E-04
n-Pu239-MT151-King-100400151A001.1969                            8 4.17000E-05 1.17900E-04
n-Pu239-MT151-King-100400152.1969                                8 4.17000E-05 1.17900E-04
n-Pu239-MT151-King-100400152A001.1969                            8 4.17000E-05 1.17900E-04
n-Pu239-MT151-King-100400153.1969                                8 4.17000E-05 1.17900E-04
n-Pu239-MT151-King-100400153A001.1969                            8 4.17000E-05 1.17900E-04
n-Pu239-MT151-King-100400154.1969                                8 4.17000E-05 1.17900E-04
n-Pu239-MT151-King-100400154A001.1969                            8 4.17000E-05 1.17900E-04
n-Pu239-MT151-Kirpichnikov-40157005.1964                         8 7.84000E-06 2.26000E-05
n-Pu239-MT151-Kirpichnikov-412550022.1957                        9 3.00000E-07 2.61000E-05
n-Pu239-MT151-Kirpichnikov-412550023.1957                       10 3.00000E-07 2.61000E-05
n-Pu239-MT151-Leonardjr-124300041.1954                           1 2.99000E-07 2.99000E-07
n-Pu239-MT151-Leonardjr-124300043.1954                           1 2.99000E-07 2.99000E-07
n-Pu239-MT151-Leonardjr-125220022.1955                           1 2.99000E-07 2.99000E-07
n-Pu239-MT151-Lynn-215400041.1955                                4 7.85000E-06 3.25000E-05
n-Pu239-MT151-Lynn-215400044.1955                                2 7.85000E-06 1.77000E-05
n-Pu239-MT151-Lynn-215400045.1955                                2 7.85000E-06 1.77000E-05
n-Pu239-MT151-Lynn-215400051.1955                                3 1.10000E-05 2.23000E-05
n-Pu239-MT151-Michaudon-225660021.1967                           9 7.85000E-06 3.25000E-05
n-Pu239-MT151-Nikitin-41219010.1955                              7 2.76000E-05 9.60000E-05
n-Pu239-MT151-Nikitin-412210083.1955                             3 3.00000E-07 1.13300E-05
n-Pu239-MT151-Nikitin-412210084.1955                             3 3.00000E-07 1.13300E-05
n-Pu239-MT151-Nikitin-412210092.1955                             1 3.00000E-07 3.00000E-07
n-Pu239-MT151-Palevsky-125200041.1955                            1 2.95000E-07 2.95000E-07
n-Pu239-MT151-Pattenden-210330042.1956                           2 1.00000E-08 3.00000E-07
n-Pu239-MT151-Pattenden-210330043.1956                           2 1.00000E-08 3.00000E-07
n-Pu239-MT151-Richmond-21031003.1956                             6 8.00000E-06 2.68000E-05
n-Pu239-MT151-Richmond-210310071.1956                            1 2.97000E-07 2.97000E-07
n-Pu239-MT151-Ryabov-40070018.1970                              29 2.96000E-07 8.57000E-05
n-Pu239-MT151-Ryabov-40070021.1970                              32 2.96000E-07 8.57000E-05
n-Pu239-MT151-Ryabov-40070027.1970                               1 4.29980E-05 4.29980E-05
n-Pu239-MT151-Ryabov-40070029.1970                               1 4.29980E-05 4.29980E-05
n-Pu239-MT151-Ryabov-40070030.1970                               1 4.29980E-05 4.29980E-05
n-Pu239-MT151-Ryabov-400700333.1970                              2 1.50000E-04 1.50000E-04
n-Pu239-MT151-Ryabov-400700334.1970                              2 1.50000E-04 1.50000E-04
n-Pu239-MT151-Ryabov-40070035.1970                               2 1.50000E-04 1.50000E-04
n-Pu239-MT151-Ryabov-40070037.1970                               2 1.50000E-04 1.50000E-04
n-Pu239-MT151-Ryabov-400700381.1970                              7 4.16800E-05 7.56000E-05
n-Pu239-MT151-Ryabov-40104002.1967                              48 7.84000E-06 2.05000E-04
n-Pu239-MT151-Ryabov-40104005.1967                              43 7.84000E-06 2.05000E-04
n-Pu239-MT151-Ryabov-40104007.1967                               1 4.00000E-05 4.00000E-05
n-Pu239-MT151-Ryabov-40104008.1967                               1 1.02500E-04 1.02500E-04
n-Pu239-MT151-Ryabov-40123003.1971                               2 1.50500E-02 1.50500E-02
n-Pu239-MT151-Sauter-12512003.1965                              15 7.90000E-06 7.52000E-05
n-Pu239-MT151-Simpson-10132002.1971                             23 7.82000E-06 1.19000E-04
n-Pu239-MT151-Simpson-10132002A001.1971                         23 7.82000E-06 1.19000E-04
n-Pu239-MT151-Sokolovsky-403830091.1957                         14 7.85000E-06 7.52000E-05
n-Pu239-MT151-Sokolovsky-403830093.1957                         14 7.85000E-06 7.52000E-05
n-Pu239-MT151-Sokolovsky-403830111.1957                         26 7.85000E-06 8.59000E-05
n-Pu239-MT151-Sokolovsky-403830112.1957                         26 7.85000E-06 8.59000E-05
n-Pu239-MT151-Sokolovsky-403830113.1957                         26 7.85000E-06 8.59000E-05
n-Pu239-MT151-Trochon-210010021.1977                           166 3.00000E-07 6.58500E-04
n-Pu239-MT151-Trochon-210010023.1977                           115 1.47000E-05 6.58500E-04
n-Pu239-MT151-Uttley-209390022.1965                             61 1.02900E-04 2.98100E-04
n-Pu239-MT151-Uttley-209390023.1965                             43 1.02900E-04 2.98100E-04
n-Pu239-MT151-Uttley-20939004.1965                               2 1.50000E-04 2.50000E-04
n-Pu239-MT151-Valskiy-41642002.1982                              1 2.97000E-07 2.97000E-07
n-Pu239-MT151-Wagemans-203840041.1973                           12 2.96000E-07 5.01000E-05
n-Pu239-MT151-Wagemans-203840042.1973                           11 2.96000E-07 5.01000E-05
n-Pu239-MT151-Weinstein-12513002.1969                           11 2.23000E-05 8.10000E-05
n-Pu239-MT151-desaussure-233710021.1965                         50 7.83000E-06 1.95100E-04
