#              Filename                                         N    min         max
n-Ru099-MT151-Bolotin-119220031.1963                             1 2.27000E-04 2.27000E-04
n-Ru099-MT151-Bolotin-119220033.1963                             1 2.27000E-04 2.27000E-04
n-Ru099-MT151-Bolotin-119220034.1963                             1 2.27000E-04 2.27000E-04
n-Ru099-MT151-Coceva-211140051.1968                             12 2.52200E-05 5.09700E-04
n-Ru099-MT151-Coceva-211140052.1968                             12 2.52200E-05 5.09700E-04
n-Ru099-MT151-Coceva-23501002.1982                               4 1.05000E-05 1.98900E-04
n-Ru099-MT151-KIMHISANNN-40814011.1965                           1 2.53000E-05 2.53000E-05
n-Ru099-MT151-KIMHISANNN-40814013.1965                           1 2.53000E-05 2.53000E-05
n-Ru099-MT151-KIMHISANNN-40814014.1965                           1 2.53000E-05 2.53000E-05
n-Ru099-MT151-Popov-405910021.1979                              38 5.71300E-05 9.94600E-04
n-Ru099-MT151-Popov-405910022.1979                               7 5.71300E-05 2.62800E-04
n-Ru099-MT151-Popov-405910023.1979                              37 5.71300E-05 9.94600E-04
n-Ru099-MT151-Popov-405910024.1979                              35 5.71300E-05 9.94600E-04
n-Ru099-MT151-Popov-405910025.1979                               2 3.34800E-04 5.38000E-04
n-Ru099-MT151-Popov-405910061.1979                               1 5.00000E-04 5.00000E-04
n-Ru099-MT151-Popov-405910062.1979                               1 5.00000E-04 5.00000E-04
n-Ru099-MT151-Priesmeyer-20507005.1972                           2 2.51000E-05 1.04100E-04
n-Ru099-MT151-Priesmeyer-20507006.1972                           1 5.70000E-05 5.70000E-05
n-Ru099-MT151-Priesmeyer-20507007.1972                           9 2.51000E-05 4.00000E-04
n-Ru099-MT151-Priesmeyer-20507008.1972                           2 2.51000E-05 1.04100E-04
n-Ru099-MT151-Priesmeyer-20507009.1972                           2 7.50500E-04 7.50500E-04
n-Ru099-MT151-Priesmeyer-20507010.1972                           2 7.50500E-04 7.50500E-04
n-Ru099-MT151-Rimawi-107500021.1974                              4 1.00000E-05 8.16000E-05
n-Ru099-MT151-Rimawi-107500021A001.1974                          4 1.00000E-05 8.16000E-05
