#              Filename                                         N    min         max
h-C012-MT600-Brill-F0881003-E0013.300.1972                     101 9.89117E-02 9.15000E+01
h-C012-MT600-Bromley-C0994002-E0001.150.1957                   225 9.00000E+01 9.00000E+01
h-C012-MT600-Johnston-F1017002-E0002.000.1958                   15 9.40003E+00 1.55300E+02
h-C012-MT600-Johnston-F1017004-E0004.500.1958                   22 3.79999E+00 1.55100E+02
h-C012-MT600-Johnston-F1017006-E0002.100.1958                    6 5.90000E+00 1.49700E+02
h-C012-MT600-Johnston-F1017006-E0002.200.1958                    6 6.60004E+00 1.49400E+02
h-C012-MT600-Johnston-F1017007-E0002.500.1958                    6 5.80002E+00 1.50100E+02
h-C012-MT600-Johnston-F1017007-E0003.000.1958                    6 5.80002E+00 1.49800E+02
h-C012-MT600-Johnston-F1017007-E0003.250.1958                    6 6.69999E+00 1.50300E+02
h-C012-MT600-Johnston-F1017008-E0004.350.1958                    6 6.49999E+00 1.50300E+02
h-C012-MT600-Johnston-F1017008-E0004.450.1958                    6 6.49999E+00 1.50000E+02
h-C012-MT600-Johnston-F1017008-E0004.900.1958                    6 7.10001E+00 1.49500E+02
h-C012-MT600-Johnston-F1017013-E0002.005.1958                    1 6.00000E+01 1.50000E+02
h-C012-MT600-Johnston-F1017013-E0002.006.1958                    1 9.00000E+01 1.50000E+02
h-C012-MT600-Johnston-F1017013-E0002.013.1958                    1 7.00003E+00 9.00000E+01
h-C012-MT600-Johnston-F1017013-E0002.016.1958                    1 7.00003E+00 1.20000E+02
h-C012-MT600-Johnston-F1017013-E0002.017.1958                    1 3.00000E+01 1.20000E+02
h-C012-MT600-Johnston-F1017013-E0002.021.1958                    1 3.00000E+01 1.50000E+02
h-C012-MT600-Johnston-F1017013-E0002.056.1958                    1 1.20000E+02 1.50000E+02
h-C012-MT600-Johnston-F1017013-E0002.062.1958                    1 7.00003E+00 1.20000E+02
h-C012-MT600-Johnston-F1017013-E0002.065.1958                    1 7.00003E+00 3.00000E+01
h-C012-MT600-Johnston-F1017013-E0002.066.1958                    2 7.00003E+00 6.00000E+01
h-C012-MT600-Johnston-F1017013-E0002.094.1958                    1 7.00003E+00 6.00000E+01
h-C012-MT600-Johnston-F1017013-E0002.107.1958                    1 7.00003E+00 6.00000E+01
h-C012-MT600-Johnston-F1017013-E0002.110.1958                    2 7.00003E+00 1.50000E+02
h-C012-MT600-Johnston-F1017013-E0002.112.1958                    2 3.00000E+01 1.20000E+02
h-C012-MT600-Kuan-C1040003-E0002.490.1964                       22 1.46000E+01 1.64700E+02
h-C012-MT600-Kuan-C1040003-E0002.880.1964                       13 1.50000E+01 1.65500E+02
h-C012-MT600-Kuan-C1040003-E0002.990.1964                       21 1.50000E+01 1.65500E+02
h-C012-MT600-Kuan-C1040003-E0003.500.1964                       14 1.43000E+01 1.64200E+02
h-C012-MT600-Kuan-C1040003-E0004.200.1964                       15 1.43000E+01 1.64800E+02
h-C012-MT600-Kuan-C1040003-E0004.880.1964                       14 1.48000E+01 1.65600E+02
h-C012-MT600-Kuan-C1040004-E0001.780.1964                     1360 7.60000E+01 1.59400E+02
h-C012-MT600-Lewis-F0048002-E0033.000.1983                      44 1.47000E+01 1.11500E+02
h-C012-MT600-Moeller-O2321002-E0001.599.2017                   496 1.65000E+02 1.65000E+02
h-C012-MT600-Singh-F1130004-E0016.278.1970                      30 1.50000E+01 1.50000E+01
h-C012-MT600-Terwagne-A0623002-E0001.600.1997                  380 9.00000E+01 9.00000E+01
h-C012-MT600-Tong-C0189003-E0002.389.1990                       37 8.60000E+01 1.51000E+02
h-C012-MT600-Tong-C0189004-E0002.100.1990                       72 9.00000E+01 9.00000E+01
