#              Filename                                         N    min         max
n-Fe058-MT151-Beer-20709002.1976                                15 1.03390E-02 3.21000E-01
n-Fe058-MT151-Beer-20709003.1976                                 1 1.66000E-01 1.66000E-01
n-Fe058-MT151-Beer-208080051.1978                               10 1.03390E-02 3.21000E-01
n-Fe058-MT151-Beer-208080052.1978                               10 1.03390E-02 3.21000E-01
n-Fe058-MT151-Beer-208080053.1978                                5 1.03390E-02 1.21670E-01
n-Fe058-MT151-Beer-208080061.1978                               21 1.87400E-02 1.52700E-01
n-Fe058-MT151-Beer-208080062.1978                                8 1.93460E-02 1.52700E-01
n-Fe058-MT151-Beer-208080064.1978                                6 1.93460E-02 1.52700E-01
n-Fe058-MT151-Beer-20808007.1978                                 1 1.66000E-01 1.66000E-01
n-Fe058-MT151-Doilnitsyn-402310021.1976                          4 1.05000E-02 9.60000E-02
n-Fe058-MT151-Doilnitsyn-402310022.1976                          2 1.05000E-02 4.30000E-02
n-Fe058-MT151-Garg-107530022.1978                                2 1.72575E-01 1.79243E-01
n-Fe058-MT151-Garg-107530022A001.1978                            2 1.72575E-01 1.79243E-01
n-Fe058-MT151-Garg-107530031.1978                               11 1.03800E-02 3.48105E-01
n-Fe058-MT151-Garg-107530031A001.1978                           11 1.03800E-02 3.48105E-01
n-Fe058-MT151-Garg-107530032.1978                               11 1.03800E-02 3.48105E-01
n-Fe058-MT151-Garg-107530032A001.1978                           11 1.03800E-02 3.48105E-01
n-Fe058-MT151-Garg-107530033.1978                               11 1.03800E-02 3.48105E-01
n-Fe058-MT151-Garg-107530033A001.1978                           11 1.03800E-02 3.48105E-01
n-Fe058-MT151-Garg-107530034.1978                               11 1.03800E-02 3.48105E-01
n-Fe058-MT151-Garg-107530034A001.1978                           11 1.03800E-02 3.48105E-01
n-Fe058-MT151-Garg-107530041.1978                               44 2.29800E-04 3.44920E-01
n-Fe058-MT151-Garg-107530041A001.1978                           44 2.29800E-04 3.44920E-01
n-Fe058-MT151-Garg-107530042.1978                               44 2.29800E-04 3.44920E-01
n-Fe058-MT151-Garg-107530042A001.1978                           44 2.29800E-04 3.44920E-01
n-Fe058-MT151-Gayther-213140062.1980                             2 3.59340E-04 1.03510E-02
n-Fe058-MT151-Gayther-213140063.1980                             1 3.59340E-04 3.59340E-04
n-Fe058-MT151-Gayther-213140064.1980                             1 1.03510E-02 1.03510E-02
n-Fe058-MT151-Gayther-213140065.1980                             1 1.03510E-02 1.03510E-02
n-Fe058-MT151-Hockenbury-100010081.1969                          7 2.30000E-04 1.04000E-02
n-Fe058-MT151-Hockenbury-100010081A001.1969                      7 2.30000E-04 1.04000E-02
n-Fe058-MT151-Kaeppler-218310031.1983                           21 1.04000E-02 9.79000E-02
n-Fe058-MT151-Kaeppler-218310033.1983                            4 1.04000E-02 9.30000E-02
n-Fe058-MT151-Kaeppler-218310034.1983                            3 1.04000E-02 6.67000E-02
n-Fe058-MT151-Wellsjr-10816003.1978                              7 2.30000E-04 1.05000E-02
n-Fe058-MT151-Wellsjr-10816003A001.1978                          7 2.30000E-04 1.05000E-02
