#              Filename                                         N    min         max
n-Sn122-MT151-Adamchuk-400860081.1966                            6 1.06900E-04 6.88000E-03
n-Sn122-MT151-Adamchuk-400860082.1966                            6 1.06900E-04 6.88000E-03
n-Sn122-MT151-Adamchuk-400860083.1966                            6 1.06900E-04 6.88000E-03
n-Sn122-MT151-Adamchuk-400860091.1966                            1 3.49000E-03 3.49000E-03
n-Sn122-MT151-Adamchuk-400860092.1966                            1 3.49000E-03 3.49000E-03
n-Sn122-MT151-Adamchuk-40086028.1966                             1 3.49000E-03 3.49000E-03
n-Sn122-MT151-Bhat-107420031.1975                                2 1.06900E-04 2.59900E-04
n-Sn122-MT151-Bhat-107420031A001.1975                            2 1.06900E-04 2.59900E-04
n-Sn122-MT151-Bhat-107420032.1975                                2 1.06900E-04 2.59900E-04
n-Sn122-MT151-Bhat-107420032A001.1975                            2 1.06900E-04 2.59900E-04
n-Sn122-MT151-Block-12074009.1964                               13 1.07300E-04 9.54000E-03
n-Sn122-MT151-Carlton-10745002.1977                              7 1.06000E-04 4.79900E-03
n-Sn122-MT151-Carlton-10745002A001.1977                          7 1.06000E-04 4.79900E-03
n-Sn122-MT151-Carlton-131480041.1995                           346 1.32310E-02 3.09073E-01
n-Sn122-MT151-Carlton-131480042.1995                           346 1.32310E-02 3.09073E-01
n-Sn122-MT151-Carlton-131480044.1995                           346 1.32310E-02 3.09073E-01
n-Sn122-MT151-Fuketa-119620171.1963                              5 1.06900E-04 6.85000E-03
n-Sn122-MT151-Fuketa-119620172.1963                              5 1.06900E-04 6.85000E-03
n-Sn122-MT151-Kapchigashev-40778048.1966                         1 2.50000E-02 2.50000E-02
n-Sn122-MT151-Nakajima-21975002.1986                             1 1.17000E-03 1.17000E-03
n-Sn122-MT151-Nakajima-219750031.1986                           21 1.75120E-03 2.84190E-02
n-Sn122-MT151-Nakajima-219750032.1986                           21 1.75120E-03 2.84190E-02
n-Sn122-MT151-Nakajima-219750041.1986                           21 1.75120E-03 2.84190E-02
n-Sn122-MT151-Nakajima-219750042.1986                           21 1.75120E-03 2.84190E-02
n-Sn122-MT151-Nakajima-230030041.1990                           21 1.75120E-03 2.84190E-02
n-Sn122-MT151-Nakajima-230030042.1990                           21 1.75120E-03 2.84190E-02
n-Sn122-MT151-Nakajima-23003005.1990                             1 1.50000E-02 1.50000E-02
n-Sn122-MT151-Popov-40934017.1985                                1 4.50000E-01 4.50000E-01
n-Sn122-MT151-Popov-40934020.1985                                1 1.25900E-04 1.25900E-04
n-Sn122-MT151-Popov-40934071.1985                                2 1.27400E-04 1.27400E-04
n-Sn122-MT151-Timokhov-40960041.1988                             2 3.10000E-01 3.10000E-01
n-Sn122-MT151-Timokhov-409600612.1988                            1 7.10000E-01 7.10000E-01
