#              Filename                                         N    min         max
p-Ne020-MT002-Bem-D0888004-ang-E0003.771.1967                    1 5.27000E+01 1.39100E+02
p-Ne020-MT002-Bem-D0888004-ang-E0003.773.1967                    1 5.27000E+01 8.71000E+01
p-Ne020-MT002-Bem-D0888004-ang-E0003.782.1967                    1 5.27000E+01 8.71000E+01
p-Ne020-MT002-Bem-D0888004-ang-E0003.909.1967                    1 5.27000E+01 1.39100E+02
p-Ne020-MT002-Bem-D0888004-ang-E0003.914.1967                    1 8.71000E+01 1.39100E+02
p-Ne020-MT002-Bem-D0888004-ang-E0003.922.1967                    1 8.71000E+01 1.39100E+02
p-Ne020-MT002-Bem-D0888004-ang-E0004.018.1967                    1 8.71000E+01 1.39100E+02
p-Ne020-MT002-Bem-D0888004-ang-E0004.019.1967                    1 5.27000E+01 8.71000E+01
p-Ne020-MT002-Bem-D0888004-ang-E0004.025.1967                    1 5.27000E+01 8.71000E+01
p-Ne020-MT002-Bem-D0888004-ang-E0004.125.1967                    1 5.27000E+01 8.71000E+01
p-Ne020-MT002-Bem-D0888004-ang-E0004.135.1967                    1 5.27000E+01 1.39100E+02
p-Ne020-MT002-Bem-D0888004-ang-E0004.140.1967                    1 8.71000E+01 1.39100E+02
p-Ne020-MT002-Bem-D0888004-ang-E0004.200.1967                    1 8.71000E+01 1.39100E+02
p-Ne020-MT002-Bem-D0888004-ang-E0004.206.1967                    1 5.27000E+01 1.39100E+02
p-Ne020-MT002-Bem-D0888004-ang-E0004.211.1967                    1 5.27000E+01 1.39100E+02
p-Ne020-MT002-Bem-D0888004-ang-E0004.316.1967                    1 5.27000E+01 1.39100E+02
p-Ne020-MT002-Bem-D0888004-ang-E0004.316A001.1967                1 5.27000E+01 8.71000E+01
p-Ne020-MT002-Bem-D0888004-ang-E0004.320.1967                    1 8.71000E+01 1.39100E+02
p-Ne020-MT002-Bem-D0888004-ang-E0004.374.1967                    1 5.27000E+01 1.39100E+02
p-Ne020-MT002-Bem-D0888004-ang-E0004.378.1967                    1 5.27000E+01 8.71000E+01
p-Ne020-MT002-Bem-D0888004-ang-E0004.379.1967                    1 5.27000E+01 8.71000E+01
p-Ne020-MT002-Bem-D0888004-ang-E0004.477.1967                    1 5.27000E+01 1.39100E+02
p-Ne020-MT002-Bem-D0888004-ang-E0004.478.1967                    1 8.71000E+01 1.39100E+02
p-Ne020-MT002-Bem-D0888004-ang-E0004.482.1967                    1 5.27000E+01 8.71000E+01
p-Ne020-MT002-Bem-D0888004-ang-E0004.521.1967                    1 5.27000E+01 1.39100E+02
p-Ne020-MT002-Bem-D0888004-ang-E0004.528.1967                    1 8.71000E+01 1.39100E+02
p-Ne020-MT002-Bem-D0888004-ang-E0004.533.1967                    1 8.71000E+01 1.39100E+02
p-Ne020-MT002-Bem-D0888004-ang-E0004.649.1967                    1 5.27000E+01 1.39100E+02
p-Ne020-MT002-Bem-D0888004-ang-E0004.658.1967                    1 5.27000E+01 8.71000E+01
p-Ne020-MT002-Bem-D0888004-ang-E0004.665.1967                    1 8.71000E+01 1.39100E+02
p-Ne020-MT002-Bem-D0888004-ang-E0004.736.1967                    1 5.27000E+01 1.39100E+02
p-Ne020-MT002-Bem-D0888004-ang-E0004.737.1967                    1 5.27000E+01 8.71000E+01
p-Ne020-MT002-Bem-D0888004-ang-E0004.745.1967                    1 5.27000E+01 8.71000E+01
p-Ne020-MT002-Bem-D0888004-ang-E0004.872.1967                    1 5.27000E+01 1.39100E+02
p-Ne020-MT002-Bem-D0888004-ang-E0004.877.1967                    1 8.71000E+01 1.39100E+02
p-Ne020-MT002-Bem-D0888004-ang-E0004.894.1967                    1 8.71000E+01 8.71000E+01
p-Ne020-MT002-Blanpied-C0688002-ang-E0800.000.1988              30 6.69999E+00 2.19000E+01
p-Ne020-MT002-Fabrici-O1198002-ang-E0035.200.1980               32 1.60000E+01 1.70000E+02
p-Ne020-MT002-Hulubei-D0890002-ang-E0003.328.1964               22 9.00000E+01 9.00000E+01
p-Ne020-MT002-Hulubei-D0890004-ang-E0003.650.1964               12 3.25000E+01 1.61500E+02
p-Ne020-MT002-Hulubei-D0890004-ang-E0004.000.1964               12 3.30000E+01 1.50500E+02
p-Ne020-MT002-Hulubei-D0890004-ang-E0004.150.1964               12 3.29000E+01 1.62500E+02
p-Ne020-MT002-Hulubei-D0890004-ang-E0004.350.1964               11 3.29000E+01 1.62700E+02
p-Ne020-MT002-Hulubei-F0996002-ang-E0005.200.1962               14 3.10000E+01 1.52600E+02
p-Ne020-MT002-Hulubei-F0996002-ang-E0005.350.1962               13 3.38000E+01 1.52500E+02
p-Ne020-MT002-Hulubei-F0996002-ang-E0005.500.1962               14 3.29000E+01 1.62700E+02
p-Ne020-MT002-Hulubei-F0996002-ang-E0005.640.1962               14 2.75000E+01 1.62100E+02
p-Ne020-MT002-Hulubei-F0996002-ang-E0005.680.1962               16 2.75000E+01 1.62300E+02
p-Ne020-MT002-Hulubei-F0996002-ang-E0005.780.1962               14 3.23000E+01 1.62200E+02
p-Ne020-MT002-Hulubei-F0996002-ang-E0005.820.1962               13 3.25000E+01 1.53300E+02
p-Ne020-MT002-Hulubei-F0996002-ang-E0005.960.1962               13 2.82000E+01 1.62900E+02
p-Ne020-MT002-Hulubei-F0996002-ang-E0006.100.1962               14 2.70000E+01 1.62100E+02
p-Ne020-MT002-Hulubei-F0996002-ang-E0006.230.1962               14 2.70000E+01 1.63600E+02
p-Ne020-MT002-Kondo-E2209002-ang-E0004.600.1958                 10 9.00000E+01 9.00000E+01
p-Ne020-MT002-Kondo-E2209004-ang-E0004.700.1958                 11 2.98000E+01 1.64800E+02
p-Ne020-MT002-Kondo-E2209005-ang-E0004.900.1958                 10 2.96000E+01 1.49800E+02
p-Ne020-MT002-Kondo-E2209006-ang-E0005.100.1958                 11 2.99000E+01 1.64900E+02
p-Ne020-MT002-Kondo-E2209007-ang-E0005.300.1958                 12 1.98000E+01 1.65300E+02
p-Ne020-MT002-Kondo-E2209008-ang-E0005.500.1958                  9 2.99000E+01 1.65100E+02
p-Ne020-MT002-Lambert-D0329002-ang-E0001.521.1972                1 1.46700E+02 1.65000E+02
p-Ne020-MT002-Lambert-D0329002-ang-E0001.523.1972                1 6.11000E+01 1.46700E+02
p-Ne020-MT002-Lambert-D0329002-ang-E0001.523A001.1972            1 6.11000E+01 1.46700E+02
p-Ne020-MT002-Lambert-D0329002-ang-E0001.525.1972                1 6.11000E+01 1.46700E+02
p-Ne020-MT002-Lambert-D0329002-ang-E0001.525A001.1972            2 6.11000E+01 1.65000E+02
p-Ne020-MT002-Lambert-D0329002-ang-E0001.525A002.1972            1 1.46700E+02 1.65000E+02
p-Ne020-MT002-Lambert-D0329002-ang-E0001.527.1972                1 1.18800E+02 1.46700E+02
p-Ne020-MT002-Lambert-D0329002-ang-E0001.529.1972                1 6.11000E+01 1.18800E+02
p-Ne020-MT002-Lambert-D0329002-ang-E0001.530.1972                1 6.11000E+01 1.46700E+02
p-Ne020-MT002-Lambert-D0329002-ang-E0001.532.1972                1 1.18800E+02 1.46700E+02
p-Ne020-MT002-Lambert-D0329002-ang-E0001.532A001.1972            1 6.11000E+01 1.18800E+02
p-Ne020-MT002-Lambert-D0329002-ang-E0001.534.1972                1 6.11000E+01 1.65000E+02
p-Ne020-MT002-Lambert-D0329002-ang-E0001.535.1972                1 1.65000E+02 1.65000E+02
p-Ne020-MT002-Oda-E2218003-ang-E0007.750.1960                   23 2.03000E+01 1.65300E+02
p-Ne020-MT002-Oda-E2218003-ang-E0009.410.1960                   22 2.03000E+01 1.65500E+02
p-Ne020-MT002-Oda-E2218003-ang-E0010.600.1960                   23 2.07000E+01 1.65200E+02
p-Ne020-MT002-Oda-E2218003-ang-E0012.400.1960                   23 2.09000E+01 1.65200E+02
p-Ne020-MT002-Sakaguchi-E0166004-ang-E0065.000.1979             26 1.75000E+01 9.00000E+01
p-Ne020-MT002-Sakaguchi-O0032003S-ang-E0065.000.1983            26 1.75000E+01 9.00000E+01
p-Ne020-MT002-Valter-F0945002-ang-E0001.599.1960                 1 5.27000E+01 1.49500E+02
p-Ne020-MT002-Valter-F0945002-ang-E0001.600.1960                 1 1.22600E+02 1.49500E+02
p-Ne020-MT002-Valter-F0945002-ang-E0001.600A001.1960             1 8.71000E+01 1.22600E+02
p-Ne020-MT002-Valter-F0945002-ang-E0001.602.1960                 1 8.71000E+01 1.39100E+02
p-Ne020-MT002-Valter-F0945002-ang-E0001.604.1960                 1 1.22600E+02 1.39100E+02
p-Ne020-MT002-Valter-F0945002-ang-E0001.619.1960                 1 5.27000E+01 1.22600E+02
p-Ne020-MT002-Valter-F0945002-ang-E0001.637.1960                 1 5.27000E+01 1.39100E+02
p-Ne020-MT002-Valter-F0945002-ang-E0001.640.1960                 1 1.39100E+02 1.49500E+02
p-Ne020-MT002-Valter-F0945002-ang-E0001.641.1960                 1 8.71000E+01 1.49500E+02
p-Ne020-MT002-Valter-F0945002-ang-E0001.642.1960                 1 8.71000E+01 1.22600E+02
p-Ne020-MT002-Valter-F0945002-ang-E0001.656.1960                 1 5.27000E+01 1.22600E+02
p-Ne020-MT002-Valter-F0945002-ang-E0001.658.1960                 1 5.27000E+01 1.49500E+02
p-Ne020-MT002-Valter-F0945002-ang-E0001.679.1960                 1 1.39100E+02 1.49500E+02
p-Ne020-MT002-Valter-F0945002-ang-E0001.679A001.1960             1 8.71000E+01 1.39100E+02
p-Ne020-MT002-Valter-F0945002-ang-E0001.681.1960                 1 8.71000E+01 1.22600E+02
p-Ne020-MT002-Valter-F0945002-ang-E0001.696.1960                 1 5.27000E+01 1.22600E+02
p-Ne020-MT002-Valter-F0945002-ang-E0001.696A001.1960             1 5.27000E+01 5.27000E+01
p-Ne020-MT002-Wilkerson-T0066004-ang-E0006.868.1992              4 5.24000E+01 1.65000E+02
p-Ne020-MT002-Wilkerson-T0066004-ang-E0006.868A001.1992          1 5.24000E+01 1.45000E+02
p-Ne020-MT002-Wilkerson-T0066004-ang-E0006.868A002.1992          1 5.24000E+01 1.65000E+02
