#              Filename                                         N    min         max
p-O016-MT605-Adams-C0636005-ang-E0800.000.1979                  11 6.40000E+00 2.20000E+01
p-O016-MT605-Austin-O0025002-ang-E0023.400.1971                 55 1.60000E+01 1.73600E+02
p-O016-MT605-Austin-O0025002-ang-E0024.500.1971                 52 1.98000E+01 1.70400E+02
p-O016-MT605-Austin-O0025002-ang-E0027.300.1971                 53 1.88000E+01 1.71500E+02
p-O016-MT605-Austin-O0025002-ang-E0030.100.1971                 51 1.88000E+01 1.70400E+02
p-O016-MT605-Austin-O0025002-ang-E0034.100.1971                 51 2.09000E+01 1.62500E+02
p-O016-MT605-Bunker-C2618004-ang-E0021.240.1971                  1 1.30000E+02 1.50000E+02
p-O016-MT605-Bunker-C2618004-ang-E0021.255.1971                  1 1.20000E+02 1.30000E+02
p-O016-MT605-Bunker-C2618004-ang-E0021.268.1971                  1 1.20000E+02 1.60000E+02
p-O016-MT605-Bunker-C2618004-ang-E0021.270.1971                  1 1.25000E+02 1.60000E+02
p-O016-MT605-Bunker-C2618004-ang-E0021.284.1971                  1 1.25000E+02 1.40000E+02
p-O016-MT605-Bunker-C2618004-ang-E0021.285.1971                  1 1.35000E+02 1.40000E+02
p-O016-MT605-Bunker-C2618004-ang-E0021.298.1971                  1 1.00000E+02 1.35000E+02
p-O016-MT605-Bunker-C2618004-ang-E0021.317.1971                  1 1.00000E+02 1.10000E+02
p-O016-MT605-Bunker-C2618004-ang-E0021.321.1971                  1 7.00000E+01 1.10000E+02
p-O016-MT605-Bunker-C2618004-ang-E0021.357.1971                  1 7.00000E+01 9.00000E+01
p-O016-MT605-Bunker-C2618004-ang-E0021.366.1971                  1 8.00000E+01 9.00000E+01
p-O016-MT605-Bunker-C2618004-ang-E0021.382.1971                  1 6.00000E+01 8.00000E+01
p-O016-MT605-Bunker-C2618004-ang-E0021.415.1971                  1 6.00000E+01 1.40000E+02
p-O016-MT605-Bunker-C2618004-ang-E0021.454.1971                  1 1.40000E+02 1.50000E+02
p-O016-MT605-Bunker-C2618004-ang-E0021.455.1971                  1 1.50000E+02 1.55000E+02
p-O016-MT605-Bunker-C2618004-ang-E0021.463.1971                  1 1.30000E+02 1.55000E+02
p-O016-MT605-Bunker-C2618004-ang-E0021.471.1971                  1 1.30000E+02 1.35000E+02
p-O016-MT605-Bunker-C2618004-ang-E0021.475.1971                  1 1.35000E+02 1.60000E+02
p-O016-MT605-Bunker-C2618004-ang-E0021.480.1971                  1 1.20000E+02 1.60000E+02
p-O016-MT605-Bunker-C2618004-ang-E0021.481.1971                  1 1.20000E+02 1.45000E+02
p-O016-MT605-Bunker-C2618004-ang-E0021.495.1971                  1 1.25000E+02 1.45000E+02
p-O016-MT605-Bunker-C2618004-ang-E0021.501.1971                  1 1.10000E+02 1.25000E+02
p-O016-MT605-Bunker-C2618004-ang-E0021.510.1971                  1 1.00000E+02 1.10000E+02
p-O016-MT605-Bunker-C2618004-ang-E0021.537.1971                  1 9.00000E+01 1.00000E+02
p-O016-MT605-Bunker-C2618004-ang-E0021.568.1971                  1 8.00000E+01 9.00000E+01
p-O016-MT605-Bunker-C2618004-ang-E0021.572.1971                  1 7.00000E+01 8.00000E+01
p-O016-MT605-Bunker-C2618004-ang-E0021.576.1971                  1 6.00000E+01 7.00000E+01
p-O016-MT605-Bunker-C2618004-ang-E0021.611.1971                  1 6.00000E+01 1.60000E+02
p-O016-MT605-Bunker-C2618004-ang-E0021.656.1971                  1 1.50000E+02 1.60000E+02
p-O016-MT605-Bunker-C2618004-ang-E0021.660.1971                  1 1.45000E+02 1.50000E+02
p-O016-MT605-Bunker-C2618004-ang-E0021.662.1971                  1 1.40000E+02 1.45000E+02
p-O016-MT605-Bunker-C2618004-ang-E0021.664.1971                  1 1.40000E+02 1.55000E+02
p-O016-MT605-Bunker-C2618004-ang-E0021.667.1971                  1 1.35000E+02 1.55000E+02
p-O016-MT605-Bunker-C2618004-ang-E0021.676.1971                  1 1.20000E+02 1.35000E+02
p-O016-MT605-Bunker-C2618004-ang-E0021.680.1971                  1 1.20000E+02 1.30000E+02
p-O016-MT605-Bunker-C2618004-ang-E0021.683.1971                  1 1.25000E+02 1.30000E+02
p-O016-MT605-Bunker-C2618004-ang-E0021.697.1971                  1 1.10000E+02 1.25000E+02
p-O016-MT605-Bunker-C2618004-ang-E0021.730.1971                  1 1.00000E+02 1.10000E+02
p-O016-MT605-Bunker-C2618004-ang-E0021.767.1971                  1 7.00000E+01 1.00000E+02
p-O016-MT605-Bunker-C2618004-ang-E0021.768.1971                  1 7.00000E+01 8.00000E+01
p-O016-MT605-Bunker-C2618004-ang-E0021.782.1971                  1 8.00000E+01 9.00000E+01
p-O016-MT605-Bunker-C2618004-ang-E0021.786.1971                  1 6.00000E+01 9.00000E+01
p-O016-MT605-Bunker-C2618004-ang-E0021.825.1971                  1 6.00000E+01 1.55000E+02
p-O016-MT605-Bunker-C2618004-ang-E0021.854.1971                  1 1.30000E+02 1.55000E+02
p-O016-MT605-Bunker-C2618004-ang-E0021.875.1971                  2 1.30000E+02 1.60000E+02
p-O016-MT605-Bunker-C2618004-ang-E0021.884.1971                  1 1.40000E+02 1.50000E+02
p-O016-MT605-Bunker-C2618004-ang-E0021.885.1971                  1 1.20000E+02 1.40000E+02
p-O016-MT605-Bunker-C2618004-ang-E0021.898.1971                  1 1.00000E+02 1.20000E+02
p-O016-MT605-Bunker-C2618004-ang-E0021.909.1971                  2 1.00000E+02 1.45000E+02
p-O016-MT605-Bunker-C2618004-ang-E0021.911.1971                  1 1.25000E+02 1.35000E+02
p-O016-MT605-Bunker-C2618004-ang-E0021.920.1971                  1 1.10000E+02 1.35000E+02
p-O016-MT605-Bunker-C2618004-ang-E0021.946.1971                  1 9.00000E+01 1.10000E+02
p-O016-MT605-Bunker-C2618004-ang-E0021.967.1971                  1 7.00000E+01 9.00000E+01
p-O016-MT605-Bunker-C2618004-ang-E0022.006.1971                  1 7.00000E+01 8.00000E+01
p-O016-MT605-Bunker-C2618004-ang-E0022.009.1971                  1 6.00000E+01 8.00000E+01
p-O016-MT605-Bunker-C2618004-ang-E0022.031.1971                  1 6.00000E+01 1.50000E+02
p-O016-MT605-Bunker-C2618004-ang-E0022.054.1971                  1 1.50000E+02 1.60000E+02
p-O016-MT605-Bunker-C2618004-ang-E0022.059.1971                  1 1.30000E+02 1.60000E+02
p-O016-MT605-Bunker-C2618004-ang-E0022.086.1971                  1 1.30000E+02 1.55000E+02
p-O016-MT605-Bunker-C2618004-ang-E0022.091.1971                  1 1.35000E+02 1.55000E+02
p-O016-MT605-Bunker-C2618004-ang-E0022.104.1971                  2 1.20000E+02 1.40000E+02
p-O016-MT605-Bunker-C2618004-ang-E0022.105.1971                  1 1.10000E+02 1.20000E+02
p-O016-MT605-Bunker-C2618004-ang-E0022.109.1971                  1 1.10000E+02 1.45000E+02
p-O016-MT605-Bunker-C2618004-ang-E0022.116.1971                  1 1.25000E+02 1.45000E+02
p-O016-MT605-Bunker-C2618004-ang-E0022.118.1971                  1 1.00000E+02 1.25000E+02
p-O016-MT605-Bunker-C2618004-ang-E0022.121.1971                  1 9.00000E+01 1.00000E+02
p-O016-MT605-Bunker-C2618004-ang-E0022.206.1971                  1 7.00000E+01 9.00000E+01
p-O016-MT605-Bunker-C2618004-ang-E0022.210.1971                  1 6.00000E+01 7.00000E+01
p-O016-MT605-Bunker-C2618004-ang-E0022.214.1971                  1 6.00000E+01 8.00000E+01
p-O016-MT605-Bunker-C2618004-ang-E0022.227.1971                  1 8.00000E+01 1.55000E+02
p-O016-MT605-Bunker-C2618004-ang-E0022.266.1971                  1 1.30000E+02 1.55000E+02
p-O016-MT605-Bunker-C2618004-ang-E0022.271.1971                  2 1.30000E+02 1.60000E+02
p-O016-MT605-Bunker-C2618004-ang-E0022.296.1971                  1 1.45000E+02 1.60000E+02
p-O016-MT605-Bunker-C2618004-ang-E0022.322.1971                  1 1.40000E+02 1.45000E+02
p-O016-MT605-Bunker-C2618004-ang-E0022.324.1971                  1 1.10000E+02 1.40000E+02
p-O016-MT605-Bunker-C2618004-ang-E0022.328.1971                  1 1.10000E+02 1.20000E+02
p-O016-MT605-Bunker-C2618004-ang-E0022.329.1971                  1 1.20000E+02 1.25000E+02
p-O016-MT605-Bunker-C2618004-ang-E0022.331.1971                  1 1.25000E+02 1.35000E+02
p-O016-MT605-Bunker-C2618004-ang-E0022.340.1971                  1 1.00000E+02 1.35000E+02
p-O016-MT605-Bunker-C2618004-ang-E0022.360.1971                  1 7.00000E+01 1.00000E+02
p-O016-MT605-Bunker-C2618004-ang-E0022.421.1971                  1 6.00000E+01 7.00000E+01
p-O016-MT605-Bunker-C2618004-ang-E0022.425.1971                  1 6.00000E+01 8.00000E+01
p-O016-MT605-Bunker-C2618004-ang-E0022.433.1971                  1 8.00000E+01 9.00000E+01
p-O016-MT605-Bunker-C2618004-ang-E0022.435.1971                  1 9.00000E+01 1.55000E+02
p-O016-MT605-Bunker-C2618004-ang-E0022.484.1971                  1 1.40000E+02 1.55000E+02
p-O016-MT605-Bunker-C2618004-ang-E0022.487.1971                  1 1.40000E+02 1.60000E+02
p-O016-MT605-Bunker-C2618004-ang-E0022.491.1971                  1 1.30000E+02 1.60000E+02
p-O016-MT605-Bunker-C2618004-ang-E0022.493.1971                  1 1.30000E+02 1.50000E+02
p-O016-MT605-Bunker-C2618004-ang-E0022.494.1971                  1 1.10000E+02 1.50000E+02
p-O016-MT605-Bunker-C2618004-ang-E0022.497.1971                  1 1.10000E+02 1.45000E+02
p-O016-MT605-Bunker-C2618004-ang-E0022.501.1971                  1 1.20000E+02 1.45000E+02
p-O016-MT605-Bunker-C2618004-ang-E0022.502.1971                  1 1.20000E+02 1.25000E+02
p-O016-MT605-Bunker-C2618004-ang-E0022.513.1971                  1 1.25000E+02 1.35000E+02
p-O016-MT605-Bunker-C2618004-ang-E0022.529.1971                  1 1.00000E+02 1.35000E+02
p-O016-MT605-Bunker-C2618004-ang-E0022.559.1971                  1 8.00000E+01 1.00000E+02
p-O016-MT605-Bunker-C2618004-ang-E0022.606.1971                  1 8.00000E+01 9.00000E+01
p-O016-MT605-Bunker-C2618004-ang-E0022.621.1971                  1 6.00000E+01 9.00000E+01
p-O016-MT605-Bunker-C2618004-ang-E0022.641.1971                  2 6.00000E+01 1.40000E+02
p-O016-MT605-Bunker-C2618004-ang-E0022.696.1971                  1 1.40000E+02 1.55000E+02
p-O016-MT605-Bunker-C2618004-ang-E0022.700.1971                  1 1.20000E+02 1.55000E+02
p-O016-MT605-Bunker-C2618004-ang-E0022.701.1971                  1 1.20000E+02 1.45000E+02
p-O016-MT605-Bunker-C2618004-ang-E0022.708.1971                  1 1.45000E+02 1.50000E+02
p-O016-MT605-Bunker-C2618004-ang-E0022.711.1971                  1 1.30000E+02 1.50000E+02
p-O016-MT605-Bunker-C2618004-ang-E0022.716.1971                  1 1.10000E+02 1.30000E+02
p-O016-MT605-Bunker-C2618004-ang-E0022.724.1971                  2 1.10000E+02 1.35000E+02
p-O016-MT605-Bunker-C2618004-ang-E0022.725.1971                  2 8.00000E+01 1.60000E+02
p-O016-MT605-Bunker-C2618004-ang-E0022.769.1971                  1 8.00000E+01 1.00000E+02
p-O016-MT605-Bunker-C2618004-ang-E0022.770.1971                  1 9.00000E+01 1.00000E+02
p-O016-MT605-Bunker-C2618004-ang-E0022.798.1971                  1 7.00000E+01 9.00000E+01
p-O016-MT605-Bunker-C2618004-ang-E0022.819.1971                  1 6.00000E+01 7.00000E+01
p-O016-MT605-Bunker-C2618004-ang-E0022.846.1971                  1 6.00000E+01 1.60000E+02
p-O016-MT605-Bunker-C2618004-ang-E0022.878.1971                  1 1.40000E+02 1.60000E+02
p-O016-MT605-Bunker-C2618004-ang-E0022.882.1971                  1 1.40000E+02 1.55000E+02
p-O016-MT605-Bunker-C2618004-ang-E0022.896.1971                  1 1.50000E+02 1.55000E+02
p-O016-MT605-Bunker-C2618004-ang-E0022.902.1971                  1 1.45000E+02 1.50000E+02
p-O016-MT605-Bunker-C2618004-ang-E0022.909.1971                  1 1.25000E+02 1.45000E+02
p-O016-MT605-Bunker-C2618004-ang-E0022.915.1971                  1 1.25000E+02 1.30000E+02
p-O016-MT605-Bunker-C2618004-ang-E0022.921.1971                  1 1.30000E+02 1.35000E+02
p-O016-MT605-Bunker-C2618004-ang-E0022.927.1971                  1 1.20000E+02 1.35000E+02
p-O016-MT605-Bunker-C2618004-ang-E0022.934.1971                  1 1.10000E+02 1.20000E+02
p-O016-MT605-Bunker-C2618004-ang-E0022.943.1971                  1 1.00000E+02 1.10000E+02
p-O016-MT605-Bunker-C2618004-ang-E0022.971.1971                  1 8.00000E+01 1.00000E+02
p-O016-MT605-Bunker-C2618004-ang-E0023.000.1971                  1 8.00000E+01 9.00000E+01
p-O016-MT605-Bunker-C2618004-ang-E0023.009.1971                  1 7.00000E+01 9.00000E+01
p-O016-MT605-Bunker-C2618004-ang-E0023.029.1971                  1 6.00000E+01 7.00000E+01
p-O016-MT605-Bunker-C2618004-ang-E0023.046.1971                  1 6.00000E+01 1.55000E+02
p-O016-MT605-Bunker-C2618004-ang-E0023.086.1971                  1 1.55000E+02 1.60000E+02
p-O016-MT605-Bunker-C2618004-ang-E0023.097.1971                  1 1.45000E+02 1.60000E+02
p-O016-MT605-Bunker-C2618004-ang-E0023.111.1971                  1 1.30000E+02 1.45000E+02
p-O016-MT605-Bunker-C2618004-ang-E0023.120.1971                  1 1.30000E+02 1.50000E+02
p-O016-MT605-Bunker-C2618004-ang-E0023.134.1971                  1 1.40000E+02 1.50000E+02
p-O016-MT605-Bunker-C2618004-ang-E0023.137.1971                  1 1.35000E+02 1.40000E+02
p-O016-MT605-Bunker-C2618004-ang-E0023.141.1971                  1 1.10000E+02 1.35000E+02
p-O016-MT605-Bunker-C2618004-ang-E0023.143.1971                  1 1.10000E+02 1.25000E+02
p-O016-MT605-Bunker-C2618004-ang-E0023.145.1971                  1 1.20000E+02 1.25000E+02
p-O016-MT605-Bunker-C2618004-ang-E0023.160.1971                  1 1.00000E+02 1.20000E+02
p-O016-MT605-Bunker-C2618004-ang-E0023.177.1971                  1 9.00000E+01 1.00000E+02
p-O016-MT605-Bunker-C2618004-ang-E0023.190.1971                  1 8.00000E+01 9.00000E+01
p-O016-MT605-Bunker-C2618004-ang-E0023.210.1971                  1 7.00000E+01 8.00000E+01
p-O016-MT605-Bunker-C2618004-ang-E0023.256.1971                  1 6.00000E+01 7.00000E+01
p-O016-MT605-Bunker-C2618004-ang-E0023.283.1971                  1 6.00000E+01 1.55000E+02
p-O016-MT605-Bunker-C2618004-ang-E0023.296.1971                  1 1.55000E+02 1.60000E+02
p-O016-MT605-Bunker-C2618004-ang-E0023.300.1971                  1 1.45000E+02 1.60000E+02
p-O016-MT605-Bunker-C2618004-ang-E0023.313.1971                  1 1.30000E+02 1.45000E+02
p-O016-MT605-Bunker-C2618004-ang-E0023.318.1971                  1 1.30000E+02 1.40000E+02
p-O016-MT605-Bunker-C2618004-ang-E0023.324.1971                  1 1.40000E+02 1.50000E+02
p-O016-MT605-Bunker-C2618004-ang-E0023.343.1971                  1 1.20000E+02 1.50000E+02
p-O016-MT605-Bunker-C2618004-ang-E0023.346.1971                  1 1.20000E+02 1.25000E+02
p-O016-MT605-Bunker-C2618004-ang-E0023.347.1971                  1 1.10000E+02 1.25000E+02
p-O016-MT605-Bunker-C2618004-ang-E0023.348.1971                  1 1.10000E+02 1.35000E+02
p-O016-MT605-Bunker-C2618004-ang-E0023.359.1971                  1 1.00000E+02 1.35000E+02
p-O016-MT605-Bunker-C2618004-ang-E0023.372.1971                  1 9.00000E+01 1.00000E+02
p-O016-MT605-Bunker-C2618004-ang-E0023.407.1971                  1 8.00000E+01 9.00000E+01
p-O016-MT605-Bunker-C2618004-ang-E0023.424.1971                  1 7.00000E+01 8.00000E+01
p-O016-MT605-Bunker-C2618004-ang-E0023.461.1971                  1 6.00000E+01 7.00000E+01
p-O016-MT605-Bunker-C2618004-ang-E0023.484.1971                  1 6.00000E+01 1.55000E+02
p-O016-MT605-Bunker-C2618004-ang-E0023.506.1971                  1 1.40000E+02 1.55000E+02
p-O016-MT605-Bunker-C2618004-ang-E0023.523.1971                  1 1.40000E+02 1.45000E+02
p-O016-MT605-Bunker-C2618004-ang-E0023.526.1971                  1 1.30000E+02 1.45000E+02
p-O016-MT605-Bunker-C2618004-ang-E0023.529.1971                  2 1.30000E+02 1.60000E+02
p-O016-MT605-Bunker-C2618004-ang-E0023.532.1971                  1 1.35000E+02 1.60000E+02
p-O016-MT605-Bunker-C2618004-ang-E0023.543.1971                  1 1.10000E+02 1.35000E+02
p-O016-MT605-Bunker-C2618004-ang-E0023.558.1971                  1 1.10000E+02 1.20000E+02
p-O016-MT605-Bunker-C2618004-ang-E0023.560.1971                  1 1.20000E+02 1.25000E+02
p-O016-MT605-Bunker-C2618004-ang-E0023.565.1971                  1 1.00000E+02 1.25000E+02
p-O016-MT605-Bunker-C2618004-ang-E0023.596.1971                  1 7.00000E+01 1.00000E+02
p-O016-MT605-Bunker-C2618004-ang-E0023.621.1971                  1 7.00000E+01 8.00000E+01
p-O016-MT605-Bunker-C2618004-ang-E0023.629.1971                  2 6.00000E+01 9.00000E+01
p-O016-MT605-Bunker-C2618004-ang-E0023.688.1971                  1 6.00000E+01 1.55000E+02
p-O016-MT605-Bunker-C2618004-ang-E0023.708.1971                  1 1.45000E+02 1.55000E+02
p-O016-MT605-Bunker-C2618004-ang-E0023.715.1971                  1 1.45000E+02 1.50000E+02
p-O016-MT605-Bunker-C2618004-ang-E0023.725.1971                  1 1.30000E+02 1.50000E+02
p-O016-MT605-Bunker-C2618004-ang-E0023.728.1971                  1 1.30000E+02 1.40000E+02
p-O016-MT605-Bunker-C2618004-ang-E0023.739.1971                  1 1.40000E+02 1.60000E+02
p-O016-MT605-Bunker-C2618004-ang-E0023.742.1971                  1 1.25000E+02 1.60000E+02
p-O016-MT605-Bunker-C2618004-ang-E0023.750.1971                  2 1.20000E+02 1.35000E+02
p-O016-MT605-Bunker-C2618004-ang-E0023.764.1971                  1 1.00000E+02 1.20000E+02
p-O016-MT605-Bunker-C2618004-ang-E0023.782.1971                  1 1.00000E+02 1.10000E+02
p-O016-MT605-Bunker-C2618004-ang-E0023.787.1971                  1 8.00000E+01 1.10000E+02
p-O016-MT605-Bunker-C2618004-ang-E0023.833.1971                  1 8.00000E+01 9.00000E+01
p-O016-MT605-Bunker-C2618004-ang-E0023.837.1971                  1 6.00000E+01 9.00000E+01
p-O016-MT605-Bunker-C2618004-ang-E0023.840.1971                  1 6.00000E+01 7.00000E+01
p-O016-MT605-Bunker-C2618004-ang-E0023.843.1971                  1 7.00000E+01 1.30000E+02
p-O016-MT605-Bunker-C2618004-ang-E0023.912.1971                  1 1.30000E+02 1.50000E+02
p-O016-MT605-Bunker-C2618004-ang-E0023.916.1971                  1 1.50000E+02 1.60000E+02
p-O016-MT605-Bunker-C2618004-ang-E0023.918.1971                  1 1.20000E+02 1.60000E+02
p-O016-MT605-Bunker-C2618004-ang-E0023.926.1971                  1 1.20000E+02 1.55000E+02
p-O016-MT605-Bunker-C2618004-ang-E0023.936.1971                  1 1.45000E+02 1.55000E+02
p-O016-MT605-Bunker-C2618004-ang-E0023.943.1971                  1 1.10000E+02 1.45000E+02
p-O016-MT605-Bunker-C2618004-ang-E0023.955.1971                  1 1.10000E+02 1.35000E+02
p-O016-MT605-Bunker-C2618004-ang-E0023.957.1971                  1 1.25000E+02 1.35000E+02
p-O016-MT605-Bunker-C2618004-ang-E0023.973.1971                  1 1.25000E+02 1.40000E+02
p-O016-MT605-Bunker-C2618004-ang-E0023.979.1971                  1 1.00000E+02 1.40000E+02
p-O016-MT605-Bunker-C2618004-ang-E0024.007.1971                  1 8.00000E+01 1.00000E+02
p-O016-MT605-Bunker-C2618004-ang-E0024.016.1971                  1 8.00000E+01 9.00000E+01
p-O016-MT605-Bunker-C2618004-ang-E0024.026.1971                  1 6.00000E+01 9.00000E+01
p-O016-MT605-Bunker-C2618004-ang-E0024.053.1971                  1 6.00000E+01 7.00000E+01
p-O016-MT605-Bunker-C2618004-ang-E0024.100.1971                  1 7.00000E+01 1.55000E+02
p-O016-MT605-Bunker-C2618004-ang-E0024.105.1971                  1 1.55000E+02 1.60000E+02
p-O016-MT605-Bunker-C2618004-ang-E0024.115.1971                  1 1.50000E+02 1.60000E+02
p-O016-MT605-Bunker-C2618004-ang-E0024.130.1971                  1 1.30000E+02 1.50000E+02
p-O016-MT605-Bunker-C2618004-ang-E0024.146.1971                  1 1.30000E+02 1.45000E+02
p-O016-MT605-Bunker-C2618004-ang-E0024.149.1971                  1 1.25000E+02 1.45000E+02
p-O016-MT605-Bunker-C2618004-ang-E0024.150.1971                  1 1.20000E+02 1.25000E+02
p-O016-MT605-Bunker-C2618004-ang-E0024.162.1971                  2 1.20000E+02 1.40000E+02
p-O016-MT605-Bunker-C2618004-ang-E0024.168.1971                  1 1.10000E+02 1.35000E+02
p-O016-MT605-Bunker-C2618004-ang-E0024.187.1971                  1 1.00000E+02 1.10000E+02
p-O016-MT605-Bunker-C2618004-ang-E0024.197.1971                  1 9.00000E+01 1.00000E+02
p-O016-MT605-Bunker-C2618004-ang-E0024.241.1971                  1 8.00000E+01 9.00000E+01
p-O016-MT605-Bunker-C2618004-ang-E0024.255.1971                  1 6.00000E+01 8.00000E+01
p-O016-MT605-Bunker-C2618004-ang-E0024.268.1971                  1 6.00000E+01 7.00000E+01
p-O016-MT605-Bunker-C2618004-ang-E0024.298.1971                  1 7.00000E+01 1.60000E+02
p-O016-MT605-Bunker-C2618004-ang-E0024.300.1971                  1 1.50000E+02 1.60000E+02
p-O016-MT605-Bunker-C2618004-ang-E0024.322.1971                  1 1.50000E+02 1.55000E+02
p-O016-MT605-Bunker-C2618004-ang-E0024.327.1971                  1 1.40000E+02 1.55000E+02
p-O016-MT605-Bunker-C2618004-ang-E0024.335.1971                  1 1.30000E+02 1.40000E+02
p-O016-MT605-Bunker-C2618004-ang-E0024.344.1971                  1 1.30000E+02 1.45000E+02
p-O016-MT605-Bunker-C2618004-ang-E0024.349.1971                  1 1.25000E+02 1.45000E+02
p-O016-MT605-Bunker-C2618004-ang-E0024.351.1971                  2 1.10000E+02 1.35000E+02
p-O016-MT605-Bunker-C2618004-ang-E0024.378.1971                  1 1.10000E+02 1.20000E+02
p-O016-MT605-Bunker-C2618004-ang-E0024.387.1971                  1 9.00000E+01 1.20000E+02
p-O016-MT605-Bunker-C2618004-ang-E0024.398.1971                  1 9.00000E+01 1.00000E+02
p-O016-MT605-Bunker-C2618004-ang-E0024.415.1971                  1 8.00000E+01 1.00000E+02
p-O016-MT605-Bunker-C2618004-ang-E0024.466.1971                  1 6.00000E+01 8.00000E+01
p-O016-MT605-Bunker-C2618004-ang-E0024.491.1971                  1 6.00000E+01 7.00000E+01
p-O016-MT605-Bunker-C2618004-ang-E0024.495.1971                  1 7.00000E+01 1.50000E+02
p-O016-MT605-Bunker-C2618004-ang-E0024.615.1971                  1 1.50000E+02 1.55000E+02
p-O016-MT605-Bunker-C2618004-ang-E0024.622.1971                  2 1.45000E+02 1.60000E+02
p-O016-MT605-Bunker-C2618004-ang-E0024.626.1971                  1 1.20000E+02 1.45000E+02
p-O016-MT605-Bunker-C2618004-ang-E0024.630.1971                  1 1.20000E+02 1.30000E+02
p-O016-MT605-Bunker-C2618004-ang-E0024.635.1971                  1 1.30000E+02 1.40000E+02
p-O016-MT605-Bunker-C2618004-ang-E0024.647.1971                  1 1.25000E+02 1.40000E+02
p-O016-MT605-Bunker-C2618004-ang-E0024.649.1971                  1 1.25000E+02 1.35000E+02
p-O016-MT605-Bunker-C2618004-ang-E0024.668.1971                  1 1.00000E+02 1.35000E+02
p-O016-MT605-Bunker-C2618004-ang-E0024.692.1971                  1 1.00000E+02 1.10000E+02
p-O016-MT605-Bunker-C2618004-ang-E0024.697.1971                  1 9.00000E+01 1.10000E+02
p-O016-MT605-Bunker-C2618004-ang-E0024.729.1971                  1 8.00000E+01 9.00000E+01
p-O016-MT605-Bunker-C2618004-ang-E0024.732.1971                  1 7.00000E+01 8.00000E+01
p-O016-MT605-Bunker-C2618004-ang-E0024.745.1971                  1 6.00000E+01 7.00000E+01
p-O016-MT605-Bunker-C2618004-ang-E0024.782.1971                  1 6.00000E+01 1.55000E+02
p-O016-MT605-Bunker-C2618004-ang-E0024.786.1971                  1 1.55000E+02 1.60000E+02
p-O016-MT605-Bunker-C2618004-ang-E0024.800.1971                  1 1.20000E+02 1.60000E+02
p-O016-MT605-Bunker-C2618004-ang-E0024.805.1971                  1 1.20000E+02 1.25000E+02
p-O016-MT605-Bunker-C2618004-ang-E0024.833.1971                  3 1.25000E+02 1.50000E+02
p-O016-MT605-Bunker-C2618004-ang-E0024.839.1971                  1 1.45000E+02 1.50000E+02
p-O016-MT605-Bunker-C2618004-ang-E0024.845.1971                  1 1.35000E+02 1.45000E+02
p-O016-MT605-Bunker-C2618004-ang-E0024.846.1971                  1 1.10000E+02 1.35000E+02
p-O016-MT605-Bunker-C2618004-ang-E0024.863.1971                  1 1.00000E+02 1.10000E+02
p-O016-MT605-Bunker-C2618004-ang-E0024.867.1971                  1 9.00000E+01 1.00000E+02
p-O016-MT605-Bunker-C2618004-ang-E0024.914.1971                  1 8.00000E+01 9.00000E+01
p-O016-MT605-Bunker-C2618004-ang-E0024.921.1971                  1 7.00000E+01 8.00000E+01
p-O016-MT605-Bunker-C2618004-ang-E0024.935.1971                  1 6.00000E+01 7.00000E+01
p-O016-MT605-Bunker-C2618004-ang-E0024.983.1971                  1 6.00000E+01 1.55000E+02
p-O016-MT605-Bunker-C2618004-ang-E0024.996.1971                  1 1.45000E+02 1.55000E+02
p-O016-MT605-Bunker-C2618004-ang-E0025.028.1971                  1 1.45000E+02 1.60000E+02
p-O016-MT605-Bunker-C2618004-ang-E0025.031.1971                  1 1.30000E+02 1.60000E+02
p-O016-MT605-Bunker-C2618004-ang-E0025.043.1971                  1 1.20000E+02 1.30000E+02
p-O016-MT605-Bunker-C2618004-ang-E0025.045.1971                  2 1.10000E+02 1.25000E+02
p-O016-MT605-Bunker-C2618004-ang-E0025.047.1971                  1 1.10000E+02 1.50000E+02
p-O016-MT605-Bunker-C2618004-ang-E0025.054.1971                  1 1.40000E+02 1.50000E+02
p-O016-MT605-Bunker-C2618004-ang-E0025.055.1971                  1 1.35000E+02 1.40000E+02
p-O016-MT605-Bunker-C2618004-ang-E0025.070.1971                  1 1.00000E+02 1.35000E+02
p-O016-MT605-Bunker-C2618004-ang-E0025.072.1971                  1 9.00000E+01 1.00000E+02
p-O016-MT605-Bunker-C2618004-ang-E0025.121.1971                  1 7.00000E+01 9.00000E+01
p-O016-MT605-Bunker-C2618004-ang-E0025.158.1971                  1 7.00000E+01 8.00000E+01
p-O016-MT605-Bunker-C2618004-ang-E0025.162.1971                  1 6.00000E+01 8.00000E+01
p-O016-MT605-Bunker-C2618004-ang-E0025.193.1971                  1 6.00000E+01 1.55000E+02
p-O016-MT605-Bunker-C2618004-ang-E0025.205.1971                  1 1.30000E+02 1.55000E+02
p-O016-MT605-Bunker-C2618004-ang-E0025.223.1971                  1 1.20000E+02 1.30000E+02
p-O016-MT605-Bunker-C2618004-ang-E0025.231.1971                  1 1.20000E+02 1.45000E+02
p-O016-MT605-Bunker-C2618004-ang-E0025.247.1971                  1 1.45000E+02 1.50000E+02
p-O016-MT605-Bunker-C2618004-ang-E0025.254.1971                  1 1.35000E+02 1.50000E+02
p-O016-MT605-Bunker-C2618004-ang-E0025.265.1971                  2 1.35000E+02 1.60000E+02
p-O016-MT605-Bunker-C2618004-ang-E0025.268.1971                  1 1.25000E+02 1.60000E+02
p-O016-MT605-Bunker-C2618004-ang-E0025.270.1971                  1 1.00000E+02 1.25000E+02
p-O016-MT605-Bunker-C2618004-ang-E0025.272.1971                  1 1.00000E+02 1.10000E+02
p-O016-MT605-Bunker-C2618004-ang-E0025.279.1971                  1 8.00000E+01 1.10000E+02
p-O016-MT605-Bunker-C2618004-ang-E0025.335.1971                  1 8.00000E+01 9.00000E+01
p-O016-MT605-Bunker-C2618004-ang-E0025.348.1971                  1 7.00000E+01 9.00000E+01
p-O016-MT605-Bunker-C2618004-ang-E0025.364.1971                  1 6.00000E+01 7.00000E+01
p-O016-MT605-Bunker-C2618004-ang-E0025.385.1971                  1 6.00000E+01 1.60000E+02
p-O016-MT605-Bunker-C2618004-ang-E0025.413.1971                  1 1.50000E+02 1.60000E+02
p-O016-MT605-Bunker-C2618004-ang-E0025.415.1971                  1 1.20000E+02 1.50000E+02
p-O016-MT605-Bunker-C2618004-ang-E0025.432.1971                  1 1.20000E+02 1.55000E+02
p-O016-MT605-Bunker-C2618004-ang-E0025.434.1971                  1 1.35000E+02 1.55000E+02
p-O016-MT605-Bunker-C2618004-ang-E0025.455.1971                  1 1.35000E+02 1.45000E+02
p-O016-MT605-Bunker-C2618004-ang-E0025.459.1971                  1 1.30000E+02 1.45000E+02
p-O016-MT605-Bunker-C2618004-ang-E0025.464.1971                  1 1.25000E+02 1.30000E+02
p-O016-MT605-Bunker-C2618004-ang-E0025.471.1971                  1 1.25000E+02 1.40000E+02
p-O016-MT605-Bunker-C2618004-ang-E0025.482.1971                  1 1.00000E+02 1.40000E+02
p-O016-MT605-Bunker-C2618004-ang-E0025.486.1971                  1 1.00000E+02 1.10000E+02
p-O016-MT605-Bunker-C2618004-ang-E0025.501.1971                  1 9.00000E+01 1.10000E+02
p-O016-MT605-Bunker-C2618004-ang-E0025.521.1971                  1 7.00000E+01 9.00000E+01
p-O016-MT605-Bunker-C2618004-ang-E0025.523.1971                  1 7.00000E+01 8.00000E+01
p-O016-MT605-Bunker-C2618004-ang-E0025.527.1971                  1 6.00000E+01 8.00000E+01
p-O016-MT605-Bunker-C2618004-ang-E0025.563.1971                  1 6.00000E+01 1.45000E+02
p-O016-MT605-Bunker-C2618004-ang-E0025.626.1971                  1 1.45000E+02 1.50000E+02
p-O016-MT605-Bunker-C2618004-ang-E0025.629.1971                  1 1.50000E+02 1.55000E+02
p-O016-MT605-Bunker-C2618004-ang-E0025.642.1971                  1 1.20000E+02 1.55000E+02
p-O016-MT605-Bunker-C2618004-ang-E0025.645.1971                  1 1.20000E+02 1.30000E+02
p-O016-MT605-Bunker-C2618004-ang-E0025.648.1971                  1 1.30000E+02 1.60000E+02
p-O016-MT605-Bunker-C2618004-ang-E0025.650.1971                  1 1.40000E+02 1.60000E+02
p-O016-MT605-Bunker-C2618004-ang-E0025.665.1971                  1 1.25000E+02 1.40000E+02
p-O016-MT605-Bunker-C2618004-ang-E0025.667.1971                  1 1.00000E+02 1.25000E+02
p-O016-MT605-Bunker-C2618004-ang-E0025.686.1971                  1 1.00000E+02 1.10000E+02
p-O016-MT605-Bunker-C2618004-ang-E0025.687.1971                  1 1.10000E+02 1.35000E+02
p-O016-MT605-Bunker-C2618004-ang-E0025.690.1971                  1 9.00000E+01 1.35000E+02
p-O016-MT605-Bunker-C2618004-ang-E0025.740.1971                  1 8.00000E+01 9.00000E+01
p-O016-MT605-Bunker-C2618004-ang-E0025.741.1971                  1 7.00000E+01 8.00000E+01
p-O016-MT605-Bunker-C2618004-ang-E0025.770.1971                  1 6.00000E+01 7.00000E+01
p-O016-MT605-Bunker-C2618004-ang-E0025.791.1971                  1 6.00000E+01 1.55000E+02
p-O016-MT605-Bunker-C2618004-ang-E0025.811.1971                  1 1.50000E+02 1.55000E+02
p-O016-MT605-Bunker-C2618004-ang-E0025.851.1971                  1 1.20000E+02 1.50000E+02
p-O016-MT605-Bunker-C2618004-ang-E0025.855.1971                  1 1.20000E+02 1.60000E+02
p-O016-MT605-Bunker-C2618004-ang-E0025.856.1971                  1 1.45000E+02 1.60000E+02
p-O016-MT605-Bunker-C2618004-ang-E0025.860.1971                  1 1.30000E+02 1.45000E+02
p-O016-MT605-Bunker-C2618004-ang-E0025.864.1971                  1 1.30000E+02 1.35000E+02
p-O016-MT605-Bunker-C2618004-ang-E0025.868.1971                  1 1.25000E+02 1.35000E+02
p-O016-MT605-Bunker-C2618004-ang-E0025.873.1971                  1 1.25000E+02 1.40000E+02
p-O016-MT605-Bunker-C2618004-ang-E0025.881.1971                  1 1.00000E+02 1.40000E+02
p-O016-MT605-Bunker-C2618004-ang-E0025.906.1971                  1 1.00000E+02 1.10000E+02
p-O016-MT605-Bunker-C2618004-ang-E0025.918.1971                  1 8.00000E+01 1.10000E+02
p-O016-MT605-Bunker-C2618004-ang-E0025.951.1971                  1 7.00000E+01 8.00000E+01
p-O016-MT605-Bunker-C2618004-ang-E0025.957.1971                  1 6.00000E+01 7.00000E+01
p-O016-MT605-Bunker-C2618004-ang-E0026.019.1971                  1 6.00000E+01 1.30000E+02
p-O016-MT605-Bunker-C2618004-ang-E0026.036.1971                  1 1.30000E+02 1.45000E+02
p-O016-MT605-Bunker-C2618004-ang-E0026.042.1971                  1 1.45000E+02 1.55000E+02
p-O016-MT605-Bunker-C2618004-ang-E0026.060.1971                  1 1.40000E+02 1.55000E+02
p-O016-MT605-Bunker-C2618004-ang-E0026.072.1971                  2 1.40000E+02 1.60000E+02
p-O016-MT605-Bunker-C2618004-ang-E0026.074.1971                  1 1.20000E+02 1.50000E+02
p-O016-MT605-Bunker-C2618004-ang-E0026.075.1971                  1 9.00000E+01 1.20000E+02
p-O016-MT605-Bunker-C2618004-ang-E0026.135.1971                  1 9.00000E+01 1.00000E+02
p-O016-MT605-Bunker-C2618004-ang-E0026.137.1971                  1 1.00000E+02 1.10000E+02
p-O016-MT605-Bunker-C2618004-ang-E0026.153.1971                  1 8.00000E+01 1.10000E+02
p-O016-MT605-Bunker-C2618004-ang-E0026.169.1971                  1 7.00000E+01 8.00000E+01
p-O016-MT605-Bunker-C2618004-ang-E0026.188.1971                  1 6.00000E+01 7.00000E+01
p-O016-MT605-Bunker-C2618004-ang-E0026.196.1971                  1 6.00000E+01 1.55000E+02
p-O016-MT605-Bunker-C2618004-ang-E0026.236.1971                  1 1.50000E+02 1.55000E+02
p-O016-MT605-Bunker-C2618004-ang-E0026.251.1971                  1 1.20000E+02 1.50000E+02
p-O016-MT605-Bunker-C2618004-ang-E0026.252.1971                  1 1.20000E+02 1.30000E+02
p-O016-MT605-Bunker-C2618004-ang-E0026.254.1971                  1 1.30000E+02 1.45000E+02
p-O016-MT605-Bunker-C2618004-ang-E0026.255.1971                  1 1.25000E+02 1.45000E+02
p-O016-MT605-Bunker-C2618004-ang-E0026.257.1971                  2 1.25000E+02 1.60000E+02
p-O016-MT605-Bunker-C2618004-ang-E0026.270.1971                  1 1.35000E+02 1.40000E+02
p-O016-MT605-Bunker-C2618004-ang-E0026.276.1971                  1 1.10000E+02 1.40000E+02
p-O016-MT605-Bunker-C2618004-ang-E0026.285.1971                  1 1.00000E+02 1.10000E+02
p-O016-MT605-Bunker-C2618004-ang-E0026.328.1971                  1 7.00000E+01 1.00000E+02
p-O016-MT605-Bunker-C2618004-ang-E0026.339.1971                  1 7.00000E+01 8.00000E+01
p-O016-MT605-Bunker-C2618004-ang-E0026.353.1971                  1 8.00000E+01 9.00000E+01
p-O016-MT605-Bunker-C2618004-ang-E0026.360.1971                  1 6.00000E+01 9.00000E+01
p-O016-MT605-Bunker-C2618004-ang-E0026.384.1971                  1 6.00000E+01 1.55000E+02
p-O016-MT605-Bunker-C2618004-ang-E0026.446.1971                  1 1.55000E+02 1.60000E+02
p-O016-MT605-Bunker-C2618004-ang-E0026.457.1971                  1 1.50000E+02 1.60000E+02
p-O016-MT605-Bunker-C2618004-ang-E0026.473.1971                  1 1.30000E+02 1.50000E+02
p-O016-MT605-Bunker-C2618004-ang-E0026.476.1971                  1 1.30000E+02 1.40000E+02
p-O016-MT605-Bunker-C2618004-ang-E0026.487.1971                  1 1.25000E+02 1.40000E+02
p-O016-MT605-Bunker-C2618004-ang-E0026.493.1971                  1 1.25000E+02 1.35000E+02
p-O016-MT605-Bunker-C2618004-ang-E0026.494.1971                  1 1.35000E+02 1.45000E+02
p-O016-MT605-Bunker-C2618004-ang-E0026.497.1971                  1 1.20000E+02 1.45000E+02
p-O016-MT605-Bunker-C2618004-ang-E0026.498.1971                  1 1.00000E+02 1.20000E+02
p-O016-MT605-Bunker-C2618004-ang-E0026.519.1971                  1 1.00000E+02 1.10000E+02
p-O016-MT605-Bunker-C2618004-ang-E0026.520.1971                  1 7.00000E+01 1.10000E+02
p-O016-MT605-Bunker-C2618004-ang-E0026.550.1971                  1 7.00000E+01 9.00000E+01
p-O016-MT605-Bunker-C2618004-ang-E0026.557.1971                  1 8.00000E+01 9.00000E+01
p-O016-MT605-Bunker-C2618004-ang-E0026.571.1971                  1 6.00000E+01 8.00000E+01
p-O016-MT605-Bunker-C2618004-ang-E0026.616.1971                  1 6.00000E+01 1.20000E+02
p-O016-MT605-Bunker-C2618004-ang-E0026.760.1971                  1 1.20000E+02 1.30000E+02
p-O016-MT605-Bunker-C2618004-ang-E0026.798.1971                  2 1.30000E+02 1.55000E+02
p-O016-MT605-Bunker-C2618004-ang-E0026.799.1971                  1 1.55000E+02 1.60000E+02
p-O016-MT605-Bunker-C2618004-ang-E0026.800.1971                  1 1.25000E+02 1.60000E+02
p-O016-MT605-Bunker-C2618004-ang-E0026.803.1971                  1 1.25000E+02 1.45000E+02
p-O016-MT605-Bunker-C2618004-ang-E0026.831.1971                  1 1.45000E+02 1.50000E+02
p-O016-MT605-Bunker-C2618004-ang-E0026.832.1971                  1 1.40000E+02 1.50000E+02
p-O016-MT605-Bunker-C2618004-ang-E0026.837.1971                  1 1.00000E+02 1.40000E+02
p-O016-MT605-Bunker-C2618004-ang-E0026.846.1971                  2 9.00000E+01 1.10000E+02
p-O016-MT605-Bunker-C2618004-ang-E0026.899.1971                  1 7.00000E+01 9.00000E+01
p-O016-MT605-Bunker-C2618004-ang-E0026.907.1971                  1 7.00000E+01 8.00000E+01
p-O016-MT605-Bunker-C2618004-ang-E0026.910.1971                  1 6.00000E+01 8.00000E+01
p-O016-MT605-Bunker-C2618004-ang-E0026.942.1971                  1 6.00000E+01 1.30000E+02
p-O016-MT605-Bunker-C2618004-ang-E0026.978.1971                  1 1.30000E+02 1.45000E+02
p-O016-MT605-Bunker-C2618004-ang-E0026.979.1971                  1 1.45000E+02 1.55000E+02
p-O016-MT605-Bunker-C2618004-ang-E0026.982.1971                  1 1.20000E+02 1.55000E+02
p-O016-MT605-Bunker-C2618004-ang-E0026.994.1971                  1 1.20000E+02 1.40000E+02
p-O016-MT605-Bunker-C2618004-ang-E0027.001.1971                  1 1.40000E+02 1.60000E+02
p-O016-MT605-Bunker-C2618004-ang-E0027.002.1971                  1 1.35000E+02 1.60000E+02
p-O016-MT605-Bunker-C2618004-ang-E0027.010.1971                  1 1.25000E+02 1.35000E+02
p-O016-MT605-Bunker-C2618004-ang-E0027.015.1971                  1 1.10000E+02 1.25000E+02
p-O016-MT605-Bunker-C2618004-ang-E0027.020.1971                  1 1.00000E+02 1.10000E+02
p-O016-MT605-Bunker-C2618004-ang-E0027.031.1971                  1 1.00000E+02 1.50000E+02
p-O016-MT605-Bunker-C2618004-ang-E0027.033.1971                  1 7.00000E+01 1.50000E+02
p-O016-MT605-Bunker-C2618004-ang-E0027.077.1971                  1 7.00000E+01 8.00000E+01
p-O016-MT605-Bunker-C2618004-ang-E0027.116.1971                  1 8.00000E+01 9.00000E+01
p-O016-MT605-Bunker-C2618004-ang-E0027.119.1971                  1 6.00000E+01 9.00000E+01
p-O016-MT605-Bunker-C2618004-ang-E0027.135.1971                  1 6.00000E+01 1.55000E+02
p-O016-MT605-Bunker-C2618004-ang-E0027.191.1971                  1 1.50000E+02 1.55000E+02
p-O016-MT605-Bunker-C2618004-ang-E0027.193.1971                  1 1.45000E+02 1.50000E+02
p-O016-MT605-Bunker-C2618004-ang-E0027.204.1971                  1 1.40000E+02 1.45000E+02
p-O016-MT605-Bunker-C2618004-ang-E0027.213.1971                  1 1.20000E+02 1.40000E+02
p-O016-MT605-Bunker-C2618004-ang-E0027.216.1971                  1 1.20000E+02 1.25000E+02
p-O016-MT605-Bunker-C2618004-ang-E0027.223.1971                  1 1.25000E+02 1.60000E+02
p-O016-MT605-Bunker-C2618004-ang-E0027.230.1971                  1 1.30000E+02 1.60000E+02
p-O016-MT605-Bunker-C2618004-ang-E0027.231.1971                  1 1.30000E+02 1.35000E+02
p-O016-MT605-Bunker-C2618004-ang-E0027.235.1971                  1 1.10000E+02 1.35000E+02
p-O016-MT605-Bunker-C2618004-ang-E0027.240.1971                  1 1.00000E+02 1.10000E+02
p-O016-MT605-Bunker-C2618004-ang-E0027.271.1971                  1 9.00000E+01 1.00000E+02
p-O016-MT605-Bunker-C2618004-ang-E0027.279.1971                  1 8.00000E+01 9.00000E+01
p-O016-MT605-Bunker-C2618004-ang-E0027.321.1971                  1 7.00000E+01 8.00000E+01
p-O016-MT605-Bunker-C2618004-ang-E0027.335.1971                  1 6.00000E+01 7.00000E+01
p-O016-MT605-Bunker-C2618004-ang-E0027.358.1971                  1 6.00000E+01 1.55000E+02
p-O016-MT605-Bunker-C2618004-ang-E0027.381.1971                  1 1.20000E+02 1.55000E+02
p-O016-MT605-Bunker-C2618004-ang-E0027.406.1971                  1 1.20000E+02 1.60000E+02
p-O016-MT605-Bunker-C2618004-ang-E0027.412.1971                  1 1.45000E+02 1.60000E+02
p-O016-MT605-Bunker-C2618004-ang-E0027.416.1971                  1 1.25000E+02 1.45000E+02
p-O016-MT605-Bunker-C2618004-ang-E0027.418.1971                  1 1.25000E+02 1.30000E+02
p-O016-MT605-Bunker-C2618004-ang-E0027.422.1971                  1 1.30000E+02 1.40000E+02
p-O016-MT605-Bunker-C2618004-ang-E0027.423.1971                  1 1.35000E+02 1.40000E+02
p-O016-MT605-Bunker-C2618004-ang-E0027.430.1971                  1 1.10000E+02 1.35000E+02
p-O016-MT605-Bunker-C2618004-ang-E0027.432.1971                  2 1.00000E+02 1.50000E+02
p-O016-MT605-Bunker-C2618004-ang-E0027.466.1971                  1 9.00000E+01 1.00000E+02
p-O016-MT605-Bunker-C2618004-ang-E0027.485.1971                  1 7.00000E+01 9.00000E+01
p-O016-MT605-Bunker-C2618004-ang-E0027.523.1971                  1 7.00000E+01 8.00000E+01
p-O016-MT605-Bunker-C2618004-ang-E0027.539.1971                  1 6.00000E+01 8.00000E+01
p-O016-MT605-Bunker-C2618004-ang-E0027.577.1971                  1 6.00000E+01 1.55000E+02
p-O016-MT605-Bunker-C2618004-ang-E0027.590.1971                  1 1.20000E+02 1.55000E+02
p-O016-MT605-Bunker-C2618004-ang-E0027.594.1971                  1 1.20000E+02 1.30000E+02
p-O016-MT605-Bunker-C2618004-ang-E0027.601.1971                  1 1.30000E+02 1.60000E+02
p-O016-MT605-Bunker-C2618004-ang-E0027.604.1971                  1 1.45000E+02 1.60000E+02
p-O016-MT605-Bunker-C2618004-ang-E0027.605.1971                  1 1.40000E+02 1.45000E+02
p-O016-MT605-Bunker-C2618004-ang-E0027.620.1971                  1 1.25000E+02 1.40000E+02
p-O016-MT605-Bunker-C2618004-ang-E0027.625.1971                  1 1.00000E+02 1.25000E+02
p-O016-MT605-Bunker-C2618004-ang-E0027.631.1971                  2 1.00000E+02 1.50000E+02
p-O016-MT605-Bunker-C2618004-ang-E0027.636.1971                  1 1.10000E+02 1.35000E+02
p-O016-MT605-Bunker-C2618004-ang-E0027.648.1971                  1 7.00000E+01 1.35000E+02
p-O016-MT605-Bunker-C2618004-ang-E0027.697.1971                  1 7.00000E+01 9.00000E+01
p-O016-MT605-Bunker-C2618004-ang-E0027.714.1971                  1 6.00000E+01 9.00000E+01
p-O016-MT605-Bunker-C2618004-ang-E0027.751.1971                  1 6.00000E+01 1.55000E+02
p-O016-MT605-Bunker-C2618004-ang-E0027.759.1971                  1 8.00000E+01 1.55000E+02
p-O016-MT605-Bunker-C2618004-ang-E0027.762.1971                  1 8.00000E+01 1.20000E+02
p-O016-MT605-Bunker-C2618004-ang-E0027.796.1971                  2 1.20000E+02 1.60000E+02
p-O016-MT605-Bunker-C2618004-ang-E0027.809.1971                  1 1.25000E+02 1.35000E+02
p-O016-MT605-Bunker-C2618004-ang-E0027.814.1971                  1 1.25000E+02 1.40000E+02
p-O016-MT605-Bunker-C2618004-ang-E0027.819.1971                  1 1.40000E+02 1.45000E+02
p-O016-MT605-Bunker-C2618004-ang-E0027.824.1971                  1 1.00000E+02 1.45000E+02
p-O016-MT605-Bunker-C2618004-ang-E0027.827.1971                  1 1.00000E+02 1.10000E+02
p-O016-MT605-Bunker-C2618004-ang-E0027.835.1971                  1 1.10000E+02 1.50000E+02
p-O016-MT605-Bunker-C2618004-ang-E0027.847.1971                  1 1.30000E+02 1.50000E+02
p-O016-MT605-Bunker-C2618004-ang-E0027.855.1971                  1 7.00000E+01 1.30000E+02
p-O016-MT605-Bunker-C2618004-ang-E0027.934.1971                  1 7.00000E+01 8.00000E+01
p-O016-MT605-Bunker-C2618004-ang-E0027.936.1971                  1 8.00000E+01 9.00000E+01
p-O016-MT605-Bunker-C2618004-ang-E0027.940.1971                  1 6.00000E+01 9.00000E+01
p-O016-MT605-Bunker-C2618004-ang-E0027.961.1971                  1 6.00000E+01 1.60000E+02
p-O016-MT605-Bunker-C2618004-ang-E0028.040.1971                  1 1.45000E+02 1.60000E+02
p-O016-MT605-Bunker-C2618004-ang-E0028.069.1971                  1 1.45000E+02 1.55000E+02
p-O016-MT605-Bunker-C2618004-ang-E0028.086.1971                  1 1.10000E+02 1.55000E+02
p-O016-MT605-Bunker-C2618004-ang-E0028.088.1971                  1 1.10000E+02 1.25000E+02
p-O016-MT605-Bunker-C2618004-ang-E0028.089.1971                  1 1.25000E+02 1.40000E+02
p-O016-MT605-Bunker-C2618004-ang-E0028.097.1971                  1 1.40000E+02 1.50000E+02
p-O016-MT605-Bunker-C2618004-ang-E0028.099.1971                  1 1.30000E+02 1.50000E+02
p-O016-MT605-Bunker-C2618004-ang-E0028.101.1971                  1 1.30000E+02 1.35000E+02
p-O016-MT605-Bunker-C2618004-ang-E0028.113.1971                  1 1.20000E+02 1.35000E+02
p-O016-MT605-Bunker-C2618004-ang-E0028.118.1971                  1 1.00000E+02 1.20000E+02
p-O016-MT605-Bunker-C2618004-ang-E0028.135.1971                  1 7.00000E+01 1.00000E+02
p-O016-MT605-Bunker-C2618004-ang-E0028.165.1971                  1 7.00000E+01 9.00000E+01
p-O016-MT605-Bunker-C2618004-ang-E0028.180.1971                  1 8.00000E+01 9.00000E+01
p-O016-MT605-Bunker-C2618004-ang-E0028.190.1971                  1 6.00000E+01 8.00000E+01
p-O016-MT605-Bunker-C2618004-ang-E0028.229.1971                  1 6.00000E+01 1.55000E+02
p-O016-MT605-Bunker-C2618004-ang-E0028.242.1971                  1 1.45000E+02 1.55000E+02
p-O016-MT605-Bunker-C2618004-ang-E0028.252.1971                  1 1.45000E+02 1.60000E+02
p-O016-MT605-Bunker-C2618004-ang-E0028.262.1971                  1 1.25000E+02 1.60000E+02
p-O016-MT605-Bunker-C2618004-ang-E0028.266.1971                  1 1.25000E+02 1.35000E+02
p-O016-MT605-Bunker-C2618004-ang-E0028.267.1971                  1 1.20000E+02 1.35000E+02
p-O016-MT605-Bunker-C2618004-ang-E0028.274.1971                  1 1.20000E+02 1.50000E+02
p-O016-MT605-Bunker-C2618004-ang-E0028.283.1971                  1 1.40000E+02 1.50000E+02
p-O016-MT605-Bunker-C2618004-ang-E0028.301.1971                  1 1.30000E+02 1.40000E+02
p-O016-MT605-Bunker-C2618004-ang-E0028.312.1971                  1 1.10000E+02 1.30000E+02
p-O016-MT605-Bunker-C2618004-ang-E0028.317.1971                  1 1.00000E+02 1.10000E+02
p-O016-MT605-Bunker-C2618004-ang-E0028.320.1971                  1 8.00000E+01 1.00000E+02
p-O016-MT605-Bunker-C2618004-ang-E0028.354.1971                  1 8.00000E+01 9.00000E+01
p-O016-MT605-Bunker-C2618004-ang-E0028.375.1971                  1 7.00000E+01 9.00000E+01
p-O016-MT605-Bunker-C2618004-ang-E0028.406.1971                  1 6.00000E+01 7.00000E+01
p-O016-MT605-Bunker-C2618004-ang-E0028.451.1971                  1 6.00000E+01 1.60000E+02
p-O016-MT605-Bunker-C2618004-ang-E0028.452.1971                  1 1.55000E+02 1.60000E+02
p-O016-MT605-Bunker-C2618004-ang-E0028.458.1971                  1 1.50000E+02 1.55000E+02
p-O016-MT605-Bunker-C2618004-ang-E0028.459.1971                  1 1.35000E+02 1.50000E+02
p-O016-MT605-Bunker-C2618004-ang-E0028.480.1971                  1 1.35000E+02 1.40000E+02
p-O016-MT605-Bunker-C2618004-ang-E0028.485.1971                  1 1.20000E+02 1.40000E+02
p-O016-MT605-Bunker-C2618004-ang-E0028.488.1971                  1 1.10000E+02 1.20000E+02
p-O016-MT605-Bunker-C2618004-ang-E0028.489.1971                  1 1.10000E+02 1.45000E+02
p-O016-MT605-Bunker-C2618004-ang-E0028.492.1971                  1 1.25000E+02 1.45000E+02
p-O016-MT605-Bunker-C2618004-ang-E0028.501.1971                  1 1.25000E+02 1.30000E+02
p-O016-MT605-Bunker-C2618004-ang-E0028.521.1971                  1 1.00000E+02 1.30000E+02
p-O016-MT605-Bunker-C2618004-ang-E0028.526.1971                  1 8.00000E+01 1.00000E+02
p-O016-MT605-Bunker-C2618004-ang-E0028.555.1971                  1 8.00000E+01 9.00000E+01
p-O016-MT605-Bunker-C2618004-ang-E0028.558.1971                  1 6.00000E+01 9.00000E+01
p-O016-MT605-Bunker-C2618004-ang-E0028.621.1971                  1 6.00000E+01 7.00000E+01
p-O016-MT605-Bunker-C2618004-ang-E0028.624.1971                  1 7.00000E+01 1.55000E+02
p-O016-MT605-Bunker-C2618004-ang-E0028.653.1971                  1 1.25000E+02 1.55000E+02
p-O016-MT605-Bunker-C2618004-ang-E0028.656.1971                  1 1.25000E+02 1.40000E+02
p-O016-MT605-Bunker-C2618004-ang-E0028.657.1971                  1 1.20000E+02 1.40000E+02
p-O016-MT605-Bunker-C2618004-ang-E0028.663.1971                  1 1.20000E+02 1.45000E+02
p-O016-MT605-Bunker-C2618004-ang-E0028.665.1971                  1 1.45000E+02 1.50000E+02
p-O016-MT605-Bunker-C2618004-ang-E0028.681.1971                  1 1.10000E+02 1.50000E+02
p-O016-MT605-Bunker-C2618004-ang-E0028.693.1971                  1 1.10000E+02 1.35000E+02
p-O016-MT605-Bunker-C2618004-ang-E0028.698.1971                  1 1.35000E+02 1.60000E+02
p-O016-MT605-Bunker-C2618004-ang-E0028.705.1971                  1 1.30000E+02 1.60000E+02
p-O016-MT605-Bunker-C2618004-ang-E0028.738.1971                  1 9.00000E+01 1.30000E+02
p-O016-MT605-Bunker-C2618004-ang-E0028.743.1971                  1 9.00000E+01 1.00000E+02
p-O016-MT605-Bunker-C2618004-ang-E0028.770.1971                  1 7.00000E+01 1.00000E+02
p-O016-MT605-Bunker-C2618004-ang-E0028.806.1971                  1 6.00000E+01 7.00000E+01
p-O016-MT605-Bunker-C2618004-ang-E0028.826.1971                  1 6.00000E+01 8.00000E+01
p-O016-MT605-Bunker-C2618004-ang-E0028.827.1971                  1 8.00000E+01 1.45000E+02
p-O016-MT605-Bunker-C2618004-ang-E0028.836.1971                  1 1.45000E+02 1.55000E+02
p-O016-MT605-Bunker-C2618004-ang-E0028.869.1971                  1 1.55000E+02 1.60000E+02
p-O016-MT605-Bunker-C2618004-ang-E0028.873.1971                  1 1.25000E+02 1.60000E+02
p-O016-MT605-Bunker-C2618004-ang-E0028.875.1971                  1 1.25000E+02 1.35000E+02
p-O016-MT605-Bunker-C2618004-ang-E0028.885.1971                  1 1.20000E+02 1.35000E+02
p-O016-MT605-Bunker-C2618004-ang-E0028.886.1971                  1 1.20000E+02 1.50000E+02
p-O016-MT605-Bunker-C2618004-ang-E0028.902.1971                  1 1.30000E+02 1.50000E+02
p-O016-MT605-Bunker-C2618004-ang-E0028.904.1971                  1 1.10000E+02 1.30000E+02
p-O016-MT605-Bunker-C2618004-ang-E0028.914.1971                  1 1.00000E+02 1.10000E+02
p-O016-MT605-Bunker-C2618004-ang-E0028.919.1971                  1 9.00000E+01 1.00000E+02
p-O016-MT605-Bunker-C2618004-ang-E0028.935.1971                  1 9.00000E+01 1.40000E+02
p-O016-MT605-Bunker-C2618004-ang-E0028.937.1971                  1 7.00000E+01 1.40000E+02
p-O016-MT605-Bunker-C2618004-ang-E0028.989.1971                  1 7.00000E+01 8.00000E+01
p-O016-MT605-Bunker-C2618004-ang-E0028.995.1971                  1 8.00000E+01 1.55000E+02
p-O016-MT605-Bunker-C2618004-ang-E0029.039.1971                  1 6.00000E+01 1.55000E+02
p-O016-MT605-Bunker-C2618004-ang-E0029.054.1971                  1 6.00000E+01 1.20000E+02
p-O016-MT605-Bunker-C2618004-ang-E0029.058.1971                  1 1.20000E+02 1.35000E+02
p-O016-MT605-Bunker-C2618004-ang-E0029.064.1971                  1 1.10000E+02 1.35000E+02
p-O016-MT605-Bunker-C2618004-ang-E0029.071.1971                  1 1.10000E+02 1.45000E+02
p-O016-MT605-Bunker-C2618004-ang-E0029.077.1971                  1 1.40000E+02 1.45000E+02
p-O016-MT605-Bunker-C2618004-ang-E0029.091.1971                  1 1.25000E+02 1.40000E+02
p-O016-MT605-Bunker-C2618004-ang-E0029.093.1971                  1 1.25000E+02 1.60000E+02
p-O016-MT605-Bunker-C2618004-ang-E0029.105.1971                  1 1.30000E+02 1.60000E+02
p-O016-MT605-Bunker-C2618004-ang-E0029.109.1971                  1 1.30000E+02 1.50000E+02
p-O016-MT605-Bunker-C2618004-ang-E0029.114.1971                  1 1.00000E+02 1.50000E+02
p-O016-MT605-Bunker-C2618004-ang-E0029.121.1971                  1 9.00000E+01 1.00000E+02
p-O016-MT605-Bunker-C2618004-ang-E0029.153.1971                  1 7.00000E+01 9.00000E+01
p-O016-MT605-Bunker-C2618004-ang-E0029.157.1971                  1 7.00000E+01 8.00000E+01
p-O016-MT605-Bunker-C2618004-ang-E0029.168.1971                  1 6.00000E+01 8.00000E+01
p-O016-MT605-Bunker-C2618004-ang-E0029.205.1971                  1 6.00000E+01 1.45000E+02
p-O016-MT605-Bunker-C2618004-ang-E0029.254.1971                  1 1.45000E+02 1.50000E+02
p-O016-MT605-Bunker-C2618004-ang-E0029.255.1971                  2 1.20000E+02 1.55000E+02
p-O016-MT605-Bunker-C2618004-ang-E0029.258.1971                  1 1.20000E+02 1.25000E+02
p-O016-MT605-Bunker-C2618004-ang-E0029.264.1971                  1 1.25000E+02 1.60000E+02
p-O016-MT605-Bunker-C2618004-ang-E0029.266.1971                  1 1.10000E+02 1.60000E+02
p-O016-MT605-Bunker-C2618004-ang-E0029.281.1971                  1 1.10000E+02 1.30000E+02
p-O016-MT605-Bunker-C2618004-ang-E0029.287.1971                  1 1.30000E+02 1.35000E+02
p-O016-MT605-Bunker-C2618004-ang-E0029.293.1971                  1 8.00000E+01 1.35000E+02
p-O016-MT605-Bunker-C2618004-ang-E0029.305.1971                  1 8.00000E+01 1.40000E+02
p-O016-MT605-Bunker-C2618004-ang-E0029.306.1971                  1 1.00000E+02 1.40000E+02
p-O016-MT605-Bunker-C2618004-ang-E0029.311.1971                  1 7.00000E+01 1.00000E+02
p-O016-MT605-Bunker-C2618004-ang-E0029.344.1971                  1 7.00000E+01 9.00000E+01
p-O016-MT605-Bunker-C2618004-ang-E0029.363.1971                  1 6.00000E+01 9.00000E+01
p-O016-MT605-Bunker-C2618004-ang-E0029.397.1971                  1 6.00000E+01 1.55000E+02
p-O016-MT605-Bunker-C2618004-ang-E0029.438.1971                  1 1.50000E+02 1.55000E+02
p-O016-MT605-Bunker-C2618004-ang-E0029.461.1971                  1 1.20000E+02 1.50000E+02
p-O016-MT605-Bunker-C2618004-ang-E0029.474.1971                  1 1.20000E+02 1.25000E+02
p-O016-MT605-Bunker-C2618004-ang-E0029.482.1971                  1 1.25000E+02 1.40000E+02
p-O016-MT605-Bunker-C2618004-ang-E0029.486.1971                  1 1.40000E+02 1.45000E+02
p-O016-MT605-Bunker-C2618004-ang-E0029.490.1971                  2 1.35000E+02 1.60000E+02
p-O016-MT605-Bunker-C2618004-ang-E0029.499.1971                  1 1.10000E+02 1.35000E+02
p-O016-MT605-Bunker-C2618004-ang-E0029.503.1971                  1 1.00000E+02 1.10000E+02
p-O016-MT605-Bunker-C2618004-ang-E0029.512.1971                  1 1.00000E+02 1.30000E+02
p-O016-MT605-Bunker-C2618004-ang-E0029.528.1971                  1 8.00000E+01 1.30000E+02
p-O016-MT605-Bunker-C2618004-ang-E0029.538.1971                  1 8.00000E+01 9.00000E+01
p-O016-MT605-Bunker-C2618004-ang-E0029.543.1971                  1 7.00000E+01 9.00000E+01
p-O016-MT605-Bunker-C2618004-ang-E0029.563.1971                  1 7.00000E+01 1.20000E+02
p-O016-MT605-Bunker-C2618004-ang-E0029.583.1971                  1 1.20000E+02 1.60000E+02
p-O016-MT605-Bunker-C2618004-ang-E0029.622.1971                  1 6.00000E+01 1.60000E+02
p-O016-MT605-Bunker-C2618004-ang-E0029.629.1971                  1 6.00000E+01 1.40000E+02
p-O016-MT605-Bunker-C2618004-ang-E0029.636.1971                  1 1.10000E+02 1.40000E+02
p-O016-MT605-Bunker-C2618004-ang-E0029.639.1971                  1 1.10000E+02 1.30000E+02
p-O016-MT605-Bunker-C2618004-ang-E0029.641.1971                  1 1.30000E+02 1.50000E+02
p-O016-MT605-Bunker-C2618004-ang-E0029.647.1971                  1 8.00000E+01 1.50000E+02
p-O016-MT605-Bunker-C2618004-ang-E0029.721.1971                  1 6.00000E+01 8.00000E+01
p-O016-MT605-Bunker-C2618004-ang-E0029.745.1971                  1 6.00000E+01 1.60000E+02
p-O016-MT605-Bunker-C2618004-ang-E0029.793.1971                  1 1.40000E+02 1.60000E+02
p-O016-MT605-Bunker-C2618004-ang-E0029.825.1971                  1 1.00000E+02 1.40000E+02
p-O016-MT605-Bunker-C2618004-ang-E0029.830.1971                  1 1.00000E+02 1.50000E+02
p-O016-MT605-Bunker-C2618004-ang-E0029.839.1971                  1 1.10000E+02 1.50000E+02
p-O016-MT605-Bunker-C2618004-ang-E0029.855.1971                  1 1.10000E+02 1.20000E+02
p-O016-MT605-Bunker-C2618004-ang-E0029.862.1971                  1 1.20000E+02 1.30000E+02
p-O016-MT605-Bunker-C2618004-ang-E0029.870.1971                  1 9.00000E+01 1.30000E+02
p-O016-MT605-Bunker-C2618004-ang-E0029.897.1971                  1 8.00000E+01 9.00000E+01
p-O016-MT605-Bunker-C2618004-ang-E0029.912.1971                  1 7.00000E+01 8.00000E+01
p-O016-MT605-Bunker-C2618004-ang-E0029.956.1971                  1 6.00000E+01 7.00000E+01
p-O016-MT605-Bunker-C2618004-ang-E0029.968.1971                  1 6.00000E+01 1.60000E+02
p-O016-MT605-Bunker-C2618004-ang-E0030.000.1971                  1 1.20000E+02 1.60000E+02
p-O016-MT605-Bunker-C2618004-ang-E0030.033.1971                  1 1.20000E+02 1.50000E+02
p-O016-MT605-Bunker-C2618004-ang-E0030.036.1971                  1 1.00000E+02 1.50000E+02
p-O016-MT605-Bunker-C2618004-ang-E0030.061.1971                  1 1.00000E+02 1.10000E+02
p-O016-MT605-Bunker-C2618004-ang-E0030.065.1971                  1 1.10000E+02 1.40000E+02
p-O016-MT605-Bunker-C2618004-ang-E0030.068.1971                  1 9.00000E+01 1.40000E+02
p-O016-MT605-Bunker-C2618004-ang-E0030.092.1971                  1 8.00000E+01 9.00000E+01
p-O016-MT605-Bunker-C2618004-ang-E0030.103.1971                  1 8.00000E+01 1.30000E+02
p-O016-MT605-Bunker-C2618004-ang-E0030.106.1971                  1 7.00000E+01 1.30000E+02
p-O016-MT605-Bunker-C2618004-ang-E0030.112.1971                  1 6.00000E+01 7.00000E+01
p-O016-MT605-Bunker-C2618004-ang-E0030.147.1971                  1 6.00000E+01 1.20000E+02
p-O016-MT605-Bunker-C2618004-ang-E0030.212.1971                  1 1.20000E+02 1.60000E+02
p-O016-MT605-Bunker-C2618004-ang-E0030.215.1971                  1 1.40000E+02 1.60000E+02
p-O016-MT605-Bunker-C2618004-ang-E0030.261.1971                  1 1.10000E+02 1.40000E+02
p-O016-MT605-Bunker-C2618004-ang-E0030.265.1971                  1 1.00000E+02 1.10000E+02
p-O016-MT605-Bunker-C2618004-ang-E0030.276.1971                  1 1.00000E+02 1.50000E+02
p-O016-MT605-Bunker-C2618004-ang-E0030.278.1971                  1 1.30000E+02 1.50000E+02
p-O016-MT605-Bunker-C2618004-ang-E0030.285.1971                  1 9.00000E+01 1.30000E+02
p-O016-MT605-Bunker-C2618004-ang-E0030.299.1971                  1 8.00000E+01 9.00000E+01
p-O016-MT605-Bunker-C2618004-ang-E0030.304.1971                  1 7.00000E+01 8.00000E+01
p-O016-MT605-Bunker-C2618004-ang-E0030.322.1971                  1 6.00000E+01 7.00000E+01
p-O016-MT605-Bunker-C2618004-ang-E0030.361.1971                  1 6.00000E+01 1.20000E+02
p-O016-MT605-Bunker-C2618004-ang-E0030.427.1971                  1 1.20000E+02 1.50000E+02
p-O016-MT605-Bunker-C2618004-ang-E0030.433.1971                  1 1.50000E+02 1.60000E+02
p-O016-MT605-Bunker-C2618004-ang-E0030.438.1971                  1 1.10000E+02 1.60000E+02
p-O016-MT605-Bunker-C2618004-ang-E0030.461.1971                  1 1.10000E+02 1.40000E+02
p-O016-MT605-Bunker-C2618004-ang-E0030.482.1971                  1 1.00000E+02 1.40000E+02
p-O016-MT605-Bunker-C2618004-ang-E0030.489.1971                  1 9.00000E+01 1.00000E+02
p-O016-MT605-Bunker-C2618004-ang-E0030.504.1971                  1 9.00000E+01 1.30000E+02
p-O016-MT605-Bunker-C2618004-ang-E0030.508.1971                  1 8.00000E+01 1.30000E+02
p-O016-MT605-Bunker-C2618004-ang-E0030.536.1971                  1 7.00000E+01 8.00000E+01
p-O016-MT605-Bunker-C2618004-ang-E0030.545.1971                  1 6.00000E+01 7.00000E+01
p-O016-MT605-Bunker-C2618004-ang-E0030.548.1971                  1 6.00000E+01 1.50000E+02
p-O016-MT605-Bunker-C2618004-ang-E0030.648.1971                  1 1.20000E+02 1.50000E+02
p-O016-MT605-Bunker-C2618004-ang-E0030.653.1971                  1 1.20000E+02 1.60000E+02
p-O016-MT605-Bunker-C2618004-ang-E0030.663.1971                  1 1.00000E+02 1.60000E+02
p-O016-MT605-Bunker-C2618004-ang-E0030.670.1971                  1 1.00000E+02 1.30000E+02
p-O016-MT605-Bunker-C2618004-ang-E0030.682.1971                  1 1.10000E+02 1.30000E+02
p-O016-MT605-Bunker-C2618004-ang-E0030.695.1971                  1 9.00000E+01 1.10000E+02
p-O016-MT605-Bunker-C2618004-ang-E0030.704.1971                  1 9.00000E+01 1.40000E+02
p-O016-MT605-Bunker-C2618004-ang-E0030.718.1971                  1 6.00000E+01 1.40000E+02
p-O016-MT605-Bunker-C2618004-ang-E0030.748.1971                  1 6.00000E+01 8.00000E+01
p-O016-MT605-Bunker-C2618004-ang-E0030.755.1971                  1 7.00000E+01 8.00000E+01
p-O016-MT605-Bunker-C2618004-ang-E0030.776.1971                  1 7.00000E+01 1.60000E+02
p-O016-MT605-Bunker-C2618004-ang-E0030.848.1971                  1 1.10000E+02 1.60000E+02
p-O016-MT605-Bunker-C2618004-ang-E0030.875.1971                  1 1.10000E+02 1.50000E+02
p-O016-MT605-Bunker-C2618004-ang-E0030.880.1971                  1 1.00000E+02 1.50000E+02
p-O016-MT605-Bunker-C2618004-ang-E0030.885.1971                  1 1.00000E+02 1.40000E+02
p-O016-MT605-Bunker-C2618004-ang-E0030.886.1971                  1 1.20000E+02 1.40000E+02
p-O016-MT605-Bunker-C2618004-ang-E0030.888.1971                  1 8.00000E+01 1.20000E+02
p-O016-MT605-Bunker-C2618004-ang-E0030.911.1971                  1 8.00000E+01 1.30000E+02
p-O016-MT605-Bunker-C2618004-ang-E0030.917.1971                  1 9.00000E+01 1.30000E+02
p-O016-MT605-Bunker-C2618004-ang-E0030.925.1971                  1 7.00000E+01 9.00000E+01
p-O016-MT605-Bunker-C2618004-ang-E0030.967.1971                  1 6.00000E+01 7.00000E+01
p-O016-MT605-Bunker-C2618004-ang-E0030.971.1971                  1 6.00000E+01 1.60000E+02
p-O016-MT605-Bunker-C2618004-ang-E0031.015.1971                  1 1.20000E+02 1.60000E+02
p-O016-MT605-Bunker-C2618004-ang-E0031.044.1971                  1 1.00000E+02 1.20000E+02
p-O016-MT605-Bunker-C2618004-ang-E0031.085.1971                  1 1.00000E+02 1.60000E+02
p-O016-MT605-Bunker-C2618004-ang-E0031.087.1971                  1 1.30000E+02 1.60000E+02
p-O016-MT605-Bunker-C2618004-ang-E0031.091.1971                  1 1.30000E+02 1.40000E+02
p-O016-MT605-Bunker-C2618004-ang-E0031.102.1971                  1 1.40000E+02 1.50000E+02
p-O016-MT605-Bunker-C2618004-ang-E0031.108.1971                  1 8.00000E+01 1.50000E+02
p-O016-MT605-Bunker-C2618004-ang-E0031.116.1971                  1 8.00000E+01 1.10000E+02
p-O016-MT605-Bunker-C2618004-ang-E0031.120.1971                  1 9.00000E+01 1.10000E+02
p-O016-MT605-Bunker-C2618004-ang-E0031.134.1971                  1 7.00000E+01 9.00000E+01
p-O016-MT605-Bunker-C2618004-ang-E0031.155.1971                  1 6.00000E+01 7.00000E+01
p-O016-MT605-Bunker-C2618004-ang-E0031.167.1971                  1 6.00000E+01 1.20000E+02
p-O016-MT605-Bunker-C2618004-ang-E0031.245.1971                  1 1.20000E+02 1.60000E+02
p-O016-MT605-Bunker-C2618004-ang-E0031.264.1971                  1 1.10000E+02 1.60000E+02
p-O016-MT605-Bunker-C2618004-ang-E0031.266.1971                  1 1.00000E+02 1.10000E+02
p-O016-MT605-Bunker-C2618004-ang-E0031.267.1971                  1 1.00000E+02 1.40000E+02
p-O016-MT605-Bunker-C2618004-ang-E0031.282.1971                  1 1.40000E+02 1.50000E+02
p-O016-MT605-Bunker-C2618004-ang-E0031.286.1971                  1 1.30000E+02 1.50000E+02
p-O016-MT605-Bunker-C2618004-ang-E0031.332.1971                  1 8.00000E+01 1.30000E+02
p-O016-MT605-Bunker-C2618004-ang-E0031.343.1971                  2 6.00000E+01 9.00000E+01
p-O016-MT605-Bunker-C2618004-ang-E0031.357.1971                  1 6.00000E+01 7.00000E+01
p-O016-MT605-Bunker-C2618004-ang-E0031.373.1971                  1 7.00000E+01 1.00000E+02
p-O016-MT605-Bunker-C2618004-ang-E0031.463.1971                  1 1.00000E+02 1.50000E+02
p-O016-MT605-Bunker-C2618004-ang-E0031.476.1971                  1 1.20000E+02 1.50000E+02
p-O016-MT605-Bunker-C2618004-ang-E0031.480.1971                  2 1.10000E+02 1.60000E+02
p-O016-MT605-Bunker-C2618004-ang-E0031.497.1971                  1 1.10000E+02 1.40000E+02
p-O016-MT605-Bunker-C2618004-ang-E0031.530.1971                  1 9.00000E+01 1.40000E+02
p-O016-MT605-Bunker-C2618004-ang-E0031.536.1971                  1 9.00000E+01 1.30000E+02
p-O016-MT605-Bunker-C2618004-ang-E0031.537.1971                  1 6.00000E+01 1.30000E+02
p-O016-MT605-Bunker-C2618004-ang-E0031.545.1971                  1 6.00000E+01 8.00000E+01
p-O016-MT605-Bunker-C2618004-ang-E0031.557.1971                  1 7.00000E+01 8.00000E+01
p-O016-MT605-Bunker-C2618004-ang-E0031.565.1971                  1 7.00000E+01 1.20000E+02
p-O016-MT605-Bunker-C2618004-ang-E0031.646.1971                  1 1.20000E+02 1.50000E+02
p-O016-MT605-Bunker-C2618004-ang-E0031.697.1971                  1 9.00000E+01 1.50000E+02
p-O016-MT605-Bunker-C2618004-ang-E0031.703.1971                  1 9.00000E+01 1.00000E+02
p-O016-MT605-Bunker-C2618004-ang-E0031.707.1971                  1 1.00000E+02 1.30000E+02
p-O016-MT605-Bunker-C2618004-ang-E0031.716.1971                  1 1.10000E+02 1.30000E+02
p-O016-MT605-Bunker-C2618004-ang-E0031.717.1971                  1 1.10000E+02 1.60000E+02
p-O016-MT605-Bunker-C2618004-ang-E0031.718.1971                  1 8.00000E+01 1.60000E+02
p-O016-MT605-Bunker-C2618004-ang-E0031.721.1971                  1 8.00000E+01 1.40000E+02
p-O016-MT605-Bunker-C2618004-ang-E0031.729.1971                  1 6.00000E+01 1.40000E+02
p-O016-MT605-Bunker-C2618004-ang-E0031.794.1971                  1 6.00000E+01 7.00000E+01
p-O016-MT605-Bunker-C2618004-ang-E0031.796.1971                  1 7.00000E+01 1.20000E+02
p-O016-MT605-Bunker-C2618004-ang-E0031.876.1971                  1 1.20000E+02 1.60000E+02
p-O016-MT605-Bunker-C2618004-ang-E0031.912.1971                  1 1.50000E+02 1.60000E+02
p-O016-MT605-Bunker-C2618004-ang-E0031.916.1971                  1 1.10000E+02 1.50000E+02
p-O016-MT605-Bunker-C2618004-ang-E0031.922.1971                  1 1.00000E+02 1.10000E+02
p-O016-MT605-Bunker-C2618004-ang-E0031.923.1971                  1 1.00000E+02 1.30000E+02
p-O016-MT605-Bunker-C2618004-ang-E0031.933.1971                  1 9.00000E+01 1.30000E+02
p-O016-MT605-Bunker-C2618004-ang-E0031.948.1971                  1 9.00000E+01 1.40000E+02
p-O016-MT605-Bunker-C2618004-ang-E0031.953.1971                  1 8.00000E+01 1.40000E+02
p-O016-MT605-Bunker-C2618004-ang-E0031.956.1971                  1 6.00000E+01 8.00000E+01
p-O016-MT605-Bunker-C2618004-ang-E0031.969.1971                  1 6.00000E+01 7.00000E+01
p-O016-MT605-Bunker-C2618004-ang-E0031.984.1971                  1 7.00000E+01 1.20000E+02
p-O016-MT605-Bunker-C2618004-ang-E0032.096.1971                  1 1.10000E+02 1.20000E+02
p-O016-MT605-Bunker-C2618004-ang-E0032.117.1971                  1 1.10000E+02 1.60000E+02
p-O016-MT605-Bunker-C2618004-ang-E0032.120.1971                  1 1.00000E+02 1.60000E+02
p-O016-MT605-Bunker-C2618004-ang-E0032.133.1971                  1 9.00000E+01 1.00000E+02
p-O016-MT605-Bunker-C2618004-ang-E0032.134.1971                  1 9.00000E+01 1.50000E+02
p-O016-MT605-Bunker-C2618004-ang-E0032.141.1971                  1 7.00000E+01 1.50000E+02
p-O016-MT605-Bunker-C2618004-ang-E0032.144.1971                  1 7.00000E+01 1.30000E+02
p-O016-MT605-Bunker-C2618004-ang-E0032.162.1971                  2 8.00000E+01 1.40000E+02
p-O016-MT605-Bunker-C2618004-ang-E0032.193.1971                  1 6.00000E+01 8.00000E+01
p-O016-MT605-Bunker-C2618004-ang-E0032.224.1971                  1 6.00000E+01 1.20000E+02
p-O016-MT605-Bunker-C2618004-ang-E0032.286.1971                  1 1.10000E+02 1.20000E+02
p-O016-MT605-Bunker-C2618004-ang-E0032.303.1971                  1 1.00000E+02 1.10000E+02
p-O016-MT605-Bunker-C2618004-ang-E0032.317.1971                  1 1.00000E+02 1.50000E+02
p-O016-MT605-Bunker-C2618004-ang-E0032.326.1971                  1 1.50000E+02 1.60000E+02
p-O016-MT605-Bunker-C2618004-ang-E0032.327.1971                  1 9.00000E+01 1.60000E+02
p-O016-MT605-Bunker-C2618004-ang-E0032.358.1971                  1 8.00000E+01 9.00000E+01
p-O016-MT605-Bunker-C2618004-ang-E0032.379.1971                  2 7.00000E+01 1.40000E+02
p-O016-MT605-Bunker-C2618004-ang-E0032.398.1971                  1 7.00000E+01 1.30000E+02
p-O016-MT605-Bunker-C2618004-ang-E0032.416.1971                  1 6.00000E+01 1.30000E+02
p-O016-MT605-Bunker-C2618004-ang-E0032.441.1971                  1 6.00000E+01 1.20000E+02
p-O016-MT605-Bunker-C2618004-ang-E0032.471.1971                  1 1.10000E+02 1.20000E+02
p-O016-MT605-Bunker-C2618004-ang-E0032.514.1971                  2 1.00000E+02 1.50000E+02
p-O016-MT605-Bunker-C2618004-ang-E0032.538.1971                  1 1.00000E+02 1.60000E+02
p-O016-MT605-Bunker-C2618004-ang-E0032.543.1971                  1 9.00000E+01 1.60000E+02
p-O016-MT605-Bunker-C2618004-ang-E0032.569.1971                  1 9.00000E+01 1.30000E+02
p-O016-MT605-Bunker-C2618004-ang-E0032.570.1971                  1 1.30000E+02 1.40000E+02
p-O016-MT605-Bunker-C2618004-ang-E0032.584.1971                  1 8.00000E+01 1.40000E+02
p-O016-MT605-Bunker-C2618004-ang-E0032.605.1971                  1 7.00000E+01 8.00000E+01
p-O016-MT605-Bunker-C2618004-ang-E0032.624.1971                  1 6.00000E+01 7.00000E+01
p-O016-MT605-Bunker-C2618004-ang-E0032.642.1971                  1 6.00000E+01 1.20000E+02
p-O016-MT605-Bunker-C2618004-ang-E0032.675.1971                  1 1.00000E+02 1.20000E+02
p-O016-MT605-Bunker-C2618004-ang-E0032.728.1971                  1 1.00000E+02 1.60000E+02
p-O016-MT605-Bunker-C2618004-ang-E0032.736.1971                  1 1.10000E+02 1.60000E+02
p-O016-MT605-Bunker-C2618004-ang-E0032.748.1971                  2 7.00000E+01 1.50000E+02
p-O016-MT605-Bunker-C2618004-ang-E0032.775.1971                  1 7.00000E+01 1.30000E+02
p-O016-MT605-Bunker-C2618004-ang-E0032.781.1971                  2 8.00000E+01 1.40000E+02
p-O016-MT605-Bunker-C2618004-ang-E0032.793.1971                  1 8.00000E+01 9.00000E+01
p-O016-MT605-Bunker-C2618004-ang-E0032.798.1971                  1 6.00000E+01 9.00000E+01
p-O016-MT605-Bunker-C2618004-ang-E0032.843.1971                  1 6.00000E+01 1.20000E+02
p-O016-MT605-Bunker-C2618004-ang-E0032.896.1971                  1 1.20000E+02 1.50000E+02
p-O016-MT605-Bunker-C2618004-ang-E0032.940.1971                  1 1.50000E+02 1.60000E+02
p-O016-MT605-Bunker-C2618004-ang-E0032.945.1971                  1 1.00000E+02 1.60000E+02
p-O016-MT605-Bunker-C2618004-ang-E0032.954.1971                  1 1.00000E+02 1.10000E+02
p-O016-MT605-Bunker-C2618004-ang-E0032.962.1971                  1 1.10000E+02 1.40000E+02
p-O016-MT605-Bunker-C2618004-ang-E0032.973.1971                  1 7.00000E+01 1.40000E+02
p-O016-MT605-Bunker-C2618004-ang-E0032.985.1971                  1 7.00000E+01 1.30000E+02
p-O016-MT605-Bunker-C2618004-ang-E0032.991.1971                  1 8.00000E+01 1.30000E+02
p-O016-MT605-Bunker-C2618004-ang-E0033.016.1971                  1 8.00000E+01 9.00000E+01
p-O016-MT605-Bunker-C2618004-ang-E0033.041.1971                  1 6.00000E+01 9.00000E+01
p-O016-MT605-Bunker-C2618004-ang-E0033.052.1971                  1 6.00000E+01 1.10000E+02
p-O016-MT605-Bunker-C2618004-ang-E0033.085.1971                  1 1.10000E+02 1.50000E+02
p-O016-MT605-Bunker-C2618004-ang-E0033.173.1971                  1 1.50000E+02 1.60000E+02
p-O016-MT605-Bunker-C2618004-ang-E0033.183.1971                  1 1.30000E+02 1.60000E+02
p-O016-MT605-Bunker-C2618004-ang-E0033.207.1971                  1 1.30000E+02 1.40000E+02
p-O016-MT605-Bunker-C2618004-ang-E0033.208.1971                  1 9.00000E+01 1.40000E+02
p-O016-MT605-Bunker-C2618004-ang-E0033.222.1971                  1 8.00000E+01 9.00000E+01
p-O016-MT605-Bunker-C2618004-ang-E0033.224.1971                  1 6.00000E+01 8.00000E+01
p-O016-MT605-Bunker-C2618004-ang-E0033.254.1971                  1 6.00000E+01 1.60000E+02
p-O016-MT605-Bunker-C2618004-ang-E0033.507.1971                  1 1.50000E+02 1.60000E+02
p-O016-MT605-Bunker-C2618004-ang-E0033.552.1971                  1 1.40000E+02 1.50000E+02
p-O016-MT605-Bunker-C2618004-ang-E0033.558.1971                  1 1.30000E+02 1.40000E+02
p-O016-MT605-Bunker-C2618004-ang-E0033.585.1971                  1 1.30000E+02 1.60000E+02
p-O016-MT605-Bunker-C2618004-ang-E0034.054.1971                  1 1.50000E+02 1.60000E+02
p-O016-MT605-Bunker-C2618004-ang-E0034.066.1971                  1 1.30000E+02 1.50000E+02
p-O016-MT605-Bunker-C2618004-ang-E0034.081.1971                  1 1.30000E+02 1.40000E+02
p-O016-MT605-Bunker-C2618004-ang-E0034.086.1971                  1 1.40000E+02 1.40000E+02
p-O016-MT605-Daehnick-D0498005-ang-E0015.000.1964              181 2.50000E+01 2.50000E+01
p-O016-MT605-Djalali-O0042020-ang-E0201.000.1987                12 5.99999E+00 5.99999E+00
p-O016-MT605-Greaves-O0473014-ang-E0030.400.1972                26 3.12000E+01 1.54300E+02
p-O016-MT605-Hornyak-C0899003-ang-E0019.000.1955                12 2.94030E+01 1.64653E+02
p-O016-MT605-Kawabata-E1776015-ang-E0392.000.2002                2 0.00000E+00 4.09997E+00
p-O016-MT605-Ohnuma-E1317012-ang-E0035.000.1990                 21 7.19999E+00 1.39500E+02
