#              Filename                                         N    min         max
p-S032-MT002-Abbondanno-O2264002-ang-E0004.003.1973            114 9.00000E+01 9.00000E+01
p-S032-MT002-Abbondanno-O2264003-ang-E0004.001.1973            119 1.23000E+02 1.23000E+02
p-S032-MT002-Abbondanno-O2264005-ang-E0003.999.1973            115 1.39000E+02 1.39000E+02
p-S032-MT002-Abbondanno-O2264006-ang-E0003.000.1973            114 1.65000E+02 1.65000E+02
p-S032-MT002-Abbondanno-O2264007-ang-E0005.000.1973            167 9.00000E+01 9.00000E+01
p-S032-MT002-Abbondanno-O2264008-ang-E0005.000.1973            170 1.23000E+02 1.23000E+02
p-S032-MT002-Abbondanno-O2264010-ang-E0005.001.1973            171 1.39000E+02 1.39000E+02
p-S032-MT002-Abbondanno-O2264011-ang-E0004.000.1973            171 1.65000E+02 1.65000E+02
p-S032-MT002-Abbondanno-O2264012-ang-E0004.650.1973            106 9.00000E+01 9.00000E+01
p-S032-MT002-Abbondanno-O2264013-ang-E0004.650.1973            104 1.23000E+02 1.23000E+02
p-S032-MT002-Abbondanno-O2264014-ang-E0004.650.1973            100 1.39000E+02 1.39000E+02
p-S032-MT002-Abbondanno-O2264015-ang-E0004.650.1973            103 1.65000E+02 1.65000E+02
p-S032-MT002-Alkhazov-O1255005-ang-E1000.000.1975               76 5.19999E+00 1.76000E+01
p-S032-MT002-Crawley-C0618010-ang-E0017.500.1967                16 1.50000E+01 1.30000E+02
p-S032-MT002-Crawley-C0828020-ang-E0017.500.1968                16 1.50000E+01 1.30000E+02
p-S032-MT002-Fifield-D0784002-ang-E0003.845.1974               379 8.83000E+01 8.83000E+01
p-S032-MT002-Fifield-D0784003-ang-E0003.842.1974               364 1.21700E+02 1.21700E+02
p-S032-MT002-Fifield-D0784004-ang-E0003.841.1974               320 1.41700E+02 1.41700E+02
p-S032-MT002-Fifield-D0784005-ang-E0003.844.1974               415 1.61700E+02 1.61700E+02
p-S032-MT002-Gubin-F0869004-ang-E0005.350.1974                  13 6.13000E+01 1.65700E+02
p-S032-MT002-Gubin-F0877004-ang-E0004.988.1973                  38 9.00000E+01 9.00000E+01
p-S032-MT002-Kato-E0926058-ang-E0065.000.1985                   23 1.41000E+01 8.00000E+01
p-S032-MT002-Kelly-C0145002-ang-E0317.700.1991                  19 5.09997E+00 3.94000E+01
p-S032-MT002-Oda-E2211008-ang-E0004.950.1959                    13 1.97000E+01 1.56000E+02
p-S032-MT002-Oda-E2211009-ang-E0005.150.1959                    17 1.98000E+01 1.65600E+02
p-S032-MT002-Oda-E2211010-ang-E0005.250.1959                    17 1.98000E+01 1.65800E+02
p-S032-MT002-Oda-E2211011-ang-E0005.350.1959                    17 1.99000E+01 1.64700E+02
p-S032-MT002-Oda-E2211012-ang-E0005.450.1959                    16 2.01000E+01 1.60600E+02
p-S032-MT002-Oda-E2218005-ang-E0008.000.1960                    16 2.96000E+01 1.64400E+02
p-S032-MT002-Oda-E2218005-ang-E0011.000.1960                    17 1.97000E+01 1.65100E+02
p-S032-MT002-Oda-E2218005-ang-E0014.000.1960                    20 1.97000E+01 1.64600E+02
p-S032-MT002-Olness-C0857002-ang-E0001.428.1958                  1 1.24000E+02 1.39800E+02
p-S032-MT002-Olness-C0857002-ang-E0001.433.1958                  1 1.24000E+02 1.39800E+02
p-S032-MT002-Olness-C0857002-ang-E0001.435.1958                  1 1.24000E+02 1.39800E+02
p-S032-MT002-Olness-C0857002-ang-E0001.448.1958                  1 1.24000E+02 1.39800E+02
p-S032-MT002-Olness-C0857002-ang-E0001.449.1958                  1 1.24000E+02 1.39800E+02
p-S032-MT002-Olness-C0857002-ang-E0001.467.1958                  1 1.24000E+02 1.39800E+02
p-S032-MT002-Olness-C0857002-ang-E0001.473.1958                  1 1.39800E+02 1.39800E+02
p-S032-MT002-Olness-C0857004-ang-E0001.430.1958                440 1.67400E+02 1.67400E+02
p-S032-MT002-Roy-C1332006-ang-E0015.000.1983                    32 1.75000E+01 1.43900E+02
p-S032-MT002-Roy-C1332006-ang-E0017.000.1983                    20 1.79000E+01 6.20000E+01
p-S032-MT002-Roy-C1332006-ang-E0019.000.1983                    32 1.79000E+01 1.42900E+02
p-S032-MT002-Roy-C1332006-ang-E0021.000.1983                    19 1.79000E+01 6.04000E+01
p-S032-MT002-Roy-C1332006-ang-E0023.000.1983                    32 1.79000E+01 1.43900E+02
p-S032-MT002-Roy-C1332006-ang-E0025.000.1983                    19 1.85000E+01 6.55000E+01
p-S032-MT002-Wilkerson-T0066012-ang-E0003.369.1992               1 6.16000E+01 1.21600E+02
p-S032-MT002-Wilkerson-T0066012-ang-E0003.369A001.1992           1 6.16000E+01 1.60600E+02
