#              Filename                                         N    min         max
n-Ni000-MT001-Abfalterer-13753021.2001                         467 5.29300E+00 5.59100E+02
n-Ni000-MT001-Allen-11762002.1954                              106 3.88000E-09 1.88000E-07
n-Ni000-MT001-Angeli-30141007.1971                               1 1.47000E+01 1.47000E+01
n-Ni000-MT001-Barschall-12227004.1948                           15 1.78486E-01 1.35921E+00
n-Ni000-MT001-Barschall-12227007.1948                           70 1.01510E-02 4.89139E-01
n-Ni000-MT001-Barschall-12227010.1948                           49 9.42000E-03 4.82370E-01
n-Ni000-MT001-Bratenahl-11155014.1958                            5 7.05000E+00 1.44800E+01
n-Ni000-MT001-Bratenahl-11155014A001.1958                        5 7.05000E+00 1.44800E+01
n-Ni000-MT001-Brown-11468003.1958                               91 2.06000E-09 4.25000E-07
n-Ni000-MT001-Cabe-20480013.1973                               273 9.70000E-02 1.20100E+00
n-Ni000-MT001-Cabe-20480014.1973                                22 1.07000E-01 1.17200E+00
n-Ni000-MT001-Cabe-20480015.1973                               132 1.10500E+00 6.19000E+00
n-Ni000-MT001-Cabe-22610004.1963                               165 5.00000E-01 1.20500E+00
n-Ni000-MT001-Carpenter-13850005.1959                            1 1.11000E+02 1.11000E+02
n-Ni000-MT001-Cierjacks-20012004.1968                         5115 5.00100E-01 3.19400E+01
n-Ni000-MT001-Coon-12524024.1952                                 1 1.41200E+01 1.41200E+01
n-Ni000-MT001-Dukarevich-40813043.1967                           1 1.42000E+01 1.42000E+01
n-Ni000-MT001-Fields-11260014.1947                               6 2.40000E-02 8.30000E-01
n-Ni000-MT001-Filippov-40082011.1968                            13 1.26000E-01 2.35000E+00
n-Ni000-MT001-Fosterjr-10047034.1971                           248 2.25200E+00 1.48960E+01
n-Ni000-MT001-Fosterjr-10047034A001.1971                       248 2.25200E+00 1.48960E+01
n-Ni000-MT001-Garg-10172056.1971                              1800 5.09800E-03 3.47300E-01
n-Ni000-MT001-Garg-10172056A001.1971                          1800 5.09800E-03 3.47300E-01
n-Ni000-MT001-Gatti-21070002.1954                               10 1.01000E-07 7.90000E-07
n-Ni000-MT001-Goodman-11057013.1952                              1 1.40000E+01 1.40000E+01
n-Ni000-MT001-Goodman-11057013A001.1952                          1 1.40000E+01 1.40000E+01
n-Ni000-MT001-Green-10225023.1973                              370 4.87400E-01 8.55400E+00
n-Ni000-MT001-Green-10225023A001.1973                          370 4.87400E-01 8.55400E+00
n-Ni000-MT001-Green-10225024.1973                              326 9.02300E-01 8.67100E+00
n-Ni000-MT001-Green-10225024A001.1973                          326 9.02300E-01 8.67100E+00
n-Ni000-MT001-Guenther-10593002.1976                           122 1.70000E+00 5.00000E+00
n-Ni000-MT001-Guenther-10593002A001.1976                       122 1.70000E+00 5.00000E+00
n-Ni000-MT001-Guenther-10593006.1976                           548 1.00000E-01 6.48900E-01
n-Ni000-MT001-Guenther-10593006A001.1976                       548 1.00000E-01 6.48900E-01
n-Ni000-MT001-Guenther-10593007.1976                           103 4.75000E-01 1.49300E+00
n-Ni000-MT001-Guenther-10593007A001.1976                       103 4.75000E-01 1.49300E+00
n-Ni000-MT001-Hanstein-12589007.1941                             1 9.00000E-07 9.00000E-07
n-Ni000-MT001-Havensjr-11732004.1951                            53 3.00000E-09 5.26812E-02
n-Ni000-MT001-Hibdon-11244006.1955                             190 1.70000E-04 1.60000E-01
n-Ni000-MT001-Hibdon-11261017.1949                               2 1.20000E-04 3.45000E-04
n-Ni000-MT001-Hibdon-11386009.1952                              30 1.90600E-03 4.10680E-02
n-Ni000-MT001-Hildebrand-11039018.1950                           1 4.20000E+01 4.20000E+01
n-Ni000-MT001-Hildebrand-11039018A001.1950                       1 4.20000E+01 4.20000E+01
n-Ni000-MT001-James-219470021.1975                              17 2.50000E-02 9.50000E-01
n-Ni000-MT001-James-219470022.1975                              15 2.50000E-02 9.50000E-01
n-Ni000-MT001-Koester-22217018.1990                              1 1.97000E-03 1.97000E-03
n-Ni000-MT001-Larson-12882010.1980                             685 1.99650E+00 7.98280E+01
n-Ni000-MT001-Machwe-11572020.1959                               1 3.66000E+00 3.66000E+00
n-Ni000-MT001-Malik-10501015.1970                                4 3.30000E-08 2.70000E-07
n-Ni000-MT001-Malik-10501015A001.1970                            4 3.30000E-08 2.70000E-07
n-Ni000-MT001-Mazari-30037005.1955                               7 1.30000E+01 1.62000E+01
n-Ni000-MT001-Mccallum-21122003.1960                            13 1.23700E+01 2.02000E+01
n-Ni000-MT001-Merrison-21282003.1952                           100 2.30000E-06 9.20000E-03
n-Ni000-MT001-Miller-11712003.1952                              15 8.50000E-01 3.21000E+00
n-Ni000-MT001-Nereson-11308010.1954                             30 2.70100E+00 1.30550E+01
n-Ni000-MT001-Palevsky-11355002.1954                            36 8.20000E-10 5.52000E-09
n-Ni000-MT001-Perey-10342002.1973                             3658 1.85010E-01 2.94110E+01
n-Ni000-MT001-Perey-10342002A001.1973                         3658 1.85010E-01 2.94110E+01
n-Ni000-MT001-Perey-10342003.1973                             3658 1.85020E-01 2.94170E+01
n-Ni000-MT001-Perey-10342003A001.1973                         3658 1.85020E-01 2.94170E+01
n-Ni000-MT001-Peterson-11108020.1960                             5 1.75000E+01 2.86000E+01
n-Ni000-MT001-Peterson-11108020A001.1960                         5 1.75000E+01 2.86000E+01
n-Ni000-MT001-Policroniades-31468006.1994                        6 2.98000E+00 6.71000E+00
n-Ni000-MT001-Pruitt-14661008.2020                             500 2.50475E+00 5.75160E+02
n-Ni000-MT001-Rayburn-11026023.1965                              1 1.44000E-06 1.44000E-06
n-Ni000-MT001-Rayburn-11026023A001.1965                          1 1.44000E-06 1.44000E-06
n-Ni000-MT001-Schimmerling-10082006.1973                        15 3.79000E+02 1.73100E+03
n-Ni000-MT001-Schimmerling-10082006A001.1973                    15 3.79000E+02 1.73100E+03
n-Ni000-MT001-Schwartz-10416002.1974                          3458 4.72700E-01 1.51300E+01
n-Ni000-MT001-Schwartz-10416002A001.1974                      3458 4.72700E-01 1.51300E+01
n-Ni000-MT001-Smith-10823002.1981                               59 1.35000E+00 4.23000E+00
n-Ni000-MT001-Smith-10823002A001.1981                           59 1.35000E+00 4.23000E+00
n-Ni000-MT001-Tsukada-22628011.1966                              2 3.95000E+00 4.70000E+00
n-Ni000-MT001-Tutubalin-40559006.1977                            1 1.47000E+01 1.47000E+01
