#              Filename                                         N    min         max
n-B000-MT001-Abfalterer-13753006.2001                          467 5.29300E+00 5.59100E+02
n-B000-MT001-Alsnielsen-20105005.1964                            5 5.31300E-09 1.00470E-07
n-B000-MT001-Angeli-30113003.1970                                1 1.45000E+01 1.45000E+01
n-B000-MT001-Becker-11093004.1956                               68 4.35000E+00 8.63500E+00
n-B000-MT001-Becker-11093004A001.1956                           68 4.35000E+00 8.63500E+00
n-B000-MT001-Bockelman-11048007.1951                           140 8.70000E-01 3.40700E+00
n-B000-MT001-Bockelman-11048007A001.1951                       140 8.70000E-01 3.40700E+00
n-B000-MT001-Bockelman-11208003.1950                            30 1.77000E-01 8.37000E-01
n-B000-MT001-Bockelman-11208003A001.1950                        30 1.77000E-01 8.37000E-01
n-B000-MT001-Carter-11211003.1953                               60 6.62000E-10 2.93000E-08
n-B000-MT001-Carter-11211003A001.1953                           60 6.62000E-10 2.93000E-08
n-B000-MT001-Fermi-12665002.1947                                 1 2.50000E-08 2.50000E-08
n-B000-MT001-Fermi-12665003.1947                                 1 2.50000E-08 2.50000E-08
n-B000-MT001-Fermi-12665004.1947                                 1 2.50000E-08 2.50000E-08
n-B000-MT001-Fields-11260003.1947                                5 2.40000E-02 8.30000E-01
n-B000-MT001-Fossan-11256004.1961                              180 3.31100E+00 1.53600E+01
n-B000-MT001-Fosterjr-10047008.1971                            243 2.26600E+00 1.49760E+01
n-B000-MT001-Fosterjr-10047008A001.1971                        243 2.26600E+00 1.49760E+01
n-B000-MT001-Hibdon-11244003.1955                               75 3.70000E-04 1.55000E-01
n-B000-MT001-Hibdon-11261003.1949                                2 1.20000E-04 3.45000E-04
n-B000-MT001-Hibdon-12646003.1950                                1 2.30000E-03 2.30000E-03
n-B000-MT001-Hildebrand-11039006.1950                            1 4.20000E+01 4.20000E+01
n-B000-MT001-Hildebrand-11039006A001.1950                        1 4.20000E+01 4.20000E+01
n-B000-MT001-Imhof-11235002.1962                                47 9.50100E-01 1.35000E+00
n-B000-MT001-Kondaiah-30343002.1973                              1 2.50000E-02 2.50000E-02
n-B000-MT001-Mooring-11197002.1966                              54 1.10000E-02 4.97000E-01
n-B000-MT001-Mooring-11197002A001.1966                          54 1.10000E-02 4.97000E-01
n-B000-MT001-Nereson-11016004.1954                              26 2.82000E+00 9.70000E+00
n-B000-MT001-Nereson-11016004A001.1954                          26 2.82000E+00 9.70000E+00
n-B000-MT001-Rainwater-11191002.1946                             3 3.62460E-05 2.59636E-04
n-B000-MT001-Rainwater-11191002A001.1946                         3 3.62460E-05 2.59636E-04
n-B000-MT001-Rainwater-11191003.1946                            19 5.40000E-08 1.04282E-04
n-B000-MT001-Rainwater-11191003A001.1946                        19 5.40000E-08 1.04282E-04
n-B000-MT001-Rainwater-13020002.1952                             1 2.53000E-08 2.53000E-08
n-B000-MT001-Safford-11234002.1960                              10 4.60000E-09 1.01000E-07
n-B000-MT001-Safford-11234002A001.1960                          10 4.60000E-09 1.01000E-07
n-B000-MT001-Schmitt-11245002.1960                               1 2.53000E-08 2.53000E-08
n-B000-MT001-Sutton-11262002.1947                               27 1.01000E-06 4.00000E-04
n-B000-MT001-Sutton-11262007.1947                               11 1.28100E-08 4.03800E-07
n-B000-MT001-Sutton-11262008.1947                               12 2.86900E-07 1.51500E-05
n-B000-MT001-Sutton-11262009.1947                               11 9.02400E-06 2.35300E-04
n-B000-MT001-Sutton-11262010.1947                               12 2.52300E-05 1.42400E-03
n-B000-MT001-Tsukada-20324002.1963                              66 3.23900E+00 5.11000E+00
n-B000-MT001-Zinn-11136004.1939                                  1 2.88000E+00 2.88000E+00
n-B000-MT001-Zinn-11136004A001.1939                              1 2.88000E+00 2.88000E+00
n-B000-MT001-Zubov-41227004.1961                                 4 3.25000E+00 4.52000E+00
