#              Filename                                         N    min         max
p-N015-MT002-Bashkin-C1988002-ang-E0000.949.1959               142 1.59500E+02 1.59500E+02
p-N015-MT002-Bashkin-C1988005-ang-E0000.964.1959               145 9.00000E+01 9.00000E+01
p-N015-MT002-Bashkin-C1988010-ang-E0001.750.1959                18 6.50000E+01 6.50000E+01
p-N015-MT002-Bashkin-C1988011-ang-E0001.891.1959                13 8.99000E+01 8.99000E+01
p-N015-MT002-Bashkin-C1988012-ang-E0001.761.1959                22 1.31000E+02 1.31000E+02
p-N015-MT002-Bashkin-C1988013-ang-E0001.760.1959                17 1.40100E+02 1.40100E+02
p-N015-MT002-Bashkin-C1988014-ang-E0001.753.1959                30 1.51700E+02 1.51700E+02
p-N015-MT002-Bashkin-C1988015-ang-E0001.757.1959                23 1.59400E+02 1.59400E+02
p-N015-MT002-Darden-C0827002-ang-E0002.686.1984                417 1.56600E+02 1.56600E+02
p-N015-MT002-Darden-C0827005-ang-E0002.979.1984                 14 3.90220E+01 1.68240E+02
p-N015-MT002-Darden-C0827005-ang-E0003.061.1984                 14 3.88450E+01 1.68500E+02
p-N015-MT002-Darden-C0827005-ang-E0003.245.1984                 14 3.88000E+01 1.68510E+02
p-N015-MT002-Darden-C0827005-ang-E0003.410.1984                 14 3.86360E+01 1.68370E+02
p-N015-MT002-Darden-C0827005-ang-E0003.636.1984                 14 3.70890E+01 1.68620E+02
p-N015-MT002-Darden-C0827005-ang-E0004.526.1984                 14 3.69610E+01 1.65000E+02
p-N015-MT002-Darden-C0827005-ang-E0004.812.1984                 14 3.69610E+01 1.65000E+02
p-N015-MT002-Darden-C0827005-ang-E0005.085.1984                 14 3.69720E+01 1.64320E+02
p-N015-MT002-Darden-C0827005-ang-E0005.327.1984                 14 3.67010E+01 1.64980E+02
p-N015-MT002-Darden-C0827005-ang-E0005.722.1984                 14 3.67010E+01 1.65090E+02
p-N015-MT002-Darden-C0827005-ang-E0005.866.1984                 14 3.71120E+01 1.65760E+02
p-N015-MT002-Darden-C0827005-ang-E0006.129.1984                 14 3.71600E+01 1.65820E+02
p-N015-MT002-Darden-C0827005-ang-E0006.352.1984                 14 3.72460E+01 1.65740E+02
p-N015-MT002-Darden-C0827005-ang-E0006.585.1984                 14 3.72460E+01 1.65510E+02
p-N015-MT002-Darden-C0827005-ang-E0006.940.1984                 14 3.75960E+01 1.66220E+02
p-N015-MT002-Dearnaley-O1939002-ang-E0001.190.1962               1 8.62000E+01 1.22400E+02
p-N015-MT002-Dearnaley-O1939002-ang-E0001.200.1962               1 6.66000E+01 1.22400E+02
p-N015-MT002-Dearnaley-O1939002-ang-E0001.210.1962               1 6.66000E+01 8.62000E+01
p-N015-MT002-Dearnaley-O1939002-ang-E0001.220.1962               3 8.62000E+01 1.38200E+02
p-N015-MT002-Dearnaley-O1939002-ang-E0001.240.1962               1 1.22400E+02 1.38200E+02
p-N015-MT002-Dearnaley-O1939002-ang-E0001.260.1962               1 8.62000E+01 1.38200E+02
p-N015-MT002-Dearnaley-O1939002-ang-E0001.270.1962               2 6.66000E+01 1.22400E+02
p-N015-MT002-Dearnaley-O1939002-ang-E0001.300.1962               2 6.66000E+01 1.38200E+02
p-N015-MT002-Fabrici-O1198007-ang-E0034.900.1980                28 1.00000E+01 1.65000E+02
p-N015-MT002-Fabrici-O1199002-ang-E0018.000.1980               336 1.50000E+01 1.65600E+02
p-N015-MT002-Frawley-D0460004-ang-E0002.878.1978                 1 5.17000E+01 1.22000E+02
p-N015-MT002-Frawley-D0460004-ang-E0002.880.1978                 1 6.66000E+01 1.22000E+02
p-N015-MT002-Frawley-D0460004-ang-E0002.881.1978                 1 6.66000E+01 1.12000E+02
p-N015-MT002-Frawley-D0460004-ang-E0002.881A001.1978             1 1.12000E+02 1.35000E+02
p-N015-MT002-Frawley-D0460004-ang-E0002.881A002.1978             1 7.50000E+01 1.35000E+02
p-N015-MT002-Frawley-D0460004-ang-E0002.882.1978                 1 7.50000E+01 1.05000E+02
p-N015-MT002-Frawley-D0460004-ang-E0002.889.1978                 1 1.05000E+02 1.40000E+02
p-N015-MT002-Frawley-D0460004-ang-E0002.891.1978                 1 8.72000E+01 1.40000E+02
p-N015-MT002-Frawley-D0460004-ang-E0002.891A001.1978             1 8.72000E+01 1.65000E+02
p-N015-MT002-Frawley-D0460004-ang-E0002.892.1978                 1 1.12000E+02 1.65000E+02
p-N015-MT002-Frawley-D0460004-ang-E0002.892A001.1978             1 1.12000E+02 1.22000E+02
p-N015-MT002-Frawley-D0460004-ang-E0002.896.1978                 1 5.17000E+01 1.22000E+02
p-N015-MT002-Frawley-D0460004-ang-E0002.897.1978                 2 5.17000E+01 1.38200E+02
p-N015-MT002-Frawley-D0460004-ang-E0002.898.1978                 1 6.66000E+01 8.62000E+01
p-N015-MT002-Frawley-D0460004-ang-E0002.898A001.1978             1 6.66000E+01 7.50000E+01
p-N015-MT002-Frawley-D0460004-ang-E0002.900.1978                 1 7.50000E+01 1.12000E+02
p-N015-MT002-Frawley-D0460004-ang-E0002.912.1978                 1 1.12000E+02 1.20000E+02
p-N015-MT002-Frawley-D0460004-ang-E0002.912A001.1978             1 5.17000E+01 1.20000E+02
p-N015-MT002-Frawley-D0460004-ang-E0002.916.1978                 1 5.17000E+01 1.38200E+02
p-N015-MT002-Frawley-D0460004-ang-E0002.917.1978                 1 1.35000E+02 1.38200E+02
p-N015-MT002-Frawley-D0460004-ang-E0002.917A001.1978             1 6.66000E+01 1.35000E+02
p-N015-MT002-Frawley-D0460004-ang-E0002.918.1978                 1 6.66000E+01 1.22000E+02
p-N015-MT002-Frawley-D0460004-ang-E0002.918A001.1978             1 8.62000E+01 1.22000E+02
p-N015-MT002-Frawley-D0460004-ang-E0002.919.1978                 1 7.50000E+01 8.62000E+01
p-N015-MT002-Frawley-D0460004-ang-E0002.920.1978                 1 7.50000E+01 8.72000E+01
p-N015-MT002-Frawley-D0460004-ang-E0002.922.1978                 2 8.72000E+01 1.40000E+02
p-N015-MT002-Frawley-D0460004-ang-E0002.925.1978                 1 9.00000E+01 1.65000E+02
p-N015-MT002-Frawley-D0460004-ang-E0002.926.1978                 1 1.05000E+02 1.65000E+02
p-N015-MT002-Frawley-D0460004-ang-E0002.927.1978                 1 1.05000E+02 1.12000E+02
p-N015-MT002-Frawley-D0460004-ang-E0002.932.1978                 1 5.17000E+01 1.12000E+02
p-N015-MT002-Frawley-D0460004-ang-E0002.935.1978                 1 5.17000E+01 1.38200E+02
p-N015-MT002-Frawley-D0460004-ang-E0002.937.1978                 1 1.22000E+02 1.38200E+02
p-N015-MT002-Frawley-D0460004-ang-E0002.938.1978                 1 6.66000E+01 1.22000E+02
p-N015-MT002-Frawley-D0460004-ang-E0002.939.1978                 1 6.66000E+01 7.50000E+01
p-N015-MT002-Frawley-D0460004-ang-E0002.940.1978                 1 7.50000E+01 8.62000E+01
p-N015-MT002-Frawley-D0460004-ang-E0002.940A001.1978             1 8.62000E+01 1.20000E+02
p-N015-MT002-Frawley-D0460004-ang-E0002.947.1978                 1 1.12000E+02 1.20000E+02
p-N015-MT002-Frawley-D0460004-ang-E0002.954.1978                 1 1.12000E+02 1.22000E+02
p-N015-MT002-Frawley-D0460004-ang-E0002.955.1978                 1 6.66000E+01 1.22000E+02
p-N015-MT002-Frawley-D0460004-ang-E0002.956.1978                 1 5.17000E+01 6.66000E+01
p-N015-MT002-Frawley-D0460004-ang-E0002.956A001.1978             1 5.17000E+01 1.38200E+02
p-N015-MT002-Frawley-D0460004-ang-E0002.958.1978                 1 8.62000E+01 1.38200E+02
p-N015-MT002-Frawley-D0460004-ang-E0002.960.1978                 1 7.50000E+01 8.62000E+01
p-N015-MT002-Frawley-D0460004-ang-E0002.960A001.1978             1 7.50000E+01 1.35000E+02
p-N015-MT002-Frawley-D0460004-ang-E0002.961.1978                 1 8.72000E+01 1.35000E+02
p-N015-MT002-Frawley-D0460004-ang-E0002.962.1978                 1 8.72000E+01 9.00000E+01
p-N015-MT002-Frawley-D0460004-ang-E0002.964.1978                 1 9.00000E+01 1.40000E+02
p-N015-MT002-Frawley-D0460004-ang-E0002.965.1978                 1 1.40000E+02 1.65000E+02
p-N015-MT002-Frawley-D0460004-ang-E0002.965A001.1978             1 1.05000E+02 1.65000E+02
p-N015-MT002-Frawley-D0460004-ang-E0002.965A002.1978             1 1.05000E+02 1.12000E+02
p-N015-MT002-Frawley-D0460004-ang-E0002.973.1978                 1 5.17000E+01 1.12000E+02
p-N015-MT002-Frawley-D0460004-ang-E0002.974.1978                 1 5.17000E+01 6.66000E+01
p-N015-MT002-Frawley-D0460004-ang-E0002.975.1978                 1 6.66000E+01 7.50000E+01
p-N015-MT002-Frawley-D0460004-ang-E0002.976.1978                 1 7.50000E+01 1.22000E+02
p-N015-MT002-Frawley-D0460004-ang-E0002.979.1978                 1 9.00000E+01 1.22000E+02
p-N015-MT002-Frawley-D0460004-ang-E0002.979A001.1978             1 9.00000E+01 1.38200E+02
p-N015-MT002-Frawley-D0460004-ang-E0002.980.1978                 1 8.62000E+01 1.38200E+02
p-N015-MT002-Frawley-D0460004-ang-E0002.980A001.1978             1 8.62000E+01 1.35000E+02
p-N015-MT002-Frawley-D0460004-ang-E0002.984.1978                 1 5.17000E+01 1.35000E+02
p-N015-MT002-Frawley-D0460004-ang-E0002.993.1978                 1 5.17000E+01 6.66000E+01
p-N015-MT002-Frawley-D0460004-ang-E0002.994.1978                 1 6.66000E+01 1.20000E+02
p-N015-MT002-Frawley-D0460004-ang-E0002.996.1978                 1 7.50000E+01 1.20000E+02
p-N015-MT002-Frawley-D0460004-ang-E0002.997.1978                 1 7.50000E+01 1.35000E+02
p-N015-MT002-Frawley-D0460004-ang-E0002.998.1978                 1 1.35000E+02 1.38200E+02
p-N015-MT002-Frawley-D0460004-ang-E0002.999.1978                 1 1.38200E+02 1.40000E+02
p-N015-MT002-Frawley-D0460004-ang-E0003.000.1978                 1 8.62000E+01 1.40000E+02
p-N015-MT002-Frawley-D0460004-ang-E0003.001.1978                 1 8.62000E+01 1.65000E+02
p-N015-MT002-Frawley-D0460004-ang-E0003.002.1978                 1 1.05000E+02 1.65000E+02
p-N015-MT002-Frawley-D0460004-ang-E0003.003.1978                 1 8.72000E+01 1.05000E+02
p-N015-MT002-Frawley-D0460004-ang-E0003.003A001.1978             2 7.50000E+01 9.00000E+01
p-N015-MT002-Frawley-D0460004-ang-E0003.010.1978                 1 7.50000E+01 1.12000E+02
p-N015-MT002-Frawley-D0460004-ang-E0003.013.1978                 1 5.17000E+01 1.12000E+02
p-N015-MT002-Frawley-D0460004-ang-E0003.014.1978                 1 5.17000E+01 1.12000E+02
p-N015-MT002-Frawley-D0460004-ang-E0003.014A001.1978             1 1.12000E+02 1.38200E+02
p-N015-MT002-Frawley-D0460004-ang-E0003.016.1978                 1 1.22000E+02 1.38200E+02
p-N015-MT002-Frawley-D0460004-ang-E0003.017.1978                 1 7.50000E+01 1.22000E+02
p-N015-MT002-Frawley-D0460004-ang-E0003.017A001.1978             1 6.66000E+01 7.50000E+01
p-N015-MT002-Frawley-D0460004-ang-E0003.018.1978                 1 6.66000E+01 7.50000E+01
p-N015-MT002-Frawley-D0460004-ang-E0003.019.1978                 1 7.50000E+01 8.62000E+01
p-N015-MT002-Frawley-D0460004-ang-E0003.021.1978                 1 5.17000E+01 8.62000E+01
p-N015-MT002-Frawley-D0460004-ang-E0003.034.1978                 1 5.17000E+01 1.12000E+02
p-N015-MT002-Frawley-D0460004-ang-E0003.035.1978                 2 6.66000E+01 1.20000E+02
p-N015-MT002-Frawley-D0460004-ang-E0003.036.1978                 1 6.66000E+01 7.50000E+01
p-N015-MT002-Frawley-D0460004-ang-E0003.037.1978                 1 7.50000E+01 1.22000E+02
p-N015-MT002-Frawley-D0460004-ang-E0003.038.1978                 1 1.22000E+02 1.35000E+02
p-N015-MT002-Frawley-D0460004-ang-E0003.039.1978                 1 1.35000E+02 1.38200E+02
p-N015-MT002-Frawley-D0460004-ang-E0003.039A001.1978             1 8.72000E+01 1.38200E+02
p-N015-MT002-Frawley-D0460004-ang-E0003.040.1978                 1 8.72000E+01 1.05000E+02
p-N015-MT002-Frawley-D0460004-ang-E0003.040A001.1978             1 8.62000E+01 1.05000E+02
p-N015-MT002-Frawley-D0460004-ang-E0003.041.1978                 1 8.62000E+01 9.00000E+01
p-N015-MT002-Frawley-D0460004-ang-E0003.041A001.1978             1 9.00000E+01 1.40000E+02
p-N015-MT002-Frawley-D0460004-ang-E0003.042.1978                 1 1.40000E+02 1.65000E+02
p-N015-MT002-Frawley-D0460004-ang-E0003.043.1978                 1 5.17000E+01 1.65000E+02
p-N015-MT002-Frawley-D0460004-ang-E0003.054.1978                 1 5.17000E+01 7.50000E+01
p-N015-MT002-Frawley-D0460004-ang-E0003.057.1978                 1 7.50000E+01 1.12000E+02
p-N015-MT002-Frawley-D0460004-ang-E0003.057A001.1978             1 6.66000E+01 1.12000E+02
p-N015-MT002-Frawley-D0460004-ang-E0003.057A002.1978             1 6.66000E+01 1.38200E+02
p-N015-MT002-Frawley-D0460004-ang-E0003.058.1978                 1 1.22000E+02 1.38200E+02
p-N015-MT002-Frawley-D0460004-ang-E0003.059.1978                 1 8.62000E+01 1.22000E+02
p-N015-MT002-Frawley-D0460004-ang-E0003.059A001.1978             1 8.62000E+01 1.12000E+02
p-N015-MT002-Frawley-D0460004-ang-E0003.073.1978                 1 5.17000E+01 1.12000E+02
p-N015-MT002-Frawley-D0460004-ang-E0003.073A001.1978             1 5.17000E+01 6.66000E+01
p-N015-MT002-Frawley-D0460004-ang-E0003.076.1978                 1 6.66000E+01 1.20000E+02
p-N015-MT002-Frawley-D0460004-ang-E0003.077.1978                 1 1.20000E+02 1.40000E+02
p-N015-MT002-Frawley-D0460004-ang-E0003.078.1978                 1 1.38200E+02 1.40000E+02
p-N015-MT002-Frawley-D0460004-ang-E0003.078A001.1978             1 8.62000E+01 1.38200E+02
p-N015-MT002-Frawley-D0460004-ang-E0003.078A002.1978             1 8.62000E+01 8.72000E+01
p-N015-MT002-Frawley-D0460004-ang-E0003.079.1978                 1 7.50000E+01 8.72000E+01
p-N015-MT002-Frawley-D0460004-ang-E0003.079A001.1978             1 7.50000E+01 1.22000E+02
p-N015-MT002-Frawley-D0460004-ang-E0003.080.1978                 2 1.22000E+02 1.65000E+02
p-N015-MT002-Frawley-D0460004-ang-E0003.081.1978                 1 9.00000E+01 1.65000E+02
p-N015-MT002-Frawley-D0460004-ang-E0003.082.1978                 1 9.00000E+01 1.05000E+02
p-N015-MT002-Frawley-D0460004-ang-E0003.083.1978                 1 5.17000E+01 1.05000E+02
p-N015-MT002-Frawley-D0460004-ang-E0003.092.1978                 1 5.17000E+01 1.12000E+02
p-N015-MT002-Frawley-D0460004-ang-E0003.093.1978                 1 6.66000E+01 1.12000E+02
p-N015-MT002-Frawley-D0460004-ang-E0003.095.1978                 1 6.66000E+01 7.50000E+01
p-N015-MT002-Frawley-D0460004-ang-E0003.095A001.1978             2 7.50000E+01 1.38200E+02
p-N015-MT002-Frawley-D0460004-ang-E0003.098.1978                 1 8.62000E+01 1.22000E+02
p-N015-MT002-Frawley-D0460004-ang-E0003.100.1978                 1 5.17000E+01 8.62000E+01
p-N015-MT002-Frawley-D0460004-ang-E0003.112.1978                 1 5.17000E+01 6.66000E+01
p-N015-MT002-Frawley-D0460004-ang-E0003.116.1978                 1 6.66000E+01 1.12000E+02
p-N015-MT002-Frawley-D0460004-ang-E0003.116A001.1978             2 7.50000E+01 1.20000E+02
p-N015-MT002-Frawley-D0460004-ang-E0003.116A002.1978             1 7.50000E+01 1.38200E+02
p-N015-MT002-Frawley-D0460004-ang-E0003.117.1978                 1 1.22000E+02 1.38200E+02
p-N015-MT002-Frawley-D0460004-ang-E0003.119.1978                 1 8.62000E+01 1.22000E+02
p-N015-MT002-Frawley-D0460004-ang-E0003.120.1978                 1 8.62000E+01 1.40000E+02
p-N015-MT002-Frawley-D0460004-ang-E0003.121.1978                 1 1.35000E+02 1.40000E+02
p-N015-MT002-Frawley-D0460004-ang-E0003.121A001.1978             1 1.05000E+02 1.35000E+02
p-N015-MT002-Frawley-D0460004-ang-E0003.122.1978                 1 1.05000E+02 1.65000E+02
p-N015-MT002-Frawley-D0460004-ang-E0003.122A001.1978             1 9.00000E+01 1.65000E+02
p-N015-MT002-Frawley-D0460004-ang-E0003.122A002.1978             1 8.72000E+01 9.00000E+01
p-N015-MT002-Frawley-D0460004-ang-E0003.122A003.1978             1 5.17000E+01 8.72000E+01
p-N015-MT002-Frawley-D0460004-ang-E0003.132.1978                 1 5.17000E+01 6.66000E+01
p-N015-MT002-Frawley-D0460004-ang-E0003.134.1978                 1 6.66000E+01 1.12000E+02
p-N015-MT002-Frawley-D0460004-ang-E0003.136.1978                 1 7.50000E+01 1.12000E+02
p-N015-MT002-Frawley-D0460004-ang-E0003.136A001.1978             1 7.50000E+01 1.38200E+02
p-N015-MT002-Frawley-D0460004-ang-E0003.137.1978                 1 1.22000E+02 1.38200E+02
p-N015-MT002-Frawley-D0460004-ang-E0003.139.1978                 1 8.62000E+01 1.22000E+02
p-N015-MT002-Frawley-D0460004-ang-E0003.141.1978                 1 5.17000E+01 8.62000E+01
p-N015-MT002-Frawley-D0460004-ang-E0003.151.1978                 1 5.17000E+01 6.66000E+01
p-N015-MT002-Frawley-D0460004-ang-E0003.153.1978                 1 6.66000E+01 1.12000E+02
p-N015-MT002-Frawley-D0460004-ang-E0003.156.1978                 1 7.50000E+01 1.12000E+02
p-N015-MT002-Frawley-D0460004-ang-E0003.156A001.1978             1 7.50000E+01 1.20000E+02
p-N015-MT002-Frawley-D0460004-ang-E0003.157.1978                 1 1.20000E+02 1.38200E+02
p-N015-MT002-Frawley-D0460004-ang-E0003.157A001.1978             1 1.05000E+02 1.38200E+02
p-N015-MT002-Frawley-D0460004-ang-E0003.158.1978                 1 1.05000E+02 1.22000E+02
p-N015-MT002-Frawley-D0460004-ang-E0003.158A001.1978             1 8.72000E+01 1.22000E+02
p-N015-MT002-Frawley-D0460004-ang-E0003.159.1978                 1 8.72000E+01 1.35000E+02
p-N015-MT002-Frawley-D0460004-ang-E0003.160.1978                 1 1.35000E+02 1.40000E+02
p-N015-MT002-Frawley-D0460004-ang-E0003.161.1978                 1 8.62000E+01 1.40000E+02
p-N015-MT002-Frawley-D0460004-ang-E0003.161A001.1978             1 8.62000E+01 9.00000E+01
p-N015-MT002-Frawley-D0460004-ang-E0003.161A002.1978             1 9.00000E+01 1.65000E+02
p-N015-MT002-Frawley-D0460004-ang-E0003.162.1978                 1 5.17000E+01 1.65000E+02
p-N015-MT002-Frawley-D0460004-ang-E0003.172.1978                 2 5.17000E+01 7.50000E+01
p-N015-MT002-Frawley-D0460004-ang-E0003.175.1978                 1 7.50000E+01 1.12000E+02
p-N015-MT002-Frawley-D0460004-ang-E0003.177.1978                 1 1.12000E+02 1.38200E+02
p-N015-MT002-Frawley-D0460004-ang-E0003.177A001.1978             1 1.22000E+02 1.38200E+02
p-N015-MT002-Frawley-D0460004-ang-E0003.178.1978                 1 8.62000E+01 1.22000E+02
p-N015-MT002-Frawley-D0460004-ang-E0003.179.1978                 1 5.17000E+01 8.62000E+01
p-N015-MT002-Frawley-D0460004-ang-E0003.192.1978                 1 5.17000E+01 6.66000E+01
p-N015-MT002-Frawley-D0460004-ang-E0003.194.1978                 1 6.66000E+01 1.35000E+02
p-N015-MT002-Frawley-D0460004-ang-E0003.197.1978                 1 1.05000E+02 1.35000E+02
p-N015-MT002-Frawley-D0460004-ang-E0003.197A001.1978             1 7.50000E+01 1.05000E+02
p-N015-MT002-Frawley-D0460004-ang-E0003.197A002.1978             1 7.50000E+01 1.40000E+02
p-N015-MT002-Frawley-D0460004-ang-E0003.197A003.1978             1 1.12000E+02 1.40000E+02
p-N015-MT002-Frawley-D0460004-ang-E0003.198.1978                 1 1.12000E+02 1.65000E+02
p-N015-MT002-Frawley-D0460004-ang-E0003.198A001.1978             1 1.20000E+02 1.65000E+02
p-N015-MT002-Frawley-D0460004-ang-E0003.199.1978                 1 1.20000E+02 1.22000E+02
p-N015-MT002-Frawley-D0460004-ang-E0003.199A001.1978             1 8.62000E+01 1.22000E+02
p-N015-MT002-Frawley-D0460004-ang-E0003.201.1978                 1 8.62000E+01 8.72000E+01
p-N015-MT002-Frawley-D0460004-ang-E0003.201A001.1978             1 8.72000E+01 9.00000E+01
p-N015-MT002-Frawley-D0460004-ang-E0003.203.1978                 1 5.17000E+01 9.00000E+01
p-N015-MT002-Frawley-D0460004-ang-E0003.211.1978                 1 5.17000E+01 6.66000E+01
p-N015-MT002-Frawley-D0460004-ang-E0003.213.1978                 1 6.66000E+01 1.12000E+02
p-N015-MT002-Frawley-D0460004-ang-E0003.216.1978                 1 7.50000E+01 1.12000E+02
p-N015-MT002-Frawley-D0460004-ang-E0003.218.1978                 1 7.50000E+01 8.62000E+01
p-N015-MT002-Frawley-D0460004-ang-E0003.219.1978                 1 8.62000E+01 1.22000E+02
p-N015-MT002-Frawley-D0460004-ang-E0003.221.1978                 1 5.17000E+01 1.22000E+02
p-N015-MT002-Frawley-D0460004-ang-E0003.229.1978                 1 5.17000E+01 6.66000E+01
p-N015-MT002-Frawley-D0460004-ang-E0003.232.1978                 1 6.66000E+01 7.50000E+01
p-N015-MT002-Frawley-D0460004-ang-E0003.234.1978                 1 7.50000E+01 1.12000E+02
p-N015-MT002-Frawley-D0460004-ang-E0003.237.1978                 3 8.72000E+01 1.65000E+02
p-N015-MT002-Frawley-D0460004-ang-E0003.238.1978                 1 8.72000E+01 1.05000E+02
p-N015-MT002-Frawley-D0460004-ang-E0003.238A001.1978             1 1.05000E+02 1.22000E+02
p-N015-MT002-Frawley-D0460004-ang-E0003.238A002.1978             1 9.00000E+01 1.22000E+02
p-N015-MT002-Frawley-D0460004-ang-E0003.239.1978                 1 9.00000E+01 1.35000E+02
p-N015-MT002-Frawley-D0460004-ang-E0003.241.1978                 2 8.62000E+01 1.40000E+02
p-N015-MT002-Frawley-D0460004-ang-E0003.241A001.1978             1 5.17000E+01 8.62000E+01
p-N015-MT002-Frawley-D0460004-ang-E0003.250.1978                 1 5.17000E+01 1.40000E+02
p-N015-MT002-Frawley-D0460004-ang-E0003.251.1978                 1 6.66000E+01 1.40000E+02
p-N015-MT002-Frawley-D0460004-ang-E0003.253.1978                 1 6.66000E+01 1.35000E+02
p-N015-MT002-Frawley-D0460004-ang-E0003.254.1978                 1 1.35000E+02 1.38200E+02
p-N015-MT002-Frawley-D0460004-ang-E0003.256.1978                 1 7.50000E+01 1.38200E+02
p-N015-MT002-Frawley-D0460004-ang-E0003.257.1978                 1 7.50000E+01 1.22000E+02
p-N015-MT002-Frawley-D0460004-ang-E0003.258.1978                 1 8.62000E+01 1.22000E+02
p-N015-MT002-Frawley-D0460004-ang-E0003.258A001.1978             1 8.62000E+01 1.12000E+02
p-N015-MT002-Frawley-D0460004-ang-E0003.259.1978                 1 1.12000E+02 1.20000E+02
p-N015-MT002-Frawley-D0460004-ang-E0003.262.1978                 1 9.00000E+01 1.20000E+02
p-N015-MT002-Frawley-D0460004-ang-E0003.263.1978                 1 9.00000E+01 1.65000E+02
p-N015-MT002-Frawley-D0460004-ang-E0003.264.1978                 1 7.50000E+01 1.65000E+02
p-N015-MT002-Frawley-D0460004-ang-E0003.270.1978                 1 7.50000E+01 1.38200E+02
p-N015-MT002-Frawley-D0460004-ang-E0003.270A001.1978             1 5.17000E+01 1.38200E+02
p-N015-MT002-Frawley-D0460004-ang-E0003.271.1978                 1 5.17000E+01 1.65000E+02
p-N015-MT002-Frawley-D0460004-ang-E0003.272.1978                 1 1.35000E+02 1.65000E+02
p-N015-MT002-Frawley-D0460004-ang-E0003.273.1978                 1 6.66000E+01 1.35000E+02
p-N015-MT002-Frawley-D0460004-ang-E0003.273A001.1978             1 6.66000E+01 1.12000E+02
p-N015-MT002-Frawley-D0460004-ang-E0003.274.1978                 1 8.72000E+01 1.12000E+02
p-N015-MT002-Frawley-D0460004-ang-E0003.276.1978                 1 8.62000E+01 8.72000E+01
p-N015-MT002-Frawley-D0460004-ang-E0003.277.1978                 1 8.62000E+01 1.35000E+02
p-N015-MT002-Frawley-D0460004-ang-E0003.278.1978                 1 1.05000E+02 1.35000E+02
p-N015-MT002-Frawley-D0460004-ang-E0003.278A001.1978             1 1.05000E+02 1.40000E+02
p-N015-MT002-Frawley-D0460004-ang-E0003.278A002.1978             1 7.50000E+01 1.40000E+02
p-N015-MT002-Frawley-D0460004-ang-E0003.279.1978                 1 7.50000E+01 1.20000E+02
p-N015-MT002-Frawley-D0460004-ang-E0003.280.1978                 1 1.20000E+02 1.22000E+02
p-N015-MT002-Frawley-D0460004-ang-E0003.280A001.1978             1 9.00000E+01 1.22000E+02
p-N015-MT002-Frawley-D0460004-ang-E0003.281.1978                 1 9.00000E+01 1.65000E+02
p-N015-MT002-Frawley-D0460004-ang-E0003.282.1978                 1 5.17000E+01 1.65000E+02
p-N015-MT002-Frawley-D0460004-ang-E0003.287.1978                 1 5.17000E+01 7.50000E+01
p-N015-MT002-Frawley-D0460004-ang-E0003.290.1978                 1 7.50000E+01 1.20000E+02
p-N015-MT002-Frawley-D0460004-ang-E0003.290A001.1978             1 6.66000E+01 1.20000E+02
p-N015-MT002-Frawley-D0460004-ang-E0003.290A002.1978             1 6.66000E+01 7.50000E+01
p-N015-MT002-Frawley-D0460004-ang-E0003.293.1978                 1 7.50000E+01 1.38200E+02
p-N015-MT002-Frawley-D0460004-ang-E0003.295.1978                 1 1.12000E+02 1.38200E+02
p-N015-MT002-Frawley-D0460004-ang-E0003.295A001.1978             1 8.62000E+01 1.12000E+02
p-N015-MT002-Frawley-D0460004-ang-E0003.295A002.1978             1 8.62000E+01 1.35000E+02
p-N015-MT002-Frawley-D0460004-ang-E0003.300.1978                 1 7.50000E+01 1.35000E+02
p-N015-MT002-Frawley-D0460004-ang-E0003.301.1978                 1 7.50000E+01 1.22000E+02
p-N015-MT002-Frawley-D0460004-ang-E0003.301A001.1978             1 5.17000E+01 1.22000E+02
p-N015-MT002-Frawley-D0460004-ang-E0003.310.1978                 1 5.17000E+01 7.50000E+01
p-N015-MT002-Frawley-D0460004-ang-E0003.311.1978                 1 6.66000E+01 7.50000E+01
p-N015-MT002-Frawley-D0460004-ang-E0003.312.1978                 1 6.66000E+01 1.38200E+02
p-N015-MT002-Frawley-D0460004-ang-E0003.316.1978                 1 8.62000E+01 1.38200E+02
p-N015-MT002-Frawley-D0460004-ang-E0003.316A001.1978             1 8.62000E+01 1.12000E+02
p-N015-MT002-Frawley-D0460004-ang-E0003.316A002.1978             1 1.05000E+02 1.12000E+02
p-N015-MT002-Frawley-D0460004-ang-E0003.316A003.1978             1 1.05000E+02 1.22000E+02
p-N015-MT002-Frawley-D0460004-ang-E0003.317.1978                 1 9.00000E+01 1.22000E+02
p-N015-MT002-Frawley-D0460004-ang-E0003.318.1978                 2 8.72000E+01 1.20000E+02
p-N015-MT002-Frawley-D0460004-ang-E0003.319.1978                 1 8.72000E+01 1.40000E+02
p-N015-MT002-Frawley-D0460004-ang-E0003.319A001.1978             1 1.35000E+02 1.40000E+02
p-N015-MT002-Frawley-D0460004-ang-E0003.320.1978                 1 1.35000E+02 1.65000E+02
p-N015-MT002-Frawley-D0460004-ang-E0003.323.1978                 1 5.17000E+01 1.65000E+02
p-N015-MT002-Frawley-D0460004-ang-E0003.328.1978                 1 5.17000E+01 6.66000E+01
p-N015-MT002-Frawley-D0460004-ang-E0003.330.1978                 1 6.66000E+01 7.50000E+01
p-N015-MT002-Frawley-D0460004-ang-E0003.333.1978                 1 7.50000E+01 1.12000E+02
p-N015-MT002-Frawley-D0460004-ang-E0003.336.1978                 1 1.12000E+02 1.38200E+02
p-N015-MT002-Frawley-D0460004-ang-E0003.336A001.1978             1 8.62000E+01 1.38200E+02
p-N015-MT002-Frawley-D0460004-ang-E0003.336A002.1978             1 8.62000E+01 1.22000E+02
p-N015-MT002-Frawley-D0460004-ang-E0003.339.1978                 1 5.17000E+01 1.22000E+02
p-N015-MT002-Frawley-D0460004-ang-E0003.349.1978                 1 5.17000E+01 6.66000E+01
p-N015-MT002-Frawley-D0460004-ang-E0003.352.1978                 1 6.66000E+01 7.50000E+01
p-N015-MT002-Frawley-D0460004-ang-E0003.353.1978                 1 7.50000E+01 1.12000E+02
p-N015-MT002-Frawley-D0460004-ang-E0003.354.1978                 1 1.12000E+02 1.38200E+02
p-N015-MT002-Frawley-D0460004-ang-E0003.356.1978                 1 1.38200E+02 1.40000E+02
p-N015-MT002-Frawley-D0460004-ang-E0003.357.1978                 1 8.62000E+01 1.40000E+02
p-N015-MT002-Frawley-D0460004-ang-E0003.357A001.1978             1 8.62000E+01 9.00000E+01
p-N015-MT002-Frawley-D0460004-ang-E0003.357A002.1978             1 9.00000E+01 1.05000E+02
p-N015-MT002-Frawley-D0460004-ang-E0003.358.1978                 1 1.05000E+02 1.20000E+02
p-N015-MT002-Frawley-D0460004-ang-E0003.358A001.1978             1 8.72000E+01 1.20000E+02
p-N015-MT002-Frawley-D0460004-ang-E0003.360.1978                 1 8.72000E+01 1.65000E+02
p-N015-MT002-Frawley-D0460004-ang-E0003.361.1978                 1 1.22000E+02 1.65000E+02
p-N015-MT002-Frawley-D0460004-ang-E0003.362.1978                 1 1.22000E+02 1.35000E+02
p-N015-MT002-Frawley-D0460004-ang-E0003.362A001.1978             1 5.17000E+01 1.35000E+02
p-N015-MT002-Frawley-D0460004-ang-E0003.371.1978                 1 5.17000E+01 6.66000E+01
p-N015-MT002-Frawley-D0460004-ang-E0003.372.1978                 1 6.66000E+01 1.38200E+02
p-N015-MT002-Frawley-D0460004-ang-E0003.374.1978                 1 7.50000E+01 1.38200E+02
p-N015-MT002-Frawley-D0460004-ang-E0003.375.1978                 1 7.50000E+01 1.12000E+02
p-N015-MT002-Frawley-D0460004-ang-E0003.376.1978                 1 8.62000E+01 1.12000E+02
p-N015-MT002-Frawley-D0460004-ang-E0003.376A001.1978             1 8.62000E+01 1.22000E+02
p-N015-MT002-Frawley-D0460004-ang-E0003.379.1978                 1 6.66000E+01 1.22000E+02
p-N015-MT002-Frawley-D0460004-ang-E0003.390.1978                 1 5.17000E+01 6.66000E+01
p-N015-MT002-Frawley-D0460004-ang-E0003.390A001.1978             1 5.17000E+01 7.50000E+01
p-N015-MT002-Frawley-D0460004-ang-E0003.392.1978                 1 7.50000E+01 1.38200E+02
p-N015-MT002-Frawley-D0460004-ang-E0003.392A001.1978             1 1.38200E+02 1.40000E+02
p-N015-MT002-Frawley-D0460004-ang-E0003.396.1978                 1 8.72000E+01 1.40000E+02
p-N015-MT002-Frawley-D0460004-ang-E0003.396A001.1978             1 8.72000E+01 1.05000E+02
p-N015-MT002-Frawley-D0460004-ang-E0003.397.1978                 1 8.62000E+01 1.05000E+02
p-N015-MT002-Frawley-D0460004-ang-E0003.397A001.1978             1 8.62000E+01 1.12000E+02
p-N015-MT002-Frawley-D0460004-ang-E0003.397A002.1978             1 1.12000E+02 1.20000E+02
p-N015-MT002-Frawley-D0460004-ang-E0003.397A003.1978             1 1.20000E+02 1.65000E+02
p-N015-MT002-Frawley-D0460004-ang-E0003.398.1978                 1 9.00000E+01 1.65000E+02
p-N015-MT002-Frawley-D0460004-ang-E0003.400.1978                 1 9.00000E+01 1.22000E+02
p-N015-MT002-Frawley-D0460004-ang-E0003.400A001.1978             1 1.22000E+02 1.35000E+02
p-N015-MT002-Frawley-D0460004-ang-E0003.401.1978                 1 6.66000E+01 1.35000E+02
p-N015-MT002-Frawley-D0460004-ang-E0003.411.1978                 1 5.17000E+01 6.66000E+01
p-N015-MT002-Frawley-D0460004-ang-E0003.411A001.1978             1 5.17000E+01 1.38200E+02
p-N015-MT002-Frawley-D0460004-ang-E0003.413.1978                 1 7.50000E+01 1.38200E+02
p-N015-MT002-Frawley-D0460004-ang-E0003.413A001.1978             1 7.50000E+01 1.12000E+02
p-N015-MT002-Frawley-D0460004-ang-E0003.417.1978                 1 8.62000E+01 1.12000E+02
p-N015-MT002-Frawley-D0460004-ang-E0003.419.1978                 1 8.62000E+01 1.22000E+02
p-N015-MT002-Frawley-D0460004-ang-E0003.419A001.1978             1 6.66000E+01 1.22000E+02
p-N015-MT002-Frawley-D0460004-ang-E0003.431.1978                 1 6.66000E+01 1.38200E+02
p-N015-MT002-Frawley-D0460004-ang-E0003.431A001.1978             1 5.17000E+01 1.38200E+02
p-N015-MT002-Frawley-D0460004-ang-E0003.432.1978                 1 5.17000E+01 7.50000E+01
p-N015-MT002-Frawley-D0460004-ang-E0003.434.1978                 1 7.50000E+01 1.40000E+02
p-N015-MT002-Frawley-D0460004-ang-E0003.435.1978                 1 8.72000E+01 1.40000E+02
p-N015-MT002-Frawley-D0460004-ang-E0003.435A001.1978             1 8.62000E+01 8.72000E+01
p-N015-MT002-Frawley-D0460004-ang-E0003.437.1978                 1 8.62000E+01 9.00000E+01
p-N015-MT002-Frawley-D0460004-ang-E0003.437A001.1978             1 9.00000E+01 1.05000E+02
p-N015-MT002-Frawley-D0460004-ang-E0003.438.1978                 1 1.05000E+02 1.35000E+02
p-N015-MT002-Frawley-D0460004-ang-E0003.438A001.1978             1 1.20000E+02 1.35000E+02
p-N015-MT002-Frawley-D0460004-ang-E0003.439.1978                 1 1.20000E+02 1.65000E+02
p-N015-MT002-Frawley-D0460004-ang-E0003.440.1978                 1 1.12000E+02 1.65000E+02
p-N015-MT002-Frawley-D0460004-ang-E0003.440A001.1978             1 1.12000E+02 1.22000E+02
p-N015-MT002-Frawley-D0460004-ang-E0003.442.1978                 1 1.22000E+02 1.38200E+02
p-N015-MT002-Frawley-D0460004-ang-E0003.450.1978                 1 5.17000E+01 1.38200E+02
p-N015-MT002-Frawley-D0460004-ang-E0003.451.1978                 1 5.17000E+01 6.66000E+01
p-N015-MT002-Frawley-D0460004-ang-E0003.452.1978                 1 6.66000E+01 7.50000E+01
p-N015-MT002-Frawley-D0460004-ang-E0003.455.1978                 1 7.50000E+01 8.62000E+01
p-N015-MT002-Frawley-D0460004-ang-E0003.457.1978                 1 8.62000E+01 1.12000E+02
p-N015-MT002-Frawley-D0460004-ang-E0003.460.1978                 1 1.12000E+02 1.22000E+02
p-N015-MT002-Frawley-D0460004-ang-E0003.460A001.1978             1 5.17000E+01 1.22000E+02
p-N015-MT002-Frawley-D0460004-ang-E0003.470.1978                 1 5.17000E+01 1.38200E+02
p-N015-MT002-Frawley-D0460004-ang-E0003.471.1978                 1 6.66000E+01 1.38200E+02
p-N015-MT002-Frawley-D0460004-ang-E0003.472.1978                 1 6.66000E+01 1.65000E+02
p-N015-MT002-Frawley-D0460004-ang-E0003.475.1978                 1 8.62000E+01 1.65000E+02
p-N015-MT002-Frawley-D0460004-ang-E0003.476.1978                 2 7.50000E+01 1.40000E+02
p-N015-MT002-Frawley-D0460004-ang-E0003.476A001.1978             1 7.50000E+01 1.05000E+02
p-N015-MT002-Frawley-D0460004-ang-E0003.478.1978                 1 1.05000E+02 1.12000E+02
p-N015-MT002-Frawley-D0460004-ang-E0003.478A001.1978             1 8.72000E+01 1.12000E+02
p-N015-MT002-Frawley-D0460004-ang-E0003.479.1978                 1 8.72000E+01 9.00000E+01
p-N015-MT002-Frawley-D0460004-ang-E0003.479A001.1978             1 9.00000E+01 1.22000E+02
p-N015-MT002-Frawley-D0460004-ang-E0003.480.1978                 1 1.22000E+02 1.35000E+02
p-N015-MT002-Frawley-D0460004-ang-E0003.480A001.1978             1 1.20000E+02 1.35000E+02
p-N015-MT002-Frawley-D0460004-ang-E0003.481.1978                 1 1.20000E+02 1.22000E+02
p-N015-MT002-Frawley-D0460004-ang-E0003.488.1978                 1 6.66000E+01 1.22000E+02
p-N015-MT002-Frawley-D0460004-ang-E0003.490.1978                 1 6.66000E+01 1.38200E+02
p-N015-MT002-Frawley-D0460004-ang-E0003.491.1978                 1 5.17000E+01 1.38200E+02
p-N015-MT002-Frawley-D0460004-ang-E0003.492.1978                 1 5.17000E+01 7.50000E+01
p-N015-MT002-Frawley-D0460004-ang-E0003.496.1978                 1 7.50000E+01 8.62000E+01
p-N015-MT002-Frawley-D0460004-ang-E0003.497.1978                 1 8.62000E+01 1.12000E+02
p-N015-MT002-Frawley-D0460004-ang-E0003.498.1978                 1 1.12000E+02 1.22000E+02
p-N015-MT002-Frawley-D0460004-ang-E0003.500.1978                 1 1.22000E+02 1.22000E+02
p-N015-MT002-Hagedorn-C1987005-ang-E0001.100.1957                1 1.59000E+02 1.59000E+02
p-N015-MT002-Leavitt-T0082003-ang-E0420.400.1983                 2 1.29800E+02 1.55000E+02
p-N015-MT002-Leavitt-T0082003-ang-E0420.500.1983                 1 1.03500E+02 1.29800E+02
p-N015-MT002-Leavitt-T0082003-ang-E0420.600.1983                 1 1.03500E+02 1.41800E+02
p-N015-MT002-Leavitt-T0082003-ang-E0421.400.1983                 1 1.29800E+02 1.41800E+02
p-N015-MT002-Leavitt-T0082003-ang-E0421.500.1983                 2 1.03500E+02 1.55000E+02
p-N015-MT002-Leavitt-T0082003-ang-E0421.600.1983                 1 1.03500E+02 1.41800E+02
p-N015-MT002-Leavitt-T0082003-ang-E0422.400.1983                 2 1.03500E+02 1.55000E+02
p-N015-MT002-Leavitt-T0082003-ang-E0422.500.1983                 2 1.03500E+02 1.41800E+02
p-N015-MT002-Leavitt-T0082003-ang-E0423.500.1983                 2 1.03500E+02 1.55000E+02
p-N015-MT002-Leavitt-T0082003-ang-E0423.700.1983                 2 1.03500E+02 1.41800E+02
p-N015-MT002-Leavitt-T0082003-ang-E0424.400.1983                 1 1.29800E+02 1.41800E+02
p-N015-MT002-Leavitt-T0082003-ang-E0424.500.1983                 2 1.03500E+02 1.55000E+02
p-N015-MT002-Leavitt-T0082003-ang-E0424.600.1983                 1 1.03500E+02 1.41800E+02
p-N015-MT002-Leavitt-T0082003-ang-E0425.200.1983                 1 1.29800E+02 1.41800E+02
p-N015-MT002-Leavitt-T0082003-ang-E0425.300.1983                 2 1.03500E+02 1.55000E+02
p-N015-MT002-Leavitt-T0082003-ang-E0425.400.1983                 1 1.03500E+02 1.41800E+02
p-N015-MT002-Leavitt-T0082003-ang-E0425.800.1983                 1 1.29800E+02 1.41800E+02
p-N015-MT002-Leavitt-T0082003-ang-E0425.900.1983                 2 1.03500E+02 1.55000E+02
p-N015-MT002-Leavitt-T0082003-ang-E0426.000.1983                 1 1.03500E+02 1.41800E+02
p-N015-MT002-Leavitt-T0082003-ang-E0426.200.1983                 1 1.29800E+02 1.41800E+02
p-N015-MT002-Leavitt-T0082003-ang-E0426.300.1983                 2 1.03500E+02 1.55000E+02
p-N015-MT002-Leavitt-T0082003-ang-E0426.400.1983                 1 1.03500E+02 1.41800E+02
p-N015-MT002-Leavitt-T0082003-ang-E0426.600.1983                 1 1.29800E+02 1.41800E+02
p-N015-MT002-Leavitt-T0082003-ang-E0426.700.1983                 2 1.03500E+02 1.55000E+02
p-N015-MT002-Leavitt-T0082003-ang-E0426.800.1983                 1 1.03500E+02 1.29800E+02
p-N015-MT002-Leavitt-T0082003-ang-E0427.100.1983                 3 1.03500E+02 1.55000E+02
p-N015-MT002-Leavitt-T0082003-ang-E0427.200.1983                 1 1.03500E+02 1.29800E+02
p-N015-MT002-Leavitt-T0082003-ang-E0427.500.1983                 3 1.03500E+02 1.55000E+02
p-N015-MT002-Leavitt-T0082003-ang-E0427.600.1983                 1 1.03500E+02 1.41800E+02
p-N015-MT002-Leavitt-T0082003-ang-E0427.800.1983                 1 1.29800E+02 1.41800E+02
p-N015-MT002-Leavitt-T0082003-ang-E0427.900.1983                 2 1.03500E+02 1.55000E+02
p-N015-MT002-Leavitt-T0082003-ang-E0428.000.1983                 1 1.03500E+02 1.41800E+02
p-N015-MT002-Leavitt-T0082003-ang-E0428.300.1983                 1 1.29800E+02 1.41800E+02
p-N015-MT002-Leavitt-T0082003-ang-E0428.400.1983                 3 1.03500E+02 1.55000E+02
p-N015-MT002-Leavitt-T0082003-ang-E0428.500.1983                 3 1.03500E+02 1.55000E+02
p-N015-MT002-Stefan-O2232004-ang-E0000.470.2014                288 1.80000E+02 1.80000E+02
