#              Filename                                         N    min         max
t-C012-MT800-Etoh-E2273026-E0001.289.1969                      115 4.45000E+01 4.45000E+01
t-C012-MT800-Etoh-E2273027-E0000.599.1969                      202 7.60000E+01 7.60000E+01
t-C012-MT800-Etoh-E2273028-E0000.599.1969                      141 1.12500E+02 1.12500E+02
t-C012-MT800-Etoh-E2273029-E0001.397.1969                       39 1.60000E+02 1.60000E+02
t-C012-MT800-Etoh-E2273030-E0000.608.1969                      134 1.65000E+02 1.65000E+02
t-C012-MT800-Etoh-E2273037-E0001.110.1969                       15 1.49000E+01 1.50400E+02
t-C012-MT800-Etoh-E2273038-E0001.601.1969                        9 2.96000E+01 1.65200E+02
t-C012-MT800-Etoh-E2273039-E0001.843.1969                        9 3.07000E+01 1.64700E+02
t-C012-MT800-Etoh-E2273040-E0001.952.1969                       15 1.95000E+01 1.59300E+02
t-C012-MT800-Etoh-E2273041-E0002.000.1969                        9 3.01000E+01 1.64600E+02
t-C012-MT800-Etoh-E2273042-E0002.048.1969                        9 3.09000E+01 1.64800E+02
t-C012-MT800-Etoh-E2273043-E0002.146.1969                        9 2.93000E+01 1.63500E+02
t-C012-MT800-Etoh-E2273044-E0002.247.1969                        9 2.93000E+01 1.66500E+02
t-C012-MT800-Etoh-E2273045-E0002.350.1969                        9 2.97000E+01 1.65500E+02
t-C012-MT800-Etoh-E2273046-E0002.450.1969                       16 1.01000E+01 1.59400E+02
t-C012-MT800-Etoh-E2273047-E0002.545.1969                        9 3.03000E+01 1.64000E+02
t-C012-MT800-Etoh-E2273048-E0002.654.1969                        9 2.97000E+01 1.63100E+02
t-C012-MT800-Etoh-E2273049-E0002.710.1969                        9 2.93000E+01 1.66100E+02
t-C012-MT800-Etoh-E2273050-E0002.785.1969                       10 2.08000E+01 1.65100E+02
t-C012-MT800-Etoh-E2273051-E0002.861.1969                        9 3.02000E+01 1.64700E+02
t-C012-MT800-Etoh-E2273052-E0003.000.1969                       17 1.98000E+01 1.60400E+02
t-C012-MT800-Etoh-E2273053-E0003.216.1969                        9 3.04000E+01 1.65100E+02
t-C012-MT800-Etoh-E2273054-E0003.400.1969                       15 1.97000E+01 1.59500E+02
t-C012-MT800-Niedzwiedziuk-F1375002-E0000.282.1963             123 9.00000E+01 9.00000E+01
t-C012-MT800-Niedzwiedziuk-F1375003-E0000.543.1963              31 9.00000E+01 9.00000E+01
t-C012-MT800-Niedzwiedziuk-F1375006-E0000.425.1963              15 2.49000E+01 1.54300E+02
t-C012-MT800-Niedzwiedziuk-F1375006-E0000.561.1963              14 3.47000E+01 1.54800E+02
t-C012-MT800-Niedzwiedziuk-F1375006-E0000.610.1963              14 2.01000E+01 1.54600E+02
t-C012-MT800-Niedzwiedziuk-F1375006-E0000.636.1963              14 2.01000E+01 1.54600E+02
t-C012-MT800-Niedzwiedziuk-F1375006-E0000.662.1963              16 2.99000E+01 1.54900E+02
t-C012-MT800-Niedzwiedziuk-F1375006-E0000.688.1963              13 3.90000E+01 1.54500E+02
t-C012-MT800-Niedzwiedziuk-F1375006-E0000.715.1963              13 4.00000E+01 1.54500E+02
t-C012-MT800-Niedzwiedziuk-F1375007-E0001.012.1963              16 3.98000E+01 1.54400E+02
t-C012-MT800-Niedzwiedziuk-F1375007-E0001.078.1963              13 2.92000E+01 1.54300E+02
t-C012-MT800-Niedzwiedziuk-F1375007-E0001.110.1963              15 2.92000E+01 1.54300E+02
t-C012-MT800-Niedzwiedziuk-F1375007-E0001.143.1963              14 3.41000E+01 1.54700E+02
t-C012-MT800-Niedzwiedziuk-F1375008-E0000.771.1963              14 3.45000E+01 1.54300E+02
t-C012-MT800-Niedzwiedziuk-F1375008-E0000.828.1963              14 2.98000E+01 1.54300E+02
t-C012-MT800-Niedzwiedziuk-F1375008-E0000.888.1963              15 2.98000E+01 1.54200E+02
t-C012-MT800-Niedzwiedziuk-F1375008-E0000.948.1963              13 3.96000E+01 1.54200E+02
t-C012-MT800-Pinder-O0403005-E0033.000.1991                     42 8.39997E+00 1.18400E+02
t-C012-MT800-Simmonds-F0079006-E0038.000.1988                  226 6.60004E+00 7.49000E+01
