#              Filename                                         N    min         max
n-Tl205-MT151-Liou-105350031.1975                               11 4.46100E-05 1.86510E-02
n-Tl205-MT151-Liou-105350031A001.1975                           11 4.46100E-05 1.86510E-02
n-Tl205-MT151-Liou-105350032.1975                               11 4.46100E-05 1.86510E-02
n-Tl205-MT151-Liou-105350032A001.1975                           11 4.46100E-05 1.86510E-02
n-Tl205-MT151-Liou-105350033.1975                                3 2.79350E-03 5.09840E-03
n-Tl205-MT151-Liou-105350033A001.1975                            3 2.79350E-03 5.09840E-03
n-Tl205-MT151-Liou-105350034.1975                               11 4.46100E-05 1.86510E-02
n-Tl205-MT151-Liou-105350034A001.1975                           11 4.46100E-05 1.86510E-02
n-Tl205-MT151-Liou-105350035.1975                                2 3.03900E-03 5.09840E-03
n-Tl205-MT151-Liou-105350035A001.1975                            2 3.03900E-03 5.09840E-03
n-Tl205-MT151-Liou-105350051.1975                                5 3.11200E-02 9.30000E-02
n-Tl205-MT151-Liou-105350051A001.1975                            5 3.11200E-02 9.30000E-02
n-Tl205-MT151-Liou-105350052.1975                                5 3.11200E-02 9.30000E-02
n-Tl205-MT151-Liou-105350052A001.1975                            5 3.11200E-02 9.30000E-02
n-Tl205-MT151-Liou-105350053.1975                                5 3.11200E-02 9.30000E-02
n-Tl205-MT151-Liou-105350053A001.1975                            5 3.11200E-02 9.30000E-02
n-Tl205-MT151-Liou-10535012.1975                                 2 2.00000E-02 2.00000E-02
n-Tl205-MT151-Liou-10535012A001.1975                             2 2.00000E-02 2.00000E-02
n-Tl205-MT151-Winters-137340031.1976                           135 2.79170E-03 1.01960E-01
