#              Filename                                         N    min         max
n-Tm169-MT151-Alfimenkov-405220031.1981                         36 3.90000E-06 2.97000E-04
n-Tm169-MT151-Alfimenkov-405220032.1981                         36 3.90000E-06 2.97000E-04
n-Tm169-MT151-Alkital-124510021.1967                             1 3.90000E-06 3.90000E-06
n-Tm169-MT151-Alkital-124510022.1967                             1 3.90000E-06 3.90000E-06
n-Tm169-MT151-Alkital-124510023.1967                             1 3.90000E-06 3.90000E-06
n-Tm169-MT151-Alkital-124510024.1967                             1 3.90000E-06 3.90000E-06
n-Tm169-MT151-Arbo-109680021.1973                              117 3.92000E-06 1.00700E-03
n-Tm169-MT151-Arbo-109680021A001.1973                          117 3.92000E-06 1.00700E-03
n-Tm169-MT151-Asghar-214920041.1965                             18 1.43000E-05 2.97000E-04
n-Tm169-MT151-Asghar-214920042.1965                             18 1.43000E-05 2.97000E-04
n-Tm169-MT151-Asghar-214920043.1965                             18 1.43000E-05 2.97000E-04
n-Tm169-MT151-Asghar-214920044.1965                             18 1.43000E-05 2.97000E-04
n-Tm169-MT151-Ceulemans-20208005.1965                            1 3.92000E-06 3.92000E-06
n-Tm169-MT151-Chrien-10483002.1972                              72 3.90000E-06 7.16000E-04
n-Tm169-MT151-Chrien-10483002A001.1972                          72 3.90000E-06 7.16000E-04
n-Tm169-MT151-Danon-137250161.1998                               5-3.70000E-05 1.74210E-05
n-Tm169-MT151-Danon-137250162.1998                               3 3.90600E-06 1.74210E-05
n-Tm169-MT151-Danon-137250163.1998                               5-3.70000E-05 1.74210E-05
n-Tm169-MT151-Debarros-20685009.1969                             1 3.80000E-04 3.80000E-04
n-Tm169-MT151-Debarros-206850101.1969                           95 3.90000E-06 7.60500E-04
n-Tm169-MT151-Debarros-206850102.1969                           69 3.90000E-06 7.60500E-04
n-Tm169-MT151-Debarros-206850103.1969                           87 3.90000E-06 7.60500E-04
n-Tm169-MT151-Debarros-206850104.1969                           46 2.59600E-04 7.60500E-04
n-Tm169-MT151-Debarros-206850105.1969                           20 2.73200E-04 7.30000E-04
n-Tm169-MT151-Debarros-206850106.1969                           17 2.73200E-04 7.30000E-04
n-Tm169-MT151-Debarros-20685012.1969                             1 3.80000E-04 3.80000E-04
n-Tm169-MT151-Dilg-20583050.1972                                 1 2.70000E-03 2.70000E-03
n-Tm169-MT151-Footejr-121070061.1953                             3 3.92000E-06 1.76000E-05
n-Tm169-MT151-Gibbons-11329098.1961                              2 1.05000E-01 1.05000E-01
n-Tm169-MT151-Gibbons-113290991.1961                             1 1.05000E-01 1.05000E-01
n-Tm169-MT151-Gibbons-113290992.1961                             1 1.05000E-01 1.05000E-01
n-Tm169-MT151-Harvey-119120541.1955                             17 3.92000E-06 1.58000E-04
n-Tm169-MT151-Harvey-119120542.1955                             17 3.92000E-06 1.58000E-04
n-Tm169-MT151-Harvey-119120543.1955                             17 3.92000E-06 1.58000E-04
n-Tm169-MT151-Macklin-108730051.1982                           145 2.62700E-03 4.23600E-03
n-Tm169-MT151-Macklin-108730051A001.1982                       145 2.62700E-03 4.23600E-03
n-Tm169-MT151-Macklin-108730053.1982                            94 2.62700E-03 4.22500E-03
n-Tm169-MT151-Macklin-108730053A001.1982                        94 2.62700E-03 4.22500E-03
n-Tm169-MT151-Macklin-108730054.1982                            38 2.63300E-03 4.23600E-03
n-Tm169-MT151-Macklin-108730054A001.1982                        38 2.63300E-03 4.23600E-03
n-Tm169-MT151-Singh-119420031.1963                              20 3.92000E-06 1.64000E-04
n-Tm169-MT151-Singh-119420032.1963                              15 3.92000E-06 1.54000E-04
n-Tm169-MT151-Tellier-20124003.1972                             77 3.92000E-06 1.21400E-03
n-Tm169-MT151-Tellier-20124004.1972                              1 6.10000E-04 6.10000E-04
n-Tm169-MT151-Tellier-20124007.1972                            200 3.92000E-06 1.94190E-03
n-Tm169-MT151-Tellier-20124009.1972                            152 3.92000E-06 1.46900E-03
n-Tm169-MT151-Tellier-20124010.1972                             23 8.50000E-05 1.24700E-03
n-Tm169-MT151-Tellier-20124011.1972                             77 3.92000E-06 1.21400E-03
n-Tm169-MT151-Tellier-20124012.1972                              1 1.00000E-03 1.00000E-03
n-Tm169-MT151-Tellier-20124013.1972                              2 6.10000E-04 6.10000E-04
n-Tm169-MT151-Tellier-20124014.1972                              1 4.50000E-02 4.50000E-02
n-Tm169-MT151-Thomas-20451004.1972                              13 1.44000E-05 1.53000E-04
n-Tm169-MT151-Vertebnyy-40839016.1980                            1 2.00000E-03 2.00000E-03
n-Tm169-MT151-WangWenMinggg-308300041.2010                      15-2.01600E-05 9.56000E-05
n-Tm169-MT151-WangWenMinggg-308300043.2010                      15-2.01600E-05 9.56000E-05
