#              Filename                                         N    min         max
h-Mo092-MT651-Kozub-C2198002-E0035.000.1971                     14 9.80000E+00 4.67000E+01
h-Mo092-MT651-Kozub-C2198003-E0035.000.1971                     13 9.69998E+00 4.61000E+01
h-Mo092-MT651-Kozub-C2198004-E0035.000.1971                     15 9.60001E+00 4.61000E+01
h-Mo092-MT651-Kozub-C2198005-E0035.000.1971                     13 8.49999E+00 4.50000E+01
h-Mo092-MT651-Kozub-C2198006-E0035.000.1971                     14 7.99998E+00 4.52000E+01
h-Mo092-MT651-Kozub-C2198007-E0035.000.1971                     13 8.30000E+00 4.55000E+01
h-Mo092-MT651-Kozub-C2198008-E0035.000.1971                     14 8.59999E+00 4.52000E+01
h-Mo092-MT651-Kozub-C2198009-E0035.000.1971                      9 8.49999E+00 4.51000E+01
h-Mo092-MT651-Kozub-C2198010-E0035.000.1971                     12 1.06000E+01 4.71000E+01
h-Mo092-MT651-Kozub-C2198011-E0035.000.1971                     14 8.49999E+00 4.55000E+01
h-Mo092-MT651-Kozub-C2198012-E0035.000.1971                     13 8.49999E+00 4.53000E+01
h-Mo092-MT651-Kozub-C2198013-E0035.000.1971                     14 8.89998E+00 4.55000E+01
h-Mo092-MT651-Kozub-C2198014-E0035.000.1971                     13 8.49999E+00 4.61000E+01
h-Mo092-MT651-Kozub-C2198015-E0035.000.1971                     12 8.49999E+00 4.55000E+01
h-Mo092-MT651-Kozub-C2198016-E0035.000.1971                     13 8.30000E+00 4.52000E+01
h-Mo092-MT651-Kozub-C2198017-E0035.000.1971                     14 8.19997E+00 4.51000E+01
h-Mo092-MT651-Kozub-C2198018-E0035.000.1971                     14 8.39997E+00 4.55000E+01
h-Mo092-MT651-Kozub-C2198019-E0035.000.1971                     14 8.69999E+00 4.53000E+01
