#              Filename                                         N    min         max     
n-U235-MT454-Flynn-10517003-E2.53E-08.1975                       3 2.53000E-08 2.53000E-08
n-U235-MT454-Strittmatter-10722003-E2.53E-08.1977              100 2.53000E-08 2.53000E-08
n-U235-MT454-Flynn-10517003-E2.53E-08A001.1975                   3 2.53000E-08 2.53000E-08
n-U235-MT454-Strittmatter-10722003-E2.53E-08A001.1977          100 2.53000E-08 2.53000E-08
n-U235-MT454-Glendenin-12729003-E0000.170.1981                   2 1.70000E-01 1.70000E-01
n-U235-MT454-Glendenin-12729003-E0000.550.1981                   2 5.50000E-01 5.50000E-01
n-U235-MT454-Glendenin-12729003-E0002.000.1981                   2 2.00000E+00 2.00000E+00
n-U235-MT454-Glendenin-12729003-E0004.000.1981                   2 4.00000E+00 4.00000E+00
n-U235-MT454-Glendenin-12729003-E0005.500.1981                   2 5.50000E+00 5.50000E+00
n-U235-MT454-Glendenin-12729003-E0006.300.1981                   2 6.30000E+00 6.30000E+00
n-U235-MT454-Glendenin-12729003-E0007.100.1981                   3 7.10000E+00 7.10000E+00
n-U235-MT454-Semkow-12813005-E2.53E-08.1984                      7 2.53000E-08 2.53000E-08
n-U235-MT454-Semkow-12813006-E0014.300.1984                      4 1.43000E+01 1.43000E+01
n-U235-MT454-Prindle-133470022-E0014.800.1972                    1 1.00000E+20 0.00000E+00
n-U235-MT454-Wahl-13368003-E2.53E-08.1952                        1 1.00000E+20 0.00000E+00
n-U235-MT454-Wahl-13388003-E0014.000.1955                        5 1.40000E+01 1.40000E+01
n-U235-MT454-Tipnis-13600002-E2.53E-08.1998                     41 2.53000E-08 2.53000E-08
n-U235-MT454-Hudson-14045004-E0001.500.1989                      2 1.50000E+00 1.50000E+00
n-U235-MT454-Hudson-14045005-E0014.000.1989                      2 1.40000E+01 1.40000E+01
n-U235-MT454-Imanishi-20589003-E2.53E-08.1976                    9 2.53000E-08 2.53000E-08
n-U235-MT454-Fujiwara-20848003-E2.53E-08.1982                    8 2.53000E-08 2.53000E-08
n-U235-MT454-Fujiwara-20848006-E2.53E-08.1982                    3 2.53000E-08 2.53000E-08
n-U235-MT454-Denschlag-21008002-E2.53E-08.1978                   2 2.53000E-08 2.53000E-08
n-U235-MT454-Kaiser-21218004-E2.53E-08.1978                      2 2.53000E-08 2.53000E-08
n-U235-MT454-Fettweis-21530002-E2.53E-08.1975                    5 2.53000E-08 2.53000E-08
n-U235-MT454-Aumann-21532003-E2.53E-08.1977                      3 2.53000E-08 2.53000E-08
n-U235-MT454-Brissot-21550004-E2.53E-08.1975                    13 2.53000E-08 2.53000E-08
n-U235-MT454-Brissot-21550008-E2.53E-08.1975                     7 2.53000E-08 2.53000E-08
n-U235-MT454-Peuser-21581003-E2.53E-08.1979                      3 2.53000E-08 2.53000E-08
n-U235-MT454-Balestrini-21641002-E2.53E-08.1979                 10 2.53000E-08 2.53000E-08
n-U235-MT454-Balestrini-21641003-E2.53E-08.1979                 10 2.53000E-08 2.53000E-08
n-U235-MT454-Lang-21689019-E2.53E-08.1980                      113 2.53000E-08 2.53000E-08
n-U235-MT454-Bocquet-217340062-E0014.500.1972                    6 1.45000E+01 1.45000E+01
n-U235-MT454-Bocquet-217340072-E0014.500.1972                    5 1.45000E+01 1.45000E+01
n-U235-MT454-Bocquet-21734028-E0014.500.1972                     2 1.45000E+01 1.45000E+01
n-U235-MT454-Mariolopoulos-21743002-E2.53E-08.1981               6 2.53000E-08 2.53000E-08
n-U235-MT454-Mariolopoulos-21743004-E0003.000.1981              58 3.00000E+00 3.00000E+00
n-U235-MT454-Aumann-21754002-E2.53E-08.1981                      4 2.53000E-08 2.53000E-08
n-U235-MT454-Sida-22151003-E2.53E-08.1989                       51 2.53000E-08 2.53000E-08
n-U235-MT454-Rudstam-221610021-E2.53E-08.1990                  156 2.53000E-08 2.53000E-08
n-U235-MT454-Galy-22488002-E2.53E-08.1997                        5 2.53000E-08 2.53000E-08
n-U235-MT454-Vallis-23549003-E0014.700.1961                      8 1.47000E+01 1.47000E+01
n-U235-MT454-Guenther-23558007-E2.53E-08.1972                   34 2.53000E-08 2.53000E-08
n-U235-MT454-Armbruster-23586004-E2.53E-08.1987                 24 2.53000E-08 2.53000E-08
n-U235-MT454-Strom-23709002-E2.53E-08.1965                      10 2.53000E-08 2.53000E-08
n-U235-MT454-Dubey-237630022-E2.53E-08.2020                      7 2.53000E-08 2.53000E-08
n-U235-MT454-Hsu-30666002I-E2.53E-08.1981                        4 2.53000E-08 2.53000E-08
n-U235-MT454-Engler-30912002-E2.53E-08.1983                      4 2.53000E-08 2.53000E-08
n-U235-MT454-Engler-30912003-E2.53E-08.1983                      4 2.53000E-08 2.53000E-08
n-U235-MT454-Yoshida-30946003-E2.53E-08.1966                     2 2.53000E-08 2.53000E-08
n-U235-MT454-Ehrenberg-30953004-E2.53E-08.1972                   7 2.53000E-08 2.53000E-08
n-U235-MT454-Ehrenberg-30953005-E2.53E-08.1972                   6 2.53000E-08 2.53000E-08
n-U235-MT454-Shmid-30960002-E2.53E-08.1981                       7 2.53000E-08 2.53000E-08
n-U235-MT454-Shmid-30960003-E2.53E-08.1981                       6 2.53000E-08 2.53000E-08
n-U235-MT454-Shmid-30960004-E2.53E-08.1981                       6 2.53000E-08 2.53000E-08
n-U235-MT454-Shmid-30960005-E2.53E-08.1981                       6 2.53000E-08 2.53000E-08
n-U235-MT454-Venezia-30964003-E2.53E-08.1973                     6 2.53000E-08 2.53000E-08
n-U235-MT454-Naik-33030005-E2.50E-08.1993                        1 1.00000E+20 0.00000E+00
n-U235-MT454-Filatenkov-40966012-E0003.000.1988                 21 3.00000E+00 3.00000E+00
n-U235-MT454-Krisyuk-41726002-E0014.000.1960                     3 1.40000E+01 1.40000E+01
