#              Filename                                         N    min         max
p-Na023-MT151-Boeltzig-O25200021.2019                            2 2.51000E-01 3.09000E-01
p-Na023-MT151-Boeltzig-O25200031.2019                            1 1.40000E-01 1.40000E-01
p-Na023-MT151-Hale-C11350061.2004                                4 5.30000E-03 1.69500E-01
p-Na023-MT151-Hale-C11350071.2004                               22 5.30000E-03 9.68200E-01
p-Na023-MT151-Mateus-O1201003.2004                              14 1.28300E+00 2.33900E+00
p-Na023-MT151-Meyer-D01000021.1972                              22 1.01070E+00 2.07170E+00
p-Na023-MT151-Vanhoy-C15360021.1987                            132 1.08700E+00 4.12400E+00
p-Na023-MT151-Vanhoy-C15360022.1987                            118 1.08700E+00 3.98000E+00
p-Na023-MT151-Vanhoy-C15360023.1987                             95 1.08700E+00 3.98000E+00
p-Na023-MT151-Vanhoy-C15360025.1987                            118 1.08700E+00 3.98000E+00
p-Na023-MT151-Vanhoy-C15360031.1987                             28 1.27810E+00 3.72300E+00
p-Na023-MT151-Vanhoy-C15360041.1987                             28 1.27810E+00 3.72300E+00
p-Na023-MT151-Vanhoy-C15360042.1987                             28 1.27810E+00 3.72300E+00
p-Na023-MT151-Vanhoy-C15360043.1987                             27 1.27810E+00 3.72300E+00
p-Na023-MT151-Vanhoy-C15360051.1987                             21 2.27900E+00 3.97000E+00
p-Na023-MT151-Vanhoy-C15360061.1987                             21 2.27900E+00 3.97000E+00
p-Na023-MT151-Vanhoy-C15360062.1987                             21 2.27900E+00 3.97000E+00
p-Na023-MT151-Vanhoy-C15360063.1987                             21 2.27900E+00 3.97000E+00
p-Na023-MT151-Vanhoy-C15360071.1987                             38 1.15910E+00 3.98000E+00
p-Na023-MT151-Vanhoy-C15360081.1987                             38 1.15910E+00 3.98000E+00
p-Na023-MT151-Vanhoy-C15360082.1987                             38 1.15910E+00 3.98000E+00
p-Na023-MT151-Vanhoy-C15360083.1987                             38 1.15910E+00 3.98000E+00
p-Na023-MT151-Wilkerson-T00660191.1992                           1 3.90500E+00 3.90500E+00
p-Na023-MT151-Wilkerson-T00660192.1992                           1 3.90500E+00 3.90500E+00
p-Na023-MT151-Wilkerson-T00660194.1992                           1 3.90500E+00 3.90500E+00
