#              Filename                                         N    min         max
n-Rb085-MT151-Beer-131770041.1989                              291 1.75590E-04 1.90770E-02
n-Rb085-MT151-Beer-131770043.1989                               21 5.26670E-04 1.90770E-02
n-Rb085-MT151-Beer-131770044.1989                               21 5.26670E-04 1.90770E-02
n-Rb085-MT151-Beer-131770045.1989                               21 5.26670E-04 1.90770E-02
n-Rb085-MT151-Bowey-21117006.1957                                2 5.20000E-04 1.42000E-03
n-Rb085-MT151-Good-114020151.1958                                5 3.30000E-03 6.90000E-03
n-Rb085-MT151-Grebenyuk-40028002.1969                           43 1.76600E-04 1.71700E-02
n-Rb085-MT151-Grebenyuk-40028003.1969                            6 5.30000E-04 1.99600E-03
n-Rb085-MT151-Grebenyuk-40028004.1969                            1 5.30000E-04 5.30000E-04
n-Rb085-MT151-Grebenyuk-40028005.1969                            1 8.67330E-03 8.67330E-03
n-Rb085-MT151-Grebenyuk-40028007.1969                            1 5.30000E-04 5.30000E-04
n-Rb085-MT151-Iliescu-40809003.1965                              4 1.02500E-03 1.69000E-03
n-Rb085-MT151-Iliescu-408091061.1965                             8 1.76000E-04 1.21000E-03
n-Rb085-MT151-Iliescu-408091062.1965                             2 5.28000E-04 1.21000E-03
n-Rb085-MT151-KimKhiSannn-412110121.1965                         2 5.28000E-04 1.21000E-03
n-Rb085-MT151-KimKhiSannn-412110122.1965                         2 5.28000E-04 1.21000E-03
n-Rb085-MT151-KimKhiSannn-412110123.1965                         2 5.28000E-04 1.21000E-03
n-Rb085-MT151-Ohkubo-217470021.1980                            100 1.75500E-04 1.70000E-02
n-Rb085-MT151-Ohkubo-217470022.1980                            100 1.75500E-04 1.70000E-02
n-Rb085-MT151-Ohkubo-217470023.1980                             10 6.54800E-04 5.60500E-03
n-Rb085-MT151-Ohkubo-217470024.1980                             10 5.26400E-04 5.60500E-03
n-Rb085-MT151-Ohkubo-227640061.1984                            138 1.75500E-04 1.85600E-02
n-Rb085-MT151-Ohkubo-227640063.1984                             13 5.26400E-04 5.60000E-03
n-Rb085-MT151-Ohkubo-227640064.1984                             28 5.26400E-04 1.66440E-02
n-Rb085-MT151-Ohkubo-227640094.1984                              8 3.76900E-04 2.38600E-02
