#              Filename                                         N    min         max
n-Si000-MT051-Howell-12927007-ang-E0007.958.1988                15 2.56000E+01 1.61200E+02
n-Si000-MT051-Howell-12927007-ang-E0009.948.1988                29 2.54000E+01 1.59500E+02
n-Si000-MT051-Howell-12927007-ang-E0011.936.1988                20 2.06000E+01 1.63000E+02
n-Si000-MT051-Howell-12927007-ang-E0013.965.1988                30 2.03000E+01 1.59100E+02
n-Si000-MT051-Howell-12927007-ang-E0016.917.1988                26 2.03000E+01 1.59200E+02
n-Si000-MT051-Kinney-10107002-ang-E0004.190.1970                 1 9.23000E+01 9.24000E+01
n-Si000-MT051-Kinney-10107002-ang-E0004.190A001.1970             1 9.23000E+01 9.24000E+01
n-Si000-MT051-Kinney-10107002-ang-E0004.460.1970                 1 5.68000E+01 9.23000E+01
n-Si000-MT051-Kinney-10107002-ang-E0004.460A001.1970             1 5.68000E+01 9.23000E+01
n-Si000-MT051-Kinney-10107002-ang-E0005.000.1970                 3 5.68000E+01 9.22000E+01
n-Si000-MT051-Kinney-10107002-ang-E0005.000A001.1970             3 5.68000E+01 9.22000E+01
n-Si000-MT051-Kinney-10107002-ang-E0005.180.1970                 1 2.54000E+01 9.21000E+01
n-Si000-MT051-Kinney-10107002-ang-E0005.180A001.1970             1 2.54000E+01 9.21000E+01
n-Si000-MT051-Kinney-10107002-ang-E0005.440.1970                22 2.54000E+01 1.15900E+02
n-Si000-MT051-Kinney-10107002-ang-E0005.440A001.1970            22 2.54000E+01 1.15900E+02
n-Si000-MT051-Kinney-10107002-ang-E0005.500.1970                 1 5.41000E+01 9.21000E+01
n-Si000-MT051-Kinney-10107002-ang-E0005.500A001.1970             1 5.41000E+01 9.21000E+01
n-Si000-MT051-Kinney-10107002-ang-E0006.000.1970                 2 2.32000E+01 1.19800E+02
n-Si000-MT051-Kinney-10107002-ang-E0006.000A001.1970             2 2.32000E+01 1.19800E+02
n-Si000-MT051-Kinney-10107002-ang-E0006.370.1970                23 1.55000E+01 1.19700E+02
n-Si000-MT051-Kinney-10107002-ang-E0006.370A001.1970            23 1.55000E+01 1.19700E+02
n-Si000-MT051-Kinney-10107002-ang-E0006.440.1970                 5 1.55000E+01 1.35900E+02
n-Si000-MT051-Kinney-10107002-ang-E0006.440A001.1970             5 1.55000E+01 1.35900E+02
n-Si000-MT051-Kinney-10107002-ang-E0007.550.1970                21 2.58000E+01 1.35800E+02
n-Si000-MT051-Kinney-10107002-ang-E0007.550A001.1970            21 2.58000E+01 1.35800E+02
n-Si000-MT051-Kinney-10107002-ang-E0007.600.1970                 2 5.39000E+01 1.19600E+02
n-Si000-MT051-Kinney-10107002-ang-E0007.600A001.1970             2 5.39000E+01 1.19600E+02
n-Si000-MT051-Kinney-10107016-ang-E0006.370.1970                 7 3.41000E+01 1.16300E+02
n-Si000-MT051-Kinney-10107016-ang-E0006.370A001.1970             7 3.41000E+01 1.16300E+02
n-Si000-MT051-Kinney-10107016-ang-E0007.550.1970                 1 4.20000E+01 1.37100E+02
n-Si000-MT051-Kinney-10107016-ang-E0007.550A001.1970             1 4.20000E+01 1.37100E+02
n-Si000-MT051-Kinney-10107016-ang-E0008.560.1970                20 3.24000E+01 1.37800E+02
n-Si000-MT051-Kinney-10107016-ang-E0008.560A001.1970            20 3.24000E+01 1.37800E+02
n-Si000-MT051-Obst-10306007-ang-E0009.800.1973                  18 2.51000E+01 1.50200E+02
n-Si000-MT051-Obst-10306007-ang-E0009.800A001.1973              18 2.51000E+01 1.50200E+02
n-Si000-MT051-Stelson-11527007-ang-E0014.000.1965               18 3.28000E+01 1.18200E+02
n-Si000-MT051-Steuer-12737003-ang-E0007.440.1973                13 3.08000E+01 1.50400E+02
n-Si000-MT051-Takahashi-22075203-ang-E0014.100.1987             43 1.00000E+01 1.60000E+02
n-Si000-MT051-Velkley-10384014-ang-E0008.920.1974               27 3.02000E+01 1.60100E+02
n-Si000-MT051-Velkley-10384014-ang-E0008.920A001.1974           27 3.02000E+01 1.60100E+02
