#              Filename                                         N    min         max
n-La139-MT102-Alexander-31753007.1964                            1 5.00000E-07 5.00000E-07
n-La139-MT102-Alian-20644010.1973                                1 5.00000E-07 5.00000E-07
n-La139-MT102-Breitenhuber-22525002.1968                         1 4.00000E-07 4.00000E-07
n-La139-MT102-Gleason-10644036.1975                              1 5.00000E-07 5.00000E-07
n-La139-MT102-Gleason-10644036A001.1975                          1 5.00000E-07 5.00000E-07
n-La139-MT102-Heft-12866127.1978                                 1 5.00000E-07 5.00000E-07
n-La139-MT102-Konks-40799006.1964                                1 7.30000E-04 7.30000E-04
n-La139-MT102-Mughabghab-V1002117.2006                           1 1.30093E-02 1.30093E-02
n-La139-MT102-Nguyen-30835003.2014                               1 5.50000E-07 5.50000E-07
n-La139-MT102-Obrienjr-10085004.1967                             1 5.40000E-07 5.40000E-07
n-La139-MT102-Obrienjr-10085004A001.1967                         1 5.40000E-07 5.40000E-07
n-La139-MT102-Orvini-20633007.1968                               1 5.50000E-07 5.50000E-07
n-La139-MT102-PriyadaPanikkathh-33109004.2017                    1 5.50000E-07 5.50000E-07
n-La139-MT102-PriyadaPanikkathh-33109005.2017                    1 5.50000E-07 5.50000E-07
n-La139-MT102-Ryves-20791015.1971                                1 5.00000E-07 5.00000E-07
n-La139-MT102-Steinnes-20188015.1972                             1 5.00000E-07 5.00000E-07
n-La139-MT102-Steinnes-20635002.1975                             1 5.00000E-07 5.00000E-07
n-La139-MT102-Vanderlinden-20645015.1974                         1 5.50000E-07 5.50000E-07
