#              Filename                                         N    min         max
a-C012-MT002-Abele-D0146003-ang-E0048.700.1987                 124 8.80000E+00 1.72100E+02
a-C012-MT002-Abele-D0146004-ang-E0054.100.1987                  95 1.00000E+01 1.71500E+02
a-C012-MT002-Adachi-E2635002-ang-E0386.000.2018                 64 2.00008E+00 2.58000E+01
a-C012-MT002-Adachi-E2635004-ang-E0130.000.2018                 53 3.69999E+00 5.45000E+01
a-C012-MT002-Aguilar-D0315002-ang-E0023.500.1967                47 1.72000E+01 1.64100E+02
a-C012-MT002-Aguilar-D0324002-ang-E0020.080.1968                48 9.90000E+00 1.70300E+02
a-C012-MT002-Aguilar-D0324002-ang-E0020.560.1968                59 1.17000E+01 1.70400E+02
a-C012-MT002-Aguilar-D0324002-ang-E0021.780.1968                45 1.21000E+01 1.70000E+02
a-C012-MT002-Aguilar-D0324002-ang-E0023.950.1968                48 1.43000E+01 1.70500E+02
a-C012-MT002-Aguilar-D0324003-ang-E0020.910.1968                 6 9.94000E+01 1.65100E+02
a-C012-MT002-Aguilar-D0324003-ang-E0021.000.1968                28 9.94000E+01 1.68300E+02
a-C012-MT002-Aguilar-D0324003-ang-E0021.210.1968                15 9.95000E+01 1.69900E+02
a-C012-MT002-Aguilar-D0324003-ang-E0021.320.1968                30 9.95000E+01 1.70300E+02
a-C012-MT002-Aguilar-D0324003-ang-E0021.990.1968                14 1.00000E+02 1.69000E+02
a-C012-MT002-Aguilar-D0324003-ang-E0022.960.1968                28 1.00000E+02 1.67900E+02
a-C012-MT002-Aguilar-D0324004-ang-E0020.103.1968                10 1.70000E+02 1.70000E+02
a-C012-MT002-Aguilar-D0324005-ang-E0020.081.1968                 3 1.72850E+02 1.72850E+02
a-C012-MT002-Aisina-F04970021-ang-E0029.300.1989                36 1.00000E+01 4.60000E+01
a-C012-MT002-Aisina-F04970021-ang-E0040.400.1989                45 1.10000E+01 5.10000E+01
a-C012-MT002-Aisina-F04970021-ang-E0045.400.1989                36 9.80000E+00 5.14000E+01
a-C012-MT002-Aisina-F04970021-ang-E0050.500.1989                73 9.80000E+00 5.68000E+01
a-C012-MT002-Ames-C1188002-ang-E0010.399.1982                  897 3.00000E+01 3.00000E+01
a-C012-MT002-Ames-C1188018-ang-E0010.399.1982                 1028 4.00000E+01 4.00000E+01
a-C012-MT002-Ames-C1188019-ang-E0010.399.1982                  939 5.00000E+01 5.00000E+01
a-C012-MT002-Ames-C1188020-ang-E0010.399.1982                 1011 5.50000E+01 5.50000E+01
a-C012-MT002-Ames-C1188021-ang-E0010.399.1982                  974 6.00000E+01 6.00000E+01
a-C012-MT002-Ames-C1188022-ang-E0010.399.1982                  732 6.50000E+01 6.50000E+01
a-C012-MT002-Ames-C1188023-ang-E0010.399.1982                 1001 7.00000E+01 7.00000E+01
a-C012-MT002-Ames-C1188024-ang-E0010.399.1982                  982 7.50000E+01 7.50000E+01
a-C012-MT002-Ames-C1188025-ang-E0010.880.1982                  990 8.50000E+01 8.50000E+01
a-C012-MT002-Ames-C1188026-ang-E0010.880.1982                  990 9.50000E+01 9.50000E+01
a-C012-MT002-Ames-C1188027-ang-E0010.880.1982                  987 1.05000E+02 1.05000E+02
a-C012-MT002-Ames-C1188028-ang-E0010.880.1982                  990 1.15000E+02 1.15000E+02
a-C012-MT002-Ames-C1188029-ang-E0010.399.1982                 1035 1.25000E+02 1.25000E+02
a-C012-MT002-Ames-C1188030-ang-E0010.399.1982                 1038 1.35000E+02 1.35000E+02
a-C012-MT002-Ames-C1188031-ang-E0010.399.1982                 1037 1.45000E+02 1.45000E+02
a-C012-MT002-Ames-C1188032-ang-E0010.399.1982                 1038 1.55000E+02 1.55000E+02
a-C012-MT002-Ames-C1188033-ang-E0010.399.1982                 1037 1.65000E+02 1.65000E+02
a-C012-MT002-Ames-C1188034-ang-E0010.399.1982                  748 1.70000E+02 1.70000E+02
a-C012-MT002-Bittner-C1359002-ang-E0003.820.1954                 1 1.34000E+02 1.66800E+02
a-C012-MT002-Bittner-C1359002-ang-E0003.830.1954                 1 7.16000E+01 1.66800E+02
a-C012-MT002-Bittner-C1359002-ang-E0003.838.1954                 1 7.16000E+01 7.16000E+01
a-C012-MT002-Bogdanovicradovic-D0079002-ang-E0001.969.2002       1 4.50000E+01 6.00000E+01
a-C012-MT002-Bogdanovicradovic-D0079002-ang-E0001.984.2002       1 4.50000E+01 6.00000E+01
a-C012-MT002-Bogdanovicradovic-D0079002-ang-E0002.015.2002       1 4.50000E+01 6.00000E+01
a-C012-MT002-Bogdanovicradovic-D0079002-ang-E0002.024.2002       1 4.50000E+01 6.00000E+01
a-C012-MT002-Bogdanovicradovic-D0079002-ang-E0002.061.2002       1 4.50000E+01 6.00000E+01
a-C012-MT002-Bogdanovicradovic-D0079002-ang-E0002.065.2002       1 4.50000E+01 4.50000E+01
a-C012-MT002-Brady-F0198004-ang-E0008.760.1967                  31 9.09999E+00 1.64600E+02
a-C012-MT002-Brady-F0198004-ang-E0009.330.1967                  30 9.09999E+00 1.64800E+02
a-C012-MT002-Brady-F0198004-ang-E0010.140.1967                  32 1.38000E+01 1.63600E+02
a-C012-MT002-Burdzik-D0873002-ang-E0032.500.1972                69 5.69997E+00 1.76000E+02
a-C012-MT002-Burtebaev-D09250081-ang-E0050.500.1988             70 1.00000E+01 1.70000E+02
a-C012-MT002-Burymov-F1167003-ang-E0019.300.1981                24 1.28000E+01 1.71000E+02
a-C012-MT002-Burymov-F1167003-ang-E0025.200.1981                32 1.28000E+01 1.64300E+02
a-C012-MT002-Burymov-F1167003-ang-E0027.100.1981                54 1.59000E+01 1.68000E+02
a-C012-MT002-Burymov-F1167003-ang-E0028.500.1981                48 1.32000E+01 1.73100E+02
a-C012-MT002-Burymov-F1167003-ang-E0030.700.1981                44 1.32000E+01 1.67000E+02
a-C012-MT002-Chaumeaux-D0219002-ang-E1370.000.1976              45 3.40001E+00 1.61000E+01
a-C012-MT002-Clark-O0888002-ang-E0002.800.1968                 256 5.98000E+01 1.65200E+02
a-C012-MT002-Corelli-T0245002-ang-E0018.000.1959                51 9.80000E+00 1.43600E+02
a-C012-MT002-Corelli-T0245003-ang-E0018.500.1959                12 1.42200E+02 1.69500E+02
a-C012-MT002-Davies-C09130031-ang-E0004.100.1994                23 1.70000E+02 1.70000E+02
a-C012-MT002-Eidson-T0265002-ang-E0022.500.1964                 61 1.84300E+01 1.68900E+02
a-C012-MT002-England-F0356002-ang-E0020.200.1977                46 1.06000E+01 1.71200E+02
a-C012-MT002-England-F0356002-ang-E0020.600.1977                61 9.60001E+00 1.61500E+02
a-C012-MT002-England-F0356002-ang-E0021.800.1977                47 9.60001E+00 1.72400E+02
a-C012-MT002-England-F0356002-ang-E0023.300.1977                51 1.47000E+01 1.70600E+02
a-C012-MT002-Feofilov-F0867002-ang-E0024.000.1974               64 1.02000E+01 1.70700E+02
a-C012-MT002-Hauser-D0216004-ang-E0104.000.1969                177 3.99998E+00 1.74000E+02
a-C012-MT002-Hill-C1026003-ang-E0002.500.1953                    1 1.06900E+02 1.33100E+02
a-C012-MT002-Hill-C1026003-ang-E0002.502.1953                    1 7.34000E+01 1.33100E+02
a-C012-MT002-Hill-C1026003-ang-E0002.507.1953                    1 7.34000E+01 1.66600E+02
a-C012-MT002-Hill-C1026003-ang-E0002.510.1953                    1 7.34000E+01 1.66600E+02
a-C012-MT002-Hill-C1026003-ang-E0002.516.1953                    1 7.34000E+01 1.66600E+02
a-C012-MT002-Hill-C1026003-ang-E0002.520.1953                    1 1.06900E+02 1.66600E+02
a-C012-MT002-Hill-C1026003-ang-E0002.521.1953                    1 1.06900E+02 1.33100E+02
a-C012-MT002-Hill-C1026003-ang-E0002.523.1953                    1 7.34000E+01 1.33100E+02
a-C012-MT002-Hill-C1026003-ang-E0002.533.1953                    1 7.34000E+01 1.66600E+02
a-C012-MT002-Hill-C1026003-ang-E0002.534.1953                    1 7.34000E+01 1.66600E+02
a-C012-MT002-Hill-C1026003-ang-E0002.545.1953                    1 7.34000E+01 1.66600E+02
a-C012-MT002-Hill-C1026003-ang-E0002.548.1953                    1 1.06900E+02 1.66600E+02
a-C012-MT002-Hill-C1026003-ang-E0002.552.1953                    2 1.06900E+02 1.66600E+02
a-C012-MT002-Hill-C1026003-ang-E0002.559.1953                    1 7.34000E+01 1.66600E+02
a-C012-MT002-Hill-C1026003-ang-E0002.560.1953                    1 7.34000E+01 7.34000E+01
a-C012-MT002-Ignatenko-F1464003-ang-E0018.500.1990              48 1.62000E+01 1.71600E+02
a-C012-MT002-Ignatenko-F1464003-ang-E0021.700.1990              28 1.84000E+01 1.61500E+02
a-C012-MT002-Ignatenko-F1464003-ang-E0025.000.1990              39 1.91000E+01 1.63400E+02
a-C012-MT002-Itoh-E2157005-ang-E0386.000.2011                   60 2.90009E+00 2.59000E+01
a-C012-MT002-Jodogne-O2256002-ang-E0021.200.1962                38 3.43000E+01 1.74300E+02
a-C012-MT002-Jodogne-O2256003-ang-E0021.800.1962                39 3.85000E+01 1.74400E+02
a-C012-MT002-Jodogne-O2256004-ang-E0022.100.1962                37 3.84000E+01 1.76100E+02
a-C012-MT002-Jodogne-O2256005-ang-E0022.400.1962                41 3.42000E+01 1.77400E+02
a-C012-MT002-Jodogne-O2256006-ang-E0022.700.1962                40 3.72000E+01 1.77500E+02
a-C012-MT002-Jodogne-O2256012-ang-E0014.820.1962                26 1.74000E+02 1.74000E+02
a-C012-MT002-Kovash-T0212002-ang-E0003.540.1985                296 9.16000E+01 1.51600E+02
a-C012-MT002-Kuznetsov-F0505002-ang-E0026.600.1972              46 2.41000E+01 1.76500E+02
a-C012-MT002-Kuznetsov-F0697002-ang-E0018.000.1973              32 9.24000E+01 1.78500E+02
a-C012-MT002-Kuznetsov-F0697002-ang-E0019.000.1973              23 9.81000E+01 1.77900E+02
a-C012-MT002-Kuznetsov-F0697002-ang-E0022.000.1973              28 9.81000E+01 1.76700E+02
a-C012-MT002-Kuznetsov-F0697002-ang-E0024.000.1973              26 9.89000E+01 1.77400E+02
a-C012-MT002-Kuznetsov-F0697002-ang-E0025.000.1973              26 1.00600E+02 1.78000E+02
a-C012-MT002-Kuznetsov-F0697002-ang-E0026.600.1973              20 1.00600E+02 1.75200E+02
a-C012-MT002-Kuznetsov-F0697004-ang-E0017.950.1973               7 1.76000E+02 1.76000E+02
a-C012-MT002-Marvin-C1360002-ang-E0003.975.1972                  1 7.16000E+01 8.44000E+01
a-C012-MT002-Marvin-C1360002-ang-E0003.986.1972                  1 2.97000E+01 8.44000E+01
a-C012-MT002-Marvin-C1360002-ang-E0003.988.1972                  1 2.97000E+01 4.40000E+01
a-C012-MT002-Marvin-C1360002-ang-E0003.990.1972                  1 4.40000E+01 1.36000E+02
a-C012-MT002-Marvin-C1360002-ang-E0003.991.1972                  1 3.70000E+01 1.36000E+02
a-C012-MT002-Marvin-C1360002-ang-E0003.995.1972                  1 3.70000E+01 1.43600E+02
a-C012-MT002-Marvin-C1360002-ang-E0003.995A001.1972              1 5.44000E+01 1.43600E+02
a-C012-MT002-Marvin-C1360002-ang-E0003.996.1972                  1 5.44000E+01 1.48900E+02
a-C012-MT002-Marvin-C1360002-ang-E0003.998.1972                  1 1.03700E+02 1.48900E+02
a-C012-MT002-Marvin-C1360002-ang-E0003.999.1972                  1 1.03700E+02 1.13600E+02
a-C012-MT002-Marvin-C1360002-ang-E0004.001.1972                  1 2.31000E+01 1.13600E+02
a-C012-MT002-Marvin-C1360002-ang-E0004.002.1972                  1 2.31000E+01 9.04000E+01
a-C012-MT002-Marvin-C1360002-ang-E0004.006.1972                  1 4.18000E+01 9.04000E+01
a-C012-MT002-Marvin-C1360002-ang-E0004.013.1972                  1 4.18000E+01 1.06700E+02
a-C012-MT002-Marvin-C1360002-ang-E0004.013A001.1972              1 1.06700E+02 1.24900E+02
a-C012-MT002-Marvin-C1360002-ang-E0004.021.1972                  1 3.70000E+01 1.24900E+02
a-C012-MT002-Marvin-C1360002-ang-E0004.104.1972                  1 3.70000E+01 4.40000E+01
a-C012-MT002-Marvin-C1360002-ang-E0004.120.1972                  1 4.40000E+01 1.03700E+02
a-C012-MT002-Marvin-C1360002-ang-E0004.126.1972                  1 7.16000E+01 1.03700E+02
a-C012-MT002-Marvin-C1360002-ang-E0004.126A001.1972              1 7.16000E+01 1.06700E+02
a-C012-MT002-Marvin-C1360002-ang-E0004.127.1972                  1 2.31000E+01 1.06700E+02
a-C012-MT002-Marvin-C1360002-ang-E0004.134.1972                  1 2.31000E+01 1.48900E+02
a-C012-MT002-Marvin-C1360002-ang-E0004.138.1972                  1 5.44000E+01 1.48900E+02
a-C012-MT002-Marvin-C1360002-ang-E0004.141.1972                  1 2.97000E+01 5.44000E+01
a-C012-MT002-Marvin-C1360002-ang-E0004.142.1972                  1 2.97000E+01 8.44000E+01
a-C012-MT002-Marvin-C1360002-ang-E0004.143.1972                  1 8.44000E+01 1.43600E+02
a-C012-MT002-Marvin-C1360002-ang-E0004.149.1972                  1 1.13600E+02 1.43600E+02
a-C012-MT002-Marvin-C1360002-ang-E0004.149A001.1972              1 9.04000E+01 1.13600E+02
a-C012-MT002-Marvin-C1360002-ang-E0004.150.1972                  1 9.04000E+01 1.36000E+02
a-C012-MT002-Marvin-C1360002-ang-E0004.155.1972                  1 4.18000E+01 1.36000E+02
a-C012-MT002-Marvin-C1360002-ang-E0004.157.1972                  1 4.18000E+01 1.24900E+02
a-C012-MT002-Marvin-C1360002-ang-E0004.158.1972                  1 4.40000E+01 1.24900E+02
a-C012-MT002-Marvin-C1360002-ang-E0004.162.1972                  1 3.70000E+01 4.40000E+01
a-C012-MT002-Marvin-C1360002-ang-E0004.171.1972                  1 2.31000E+01 3.70000E+01
a-C012-MT002-Marvin-C1360002-ang-E0004.179.1972                  1 2.31000E+01 1.03700E+02
a-C012-MT002-Marvin-C1360002-ang-E0004.180.1972                  1 1.03700E+02 1.43600E+02
a-C012-MT002-Marvin-C1360002-ang-E0004.186.1972                  1 5.44000E+01 1.43600E+02
a-C012-MT002-Marvin-C1360002-ang-E0004.187.1972                  1 2.97000E+01 5.44000E+01
a-C012-MT002-Marvin-C1360002-ang-E0004.188.1972                  1 2.97000E+01 1.06700E+02
a-C012-MT002-Marvin-C1360002-ang-E0004.189.1972                  1 7.16000E+01 1.06700E+02
a-C012-MT002-Marvin-C1360002-ang-E0004.196.1972                  1 7.16000E+01 1.13600E+02
a-C012-MT002-Marvin-C1360002-ang-E0004.198.1972                  1 1.13600E+02 1.48900E+02
a-C012-MT002-Marvin-C1360002-ang-E0004.198A001.1972              1 8.44000E+01 1.48900E+02
a-C012-MT002-Marvin-C1360002-ang-E0004.198A002.1972              1 8.44000E+01 9.04000E+01
a-C012-MT002-Marvin-C1360002-ang-E0004.210.1972                  1 4.18000E+01 9.04000E+01
a-C012-MT002-Marvin-C1360002-ang-E0004.212.1972                  1 4.18000E+01 1.36000E+02
a-C012-MT002-Marvin-C1360002-ang-E0004.212A001.1972              1 2.97000E+01 1.36000E+02
a-C012-MT002-Marvin-C1360002-ang-E0004.218.1972                  1 2.97000E+01 1.03700E+02
a-C012-MT002-Marvin-C1360002-ang-E0004.219.1972                  1 1.03700E+02 1.24900E+02
a-C012-MT002-Marvin-C1360002-ang-E0004.220.1972                  1 5.44000E+01 1.24900E+02
a-C012-MT002-Marvin-C1360002-ang-E0004.230.1972                  1 2.31000E+01 5.44000E+01
a-C012-MT002-Marvin-C1360002-ang-E0004.232.1972                  1 2.31000E+01 3.70000E+01
a-C012-MT002-Marvin-C1360002-ang-E0004.234.1972                  1 3.70000E+01 1.43600E+02
a-C012-MT002-Marvin-C1360002-ang-E0004.234A001.1972              1 1.13600E+02 1.43600E+02
a-C012-MT002-Marvin-C1360002-ang-E0004.241.1972                  1 4.18000E+01 1.13600E+02
a-C012-MT002-Marvin-C1360002-ang-E0004.242.1972                  1 4.18000E+01 1.48900E+02
a-C012-MT002-Marvin-C1360002-ang-E0004.243.1972                  1 7.16000E+01 1.48900E+02
a-C012-MT002-Marvin-C1360002-ang-E0004.243A001.1972              1 4.40000E+01 7.16000E+01
a-C012-MT002-Marvin-C1360002-ang-E0004.248.1972                  1 4.40000E+01 1.36000E+02
a-C012-MT002-Marvin-C1360002-ang-E0004.249.1972                  1 8.44000E+01 1.36000E+02
a-C012-MT002-Marvin-C1360002-ang-E0004.251.1972                  1 8.44000E+01 1.06700E+02
a-C012-MT002-Marvin-C1360002-ang-E0004.254.1972                  1 3.70000E+01 1.06700E+02
a-C012-MT002-Marvin-C1360002-ang-E0004.256.1972                  1 3.70000E+01 4.40000E+01
a-C012-MT002-Marvin-C1360002-ang-E0004.257.1972                  1 3.70000E+01 4.40000E+01
a-C012-MT002-Marvin-C1360002-ang-E0004.262.1972                  1 2.97000E+01 3.70000E+01
a-C012-MT002-Marvin-C1360002-ang-E0004.268.1972                  1 2.97000E+01 9.04000E+01
a-C012-MT002-Marvin-C1360002-ang-E0004.269.1972                  1 9.04000E+01 1.03700E+02
a-C012-MT002-Marvin-C1360002-ang-E0004.274.1972                  1 1.03700E+02 1.24900E+02
a-C012-MT002-Marvin-C1360002-ang-E0004.275.1972                  1 1.06700E+02 1.24900E+02
a-C012-MT002-Marvin-C1360002-ang-E0004.280.1972                  1 4.40000E+01 1.06700E+02
a-C012-MT002-Marvin-C1360002-ang-E0004.282.1972                  1 2.97000E+01 4.40000E+01
a-C012-MT002-Marvin-C1360002-ang-E0004.283.1972                  1 2.97000E+01 3.70000E+01
a-C012-MT002-Marvin-C1360002-ang-E0004.284.1972                  1 3.70000E+01 5.44000E+01
a-C012-MT002-Marvin-C1360002-ang-E0004.285.1972                  1 5.44000E+01 8.44000E+01
a-C012-MT002-Marvin-C1360002-ang-E0004.289.1972                  1 8.44000E+01 1.13600E+02
a-C012-MT002-Marvin-C1360002-ang-E0004.289A001.1972              1 7.16000E+01 1.13600E+02
a-C012-MT002-Marvin-C1360002-ang-E0004.292.1972                  1 7.16000E+01 1.43600E+02
a-C012-MT002-Marvin-C1360002-ang-E0004.295.1972                  1 8.44000E+01 1.43600E+02
a-C012-MT002-Marvin-C1360002-ang-E0004.300.1972                  1 8.44000E+01 1.43600E+02
a-C012-MT002-Marvin-C1360002-ang-E0004.301.1972                  1 7.16000E+01 1.43600E+02
a-C012-MT002-Marvin-C1360002-ang-E0004.302.1972                  1 7.16000E+01 1.36000E+02
a-C012-MT002-Marvin-C1360002-ang-E0004.306.1972                  1 3.70000E+01 1.36000E+02
a-C012-MT002-Marvin-C1360002-ang-E0004.308.1972                  1 3.70000E+01 1.13600E+02
a-C012-MT002-Marvin-C1360002-ang-E0004.309.1972                  1 1.13600E+02 1.36000E+02
a-C012-MT002-Marvin-C1360002-ang-E0004.309A001.1972              1 1.36000E+02 1.43600E+02
a-C012-MT002-Marvin-C1360002-ang-E0004.309A002.1972              1 5.44000E+01 1.43600E+02
a-C012-MT002-Marvin-C1360002-ang-E0004.310.1972                  1 5.44000E+01 1.24900E+02
a-C012-MT002-Marvin-C1360002-ang-E0004.311.1972                  1 2.31000E+01 1.24900E+02
a-C012-MT002-Marvin-C1360002-ang-E0004.312.1972                  1 2.31000E+01 1.24900E+02
a-C012-MT002-Marvin-C1360002-ang-E0004.312A001.1972              1 2.31000E+01 1.24900E+02
a-C012-MT002-Marvin-C1360002-ang-E0004.313.1972                  2 2.31000E+01 1.03700E+02
a-C012-MT002-Marvin-C1360002-ang-E0004.313A001.1972              1 4.18000E+01 1.03700E+02
a-C012-MT002-Marvin-C1360002-ang-E0004.315.1972                  1 4.18000E+01 9.04000E+01
a-C012-MT002-Marvin-C1360002-ang-E0004.318.1972                  1 9.04000E+01 1.13600E+02
a-C012-MT002-Marvin-C1360002-ang-E0004.318A001.1972              2 4.18000E+01 1.24900E+02
a-C012-MT002-Marvin-C1360002-ang-E0004.319.1972                  1 4.18000E+01 5.44000E+01
a-C012-MT002-Marvin-C1360002-ang-E0004.319A001.1972              1 2.97000E+01 5.44000E+01
a-C012-MT002-Marvin-C1360002-ang-E0004.320.1972                  2 2.97000E+01 1.48900E+02
a-C012-MT002-Marvin-C1360002-ang-E0004.320A001.1972              1 4.40000E+01 1.06700E+02
a-C012-MT002-Marvin-C1360002-ang-E0004.321.1972                  2 2.97000E+01 1.48900E+02
a-C012-MT002-Marvin-C1360002-ang-E0004.321A001.1972              1 2.97000E+01 1.03700E+02
a-C012-MT002-Marvin-C1360002-ang-E0004.323.1972                  1 1.03700E+02 1.48900E+02
a-C012-MT002-Marvin-C1360002-ang-E0004.324.1972                  1 3.70000E+01 1.48900E+02
a-C012-MT002-Marvin-C1360002-ang-E0004.326.1972                  1 3.70000E+01 1.43600E+02
a-C012-MT002-Marvin-C1360002-ang-E0004.327.1972                  1 1.06700E+02 1.43600E+02
a-C012-MT002-Marvin-C1360002-ang-E0004.328.1972                  1 7.16000E+01 1.06700E+02
a-C012-MT002-Marvin-C1360002-ang-E0004.329.1972                  1 7.16000E+01 8.44000E+01
a-C012-MT002-Marvin-C1360002-ang-E0004.330.1972                  1 2.31000E+01 8.44000E+01
a-C012-MT002-Marvin-C1360002-ang-E0004.332.1972                  1 2.31000E+01 8.44000E+01
a-C012-MT002-Marvin-C1360002-ang-E0004.332A001.1972              1 7.16000E+01 8.44000E+01
a-C012-MT002-Marvin-C1360002-ang-E0004.333.1972                  1 7.16000E+01 1.48900E+02
a-C012-MT002-Marvin-C1360002-ang-E0004.333A001.1972              1 1.43600E+02 1.48900E+02
a-C012-MT002-Marvin-C1360002-ang-E0004.334.1972                  1 8.44000E+01 1.43600E+02
a-C012-MT002-Marvin-C1360002-ang-E0004.335.1972                  1 3.70000E+01 8.44000E+01
a-C012-MT002-Marvin-C1360002-ang-E0004.338.1972                  1 3.70000E+01 9.04000E+01
a-C012-MT002-Marvin-C1360002-ang-E0004.343.1972                  1 2.97000E+01 9.04000E+01
a-C012-MT002-Marvin-C1360002-ang-E0004.344.1972                  1 2.97000E+01 2.97000E+01
a-C012-MT002-Mikumo-E1944002-ang-E0028.400.1960                 46 1.50000E+01 1.34900E+02
a-C012-MT002-Mikumo-E1944003-ang-E0031.000.1960                 45 1.50000E+01 1.34900E+02
a-C012-MT002-Mikumo-E1944004-ang-E0033.600.1960                 45 1.50000E+01 1.20000E+02
a-C012-MT002-Mikumo-E1945002-ang-E0027.000.1961                 52 2.00000E+01 1.42500E+02
a-C012-MT002-Mikumo-E1945004-ang-E0029.600.1961                 56 2.10000E+01 1.49200E+02
a-C012-MT002-Mikumo-E1945006-ang-E0029.800.1961                 33 3.09000E+01 1.00000E+02
a-C012-MT002-Mikumo-E1945008-ang-E0030.000.1961                 37 2.00000E+01 9.50000E+01
a-C012-MT002-Mikumo-E1945010-ang-E0030.200.1961                 34 2.00000E+01 1.00000E+02
a-C012-MT002-Mikumo-E1945012-ang-E0031.400.1961                 55 2.10000E+01 1.49200E+02
a-C012-MT002-Mikumo-E1945014-ang-E0034.500.1961                 71 2.10000E+01 1.49200E+02
a-C012-MT002-Mikumo-E1945016-ang-E0035.500.1961                 62 2.35000E+01 1.45000E+02
a-C012-MT002-Millerjones-C1029002-ang-E0002.504.1962             1 7.16000E+01 9.04000E+01
a-C012-MT002-Millerjones-C1029002-ang-E0002.507.1962             3 7.16000E+01 1.36100E+02
a-C012-MT002-Millerjones-C1029002-ang-E0002.509.1962             1 7.16000E+01 9.04000E+01
a-C012-MT002-Millerjones-C1029002-ang-E0002.510.1962             2 5.44000E+01 1.60000E+02
a-C012-MT002-Millerjones-C1029002-ang-E0002.511.1962             2 5.44000E+01 1.06600E+02
a-C012-MT002-Millerjones-C1029002-ang-E0002.514.1962             1 9.04000E+01 1.24300E+02
a-C012-MT002-Millerjones-C1029002-ang-E0002.516.1962             1 8.01000E+01 1.24300E+02
a-C012-MT002-Millerjones-C1029002-ang-E0002.519.1962             1 8.01000E+01 9.04000E+01
a-C012-MT002-Millerjones-C1029002-ang-E0002.546.1962             1 9.04000E+01 1.36100E+02
a-C012-MT002-Millerjones-C1029002-ang-E0002.549.1962             1 5.44000E+01 1.36100E+02
a-C012-MT002-Millerjones-C1029002-ang-E0002.550.1962             6 5.44000E+01 1.60000E+02
a-C012-MT002-Millerjones-C1029002-ang-E0002.551.1962             1 9.04000E+01 1.06600E+02
a-C012-MT002-Millerjones-C1029002-ang-E0002.553.1962             1 8.01000E+01 9.04000E+01
a-C012-MT002-Millerjones-C1029002-ang-E0002.555.1962             1 8.01000E+01 1.24300E+02
a-C012-MT002-Millerjones-C1029002-ang-E0002.556.1962             1 1.24300E+02 1.36100E+02
a-C012-MT002-Millerjones-C1029002-ang-E0002.586.1962             1 9.04000E+01 1.36100E+02
a-C012-MT002-Millerjones-C1029002-ang-E0002.589.1962             1 9.04000E+01 9.04000E+01
a-C012-MT002-Millerjones-C1029003-ang-E0002.820.1962            28 5.44000E+01 1.36100E+02
a-C012-MT002-Morgan-C2083002-ang-E0018.907.1970                352 1.58800E+02 1.58800E+02
a-C012-MT002-Morgan-C2083003-ang-E0018.864.1970                298 1.45900E+02 1.45900E+02
a-C012-MT002-Morgan-C2083004-ang-E0018.871.1970                322 1.26300E+02 1.26300E+02
a-C012-MT002-Morgan-C2083005-ang-E0018.898.1970                279 7.59000E+01 7.59000E+01
a-C012-MT002-Morgan-C2083006-ang-E0018.899.1970                327 1.40200E+02 1.40200E+02
a-C012-MT002-Morgan-C2083007-ang-E0018.905.1970                246 1.52100E+02 1.52100E+02
a-C012-MT002-Morgan-C2083008-ang-E0019.053.1970                312 1.11800E+02 1.11800E+02
a-C012-MT002-Morgan-C2083009-ang-E0018.893.1970                343 1.29700E+02 1.29700E+02
a-C012-MT002-Morgan-C2083018-ang-E0019.018.1970                 83 1.48900E+02 1.48900E+02
a-C012-MT002-Morgan-C2083019-ang-E0019.217.1970                 83 1.36000E+02 1.36000E+02
a-C012-MT002-Morgan-C2083020-ang-E0019.316.1970                 81 1.21300E+02 1.21300E+02
a-C012-MT002-Morgan-C2083021-ang-E0019.237.1970                 87 7.16000E+01 7.16000E+01
a-C012-MT002-Morgan-C2083022-ang-E0019.148.1970                 86 1.06600E+02 1.06600E+02
a-C012-MT002-Morgan-C2083023-ang-E0019.222.1970                 81 1.24900E+02 1.24900E+02
a-C012-MT002-Morgan-C2083024-ang-E0019.238.1970                 90 1.42500E+02 1.42500E+02
a-C012-MT002-Morgan-C2083025-ang-E0019.209.1970                 98 1.56100E+02 1.56100E+02
a-C012-MT002-Morgan-C2083034-ang-E0019.400.1970                 35 1.70000E+01 1.67100E+02
a-C012-MT002-Morgan-C2083035-ang-E0019.700.1970                 32 1.88000E+01 1.68300E+02
a-C012-MT002-Morgan-C2083036-ang-E0020.100.1970                 62 1.51000E+01 1.79700E+02
a-C012-MT002-Morgan-C2083037-ang-E0020.400.1970                 56 1.12000E+01 1.68100E+02
a-C012-MT002-Morgan-C2083038-ang-E0020.700.1970                 57 1.14000E+01 1.68500E+02
a-C012-MT002-Morgan-C2083039-ang-E0021.000.1970                 65 1.41000E+01 1.73400E+02
a-C012-MT002-Morgan-C2083040-ang-E0021.300.1970                 67 1.45000E+01 1.73400E+02
a-C012-MT002-Morgan-C2083041-ang-E0021.600.1970                 75 1.58000E+01 1.72600E+02
a-C012-MT002-Morgan-C2083042-ang-E0021.900.1970                 35 1.21000E+01 1.53500E+02
a-C012-MT002-Morgan-C2083043-ang-E0022.300.1970                 36 1.38000E+01 1.57200E+02
a-C012-MT002-Morgan-C2083044-ang-E0022.900.1970                 36 1.45000E+01 1.57900E+02
a-C012-MT002-Morgan-C2083045-ang-E0023.300.1970                 35 1.42000E+01 1.58500E+02
a-C012-MT002-Morgan-C2083046-ang-E0023.900.1970                 36 1.26000E+01 1.53600E+02
a-C012-MT002-Morgan-C2083047-ang-E0024.100.1970                 36 1.19000E+01 1.56500E+02
a-C012-MT002-Morgan-C2083048-ang-E0024.600.1970                 36 1.29000E+01 1.57900E+02
a-C012-MT002-Morgan-C2083049-ang-E0024.900.1970                 36 1.43000E+01 1.62700E+02
a-C012-MT002-Morgan-C2083050-ang-E0025.300.1970                 35 1.40000E+01 1.61300E+02
a-C012-MT002-Morgan-C2083051-ang-E0025.700.1970                 34 1.45000E+01 1.56600E+02
a-C012-MT002-Morgan-C2083052-ang-E0026.100.1970                 36 1.08000E+01 1.56200E+02
a-C012-MT002-Morgan-C2083053-ang-E0026.600.1970                 35 1.38000E+01 1.62000E+02
a-C012-MT002-Morris-F1041002-ang-E0006.600.1968                 29 2.39210E+01 1.69500E+02
a-C012-MT002-Morris-F1041002-ang-E0006.885.1968                 28 3.00320E+01 1.69130E+02
a-C012-MT002-Morris-F1041002-ang-E0006.965.1968                 28 3.04060E+01 1.69130E+02
a-C012-MT002-Morris-F1041002-ang-E0006.990.1968                 26 3.04060E+01 1.69140E+02
a-C012-MT002-Morris-F1041002-ang-E0007.064.1968                 30 3.07330E+01 1.69130E+02
a-C012-MT002-Morris-F1041002-ang-E0007.093.1968                 29 3.07330E+01 1.69110E+02
a-C012-MT002-Morris-F1041002-ang-E0007.167.1968                 28 2.56600E+01 1.68360E+02
a-C012-MT002-Morris-F1041002-ang-E0007.400.1968                 28 2.56600E+01 1.60780E+02
a-C012-MT002-Morris-F1041002-ang-E0007.500.1968                 26 2.68010E+01 1.65450E+02
a-C012-MT002-Morris-F1041002-ang-E0007.700.1968                 28 2.68010E+01 1.68510E+02
a-C012-MT002-Morris-F1041002-ang-E0007.767.1968                 28 2.27790E+01 1.74800E+02
a-C012-MT002-Morris-F1041002-ang-E0007.800.1968                 30 2.27790E+01 1.69210E+02
a-C012-MT002-Morris-F1041002-ang-E0007.845.1968                 24 2.23800E+01 1.68470E+02
a-C012-MT002-Morris-F1041002-ang-E0007.900.1968                 30 2.23800E+01 1.69160E+02
a-C012-MT002-Morris-F1041002-ang-E0007.960.1968                 27 2.63380E+01 1.67310E+02
a-C012-MT002-Morris-F1041002-ang-E0008.015.1968                 29 2.63380E+01 1.65830E+02
a-C012-MT002-Morris-F1041002-ang-E0008.050.1968                 29 3.23120E+01 1.72290E+02
a-C012-MT002-Morris-F1041002-ang-E0008.113.1968                 23 3.51840E+01 1.71580E+02
a-C012-MT002-Morris-F1041002-ang-E0008.147.1968                 26 2.94100E+01 1.65030E+02
a-C012-MT002-Morris-F1041002-ang-E0008.196.1968                 27 2.90600E+01 1.69750E+02
a-C012-MT002-Morris-F1041002-ang-E0008.247.1968                 29 2.87290E+01 1.69410E+02
a-C012-MT002-Morris-F1041002-ang-E0008.300.1968                 28 2.73110E+01 1.67990E+02
a-C012-MT002-Morris-F1041002-ang-E0008.500.1968                 29 2.73110E+01 1.66570E+02
a-C012-MT002-Morris-F1041003-ang-E0006.599.1968                  1 8.71000E+01 1.60700E+02
a-C012-MT002-Morris-F1041003-ang-E0006.599A001.1968              1 1.19100E+02 1.60700E+02
a-C012-MT002-Morris-F1041003-ang-E0006.600.1968                  1 5.56000E+01 1.19100E+02
a-C012-MT002-Morris-F1041003-ang-E0006.605.1968                  1 5.56000E+01 1.06200E+02
a-C012-MT002-Morris-F1041003-ang-E0006.609.1968                  1 8.51000E+01 1.06200E+02
a-C012-MT002-Morris-F1041003-ang-E0006.690.1968                  1 8.51000E+01 1.19100E+02
a-C012-MT002-Morris-F1041003-ang-E0006.699.1968                  1 8.71000E+01 1.19100E+02
a-C012-MT002-Morris-F1041003-ang-E0006.701.1968                  1 8.71000E+01 1.60700E+02
a-C012-MT002-Morris-F1041003-ang-E0006.701A001.1968              1 5.56000E+01 1.60700E+02
a-C012-MT002-Morris-F1041003-ang-E0006.704.1968                  1 5.56000E+01 1.06200E+02
a-C012-MT002-Morris-F1041003-ang-E0006.708.1968                  1 8.51000E+01 1.06200E+02
a-C012-MT002-Morris-F1041003-ang-E0006.732.1968                  1 8.51000E+01 8.51000E+01
a-C012-MT002-Nakamura-E2255002-ang-E0028.500.1967               22 1.13000E+01 1.07400E+02
a-C012-MT002-Nita-D0704002-ang-E0004.193.2012                   21 1.67000E+02 1.67000E+02
a-C012-MT002-Ophel-F0983002-ang-E0008.490.1971                   1 4.00000E+01 7.00000E+01
a-C012-MT002-Ophel-F0983002-ang-E0008.494.1971                   1 3.50000E+01 7.00000E+01
a-C012-MT002-Ophel-F0983002-ang-E0008.495.1971                   1 3.50000E+01 4.50000E+01
a-C012-MT002-Ophel-F0983002-ang-E0008.497.1971                   1 3.00000E+01 4.50000E+01
a-C012-MT002-Ophel-F0983002-ang-E0008.497A001.1971               1 3.00000E+01 6.50000E+01
a-C012-MT002-Ophel-F0983002-ang-E0008.500.1971                   1 6.50000E+01 1.62000E+02
a-C012-MT002-Ophel-F0983002-ang-E0008.500A001.1971               1 1.35000E+02 1.62000E+02
a-C012-MT002-Ophel-F0983002-ang-E0008.501.1971                   1 1.35000E+02 1.40000E+02
a-C012-MT002-Ophel-F0983002-ang-E0008.507.1971                   1 1.40000E+02 1.55000E+02
a-C012-MT002-Ophel-F0983002-ang-E0008.507A001.1971               1 1.50000E+02 1.55000E+02
a-C012-MT002-Ophel-F0983002-ang-E0008.507A002.1971               1 1.45000E+02 1.50000E+02
a-C012-MT002-Ophel-F0983002-ang-E0008.511.1971                   2 2.50000E+01 1.67000E+02
a-C012-MT002-Ophel-F0983002-ang-E0008.588.1971                   1 2.50000E+01 7.00000E+01
a-C012-MT002-Ophel-F0983002-ang-E0008.591.1971                   1 4.50000E+01 7.00000E+01
a-C012-MT002-Ophel-F0983002-ang-E0008.595.1971                   1 3.50000E+01 4.50000E+01
a-C012-MT002-Ophel-F0983002-ang-E0008.596.1971                   1 3.50000E+01 1.35000E+02
a-C012-MT002-Ophel-F0983002-ang-E0008.598.1971                   1 1.35000E+02 1.40000E+02
a-C012-MT002-Ophel-F0983002-ang-E0008.604.1971                   1 1.40000E+02 1.67000E+02
a-C012-MT002-Ophel-F0983002-ang-E0008.604A001.1971               1 1.55000E+02 1.67000E+02
a-C012-MT002-Ophel-F0983002-ang-E0008.608.1971                   1 1.45000E+02 1.55000E+02
a-C012-MT002-Ophel-F0983002-ang-E0008.608A001.1971               1 1.35000E+02 1.45000E+02
a-C012-MT002-Ophel-F0983002-ang-E0008.692.1971                   1 7.00000E+01 1.35000E+02
a-C012-MT002-Ophel-F0983002-ang-E0008.692A001.1971               1 4.00000E+01 7.00000E+01
a-C012-MT002-Ophel-F0983002-ang-E0008.693.1971                   1 3.50000E+01 4.00000E+01
a-C012-MT002-Ophel-F0983002-ang-E0008.693A001.1971               1 3.50000E+01 4.50000E+01
a-C012-MT002-Ophel-F0983002-ang-E0008.696.1971                   1 3.00000E+01 4.50000E+01
a-C012-MT002-Ophel-F0983002-ang-E0008.696A001.1971               1 2.50000E+01 3.00000E+01
a-C012-MT002-Ophel-F0983002-ang-E0008.696A002.1971               1 2.50000E+01 1.62000E+02
a-C012-MT002-Ophel-F0983002-ang-E0008.702.1971                   1 6.50000E+01 1.62000E+02
a-C012-MT002-Ophel-F0983002-ang-E0008.702A001.1971               1 6.50000E+01 1.40000E+02
a-C012-MT002-Ophel-F0983002-ang-E0008.705.1971                   2 1.40000E+02 1.67000E+02
a-C012-MT002-Ophel-F0983002-ang-E0008.705A001.1971               1 1.45000E+02 1.50000E+02
a-C012-MT002-Ophel-F0983002-ang-E0008.705A002.1971               1 1.45000E+02 1.55000E+02
a-C012-MT002-Ophel-F0983002-ang-E0008.708.1971                   1 7.00000E+01 1.55000E+02
a-C012-MT002-Ophel-F0983002-ang-E0008.789.1971                   1 4.00000E+01 7.00000E+01
a-C012-MT002-Ophel-F0983002-ang-E0008.790.1971                   1 3.50000E+01 4.00000E+01
a-C012-MT002-Ophel-F0983002-ang-E0008.791.1971                   1 3.00000E+01 3.50000E+01
a-C012-MT002-Ophel-F0983002-ang-E0008.793.1971                   1 3.00000E+01 1.35000E+02
a-C012-MT002-Ophel-F0983002-ang-E0008.796.1971                   1 4.50000E+01 1.35000E+02
a-C012-MT002-Ophel-F0983002-ang-E0008.797.1971                   1 2.50000E+01 4.50000E+01
a-C012-MT002-Ophel-F0983002-ang-E0008.797A001.1971               1 2.50000E+01 6.50000E+01
a-C012-MT002-Ophel-F0983002-ang-E0008.800.1971                   1 6.50000E+01 1.55000E+02
a-C012-MT002-Ophel-F0983002-ang-E0008.801.1971                   1 1.55000E+02 1.62000E+02
a-C012-MT002-Ophel-F0983002-ang-E0008.802.1971                   1 1.40000E+02 1.62000E+02
a-C012-MT002-Ophel-F0983002-ang-E0008.805.1971                   1 1.40000E+02 1.67000E+02
a-C012-MT002-Ophel-F0983002-ang-E0008.809.1971                   1 1.50000E+02 1.67000E+02
a-C012-MT002-Ophel-F0983002-ang-E0008.809A001.1971               1 1.45000E+02 1.50000E+02
a-C012-MT002-Ophel-F0983002-ang-E0008.809A002.1971               1 4.00000E+01 1.45000E+02
a-C012-MT002-Ophel-F0983002-ang-E0008.888.1971                   1 3.50000E+01 4.00000E+01
a-C012-MT002-Ophel-F0983002-ang-E0008.889.1971                   1 3.50000E+01 7.00000E+01
a-C012-MT002-Ophel-F0983002-ang-E0008.890.1971                   1 3.00000E+01 7.00000E+01
a-C012-MT002-Ophel-F0983002-ang-E0008.891.1971                   2 2.50000E+01 4.50000E+01
a-C012-MT002-Ophel-F0983002-ang-E0008.895.1971                   1 2.50000E+01 6.50000E+01
a-C012-MT002-Ophel-F0983002-ang-E0008.898.1971                   1 6.50000E+01 1.62000E+02
a-C012-MT002-Ophel-F0983002-ang-E0008.899.1971                   1 1.35000E+02 1.62000E+02
a-C012-MT002-Ophel-F0983002-ang-E0008.901.1971                   1 1.35000E+02 1.40000E+02
a-C012-MT002-Ophel-F0983002-ang-E0008.905.1971                   2 1.40000E+02 1.67000E+02
a-C012-MT002-Ophel-F0983002-ang-E0008.909.1971                   1 1.50000E+02 1.55000E+02
a-C012-MT002-Ophel-F0983002-ang-E0008.909A001.1971               1 4.00000E+01 1.50000E+02
a-C012-MT002-Ophel-F0983002-ang-E0008.910.1971                   1 4.00000E+01 1.45000E+02
a-C012-MT002-Ophel-F0983002-ang-E0008.910A001.1971               1 3.50000E+01 1.45000E+02
a-C012-MT002-Ophel-F0983002-ang-E0008.910A002.1971               1 3.50000E+01 7.00000E+01
a-C012-MT002-Ophel-F0983002-ang-E0008.912.1971                   1 3.00000E+01 7.00000E+01
a-C012-MT002-Ophel-F0983002-ang-E0008.913.1971                   1 3.00000E+01 4.50000E+01
a-C012-MT002-Ophel-F0983002-ang-E0008.913A001.1971               1 4.50000E+01 1.35000E+02
a-C012-MT002-Ophel-F0983002-ang-E0008.915.1971                   1 2.50000E+01 1.35000E+02
a-C012-MT002-Ophel-F0983002-ang-E0008.916.1971                   1 2.50000E+01 1.62000E+02
a-C012-MT002-Ophel-F0983002-ang-E0008.917.1971                   1 6.50000E+01 1.62000E+02
a-C012-MT002-Ophel-F0983002-ang-E0008.923.1971                   1 6.50000E+01 1.40000E+02
a-C012-MT002-Ophel-F0983002-ang-E0008.923A001.1971               1 1.40000E+02 1.50000E+02
a-C012-MT002-Ophel-F0983002-ang-E0008.924.1971                   1 7.00000E+01 1.50000E+02
a-C012-MT002-Ophel-F0983002-ang-E0008.926.1971                   1 4.00000E+01 7.00000E+01
a-C012-MT002-Ophel-F0983002-ang-E0008.928.1971                   1 4.00000E+01 1.45000E+02
a-C012-MT002-Ophel-F0983002-ang-E0008.928A001.1971               1 1.45000E+02 1.55000E+02
a-C012-MT002-Ophel-F0983002-ang-E0008.931.1971                   1 4.50000E+01 1.55000E+02
a-C012-MT002-Ophel-F0983002-ang-E0008.931A001.1971               1 3.50000E+01 4.50000E+01
a-C012-MT002-Ophel-F0983002-ang-E0008.932.1971                   1 3.50000E+01 1.67000E+02
a-C012-MT002-Ophel-F0983002-ang-E0008.934.1971                   1 3.00000E+01 1.67000E+02
a-C012-MT002-Ophel-F0983002-ang-E0008.934A001.1971               1 3.00000E+01 1.35000E+02
a-C012-MT002-Ophel-F0983002-ang-E0008.937.1971                   1 2.50000E+01 1.35000E+02
a-C012-MT002-Ophel-F0983002-ang-E0008.938.1971                   1 2.50000E+01 6.50000E+01
a-C012-MT002-Ophel-F0983002-ang-E0008.941.1971                   1 6.50000E+01 1.40000E+02
a-C012-MT002-Ophel-F0983002-ang-E0008.941A001.1971               1 1.40000E+02 1.50000E+02
a-C012-MT002-Ophel-F0983002-ang-E0008.941A002.1971               1 1.50000E+02 1.62000E+02
a-C012-MT002-Ophel-F0983002-ang-E0008.943.1971                   1 1.62000E+02 1.67000E+02
a-C012-MT002-Ophel-F0983002-ang-E0008.945.1971                   1 4.50000E+01 1.67000E+02
a-C012-MT002-Ophel-F0983002-ang-E0008.945A001.1971               1 4.00000E+01 4.50000E+01
a-C012-MT002-Ophel-F0983002-ang-E0008.946.1971                   1 4.00000E+01 1.55000E+02
a-C012-MT002-Ophel-F0983002-ang-E0008.948.1971                   1 1.45000E+02 1.55000E+02
a-C012-MT002-Ophel-F0983002-ang-E0008.950.1971                   1 3.50000E+01 1.45000E+02
a-C012-MT002-Ophel-F0983002-ang-E0008.950A001.1971               1 3.50000E+01 7.00000E+01
a-C012-MT002-Ophel-F0983002-ang-E0008.951.1971                   1 3.00000E+01 7.00000E+01
a-C012-MT002-Ophel-F0983002-ang-E0008.952.1971                   1 2.50000E+01 3.00000E+01
a-C012-MT002-Ophel-F0983002-ang-E0008.956.1971                   1 2.50000E+01 1.35000E+02
a-C012-MT002-Ophel-F0983002-ang-E0008.958.1971                   1 6.50000E+01 1.35000E+02
a-C012-MT002-Ophel-F0983002-ang-E0008.962.1971                   1 6.50000E+01 1.40000E+02
a-C012-MT002-Ophel-F0983002-ang-E0008.963.1971                   1 1.40000E+02 1.62000E+02
a-C012-MT002-Ophel-F0983002-ang-E0008.964.1971                   1 1.62000E+02 1.67000E+02
a-C012-MT002-Ophel-F0983002-ang-E0008.966.1971                   1 1.55000E+02 1.67000E+02
a-C012-MT002-Ophel-F0983002-ang-E0008.967.1971                   1 1.50000E+02 1.55000E+02
a-C012-MT002-Ophel-F0983002-ang-E0008.967A001.1971               1 1.45000E+02 1.50000E+02
a-C012-MT002-Ophel-F0983002-ang-E0008.968.1971                   1 3.50000E+01 1.45000E+02
a-C012-MT002-Ophel-F0983002-ang-E0008.968A001.1971               1 3.00000E+01 3.50000E+01
a-C012-MT002-Ophel-F0983002-ang-E0008.970.1971                   1 3.00000E+01 4.50000E+01
a-C012-MT002-Ophel-F0983002-ang-E0008.971.1971                   1 4.00000E+01 4.50000E+01
a-C012-MT002-Ophel-F0983002-ang-E0008.975.1971                   1 4.00000E+01 7.00000E+01
a-C012-MT002-Ophel-F0983002-ang-E0008.976.1971                   1 2.50000E+01 7.00000E+01
a-C012-MT002-Ophel-F0983002-ang-E0008.977.1971                   1 2.50000E+01 6.50000E+01
a-C012-MT002-Ophel-F0983002-ang-E0008.980.1971                   2 6.50000E+01 1.40000E+02
a-C012-MT002-Ophel-F0983002-ang-E0008.981.1971                   1 1.40000E+02 1.62000E+02
a-C012-MT002-Ophel-F0983002-ang-E0008.982.1971                   1 1.62000E+02 1.67000E+02
a-C012-MT002-Ophel-F0983002-ang-E0008.984.1971                   1 1.55000E+02 1.67000E+02
a-C012-MT002-Ophel-F0983002-ang-E0008.984A001.1971               1 1.50000E+02 1.55000E+02
a-C012-MT002-Ophel-F0983002-ang-E0008.985.1971                   1 1.45000E+02 1.50000E+02
a-C012-MT002-Ophel-F0983002-ang-E0008.986.1971                   1 4.50000E+01 1.45000E+02
a-C012-MT002-Ophel-F0983002-ang-E0008.989.1971                   1 3.50000E+01 4.50000E+01
a-C012-MT002-Ophel-F0983002-ang-E0008.990.1971                   1 3.00000E+01 3.50000E+01
a-C012-MT002-Ophel-F0983002-ang-E0008.992.1971                   1 3.00000E+01 4.00000E+01
a-C012-MT002-Ophel-F0983002-ang-E0008.996.1971                   1 4.00000E+01 1.35000E+02
a-C012-MT002-Ophel-F0983002-ang-E0009.000.1971                   1 1.35000E+02 1.67000E+02
a-C012-MT002-Ophel-F0983002-ang-E0009.002.1971                   1 1.35000E+02 1.62000E+02
a-C012-MT002-Ophel-F0983002-ang-E0009.004.1971                   1 6.50000E+01 1.62000E+02
a-C012-MT002-Ophel-F0983002-ang-E0009.005.1971                   1 6.50000E+01 1.40000E+02
a-C012-MT002-Ophel-F0983002-ang-E0009.006.1971                   1 1.40000E+02 1.67000E+02
a-C012-MT002-Ophel-F0983002-ang-E0009.006A001.1971               1 1.55000E+02 1.67000E+02
a-C012-MT002-Ophel-F0983002-ang-E0009.006A002.1971               1 1.45000E+02 1.55000E+02
a-C012-MT002-Ophel-F0983002-ang-E0009.007.1971                   1 1.45000E+02 1.50000E+02
a-C012-MT002-Ophel-F0983002-ang-E0009.010.1971                   1 4.50000E+01 1.50000E+02
a-C012-MT002-Ophel-F0983002-ang-E0009.010A001.1971               1 4.00000E+01 4.50000E+01
a-C012-MT002-Ophel-F0983002-ang-E0009.011.1971                   1 3.50000E+01 4.00000E+01
a-C012-MT002-Ophel-F0983002-ang-E0009.012.1971                   1 3.50000E+01 7.00000E+01
a-C012-MT002-Ophel-F0983002-ang-E0009.015.1971                   1 2.50000E+01 7.00000E+01
a-C012-MT002-Ophel-F0983002-ang-E0009.017.1971                   2 2.50000E+01 1.35000E+02
a-C012-MT002-Ophel-F0983002-ang-E0009.020.1971                   1 6.50000E+01 1.35000E+02
a-C012-MT002-Ophel-F0983002-ang-E0009.020A001.1971               1 6.50000E+01 1.62000E+02
a-C012-MT002-Ophel-F0983002-ang-E0009.022.1971                   1 1.40000E+02 1.62000E+02
a-C012-MT002-Ophel-F0983002-ang-E0009.024.1971                   2 1.40000E+02 1.67000E+02
a-C012-MT002-Ophel-F0983002-ang-E0009.024A001.1971               1 1.45000E+02 1.55000E+02
a-C012-MT002-Ophel-F0983002-ang-E0009.025.1971                   1 1.45000E+02 1.50000E+02
a-C012-MT002-Ophel-F0983002-ang-E0009.028.1971                   1 4.50000E+01 1.50000E+02
a-C012-MT002-Ophel-F0983002-ang-E0009.032.1971                   1 4.00000E+01 4.50000E+01
a-C012-MT002-Ophel-F0983002-ang-E0009.032A001.1971               1 3.50000E+01 4.00000E+01
a-C012-MT002-Ophel-F0983002-ang-E0009.033.1971                   1 2.50000E+01 3.50000E+01
a-C012-MT002-Ophel-F0983002-ang-E0009.036.1971                   1 2.50000E+01 7.00000E+01
a-C012-MT002-Ophel-F0983002-ang-E0009.037.1971                   1 6.50000E+01 7.00000E+01
a-C012-MT002-Ophel-F0983002-ang-E0009.038.1971                   1 6.50000E+01 1.35000E+02
a-C012-MT002-Ophel-F0983002-ang-E0009.041.1971                   1 1.35000E+02 1.62000E+02
a-C012-MT002-Ophel-F0983002-ang-E0009.043.1971                   1 1.40000E+02 1.62000E+02
a-C012-MT002-Ophel-F0983002-ang-E0009.045.1971                   1 1.40000E+02 1.55000E+02
a-C012-MT002-Ophel-F0983002-ang-E0009.045A001.1971               2 1.50000E+02 1.67000E+02
a-C012-MT002-Ophel-F0983002-ang-E0009.046.1971                   1 4.50000E+01 1.50000E+02
a-C012-MT002-Ophel-F0983002-ang-E0009.050.1971                   1 4.50000E+01 1.45000E+02
a-C012-MT002-Ophel-F0983002-ang-E0009.050A001.1971               1 3.50000E+01 1.45000E+02
a-C012-MT002-Ophel-F0983002-ang-E0009.051.1971                   1 3.50000E+01 7.00000E+01
a-C012-MT002-Ophel-F0983002-ang-E0009.051A001.1971               1 4.00000E+01 7.00000E+01
a-C012-MT002-Ophel-F0983002-ang-E0009.054.1971                   1 4.00000E+01 1.35000E+02
a-C012-MT002-Ophel-F0983002-ang-E0009.056.1971                   1 2.50000E+01 1.35000E+02
a-C012-MT002-Ophel-F0983002-ang-E0009.057.1971                   1 2.50000E+01 3.00000E+01
a-C012-MT002-Ophel-F0983002-ang-E0009.057A001.1971               1 3.00000E+01 6.50000E+01
a-C012-MT002-Ophel-F0983002-ang-E0009.060.1971                   1 6.50000E+01 1.62000E+02
a-C012-MT002-Ophel-F0983002-ang-E0009.061.1971                   1 1.40000E+02 1.62000E+02
a-C012-MT002-Ophel-F0983002-ang-E0009.063.1971                   1 1.40000E+02 1.45000E+02
a-C012-MT002-Ophel-F0983002-ang-E0009.064.1971                   1 1.45000E+02 1.67000E+02
a-C012-MT002-Ophel-F0983002-ang-E0009.067.1971                   1 1.55000E+02 1.67000E+02
a-C012-MT002-Ophel-F0983002-ang-E0009.067A001.1971               1 1.50000E+02 1.55000E+02
a-C012-MT002-Ophel-F0983002-ang-E0009.067A002.1971               1 4.50000E+01 1.50000E+02
a-C012-MT002-Ophel-F0983002-ang-E0009.068.1971                   1 4.00000E+01 4.50000E+01
a-C012-MT002-Ophel-F0983002-ang-E0009.068A001.1971               1 3.50000E+01 4.00000E+01
a-C012-MT002-Ophel-F0983002-ang-E0009.069.1971                   2 3.50000E+01 1.35000E+02
a-C012-MT002-Ophel-F0983002-ang-E0009.074.1971                   1 3.00000E+01 1.35000E+02
a-C012-MT002-Ophel-F0983002-ang-E0009.075.1971                   1 3.00000E+01 1.40000E+02
a-C012-MT002-Ophel-F0983002-ang-E0009.078.1971                   1 1.40000E+02 1.62000E+02
a-C012-MT002-Ophel-F0983002-ang-E0009.079.1971                   1 6.50000E+01 1.62000E+02
a-C012-MT002-Ophel-F0983002-ang-E0009.081.1971                   2 6.50000E+01 1.67000E+02
a-C012-MT002-Ophel-F0983002-ang-E0009.085.1971                   1 1.45000E+02 1.67000E+02
a-C012-MT002-Ophel-F0983002-ang-E0009.086.1971                   1 3.50000E+01 1.45000E+02
a-C012-MT002-Ophel-F0983002-ang-E0009.087.1971                   2 3.50000E+01 1.50000E+02
a-C012-MT002-Ophel-F0983002-ang-E0009.089.1971                   1 4.00000E+01 1.50000E+02
a-C012-MT002-Ophel-F0983002-ang-E0009.090.1971                   1 4.00000E+01 4.50000E+01
a-C012-MT002-Ophel-F0983002-ang-E0009.093.1971                   1 4.50000E+01 1.35000E+02
a-C012-MT002-Ophel-F0983002-ang-E0009.095.1971                   1 3.00000E+01 1.35000E+02
a-C012-MT002-Ophel-F0983002-ang-E0009.097.1971                   1 2.50000E+01 3.00000E+01
a-C012-MT002-Ophel-F0983002-ang-E0009.097A001.1971               1 2.50000E+01 6.50000E+01
a-C012-MT002-Ophel-F0983002-ang-E0009.099.1971                   1 6.50000E+01 7.00000E+01
a-C012-MT002-Ophel-F0983002-ang-E0009.102.1971                   1 7.00000E+01 1.40000E+02
a-C012-MT002-Ophel-F0983002-ang-E0009.103.1971                   1 1.40000E+02 1.55000E+02
a-C012-MT002-Ophel-F0983002-ang-E0009.103A001.1971               1 1.55000E+02 1.62000E+02
a-C012-MT002-Ophel-F0983002-ang-E0009.104.1971                   1 1.62000E+02 1.67000E+02
a-C012-MT002-Ophel-F0983002-ang-E0009.106.1971                   1 1.50000E+02 1.67000E+02
a-C012-MT002-Ophel-F0983002-ang-E0009.107.1971                   1 1.45000E+02 1.50000E+02
a-C012-MT002-Ophel-F0983002-ang-E0009.108.1971                   1 3.50000E+01 1.45000E+02
a-C012-MT002-Ophel-F0983002-ang-E0009.109.1971                   1 3.50000E+01 4.00000E+01
a-C012-MT002-Ophel-F0983002-ang-E0009.112.1971                   1 4.00000E+01 4.50000E+01
a-C012-MT002-Ophel-F0983002-ang-E0009.115.1971                   1 4.50000E+01 7.00000E+01
a-C012-MT002-Ophel-F0983002-ang-E0009.116.1971                   1 7.00000E+01 1.35000E+02
a-C012-MT002-Ophel-F0983002-ang-E0009.117.1971                   1 3.00000E+01 1.35000E+02
a-C012-MT002-Ophel-F0983002-ang-E0009.119.1971                   1 2.50000E+01 3.00000E+01
a-C012-MT002-Ophel-F0983002-ang-E0009.119A001.1971               1 2.50000E+01 1.55000E+02
a-C012-MT002-Ophel-F0983002-ang-E0009.124.1971                   1 1.50000E+02 1.55000E+02
a-C012-MT002-Ophel-F0983002-ang-E0009.125.1971                   1 6.50000E+01 1.50000E+02
a-C012-MT002-Ophel-F0983002-ang-E0009.125A001.1971               1 6.50000E+01 1.45000E+02
a-C012-MT002-Ophel-F0983002-ang-E0009.125A002.1971               1 1.45000E+02 1.62000E+02
a-C012-MT002-Ophel-F0983002-ang-E0009.126.1971                   1 1.40000E+02 1.62000E+02
a-C012-MT002-Ophel-F0983002-ang-E0009.128.1971                   1 1.40000E+02 1.67000E+02
a-C012-MT002-Ophel-F0983002-ang-E0009.128A001.1971               1 4.00000E+01 1.67000E+02
a-C012-MT002-Ophel-F0983002-ang-E0009.130.1971                   1 3.50000E+01 4.00000E+01
a-C012-MT002-Ophel-F0983002-ang-E0009.134.1971                   1 3.50000E+01 4.50000E+01
a-C012-MT002-Ophel-F0983002-ang-E0009.137.1971                   1 2.50000E+01 4.50000E+01
a-C012-MT002-Ophel-F0983002-ang-E0009.137A001.1971               1 2.50000E+01 7.00000E+01
a-C012-MT002-Ophel-F0983002-ang-E0009.138.1971                   1 7.00000E+01 1.35000E+02
a-C012-MT002-Ophel-F0983002-ang-E0009.138A001.1971               1 6.50000E+01 1.35000E+02
a-C012-MT002-Ophel-F0983002-ang-E0009.139.1971                   1 3.00000E+01 6.50000E+01
a-C012-MT002-Ophel-F0983002-ang-E0009.144.1971                   1 3.00000E+01 1.40000E+02
a-C012-MT002-Ophel-F0983002-ang-E0009.146.1971                   1 1.40000E+02 1.67000E+02
a-C012-MT002-Ophel-F0983002-ang-E0009.146A001.1971               1 1.55000E+02 1.67000E+02
a-C012-MT002-Ophel-F0983002-ang-E0009.146A002.1971               1 1.50000E+02 1.55000E+02
a-C012-MT002-Ophel-F0983002-ang-E0009.146A003.1971               1 1.45000E+02 1.50000E+02
a-C012-MT002-Ophel-F0983002-ang-E0009.147.1971                   1 4.50000E+01 1.45000E+02
a-C012-MT002-Ophel-F0983002-ang-E0009.147A001.1971               1 4.00000E+01 4.50000E+01
a-C012-MT002-Ophel-F0983002-ang-E0009.148.1971                   1 4.00000E+01 1.62000E+02
a-C012-MT002-Ophel-F0983002-ang-E0009.151.1971                   1 2.50000E+01 1.62000E+02
a-C012-MT002-Ophel-F0983002-ang-E0009.155.1971                   1 2.50000E+01 3.50000E+01
a-C012-MT002-Ophel-F0983002-ang-E0009.156.1971                   1 3.50000E+01 1.35000E+02
a-C012-MT002-Ophel-F0983002-ang-E0009.156A001.1971               1 6.50000E+01 1.35000E+02
a-C012-MT002-Ophel-F0983002-ang-E0009.157.1971                   1 6.50000E+01 7.00000E+01
a-C012-MT002-Ophel-F0983002-ang-E0009.159.1971                   1 7.00000E+01 1.40000E+02
a-C012-MT002-Ophel-F0983002-ang-E0009.164.1971                   1 1.40000E+02 1.67000E+02
a-C012-MT002-Ophel-F0983002-ang-E0009.167.1971                   1 1.55000E+02 1.67000E+02
a-C012-MT002-Ophel-F0983002-ang-E0009.167A001.1971               1 1.50000E+02 1.55000E+02
a-C012-MT002-Ophel-F0983002-ang-E0009.168.1971                   1 1.45000E+02 1.50000E+02
a-C012-MT002-Ophel-F0983002-ang-E0009.169.1971                   1 1.45000E+02 1.62000E+02
a-C012-MT002-Ophel-F0983002-ang-E0009.169A001.1971               1 4.50000E+01 1.62000E+02
a-C012-MT002-Ophel-F0983002-ang-E0009.172.1971                   1 2.50000E+01 4.50000E+01
a-C012-MT002-Ophel-F0983002-ang-E0009.173.1971                   1 2.50000E+01 4.00000E+01
a-C012-MT002-Ophel-F0983002-ang-E0009.173A001.1971               1 4.00000E+01 7.00000E+01
a-C012-MT002-Ophel-F0983002-ang-E0009.174.1971                   1 3.50000E+01 7.00000E+01
a-C012-MT002-Ophel-F0983002-ang-E0009.174A001.1971               1 3.00000E+01 3.50000E+01
a-C012-MT002-Ophel-F0983002-ang-E0009.176.1971                   1 3.00000E+01 6.50000E+01
a-C012-MT002-Ophel-F0983002-ang-E0009.179.1971                   1 6.50000E+01 1.40000E+02
a-C012-MT002-Ophel-F0983002-ang-E0009.182.1971                   1 1.40000E+02 1.67000E+02
a-C012-MT002-Ophel-F0983002-ang-E0009.182A001.1971               1 1.35000E+02 1.67000E+02
a-C012-MT002-Ophel-F0983002-ang-E0009.185.1971                   1 1.35000E+02 1.55000E+02
a-C012-MT002-Ophel-F0983002-ang-E0009.185A001.1971               1 1.50000E+02 1.55000E+02
a-C012-MT002-Ophel-F0983002-ang-E0009.186.1971                   1 1.45000E+02 1.50000E+02
a-C012-MT002-Ophel-F0983002-ang-E0009.187.1971                   1 1.45000E+02 1.62000E+02
a-C012-MT002-Ophel-F0983002-ang-E0009.187A001.1971               1 7.00000E+01 1.62000E+02
a-C012-MT002-Ophel-F0983002-ang-E0009.192.1971                   1 3.50000E+01 7.00000E+01
a-C012-MT002-Ophel-F0983002-ang-E0009.192A001.1971               1 3.50000E+01 4.50000E+01
a-C012-MT002-Ophel-F0983002-ang-E0009.198.1971                   1 2.50000E+01 4.50000E+01
a-C012-MT002-Ophel-F0983002-ang-E0009.198A001.1971               1 2.50000E+01 1.35000E+02
a-C012-MT002-Ophel-F0983002-ang-E0009.200.1971                   1 1.35000E+02 1.67000E+02
a-C012-MT002-Ophel-F0983002-ang-E0009.203.1971                   1 3.50000E+01 1.67000E+02
a-C012-MT002-Ophel-F0983002-ang-E0009.210.1971                   1 3.50000E+01 1.55000E+02
a-C012-MT002-Ophel-F0983002-ang-E0009.210A001.1971               1 1.45000E+02 1.55000E+02
a-C012-MT002-Ophel-F0983002-ang-E0009.212.1971                   1 4.00000E+01 1.45000E+02
a-C012-MT002-Ophel-F0983002-ang-E0009.213.1971                   1 3.00000E+01 4.00000E+01
a-C012-MT002-Ophel-F0983002-ang-E0009.234.1971                   1 3.00000E+01 7.00000E+01
a-C012-MT002-Ophel-F0983002-ang-E0009.235.1971                   1 3.50000E+01 7.00000E+01
a-C012-MT002-Ophel-F0983002-ang-E0009.236.1971                   1 3.50000E+01 6.50000E+01
a-C012-MT002-Ophel-F0983002-ang-E0009.237.1971                   1 4.50000E+01 6.50000E+01
a-C012-MT002-Ophel-F0983002-ang-E0009.238.1971                   1 2.50000E+01 4.50000E+01
a-C012-MT002-Ophel-F0983002-ang-E0009.238A001.1971               1 2.50000E+01 1.62000E+02
a-C012-MT002-Ophel-F0983002-ang-E0009.241.1971                   1 1.62000E+02 1.67000E+02
a-C012-MT002-Ophel-F0983002-ang-E0009.243.1971                   1 1.40000E+02 1.67000E+02
a-C012-MT002-Ophel-F0983002-ang-E0009.246.1971                   1 1.35000E+02 1.40000E+02
a-C012-MT002-Ophel-F0983002-ang-E0009.246A001.1971               1 1.35000E+02 1.50000E+02
a-C012-MT002-Ophel-F0983002-ang-E0009.247.1971                   1 1.50000E+02 1.55000E+02
a-C012-MT002-Ophel-F0983002-ang-E0009.250.1971                   1 1.45000E+02 1.55000E+02
a-C012-MT002-Ophel-F0983002-ang-E0009.251.1971                   1 4.00000E+01 1.45000E+02
a-C012-MT002-Ophel-F0983002-ang-E0009.267.1971                   1 4.00000E+01 4.50000E+01
a-C012-MT002-Ophel-F0983002-ang-E0009.270.1971                   1 3.50000E+01 4.50000E+01
a-C012-MT002-Ophel-F0983002-ang-E0009.272.1971                   1 3.00000E+01 3.50000E+01
a-C012-MT002-Ophel-F0983002-ang-E0009.274.1971                   1 2.50000E+01 3.00000E+01
a-C012-MT002-Ophel-F0983002-ang-E0009.274A001.1971               1 2.50000E+01 7.00000E+01
a-C012-MT002-Ophel-F0983002-ang-E0009.275.1971                   1 6.50000E+01 7.00000E+01
a-C012-MT002-Ophel-F0983002-ang-E0009.280.1971                   1 6.50000E+01 1.40000E+02
a-C012-MT002-Ophel-F0983002-ang-E0009.286.1971                   2 1.40000E+02 1.67000E+02
a-C012-MT002-Ophel-F0983002-ang-E0009.286A001.1971               1 1.45000E+02 1.50000E+02
a-C012-MT002-Ophel-F0983002-ang-E0009.287.1971                   1 1.45000E+02 1.62000E+02
a-C012-MT002-Ophel-F0983002-ang-E0009.288.1971                   1 1.55000E+02 1.62000E+02
a-C012-MT002-Ophel-F0983002-ang-E0009.289.1971                   1 1.35000E+02 1.55000E+02
a-C012-MT002-Ophel-F0983002-ang-E0009.290.1971                   1 3.00000E+01 1.35000E+02
a-C012-MT002-Ophel-F0983002-ang-E0009.292.1971                   1 3.00000E+01 4.00000E+01
a-C012-MT002-Ophel-F0983002-ang-E0009.292A001.1971               1 3.50000E+01 4.00000E+01
a-C012-MT002-Ophel-F0983002-ang-E0009.293.1971                   1 3.50000E+01 4.50000E+01
a-C012-MT002-Ophel-F0983002-ang-E0009.295.1971                   1 4.50000E+01 7.00000E+01
a-C012-MT002-Ophel-F0983002-ang-E0009.296.1971                   1 2.50000E+01 7.00000E+01
a-C012-MT002-Ophel-F0983002-ang-E0009.299.1971                   1 2.50000E+01 6.50000E+01
a-C012-MT002-Ophel-F0983002-ang-E0009.302.1971                   1 6.50000E+01 1.40000E+02
a-C012-MT002-Ophel-F0983002-ang-E0009.307.1971                   1 1.40000E+02 1.67000E+02
a-C012-MT002-Ophel-F0983002-ang-E0009.307A001.1971               1 1.50000E+02 1.67000E+02
a-C012-MT002-Ophel-F0983002-ang-E0009.307A002.1971               1 1.35000E+02 1.50000E+02
a-C012-MT002-Ophel-F0983002-ang-E0009.308.1971                   1 1.35000E+02 1.62000E+02
a-C012-MT002-Ophel-F0983002-ang-E0009.309.1971                   1 1.55000E+02 1.62000E+02
a-C012-MT002-Ophel-F0983002-ang-E0009.311.1971                   1 1.45000E+02 1.55000E+02
a-C012-MT002-Ophel-F0983002-ang-E0009.312.1971                   1 4.00000E+01 1.45000E+02
a-C012-MT002-Ophel-F0983002-ang-E0009.339.1971                   1 2.50000E+01 4.00000E+01
a-C012-MT002-Ophel-F0983002-ang-E0009.342.1971                   1 2.50000E+01 3.00000E+01
a-C012-MT002-Ophel-F0983002-ang-E0009.342A001.1971               1 3.00000E+01 7.00000E+01
a-C012-MT002-Ophel-F0983002-ang-E0009.343.1971                   1 3.50000E+01 7.00000E+01
a-C012-MT002-Ophel-F0983002-ang-E0009.344.1971                   1 3.50000E+01 4.50000E+01
a-C012-MT002-Ophel-F0983002-ang-E0009.346.1971                   1 4.50000E+01 6.50000E+01
a-C012-MT002-Ophel-F0983002-ang-E0009.349.1971                   1 6.50000E+01 1.67000E+02
a-C012-MT002-Ophel-F0983002-ang-E0009.354.1971                   1 1.50000E+02 1.67000E+02
a-C012-MT002-Ophel-F0983002-ang-E0009.354A001.1971               1 1.50000E+02 1.62000E+02
a-C012-MT002-Ophel-F0983002-ang-E0009.356.1971                   1 1.40000E+02 1.62000E+02
a-C012-MT002-Ophel-F0983002-ang-E0009.357.1971                   1 1.40000E+02 1.55000E+02
a-C012-MT002-Ophel-F0983002-ang-E0009.358.1971                   1 1.35000E+02 1.55000E+02
a-C012-MT002-Ophel-F0983002-ang-E0009.358A001.1971               1 1.35000E+02 1.45000E+02
a-C012-MT002-Ophel-F0983002-ang-E0009.359.1971                   1 4.00000E+01 1.45000E+02
a-C012-MT002-Ophel-F0983002-ang-E0009.390.1971                   1 2.50000E+01 4.00000E+01
a-C012-MT002-Ophel-F0983002-ang-E0009.393.1971                   1 2.50000E+01 7.00000E+01
a-C012-MT002-Ophel-F0983002-ang-E0009.394.1971                   1 3.50000E+01 7.00000E+01
a-C012-MT002-Ophel-F0983002-ang-E0009.394A001.1971               1 3.50000E+01 4.50000E+01
a-C012-MT002-Ophel-F0983002-ang-E0009.397.1971                   1 3.00000E+01 4.50000E+01
a-C012-MT002-Ophel-F0983002-ang-E0009.397A001.1971               1 3.00000E+01 6.50000E+01
a-C012-MT002-Ophel-F0983002-ang-E0009.399.1971                   1 6.50000E+01 1.40000E+02
a-C012-MT002-Ophel-F0983002-ang-E0009.404.1971                   1 1.40000E+02 1.67000E+02
a-C012-MT002-Ophel-F0983002-ang-E0009.404A001.1971               1 1.55000E+02 1.67000E+02
a-C012-MT002-Ophel-F0983002-ang-E0009.408.1971                   1 1.50000E+02 1.55000E+02
a-C012-MT002-Ophel-F0983002-ang-E0009.408A001.1971               1 1.35000E+02 1.50000E+02
a-C012-MT002-Ophel-F0983002-ang-E0009.408A002.1971               1 1.35000E+02 1.45000E+02
a-C012-MT002-Ophel-F0983002-ang-E0009.413.1971                   1 4.00000E+01 1.45000E+02
a-C012-MT002-Ophel-F0983002-ang-E0009.441.1971                   1 3.50000E+01 4.00000E+01
a-C012-MT002-Ophel-F0983002-ang-E0009.441A001.1971               1 3.00000E+01 3.50000E+01
a-C012-MT002-Ophel-F0983002-ang-E0009.444.1971                   1 3.00000E+01 6.50000E+01
a-C012-MT002-Ophel-F0983002-ang-E0009.446.1971                   1 2.50000E+01 6.50000E+01
a-C012-MT002-Ophel-F0983002-ang-E0009.447.1971                   1 2.50000E+01 7.00000E+01
a-C012-MT002-Ophel-F0983002-ang-E0009.448.1971                   1 4.50000E+01 7.00000E+01
a-C012-MT002-Ophel-F0983002-ang-E0009.451.1971                   1 4.50000E+01 1.40000E+02
a-C012-MT002-Ophel-F0983002-ang-E0009.454.1971                   1 1.40000E+02 1.55000E+02
a-C012-MT002-Ophel-F0983002-ang-E0009.454A001.1971               2 1.50000E+02 1.67000E+02
a-C012-MT002-Ophel-F0983002-ang-E0009.455.1971                   1 1.35000E+02 1.50000E+02
a-C012-MT002-Ophel-F0983002-ang-E0009.455A001.1971               1 1.35000E+02 1.62000E+02
a-C012-MT002-Ophel-F0983002-ang-E0009.457.1971                   1 1.45000E+02 1.62000E+02
a-C012-MT002-Ophel-F0983002-ang-E0009.460.1971                   1 3.00000E+01 1.45000E+02
a-C012-MT002-Ophel-F0983002-ang-E0009.491.1971                   1 3.00000E+01 3.50000E+01
a-C012-MT002-Ophel-F0983002-ang-E0009.492.1971                   1 3.50000E+01 4.00000E+01
a-C012-MT002-Ophel-F0983002-ang-E0009.495.1971                   1 4.00000E+01 6.50000E+01
a-C012-MT002-Ophel-F0983002-ang-E0009.497.1971                   1 2.50000E+01 6.50000E+01
a-C012-MT002-Ophel-F0983002-ang-E0009.497A001.1971               1 2.50000E+01 4.50000E+01
a-C012-MT002-Ophel-F0983002-ang-E0009.498.1971                   1 4.50000E+01 7.00000E+01
a-C012-MT002-Ophel-F0983002-ang-E0009.502.1971                   1 7.00000E+01 1.35000E+02
a-C012-MT002-Ophel-F0983002-ang-E0009.506.1971                   1 1.35000E+02 1.62000E+02
a-C012-MT002-Ophel-F0983002-ang-E0009.507.1971                   1 1.40000E+02 1.62000E+02
a-C012-MT002-Ophel-F0983002-ang-E0009.508.1971                   1 1.40000E+02 1.55000E+02
a-C012-MT002-Ophel-F0983002-ang-E0009.508A001.1971               2 1.50000E+02 1.67000E+02
a-C012-MT002-Ophel-F0983002-ang-E0009.508A002.1971               1 1.45000E+02 1.50000E+02
a-C012-MT002-Ophel-F0983002-ang-E0009.510.1971                   1 3.50000E+01 1.45000E+02
a-C012-MT002-Ophel-F0983002-ang-E0009.539.1971                   1 3.00000E+01 3.50000E+01
a-C012-MT002-Ophel-F0983002-ang-E0009.541.1971                   2 3.00000E+01 7.00000E+01
a-C012-MT002-Ophel-F0983002-ang-E0009.542.1971                   1 2.50000E+01 4.00000E+01
a-C012-MT002-Ophel-F0983002-ang-E0009.544.1971                   1 2.50000E+01 6.50000E+01
a-C012-MT002-Ophel-F0983002-ang-E0009.547.1971                   1 4.50000E+01 6.50000E+01
a-C012-MT002-Ophel-F0983002-ang-E0009.548.1971                   1 4.50000E+01 1.40000E+02
a-C012-MT002-Ophel-F0983002-ang-E0009.558.1971                   1 1.40000E+02 1.67000E+02
a-C012-MT002-Ophel-F0983002-ang-E0009.558A001.1971               1 1.55000E+02 1.67000E+02
a-C012-MT002-Ophel-F0983002-ang-E0009.559.1971                   1 1.50000E+02 1.55000E+02
a-C012-MT002-Ophel-F0983002-ang-E0009.559A001.1971               1 1.35000E+02 1.50000E+02
a-C012-MT002-Ophel-F0983002-ang-E0009.560.1971                   1 1.35000E+02 1.45000E+02
a-C012-MT002-Ophel-F0983002-ang-E0009.560A001.1971               1 1.45000E+02 1.62000E+02
a-C012-MT002-Ophel-F0983002-ang-E0009.561.1971                   1 3.50000E+01 1.62000E+02
a-C012-MT002-Ophel-F0983002-ang-E0009.590.1971                   1 3.00000E+01 3.50000E+01
a-C012-MT002-Ophel-F0983002-ang-E0009.592.1971                   1 3.00000E+01 4.00000E+01
a-C012-MT002-Ophel-F0983002-ang-E0009.592A001.1971               1 4.00000E+01 4.50000E+01
a-C012-MT002-Ophel-F0983002-ang-E0009.595.1971                   2 4.50000E+01 7.00000E+01
a-C012-MT002-Ophel-F0983002-ang-E0009.598.1971                   1 2.50000E+01 6.50000E+01
a-C012-MT002-Ophel-F0983002-ang-E0009.598A001.1971               1 2.50000E+01 1.67000E+02
a-C012-MT002-Ophel-F0983002-ang-E0009.605.1971                   1 1.45000E+02 1.67000E+02
a-C012-MT002-Ophel-F0983002-ang-E0009.607.1971                   1 1.45000E+02 1.62000E+02
a-C012-MT002-Ophel-F0983002-ang-E0009.608.1971                   1 1.40000E+02 1.62000E+02
a-C012-MT002-Ophel-F0983002-ang-E0009.608A001.1971               1 1.40000E+02 1.55000E+02
a-C012-MT002-Ophel-F0983002-ang-E0009.609.1971                   1 1.50000E+02 1.55000E+02
a-C012-MT002-Ophel-F0983002-ang-E0009.609A001.1971               1 1.35000E+02 1.50000E+02
a-C012-MT002-Ophel-F0983002-ang-E0009.614.1971                   1 2.50000E+01 1.35000E+02
a-C012-MT002-Ophel-F0983002-ang-E0009.641.1971                   1 2.50000E+01 3.00000E+01
a-C012-MT002-Ophel-F0983002-ang-E0009.642.1971                   1 3.00000E+01 4.00000E+01
a-C012-MT002-Ophel-F0983002-ang-E0009.643.1971                   1 3.50000E+01 4.00000E+01
a-C012-MT002-Ophel-F0983002-ang-E0009.644.1971                   1 3.50000E+01 4.50000E+01
a-C012-MT002-Ophel-F0983002-ang-E0009.646.1971                   1 4.50000E+01 6.50000E+01
a-C012-MT002-Ophel-F0983002-ang-E0009.652.1971                   1 6.50000E+01 7.00000E+01
a-C012-MT002-Ophel-F0983002-ang-E0009.653.1971                   1 7.00000E+01 1.55000E+02
a-C012-MT002-Ophel-F0983002-ang-E0009.655.1971                   2 1.55000E+02 1.67000E+02
a-C012-MT002-Ophel-F0983002-ang-E0009.658.1971                   1 1.40000E+02 1.62000E+02
a-C012-MT002-Ophel-F0983002-ang-E0009.659.1971                   1 1.40000E+02 1.50000E+02
a-C012-MT002-Ophel-F0983002-ang-E0009.659A001.1971               1 1.35000E+02 1.50000E+02
a-C012-MT002-Ophel-F0983002-ang-E0009.660.1971                   1 1.35000E+02 1.45000E+02
a-C012-MT002-Ophel-F0983002-ang-E0009.661.1971                   1 3.50000E+01 1.45000E+02
a-C012-MT002-Ophel-F0983002-ang-E0009.691.1971                   1 3.00000E+01 3.50000E+01
a-C012-MT002-Ophel-F0983002-ang-E0009.693.1971                   1 2.50000E+01 3.00000E+01
a-C012-MT002-Ophel-F0983002-ang-E0009.695.1971                   1 2.50000E+01 7.00000E+01
a-C012-MT002-Ophel-F0983002-ang-E0009.696.1971                   1 4.50000E+01 7.00000E+01
a-C012-MT002-Ophel-F0983002-ang-E0009.696A001.1971               1 4.00000E+01 4.50000E+01
a-C012-MT002-Ophel-F0983002-ang-E0009.697.1971                   1 4.00000E+01 6.50000E+01
a-C012-MT002-Ophel-F0983002-ang-E0009.703.1971                   1 6.50000E+01 1.45000E+02
a-C012-MT002-Ophel-F0983002-ang-E0009.708.1971                   1 1.45000E+02 1.62000E+02
a-C012-MT002-Ophel-F0983002-ang-E0009.708A001.1971               1 1.55000E+02 1.62000E+02
a-C012-MT002-Ophel-F0983002-ang-E0009.709.1971                   2 1.50000E+02 1.67000E+02
a-C012-MT002-Ophel-F0983002-ang-E0009.709A001.1971               1 1.40000E+02 1.50000E+02
a-C012-MT002-Ophel-F0983002-ang-E0009.713.1971                   1 1.35000E+02 1.40000E+02
a-C012-MT002-Ophel-F0983002-ang-E0009.715.1971                   1 3.00000E+01 1.35000E+02
a-C012-MT002-Ophel-F0983002-ang-E0009.740.1971                   1 3.00000E+01 4.00000E+01
a-C012-MT002-Ophel-F0983002-ang-E0009.744.1971                   1 3.50000E+01 4.00000E+01
a-C012-MT002-Ophel-F0983002-ang-E0009.745.1971                   1 2.50000E+01 3.50000E+01
a-C012-MT002-Ophel-F0983002-ang-E0009.746.1971                   1 2.50000E+01 7.00000E+01
a-C012-MT002-Ophel-F0983002-ang-E0009.747.1971                   1 4.50000E+01 7.00000E+01
a-C012-MT002-Ophel-F0983002-ang-E0009.747A001.1971               1 4.50000E+01 6.50000E+01
a-C012-MT002-Ophel-F0983002-ang-E0009.750.1971                   1 6.50000E+01 1.62000E+02
a-C012-MT002-Ophel-F0983002-ang-E0009.751.1971                   1 1.62000E+02 1.67000E+02
a-C012-MT002-Ophel-F0983002-ang-E0009.756.1971                   1 1.55000E+02 1.67000E+02
a-C012-MT002-Ophel-F0983002-ang-E0009.759.1971                   1 1.50000E+02 1.55000E+02
a-C012-MT002-Ophel-F0983002-ang-E0009.759A001.1971               1 1.45000E+02 1.50000E+02
a-C012-MT002-Ophel-F0983002-ang-E0009.762.1971                   1 1.40000E+02 1.45000E+02
a-C012-MT002-Ophel-F0983002-ang-E0009.763.1971                   1 1.35000E+02 1.40000E+02
a-C012-MT002-Ophel-F0983002-ang-E0009.765.1971                   1 2.50000E+01 1.35000E+02
a-C012-MT002-Ophel-F0983002-ang-E0009.793.1971                   1 2.50000E+01 3.00000E+01
a-C012-MT002-Ophel-F0983002-ang-E0009.794.1971                   1 3.00000E+01 4.00000E+01
a-C012-MT002-Ophel-F0983002-ang-E0009.795.1971                   1 3.50000E+01 4.00000E+01
a-C012-MT002-Ophel-F0983002-ang-E0009.796.1971                   1 3.50000E+01 4.50000E+01
a-C012-MT002-Ophel-F0983002-ang-E0009.798.1971                   1 4.50000E+01 6.50000E+01
a-C012-MT002-Ophel-F0983002-ang-E0009.800.1971                   1 6.50000E+01 7.00000E+01
a-C012-MT002-Ophel-F0983002-ang-E0009.800A001.1971               1 7.00000E+01 1.55000E+02
a-C012-MT002-Ophel-F0983002-ang-E0009.806.1971                   1 1.55000E+02 1.62000E+02
a-C012-MT002-Ophel-F0983002-ang-E0009.809.1971                   1 1.40000E+02 1.62000E+02
a-C012-MT002-Ophel-F0983002-ang-E0009.809A001.1971               1 1.40000E+02 1.67000E+02
a-C012-MT002-Ophel-F0983002-ang-E0009.809A002.1971               1 1.50000E+02 1.67000E+02
a-C012-MT002-Ophel-F0983002-ang-E0009.810.1971                   1 1.35000E+02 1.50000E+02
a-C012-MT002-Ophel-F0983002-ang-E0009.815.1971                   1 1.35000E+02 1.45000E+02
a-C012-MT002-Ophel-F0983002-ang-E0009.816.1971                   1 2.50000E+01 1.45000E+02
a-C012-MT002-Ophel-F0983002-ang-E0009.840.1971                   2 2.50000E+01 4.50000E+01
a-C012-MT002-Ophel-F0983002-ang-E0009.845.1971                   1 4.50000E+01 7.00000E+01
a-C012-MT002-Ophel-F0983002-ang-E0009.851.1971                   1 7.00000E+01 1.67000E+02
a-C012-MT002-Ophel-F0983002-ang-E0009.856.1971                   1 1.55000E+02 1.67000E+02
a-C012-MT002-Ophel-F0983002-ang-E0009.860.1971                   1 1.35000E+02 1.55000E+02
a-C012-MT002-Ophel-F0983002-ang-E0009.866.1971                   1 1.35000E+02 1.45000E+02
a-C012-MT002-Ophel-F0983002-ang-E0009.866A001.1971               1 2.50000E+01 1.45000E+02
a-C012-MT002-Ophel-F0983002-ang-E0009.890.1971                   1 2.50000E+01 3.00000E+01
a-C012-MT002-Ophel-F0983002-ang-E0009.892.1971                   1 3.00000E+01 4.00000E+01
a-C012-MT002-Ophel-F0983002-ang-E0009.893.1971                   1 3.50000E+01 4.00000E+01
a-C012-MT002-Ophel-F0983002-ang-E0009.894.1971                   1 3.50000E+01 4.50000E+01
a-C012-MT002-Ophel-F0983002-ang-E0009.895.1971                   1 4.50000E+01 6.50000E+01
a-C012-MT002-Ophel-F0983002-ang-E0009.898.1971                   1 6.50000E+01 7.00000E+01
a-C012-MT002-Ophel-F0983002-ang-E0009.901.1971                   1 7.00000E+01 1.67000E+02
a-C012-MT002-Ophel-F0983002-ang-E0009.906.1971                   1 1.50000E+02 1.67000E+02
a-C012-MT002-Ophel-F0983002-ang-E0009.906A001.1971               1 1.50000E+02 1.62000E+02
a-C012-MT002-Ophel-F0983002-ang-E0009.910.1971                   1 1.40000E+02 1.62000E+02
a-C012-MT002-Ophel-F0983002-ang-E0009.910A001.1971               1 1.40000E+02 1.55000E+02
a-C012-MT002-Ophel-F0983002-ang-E0009.910A002.1971               1 4.00000E+01 1.55000E+02
a-C012-MT002-Ophel-F0983002-ang-E0009.911.1971                   1 2.50000E+01 4.00000E+01
a-C012-MT002-Ophel-F0983002-ang-E0009.912.1971                   1 2.50000E+01 3.50000E+01
a-C012-MT002-Ophel-F0983002-ang-E0009.912A001.1971               1 3.50000E+01 4.50000E+01
a-C012-MT002-Ophel-F0983002-ang-E0009.913.1971                   1 3.00000E+01 4.50000E+01
a-C012-MT002-Ophel-F0983002-ang-E0009.914.1971                   1 3.00000E+01 1.45000E+02
a-C012-MT002-Ophel-F0983002-ang-E0009.916.1971                   1 6.50000E+01 1.45000E+02
a-C012-MT002-Ophel-F0983002-ang-E0009.920.1971                   1 6.50000E+01 1.35000E+02
a-C012-MT002-Ophel-F0983002-ang-E0009.920A001.1971               1 7.00000E+01 1.35000E+02
a-C012-MT002-Ophel-F0983002-ang-E0009.923.1971                   1 7.00000E+01 1.67000E+02
a-C012-MT002-Ophel-F0983002-ang-E0009.924.1971                   1 1.55000E+02 1.67000E+02
a-C012-MT002-Ophel-F0983002-ang-E0009.928.1971                   1 3.50000E+01 1.55000E+02
a-C012-MT002-Ophel-F0983002-ang-E0009.930.1971                   1 3.50000E+01 1.62000E+02
a-C012-MT002-Ophel-F0983002-ang-E0009.931.1971                   1 1.50000E+02 1.62000E+02
a-C012-MT002-Ophel-F0983002-ang-E0009.932.1971                   1 4.00000E+01 1.50000E+02
a-C012-MT002-Ophel-F0983002-ang-E0009.932A001.1971               1 4.00000E+01 1.45000E+02
a-C012-MT002-Ophel-F0983002-ang-E0009.934.1971                   1 1.40000E+02 1.45000E+02
a-C012-MT002-Ophel-F0983002-ang-E0009.935.1971                   1 4.50000E+01 1.40000E+02
a-C012-MT002-Ophel-F0983002-ang-E0009.935A001.1971               1 3.00000E+01 4.50000E+01
a-C012-MT002-Ophel-F0983002-ang-E0009.936.1971                   1 2.50000E+01 3.00000E+01
a-C012-MT002-Ophel-F0983002-ang-E0009.937.1971                   1 2.50000E+01 1.35000E+02
a-C012-MT002-Ophel-F0983002-ang-E0009.938.1971                   1 7.00000E+01 1.35000E+02
a-C012-MT002-Ophel-F0983002-ang-E0009.941.1971                   1 6.50000E+01 7.00000E+01
a-C012-MT002-Ophel-F0983002-ang-E0009.941A001.1971               1 6.50000E+01 1.67000E+02
a-C012-MT002-Ophel-F0983002-ang-E0009.942.1971                   1 1.62000E+02 1.67000E+02
a-C012-MT002-Ophel-F0983002-ang-E0009.945.1971                   1 1.40000E+02 1.62000E+02
a-C012-MT002-Ophel-F0983002-ang-E0009.949.1971                   1 1.40000E+02 1.55000E+02
a-C012-MT002-Ophel-F0983002-ang-E0009.949A001.1971               1 1.50000E+02 1.55000E+02
a-C012-MT002-Ophel-F0983002-ang-E0009.950.1971                   1 4.00000E+01 1.50000E+02
a-C012-MT002-Ophel-F0983002-ang-E0009.951.1971                   1 3.50000E+01 4.00000E+01
a-C012-MT002-Ophel-F0983002-ang-E0009.952.1971                   1 3.50000E+01 4.50000E+01
a-C012-MT002-Ophel-F0983002-ang-E0009.953.1971                   1 2.50000E+01 4.50000E+01
a-C012-MT002-Ophel-F0983002-ang-E0009.955.1971                   1 2.50000E+01 3.00000E+01
a-C012-MT002-Ophel-F0983002-ang-E0009.957.1971                   1 3.00000E+01 7.00000E+01
a-C012-MT002-Ophel-F0983002-ang-E0009.959.1971                   1 6.50000E+01 7.00000E+01
a-C012-MT002-Ophel-F0983002-ang-E0009.959A001.1971               1 6.50000E+01 1.35000E+02
a-C012-MT002-Ophel-F0983002-ang-E0009.959A002.1971               1 1.35000E+02 1.45000E+02
a-C012-MT002-Ophel-F0983002-ang-E0009.960.1971                   1 1.45000E+02 1.62000E+02
a-C012-MT002-Ophel-F0983002-ang-E0009.967.1971                   1 1.40000E+02 1.62000E+02
a-C012-MT002-Ophel-F0983002-ang-E0009.967A001.1971               2 1.40000E+02 1.67000E+02
a-C012-MT002-Ophel-F0983002-ang-E0009.971.1971                   1 1.50000E+02 1.55000E+02
a-C012-MT002-Ophel-F0983002-ang-E0009.971A001.1971               1 4.00000E+01 1.50000E+02
a-C012-MT002-Ophel-F0983002-ang-E0009.972.1971                   1 2.50000E+01 4.00000E+01
a-C012-MT002-Ophel-F0983002-ang-E0009.973.1971                   1 2.50000E+01 3.50000E+01
a-C012-MT002-Ophel-F0983002-ang-E0009.974.1971                   1 3.50000E+01 6.50000E+01
a-C012-MT002-Ophel-F0983002-ang-E0009.974A001.1971               1 4.50000E+01 6.50000E+01
a-C012-MT002-Ophel-F0983002-ang-E0009.975.1971                   1 3.00000E+01 4.50000E+01
a-C012-MT002-Ophel-F0983002-ang-E0009.976.1971                   1 3.00000E+01 1.45000E+02
a-C012-MT002-Ophel-F0983002-ang-E0009.977.1971                   1 1.35000E+02 1.45000E+02
a-C012-MT002-Ophel-F0983002-ang-E0009.981.1971                   1 7.00000E+01 1.35000E+02
a-C012-MT002-Ophel-F0983002-ang-E0009.984.1971                   1 7.00000E+01 1.62000E+02
a-C012-MT002-Ophel-F0983002-ang-E0009.985.1971                   1 1.62000E+02 1.67000E+02
a-C012-MT002-Ophel-F0983002-ang-E0009.985A001.1971               1 1.55000E+02 1.67000E+02
a-C012-MT002-Ophel-F0983002-ang-E0009.989.1971                   1 1.40000E+02 1.55000E+02
a-C012-MT002-Ophel-F0983002-ang-E0009.992.1971                   1 1.40000E+02 1.50000E+02
a-C012-MT002-Ophel-F0983002-ang-E0009.993.1971                   1 3.00000E+01 1.50000E+02
a-C012-MT002-Ophel-F0983002-ang-E0009.994.1971                   1 3.00000E+01 4.00000E+01
a-C012-MT002-Ophel-F0983002-ang-E0009.994A001.1971               1 2.50000E+01 4.00000E+01
a-C012-MT002-Ophel-F0983002-ang-E0009.995.1971                   1 2.50000E+01 3.50000E+01
a-C012-MT002-Ophel-F0983002-ang-E0009.995A001.1971               1 3.50000E+01 6.50000E+01
a-C012-MT002-Ophel-F0983002-ang-E0009.995A002.1971               1 6.50000E+01 1.45000E+02
a-C012-MT002-Ophel-F0983002-ang-E0009.995A003.1971               1 4.50000E+01 1.45000E+02
a-C012-MT002-Ophel-F0983002-ang-E0009.997.1971                   1 4.50000E+01 1.67000E+02
a-C012-MT002-Ophel-F0983002-ang-E0010.003.1971                   1 7.00000E+01 1.35000E+02
a-C012-MT002-Ophel-F0983002-ang-E0010.005.1971                   1 7.00000E+01 1.62000E+02
a-C012-MT002-Ophel-F0983002-ang-E0010.007.1971                   1 3.00000E+01 1.62000E+02
a-C012-MT002-Ophel-F0983002-ang-E0010.008.1971                   1 3.00000E+01 1.40000E+02
a-C012-MT002-Ophel-F0983002-ang-E0010.010.1971                   2 4.00000E+01 1.55000E+02
a-C012-MT002-Ophel-F0983002-ang-E0010.012.1971                   1 2.50000E+01 4.00000E+01
a-C012-MT002-Ophel-F0983002-ang-E0010.017.1971                   3 2.50000E+01 1.45000E+02
a-C012-MT002-Ophel-F0983002-ang-E0010.018.1971                   2 4.50000E+01 1.50000E+02
a-C012-MT002-Ophel-F0983002-ang-E0010.021.1971                   2 6.50000E+01 1.35000E+02
a-C012-MT002-Ophel-F0983002-ang-E0010.023.1971                   1 7.00000E+01 1.67000E+02
a-C012-MT002-Ophel-F0983002-ang-E0010.025.1971                   1 1.40000E+02 1.67000E+02
a-C012-MT002-Ophel-F0983002-ang-E0010.028.1971                   2 1.40000E+02 1.62000E+02
a-C012-MT002-Ophel-F0983002-ang-E0010.032.1971                   2 1.35000E+02 1.55000E+02
a-C012-MT002-Ophel-F0983002-ang-E0010.042.1971                   2 4.00000E+01 1.45000E+02
a-C012-MT002-Ophel-F0983002-ang-E0010.070.1971                   1 2.50000E+01 4.00000E+01
a-C012-MT002-Ophel-F0983002-ang-E0010.074.1971                   1 2.50000E+01 3.50000E+01
a-C012-MT002-Ophel-F0983002-ang-E0010.075.1971                   1 3.50000E+01 4.50000E+01
a-C012-MT002-Ophel-F0983002-ang-E0010.076.1971                   1 3.00000E+01 4.50000E+01
a-C012-MT002-Ophel-F0983002-ang-E0010.077.1971                   1 3.00000E+01 6.50000E+01
a-C012-MT002-Ophel-F0983002-ang-E0010.078.1971                   1 6.50000E+01 7.00000E+01
a-C012-MT002-Ophel-F0983002-ang-E0010.084.1971                   1 7.00000E+01 1.62000E+02
a-C012-MT002-Ophel-F0983002-ang-E0010.086.1971                   1 1.40000E+02 1.62000E+02
a-C012-MT002-Ophel-F0983002-ang-E0010.089.1971                   4 3.00000E+01 1.67000E+02
a-C012-MT002-Ophel-F0983002-ang-E0010.091.1971                   1 2.50000E+01 3.00000E+01
a-C012-MT002-Ophel-F0983002-ang-E0010.092.1971                   1 2.50000E+01 3.50000E+01
a-C012-MT002-Ophel-F0983002-ang-E0010.093.1971                   1 3.50000E+01 4.00000E+01
a-C012-MT002-Ophel-F0983002-ang-E0010.095.1971                   1 4.00000E+01 6.50000E+01
a-C012-MT002-Ophel-F0983002-ang-E0010.097.1971                   1 4.50000E+01 6.50000E+01
a-C012-MT002-Ophel-F0983002-ang-E0010.098.1971                   1 4.50000E+01 1.45000E+02
a-C012-MT002-Ophel-F0983002-ang-E0010.100.1971                   1 1.35000E+02 1.45000E+02
a-C012-MT002-Ophel-F0983002-ang-E0010.103.1971                   1 7.00000E+01 1.35000E+02
a-C012-MT002-Ophel-F0983002-ang-E0010.106.1971                   1 7.00000E+01 1.55000E+02
a-C012-MT002-Ophel-F0983002-ang-E0010.107.1971                   2 2.50000E+01 1.67000E+02
a-C012-MT002-Ophel-F0983002-ang-E0010.111.1971                   5 2.50000E+01 1.62000E+02
a-C012-MT002-Ophel-F0983002-ang-E0010.113.1971                   1 3.00000E+01 6.50000E+01
a-C012-MT002-Ophel-F0983002-ang-E0010.115.1971                   1 4.00000E+01 6.50000E+01
a-C012-MT002-Ophel-F0983002-ang-E0010.117.1971                   1 4.00000E+01 4.50000E+01
a-C012-MT002-Ophel-F0983002-ang-E0010.119.1971                   1 4.50000E+01 1.45000E+02
a-C012-MT002-Ophel-F0983002-ang-E0010.122.1971                   1 7.00000E+01 1.45000E+02
a-C012-MT002-Ophel-F0983002-ang-E0010.124.1971                   1 7.00000E+01 1.35000E+02
a-C012-MT002-Ophel-F0983002-ang-E0010.125.1971                   3 1.35000E+02 1.67000E+02
a-C012-MT002-Ophel-F0983002-ang-E0010.129.1971                   1 2.50000E+01 1.62000E+02
a-C012-MT002-Ophel-F0983002-ang-E0010.132.1971                   2 2.50000E+01 1.40000E+02
a-C012-MT002-Ophel-F0983002-ang-E0010.133.1971                   2 3.00000E+01 1.50000E+02
a-C012-MT002-Ophel-F0983002-ang-E0010.135.1971                   2 3.00000E+01 4.50000E+01
a-C012-MT002-Ophel-F0983002-ang-E0010.137.1971                   1 4.50000E+01 1.45000E+02
a-C012-MT002-Ophel-F0983002-ang-E0010.140.1971                   1 1.35000E+02 1.45000E+02
a-C012-MT002-Ophel-F0983002-ang-E0010.143.1971                   1 6.50000E+01 1.35000E+02
a-C012-MT002-Ophel-F0983002-ang-E0010.144.1971                   1 6.50000E+01 1.62000E+02
a-C012-MT002-Ophel-F0983002-ang-E0010.147.1971                   2 7.00000E+01 1.67000E+02
a-C012-MT002-Ophel-F0983002-ang-E0010.149.1971                   1 7.00000E+01 1.50000E+02
a-C012-MT002-Ophel-F0983002-ang-E0010.150.1971                   1 3.00000E+01 1.50000E+02
a-C012-MT002-Ophel-F0983002-ang-E0010.153.1971                   1 2.50000E+01 3.00000E+01
a-C012-MT002-Ophel-F0983002-ang-E0010.154.1971                   3 2.50000E+01 1.40000E+02
a-C012-MT002-Ophel-F0983002-ang-E0010.157.1971                   3 4.00000E+01 1.55000E+02
a-C012-MT002-Ophel-F0983002-ang-E0010.158.1971                   1 4.50000E+01 1.45000E+02
a-C012-MT002-Ophel-F0983002-ang-E0010.159.1971                   1 4.50000E+01 6.50000E+01
a-C012-MT002-Ophel-F0983002-ang-E0010.162.1971                   1 6.50000E+01 7.00000E+01
a-C012-MT002-Ophel-F0983002-ang-E0010.164.1971                   1 7.00000E+01 1.62000E+02
a-C012-MT002-Ophel-F0983002-ang-E0010.168.1971                   1 3.00000E+01 1.62000E+02
a-C012-MT002-Ophel-F0983002-ang-E0010.171.1971                   1 2.50000E+01 3.00000E+01
a-C012-MT002-Ophel-F0983002-ang-E0010.172.1971                   5 2.50000E+01 1.67000E+02
a-C012-MT002-Ophel-F0983002-ang-E0010.175.1971                   2 4.00000E+01 1.55000E+02
a-C012-MT002-Ophel-F0983002-ang-E0010.179.1971                   1 4.50000E+01 1.45000E+02
a-C012-MT002-Ophel-F0983002-ang-E0010.181.1971                   1 4.50000E+01 1.35000E+02
a-C012-MT002-Ophel-F0983002-ang-E0010.182.1971                   1 6.50000E+01 1.35000E+02
a-C012-MT002-Ophel-F0983002-ang-E0010.183.1971                   1 3.50000E+01 6.50000E+01
a-C012-MT002-Ophel-F0983002-ang-E0010.190.1971                   4 3.50000E+01 1.67000E+02
a-C012-MT002-Ophel-F0983002-ang-E0010.193.1971                   2 2.50000E+01 1.62000E+02
a-C012-MT002-Ophel-F0983002-ang-E0010.194.1971                   1 2.50000E+01 4.00000E+01
a-C012-MT002-Ophel-F0983002-ang-E0010.196.1971                   1 4.00000E+01 1.55000E+02
a-C012-MT002-Ophel-F0983002-ang-E0010.197.1971                   1 4.50000E+01 1.55000E+02
a-C012-MT002-Ophel-F0983002-ang-E0010.199.1971                   1 4.50000E+01 1.35000E+02
a-C012-MT002-Ophel-F0983002-ang-E0010.200.1971                   1 6.50000E+01 1.35000E+02
a-C012-MT002-Ophel-F0983002-ang-E0010.201.1971                   2 6.50000E+01 1.67000E+02
a-C012-MT002-Ophel-F0983002-ang-E0010.204.1971                   1 7.00000E+01 1.67000E+02
a-C012-MT002-Ophel-F0983002-ang-E0010.207.1971                   1 7.00000E+01 1.62000E+02
a-C012-MT002-Ophel-F0983002-ang-E0010.211.1971                   1 3.50000E+01 1.62000E+02
a-C012-MT002-Ophel-F0983002-ang-E0010.212.1971                   1 2.50000E+01 3.50000E+01
a-C012-MT002-Ophel-F0983002-ang-E0010.213.1971                   1 2.50000E+01 4.00000E+01
a-C012-MT002-Ophel-F0983002-ang-E0010.214.1971                   1 3.00000E+01 4.00000E+01
a-C012-MT002-Ophel-F0983002-ang-E0010.215.1971                   3 3.00000E+01 1.55000E+02
a-C012-MT002-Ophel-F0983002-ang-E0010.218.1971                   1 6.50000E+01 1.45000E+02
a-C012-MT002-Ophel-F0983002-ang-E0010.219.1971                   1 4.50000E+01 6.50000E+01
a-C012-MT002-Ophel-F0983002-ang-E0010.221.1971                   1 4.50000E+01 7.00000E+01
a-C012-MT002-Ophel-F0983002-ang-E0010.225.1971                   1 7.00000E+01 1.67000E+02
a-C012-MT002-Ophel-F0983002-ang-E0010.226.1971                   1 1.35000E+02 1.67000E+02
a-C012-MT002-Ophel-F0983002-ang-E0010.229.1971                   2 3.50000E+01 1.62000E+02
a-C012-MT002-Ophel-F0983002-ang-E0010.234.1971                   1 3.00000E+01 3.50000E+01
a-C012-MT002-Ophel-F0983002-ang-E0010.236.1971                   5 2.50000E+01 1.55000E+02
a-C012-MT002-Ophel-F0983002-ang-E0010.238.1971                   1 2.50000E+01 4.50000E+01
a-C012-MT002-Ophel-F0983002-ang-E0010.239.1971                   1 4.50000E+01 6.50000E+01
a-C012-MT002-Ophel-F0983002-ang-E0010.241.1971                   1 6.50000E+01 1.35000E+02
a-C012-MT002-Ophel-F0983002-ang-E0010.244.1971                   1 7.00000E+01 1.35000E+02
a-C012-MT002-Ophel-F0983002-ang-E0010.246.1971                   1 7.00000E+01 1.67000E+02
a-C012-MT002-Ophel-F0983002-ang-E0010.247.1971                   1 1.62000E+02 1.67000E+02
a-C012-MT002-Ophel-F0983002-ang-E0010.251.1971                   1 1.40000E+02 1.62000E+02
a-C012-MT002-Ophel-F0983002-ang-E0010.254.1971                   1 3.50000E+01 1.40000E+02
a-C012-MT002-Ophel-F0983002-ang-E0010.255.1971                   1 3.50000E+01 4.50000E+01
a-C012-MT002-Ophel-F0983002-ang-E0010.257.1971                   1 3.00000E+01 4.50000E+01
a-C012-MT002-Ophel-F0983002-ang-E0010.258.1971                   3 3.00000E+01 1.55000E+02
a-C012-MT002-Ophel-F0983002-ang-E0010.262.1971                   1 6.50000E+01 1.55000E+02
a-C012-MT002-Ophel-F0983002-ang-E0010.263.1971                   1 6.50000E+01 1.35000E+02
a-C012-MT002-Ophel-F0983002-ang-E0010.265.1971                   1 7.00000E+01 1.35000E+02
a-C012-MT002-Ophel-F0983002-ang-E0010.268.1971                   1 7.00000E+01 1.67000E+02
a-C012-MT002-Ophel-F0983002-ang-E0010.269.1971                   1 3.00000E+01 1.67000E+02
a-C012-MT002-Ophel-F0983002-ang-E0010.272.1971                   1 3.00000E+01 3.50000E+01
a-C012-MT002-Ophel-F0983002-ang-E0010.273.1971                   2 2.50000E+01 1.62000E+02
a-C012-MT002-Ophel-F0983002-ang-E0010.274.1971                   1 2.50000E+01 4.00000E+01
a-C012-MT002-Ophel-F0983002-ang-E0010.276.1971                   3 4.00000E+01 1.55000E+02
a-C012-MT002-Ophel-F0983002-ang-E0010.279.1971                   1 4.50000E+01 6.50000E+01
a-C012-MT002-Ophel-F0983002-ang-E0010.281.1971                   1 6.50000E+01 1.45000E+02
a-C012-MT002-Ophel-F0983002-ang-E0010.283.1971                   2 1.35000E+02 1.67000E+02
a-C012-MT002-Ophel-F0983002-ang-E0010.290.1971                   2 2.50000E+01 1.62000E+02
a-C012-MT002-Ophel-F0983002-ang-E0010.292.1971                   1 2.50000E+01 7.00000E+01
a-C012-MT002-Ophel-F0983002-ang-E0010.293.1971                   1 7.00000E+01 1.40000E+02
a-C012-MT002-Ophel-F0983002-ang-E0010.294.1971                   2 3.50000E+01 1.55000E+02
a-C012-MT002-Ophel-F0983002-ang-E0010.295.1971                   1 3.00000E+01 3.50000E+01
a-C012-MT002-Ophel-F0983002-ang-E0010.297.1971                   2 3.00000E+01 6.50000E+01
a-C012-MT002-Ophel-F0983002-ang-E0010.299.1971                   1 4.50000E+01 6.50000E+01
a-C012-MT002-Ophel-F0983002-ang-E0010.300.1971                   1 4.50000E+01 1.67000E+02
a-C012-MT002-Ophel-F0983002-ang-E0010.304.1971                   1 1.35000E+02 1.67000E+02
a-C012-MT002-Ophel-F0983002-ang-E0010.305.1971                   2 1.35000E+02 1.62000E+02
a-C012-MT002-Ophel-F0983002-ang-E0010.312.1971                   1 7.00000E+01 1.62000E+02
a-C012-MT002-Ophel-F0983002-ang-E0010.315.1971                   2 7.00000E+01 1.55000E+02
a-C012-MT002-Ophel-F0983002-ang-E0010.319.1971                   1 1.35000E+02 1.40000E+02
a-C012-MT002-Ophel-F0983002-ang-E0010.323.1971                   2 3.00000E+01 1.45000E+02
a-C012-MT002-Ophel-F0983002-ang-E0010.333.1971                   1 2.50000E+01 3.00000E+01
a-C012-MT002-Ophel-F0983002-ang-E0010.336.1971                   1 2.50000E+01 4.00000E+01
a-C012-MT002-Ophel-F0983002-ang-E0010.337.1971                   1 3.50000E+01 4.00000E+01
a-C012-MT002-Ophel-F0983002-ang-E0010.338.1971                   1 3.50000E+01 4.50000E+01
a-C012-MT002-Ophel-F0983002-ang-E0010.340.1971                   1 4.50000E+01 6.50000E+01
a-C012-MT002-Ophel-F0983002-ang-E0010.342.1971                   1 6.50000E+01 1.67000E+02
a-C012-MT002-Ophel-F0983002-ang-E0010.348.1971                   1 7.00000E+01 1.67000E+02
a-C012-MT002-Ophel-F0983002-ang-E0010.351.1971                   1 7.00000E+01 1.62000E+02
a-C012-MT002-Ophel-F0983002-ang-E0010.352.1971                   1 1.40000E+02 1.62000E+02
a-C012-MT002-Ophel-F0983002-ang-E0010.358.1971                   1 1.40000E+02 1.45000E+02
a-C012-MT002-Ophel-F0983002-ang-E0010.362.1971                   2 1.35000E+02 1.55000E+02
a-C012-MT002-Ophel-F0983002-ang-E0010.366.1971                   1 3.00000E+01 1.35000E+02
a-C012-MT002-Ophel-F0983002-ang-E0010.373.1971                   1 3.00000E+01 3.50000E+01
a-C012-MT002-Ophel-F0983002-ang-E0010.374.1971                   1 2.50000E+01 3.50000E+01
a-C012-MT002-Ophel-F0983002-ang-E0010.375.1971                   1 2.50000E+01 4.00000E+01
a-C012-MT002-Ophel-F0983002-ang-E0010.377.1971                   1 4.00000E+01 4.50000E+01
a-C012-MT002-Ophel-F0983002-ang-E0010.380.1971                   1 4.50000E+01 6.50000E+01
a-C012-MT002-Ophel-F0983002-ang-E0010.382.1971                   1 6.50000E+01 7.00000E+01
a-C012-MT002-Ophel-F0983002-ang-E0010.390.1971                   1 7.00000E+01 1.62000E+02
a-C012-MT002-Ophel-F0983002-ang-E0010.391.1971                   2 1.40000E+02 1.67000E+02
a-C012-MT002-Ophel-F0983002-ang-E0010.398.1971                   1 1.40000E+02 1.55000E+02
a-C012-MT002-Ophel-F0983002-ang-E0010.401.1971                   1 1.45000E+02 1.55000E+02
a-C012-MT002-Ophel-F0983002-ang-E0010.402.1971                   1 1.35000E+02 1.45000E+02
a-C012-MT002-Ophel-F0983002-ang-E0010.406.1971                   1 3.00000E+01 1.35000E+02
a-C012-MT002-Ophel-F0983002-ang-E0010.413.1971                   1 3.00000E+01 3.50000E+01
a-C012-MT002-Ophel-F0983002-ang-E0010.414.1971                   1 2.50000E+01 3.50000E+01
a-C012-MT002-Ophel-F0983002-ang-E0010.415.1971                   1 2.50000E+01 4.00000E+01
a-C012-MT002-Ophel-F0983002-ang-E0010.417.1971                   1 4.00000E+01 4.50000E+01
a-C012-MT002-Ophel-F0983002-ang-E0010.423.1971                   1 4.50000E+01 6.50000E+01
a-C012-MT002-Ophel-F0983002-ang-E0010.425.1971                   1 6.50000E+01 1.67000E+02
a-C012-MT002-Ophel-F0983002-ang-E0010.426.1971                   1 7.00000E+01 1.67000E+02
a-C012-MT002-Ophel-F0983002-ang-E0010.434.1971                   2 7.00000E+01 1.62000E+02
a-C012-MT002-Ophel-F0983002-ang-E0010.437.1971                   1 1.40000E+02 1.45000E+02
a-C012-MT002-Ophel-F0983002-ang-E0010.441.1971                   2 1.35000E+02 1.55000E+02
a-C012-MT002-Ophel-F0983002-ang-E0010.449.1971                   1 2.50000E+01 1.35000E+02
a-C012-MT002-Ophel-F0983002-ang-E0010.451.1971                   1 2.50000E+01 3.00000E+01
a-C012-MT002-Ophel-F0983002-ang-E0010.453.1971                   2 3.00000E+01 4.00000E+01
a-C012-MT002-Ophel-F0983002-ang-E0010.454.1971                   1 3.50000E+01 4.50000E+01
a-C012-MT002-Ophel-F0983002-ang-E0010.459.1971                   1 4.50000E+01 6.50000E+01
a-C012-MT002-Ophel-F0983002-ang-E0010.461.1971                   1 6.50000E+01 1.67000E+02
a-C012-MT002-Ophel-F0983002-ang-E0010.466.1971                   1 7.00000E+01 1.67000E+02
a-C012-MT002-Ophel-F0983002-ang-E0010.473.1971                   1 7.00000E+01 1.40000E+02
a-C012-MT002-Ophel-F0983002-ang-E0010.477.1971                   3 1.40000E+02 1.62000E+02
a-C012-MT002-Ophel-F0983002-ang-E0010.481.1971                   1 1.35000E+02 1.45000E+02
a-C012-MT002-Ophel-F0983002-ang-E0010.485.1971                   1 2.50000E+01 1.35000E+02
a-C012-MT002-Ophel-F0983002-ang-E0010.495.1971                   1 2.50000E+01 3.00000E+01
a-C012-MT002-Ophel-F0983002-ang-E0010.496.1971                   1 3.00000E+01 3.50000E+01
a-C012-MT002-Ophel-F0983002-ang-E0010.497.1971                   1 3.50000E+01 4.00000E+01
a-C012-MT002-Ophel-F0983002-ang-E0010.500.1971                   1 4.00000E+01 4.50000E+01
a-C012-MT002-Ophel-F0983002-ang-E0010.502.1971                   1 4.50000E+01 7.00000E+01
a-C012-MT002-Ophel-F0983002-ang-E0010.509.1971                   1 7.00000E+01 1.62000E+02
a-C012-MT002-Ophel-F0983002-ang-E0010.510.1971                   1 1.40000E+02 1.62000E+02
a-C012-MT002-Ophel-F0983002-ang-E0010.513.1971                   2 1.35000E+02 1.55000E+02
a-C012-MT002-Ophel-F0983002-ang-E0010.517.1971                   2 1.35000E+02 1.45000E+02
a-C012-MT002-Pavlova-D80170021-ang-E0039.000.1990               16 3.02000E+01 6.00000E+01
a-C012-MT002-Pavlova-F0672004-ang-E0039.000.1976                10 1.49000E+01 3.17000E+01
a-C012-MT002-Plaga-C0064002-ang-E0001.466.1987                  30 4.61720E+01 1.63065E+02
a-C012-MT002-Plaga-C0064002-ang-E0001.973.1987                  28 5.21760E+01 1.62935E+02
a-C012-MT002-Plaga-C0064002-ang-E0002.067.1987                  29 5.21760E+01 1.63065E+02
a-C012-MT002-Plaga-C0064002-ang-E0002.073.1987                  29 5.88100E+01 1.62935E+02
a-C012-MT002-Smith-C1080002-ang-E0139.000.1973                  37 3.50001E+00 5.43000E+01
a-C012-MT002-Somatri-D0097002-ang-E0004.035.1996                19 1.72000E+02 1.72000E+02
a-C012-MT002-Tatischeff-D0217003-ang-E0166.000.1970             24 5.99999E+00 5.99999E+00
a-C012-MT002-Tischhauser-C1461014-ang-E0002.609.2009         11392 2.40000E+01 1.65900E+02
a-C012-MT002-Uchida-E1899021-ang-E0386.000.2004                 59 2.80002E+00 2.61000E+01
a-C012-MT002-Wiktor-D0213002-ang-E0120.000.1981                 53 3.99998E+00 6.49000E+01
a-C012-MT002-Wiktor-D0213002-ang-E0145.000.1981                 53 4.50002E+00 5.47000E+01
a-C012-MT002-Yasue-E1191002-ang-E0065.000.1983                  34 8.30000E+00 1.04900E+02
a-C012-MT002-Yonezawa-F0117002-ang-E0006.398.1994              128 1.69000E+02 1.69000E+02
