#              Filename                                         N    min         max
n-Ba000-MT001-Bennett-11265007.1957                             14 2.25000E+00 2.74800E+00
n-Ba000-MT001-Bilpuch-11599044.1961                            140 1.65000E-02 2.00000E-01
n-Ba000-MT001-Bollinger-11643002.1958                          723 1.80100E-05 1.24700E-03
n-Ba000-MT001-Conner-11320005.1958                               3 1.31400E+01 1.56000E+01
n-Ba000-MT001-Coon-12524042.1952                                 1 1.41200E+01 1.41200E+01
n-Ba000-MT001-Deconninck-20195016.1961                           1 2.84000E+01 2.84000E+01
n-Ba000-MT001-Fosterjr-10047060.1971                           253 2.25400E+00 1.48280E+01
n-Ba000-MT001-Fosterjr-10047060A001.1971                       253 2.25400E+00 1.48280E+01
n-Ba000-MT001-Havensjr-11361007.1952                            33 2.36000E-08 9.60000E-07
n-Ba000-MT001-Heuer-20560004.1974                               41 5.73000E+00 9.63000E+00
n-Ba000-MT001-Hibdon-13041020.1950                               2 1.20000E-04 3.45000E-04
n-Ba000-MT001-Hildebrand-11039027.1950                           1 4.20000E+01 4.20000E+01
n-Ba000-MT001-Hildebrand-11039027A001.1950                       1 4.20000E+01 4.20000E+01
n-Ba000-MT001-Miller-11712016.1952                              71 5.00000E-02 3.21000E+00
n-Ba000-MT001-Newson-11834007.1956                              57 1.56000E-02 1.01400E-01
n-Ba000-MT001-Seth-11788032.1958                                10 1.11000E-04 2.44000E-04
n-Ba000-MT001-Vincent-11621022.1960                              1 4.10000E+00 4.10000E+00
n-Ba000-MT001-Wells-11121015.1963                               24 1.20800E+00 1.78700E+00
n-Ba000-MT001-Wells-11121015A001.1963                           24 1.20800E+00 1.78700E+00
