#              Filename                                         N    min         max
a-Li007-MT002-Bohlen-A1505003-ang-E0002.489.1972                21 1.20600E+02 1.20600E+02
a-Li007-MT002-Bohlen-A1505007-ang-E0003.691.1972                61 2.47000E+01 1.50100E+02
a-Li007-MT002-Bohlen-A1505008-ang-E0003.600.1972                62 2.39000E+01 1.49600E+02
a-Li007-MT002-Burtebaev-D0771002-ang-E0050.500.1996             57 1.45000E+01 1.70600E+02
a-Li007-MT002-Burtebaev-D09250041-ang-E0050.500.1988            60 1.00000E+01 1.70000E+02
a-Li007-MT002-Hamada-E1654002-ang-E0065.000.1994                23 8.59999E+00 5.98000E+01
a-Li007-MT002-Kelleter-A1538002-ang-E0008.592.1973              57 9.00000E+01 9.00000E+01
a-Li007-MT002-Matsuki-E2264002-ang-E0029.400.1968               13 1.47000E+01 4.81000E+01
a-Li007-MT002-Rusek-C1001002-ang-E0017.982.2003                 37 5.99999E+00 1.46800E+02
a-Li007-MT002-Rusek-C1001002-ang-E0025.992.2003                 45 5.99999E+00 1.53000E+02
a-Li007-MT002-Stoquert-F0038002-ang-E0001.362.1979               2 6.00000E+01 9.00000E+01
a-Li007-MT002-Stoquert-F0038002-ang-E0001.364.1979               1 5.00000E+01 7.00000E+01
a-Li007-MT002-Stoquert-F0038002-ang-E0001.366.1979               1 4.00000E+01 5.00000E+01
a-Li007-MT002-Stoquert-F0038002-ang-E0001.368.1979               1 4.00000E+01 9.00000E+01
a-Li007-MT002-Stoquert-F0038002-ang-E0001.380.1979               1 5.00000E+01 9.00000E+01
a-Li007-MT002-Stoquert-F0038002-ang-E0001.394.1979               2 4.00000E+01 7.00000E+01
a-Li007-MT002-Stoquert-F0038002-ang-E0001.395.1979               2 4.00000E+01 9.00000E+01
a-Li007-MT002-Stoquert-F0038002-ang-E0001.420.1979               1 5.00000E+01 9.00000E+01
a-Li007-MT002-Stoquert-F0038002-ang-E0001.422.1979               1 5.00000E+01 7.00000E+01
a-Li007-MT002-Stoquert-F0038002-ang-E0001.424.1979               1 6.00000E+01 7.00000E+01
a-Li007-MT002-Stoquert-F0038002-ang-E0001.427.1979               1 4.00000E+01 6.00000E+01
a-Li007-MT002-Stoquert-F0038002-ang-E0001.435.1979               1 4.00000E+01 7.00000E+01
a-Li007-MT002-Stoquert-F0038002-ang-E0001.458.1979               2 6.00000E+01 9.00000E+01
a-Li007-MT002-Stoquert-F0038002-ang-E0001.463.1979               1 4.00000E+01 6.00000E+01
a-Li007-MT002-Stoquert-F0038002-ang-E0001.464.1979               2 4.00000E+01 9.00000E+01
a-Li007-MT002-Stoquert-F0038002-ang-E0001.498.1979               1 6.00000E+01 9.00000E+01
a-Li007-MT002-Stoquert-F0038002-ang-E0001.502.1979               2 5.00000E+01 7.00000E+01
a-Li007-MT002-Stoquert-F0038002-ang-E0001.504.1979               1 4.00000E+01 5.00000E+01
a-Li007-MT002-Stoquert-F0038002-ang-E0001.505.1979               1 4.00000E+01 9.00000E+01
a-Li007-MT002-Stoquert-F0038002-ang-E0001.538.1979               1 7.00000E+01 9.00000E+01
a-Li007-MT002-Stoquert-F0038002-ang-E0001.540.1979               1 4.00000E+01 7.00000E+01
a-Li007-MT002-Stoquert-F0038002-ang-E0001.544.1979               2 4.00000E+01 6.00000E+01
a-Li007-MT002-Stoquert-F0038002-ang-E0001.545.1979               1 6.00000E+01 9.00000E+01
a-Li007-MT002-Stoquert-F0038002-ang-E0001.576.1979               1 4.00000E+01 9.00000E+01
a-Li007-MT002-Stoquert-F0038002-ang-E0001.580.1979               3 4.00000E+01 7.00000E+01
a-Li007-MT002-Stoquert-F0038002-ang-E0001.583.1979               1 4.00000E+01 6.00000E+01
a-Li007-MT002-Stoquert-F0038002-ang-E0001.619.1979               1 4.00000E+01 7.00000E+01
a-Li007-MT002-Stoquert-F0038002-ang-E0001.621.1979               2 5.00000E+01 9.00000E+01
a-Li007-MT002-Stoquert-F0038002-ang-E0001.622.1979               2 4.00000E+01 6.00000E+01
a-Li007-MT002-Stoquert-F0038002-ang-E0001.657.1979               2 4.00000E+01 9.00000E+01
a-Li007-MT002-Stoquert-F0038002-ang-E0001.660.1979               1 5.00000E+01 6.00000E+01
a-Li007-MT002-Stoquert-F0038002-ang-E0001.661.1979               1 5.00000E+01 7.00000E+01
a-Li007-MT002-Stoquert-F0038002-ang-E0001.663.1979               1 6.00000E+01 7.00000E+01
a-Li007-MT002-Stoquert-F0038002-ang-E0001.698.1979               2 6.00000E+01 9.00000E+01
a-Li007-MT002-Stoquert-F0038002-ang-E0001.699.1979               1 4.00000E+01 9.00000E+01
a-Li007-MT002-Stoquert-F0038002-ang-E0001.700.1979               1 4.00000E+01 5.00000E+01
a-Li007-MT002-Stoquert-F0038002-ang-E0001.704.1979               1 5.00000E+01 9.00000E+01
a-Li007-MT002-Stoquert-F0038002-ang-E0001.736.1979               1 4.00000E+01 9.00000E+01
a-Li007-MT002-Stoquert-F0038002-ang-E0001.740.1979               3 4.00000E+01 7.00000E+01
a-Li007-MT002-Stoquert-F0038002-ang-E0001.742.1979               1 4.00000E+01 6.00000E+01
a-Li007-MT002-Stoquert-F0038002-ang-E0001.774.1979               1 4.00000E+01 6.00000E+01
a-Li007-MT002-Stoquert-F0038002-ang-E0001.780.1979               3 4.00000E+01 9.00000E+01
a-Li007-MT002-Stoquert-F0038002-ang-E0001.816.1979               2 4.00000E+01 6.00000E+01
a-Li007-MT002-Stoquert-F0038002-ang-E0001.817.1979               1 5.00000E+01 7.00000E+01
a-Li007-MT002-Stoquert-F0038002-ang-E0001.818.1979               1 7.00000E+01 9.00000E+01
a-Li007-MT002-Stoquert-F0038002-ang-E0001.822.1979               1 7.00000E+01 9.00000E+01
a-Li007-MT002-Stoquert-F0038002-ang-E0001.856.1979               1 6.00000E+01 7.00000E+01
a-Li007-MT002-Stoquert-F0038002-ang-E0001.858.1979               1 4.00000E+01 6.00000E+01
a-Li007-MT002-Stoquert-F0038002-ang-E0001.861.1979               1 4.00000E+01 5.00000E+01
a-Li007-MT002-Stoquert-F0038002-ang-E0001.862.1979               1 5.00000E+01 9.00000E+01
