#              Filename                                         N    min         max
p-Cr050-MT602-Antropov-F1144004-ang-E0006.000.1971              50 3.58000E+01 1.62300E+02
p-Cr050-MT602-Brenner-F0764004-ang-E0006.025.1984                3 1.05000E+02 1.55000E+02
p-Cr050-MT602-Brenner-F0764004-ang-E0006.025A001.1984            1 1.35000E+02 1.55000E+02
p-Cr050-MT602-Brenner-F0764004-ang-E0006.029.1984                1 1.05000E+02 1.35000E+02
p-Cr050-MT602-Brenner-F0764004-ang-E0006.030.1984                2 1.05000E+02 1.55000E+02
p-Cr050-MT602-Brenner-F0764004-ang-E0006.030A001.1984            2 1.00000E+02 1.25000E+02
p-Cr050-MT602-Brenner-F0764004-ang-E0006.030A002.1984            2 8.00000E+01 1.50000E+02
p-Cr050-MT602-Brenner-F0764004-ang-E0006.030A003.1984            1 8.00000E+01 1.35000E+02
p-Cr050-MT602-Brenner-F0764004-ang-E0006.034.1984                1 1.05000E+02 1.35000E+02
p-Cr050-MT602-Brenner-F0764004-ang-E0006.035.1984                3 1.05000E+02 1.55000E+02
p-Cr050-MT602-Brenner-F0764004-ang-E0006.035A001.1984            1 8.00000E+01 1.50000E+02
p-Cr050-MT602-Brenner-F0764004-ang-E0006.035A002.1984            2 8.00000E+01 1.20000E+02
p-Cr050-MT602-Brenner-F0764004-ang-E0006.035A003.1984            1 1.20000E+02 1.35000E+02
p-Cr050-MT602-Brenner-F0764004-ang-E0006.039.1984                1 1.05000E+02 1.35000E+02
p-Cr050-MT602-Brenner-F0764004-ang-E0006.040.1984                2 1.05000E+02 1.25000E+02
p-Cr050-MT602-Brenner-F0764004-ang-E0006.040A001.1984            2 1.00000E+02 1.55000E+02
p-Cr050-MT602-Brenner-F0764004-ang-E0006.040A002.1984            1 1.00000E+02 1.50000E+02
p-Cr050-MT602-Brenner-F0764004-ang-E0006.040A003.1984            1 8.00000E+01 1.50000E+02
p-Cr050-MT602-Brenner-F0764004-ang-E0006.040A004.1984            1 8.00000E+01 1.05000E+02
p-Cr050-MT602-Brenner-F0764004-ang-E0006.042.1984                1 1.05000E+02 1.20000E+02
p-Cr050-MT602-Brenner-F0764004-ang-E0006.042A001.1984            2 1.20000E+02 1.35000E+02
p-Cr050-MT602-Brenner-F0764004-ang-E0006.042A002.1984            1 1.00000E+02 1.25000E+02
p-Cr050-MT602-Brenner-F0764004-ang-E0006.042A003.1984            1 1.00000E+02 1.50000E+02
p-Cr050-MT602-Brenner-F0764004-ang-E0006.042A004.1984            1 1.50000E+02 1.55000E+02
p-Cr050-MT602-Brenner-F0764004-ang-E0006.043.1984                1 8.00000E+01 1.55000E+02
p-Cr050-MT602-Brenner-F0764004-ang-E0006.043A001.1984            1 8.00000E+01 1.00000E+02
p-Cr050-MT602-Brenner-F0764004-ang-E0006.044.1984                2 1.00000E+02 1.25000E+02
p-Cr050-MT602-Brenner-F0764004-ang-E0006.044A001.1984            1 1.25000E+02 1.35000E+02
p-Cr050-MT602-Brenner-F0764004-ang-E0006.045.1984                1 1.35000E+02 1.55000E+02
p-Cr050-MT602-Brenner-F0764004-ang-E0006.045A001.1984            1 1.20000E+02 1.55000E+02
p-Cr050-MT602-Brenner-F0764004-ang-E0006.045A002.1984            1 1.20000E+02 1.50000E+02
p-Cr050-MT602-Brenner-F0764004-ang-E0006.045A003.1984            1 8.00000E+01 1.50000E+02
p-Cr050-MT602-Brenner-F0764004-ang-E0006.045A004.1984            1 8.00000E+01 1.00000E+02
p-Cr050-MT602-Brenner-F0764004-ang-E0006.047.1984                1 1.00000E+02 1.05000E+02
p-Cr050-MT602-Brenner-F0764004-ang-E0006.047A001.1984            1 1.05000E+02 1.25000E+02
p-Cr050-MT602-Brenner-F0764004-ang-E0006.047A002.1984            1 1.20000E+02 1.25000E+02
p-Cr050-MT602-Brenner-F0764004-ang-E0006.047A003.1984            2 1.20000E+02 1.55000E+02
p-Cr050-MT602-Brenner-F0764004-ang-E0006.048.1984                1 1.50000E+02 1.55000E+02
p-Cr050-MT602-Brenner-F0764004-ang-E0006.048A001.1984            1 8.00000E+01 1.50000E+02
p-Cr050-MT602-Brenner-F0764004-ang-E0006.048A002.1984            1 8.00000E+01 1.00000E+02
p-Cr050-MT602-Brenner-F0764004-ang-E0006.049.1984                1 1.00000E+02 1.05000E+02
p-Cr050-MT602-Brenner-F0764004-ang-E0006.049A001.1984            1 1.05000E+02 1.25000E+02
p-Cr050-MT602-Brenner-F0764004-ang-E0006.050.1984                1 1.25000E+02 1.35000E+02
p-Cr050-MT602-Brenner-F0764004-ang-E0006.050A001.1984            1 1.35000E+02 1.50000E+02
p-Cr050-MT602-Brenner-F0764004-ang-E0006.050A002.1984            1 1.50000E+02 1.55000E+02
p-Cr050-MT602-Brenner-F0764004-ang-E0006.050A003.1984            1 1.20000E+02 1.55000E+02
p-Cr050-MT602-Brenner-F0764004-ang-E0006.050A004.1984            1 8.00000E+01 1.20000E+02
p-Cr050-MT602-Brenner-F0764004-ang-E0006.050A005.1984            1 8.00000E+01 1.05000E+02
p-Cr050-MT602-Brenner-F0764004-ang-E0006.052.1984                1 1.05000E+02 1.20000E+02
p-Cr050-MT602-Brenner-F0764004-ang-E0006.052A001.1984            2 1.00000E+02 1.25000E+02
p-Cr050-MT602-Brenner-F0764004-ang-E0006.052A002.1984            2 1.00000E+02 1.50000E+02
p-Cr050-MT602-Brenner-F0764004-ang-E0006.052A003.1984            1 1.50000E+02 1.55000E+02
p-Cr050-MT602-Brenner-F0764004-ang-E0006.053.1984                1 8.00000E+01 1.55000E+02
p-Cr050-MT602-Brenner-F0764004-ang-E0006.053A001.1984            1 8.00000E+01 1.00000E+02
p-Cr050-MT602-Brenner-F0764004-ang-E0006.055.1984                2 1.00000E+02 1.25000E+02
p-Cr050-MT602-Brenner-F0764004-ang-E0006.055A001.1984            1 1.05000E+02 1.20000E+02
p-Cr050-MT602-Brenner-F0764004-ang-E0006.055A002.1984            2 1.05000E+02 1.55000E+02
p-Cr050-MT602-Brenner-F0764004-ang-E0006.055A003.1984            1 8.00000E+01 1.35000E+02
p-Cr050-MT602-Brenner-F0764004-ang-E0006.055A004.1984            2 8.00000E+01 1.50000E+02
p-Cr050-MT602-Brenner-F0764004-ang-E0006.059.1984                1 1.00000E+02 1.25000E+02
p-Cr050-MT602-Brenner-F0764004-ang-E0006.060.1984                1 1.00000E+02 1.35000E+02
p-Cr050-MT602-Brenner-F0764004-ang-E0006.060A001.1984            1 1.05000E+02 1.35000E+02
p-Cr050-MT602-Brenner-F0764004-ang-E0006.060A002.1984            3 1.05000E+02 1.55000E+02
p-Cr050-MT602-Brenner-F0764004-ang-E0006.060A003.1984            1 8.00000E+01 1.50000E+02
p-Cr050-MT602-Brenner-F0764004-ang-E0006.060A004.1984            1 8.00000E+01 1.00000E+02
p-Cr050-MT602-Brenner-F0764004-ang-E0006.064.1984                2 1.00000E+02 1.25000E+02
p-Cr050-MT602-Brenner-F0764004-ang-E0006.064A001.1984            1 1.05000E+02 1.35000E+02
p-Cr050-MT602-Brenner-F0764004-ang-E0006.065.1984                2 1.35000E+02 1.55000E+02
p-Cr050-MT602-Brenner-F0764004-ang-E0006.065A001.1984            1 1.20000E+02 1.50000E+02
p-Cr050-MT602-Brenner-F0764004-ang-E0006.065A002.1984            2 8.00000E+01 1.20000E+02
