#              Filename                                         N    min         max
n-Pd108-MT151-Coceva-21114010.1968                               1 9.09400E-05 9.09400E-05
n-Pd108-MT151-Coceva-212600031.1965                              2 2.96000E-06 3.32400E-05
n-Pd108-MT151-Coceva-212600032.1965                              3 2.96000E-06 9.15000E-05
n-Pd108-MT151-Coceva-212600033.1965                              3 2.96000E-06 9.15000E-05
n-Pd108-MT151-Crawford-137130041.1998                           20 3.30200E-05 2.00800E-03
n-Pd108-MT151-Crawford-137130042.1998                           20 3.30200E-05 2.00800E-03
n-Pd108-MT151-Crawford-137130043.1998                           10 3.30200E-05 2.00800E-03
n-Pd108-MT151-Crawford-137130051.1998                           21 1.12700E-04 2.28700E-03
n-Pd108-MT151-Crawford-137130052.1998                           21 1.12700E-04 2.28700E-03
n-Pd108-MT151-Crawford-137130053.1998                            2 1.12700E-04 3.02900E-04
n-Pd108-MT151-Crawford-137130054.1998                           21 1.12700E-04 2.28700E-03
n-Pd108-MT151-Crawford-13713009.1998                             2 1.01000E-03 1.01000E-03
n-Pd108-MT151-Macklin-10868015.1979                              3 5.78000E-02 5.78000E-02
n-Pd108-MT151-Macklin-10868015A001.1979                          3 5.78000E-02 5.78000E-02
n-Pd108-MT151-Meaze-308280071.2011                               3 2.96360E-06 9.05900E-05
n-Pd108-MT151-Meaze-308280072.2011                               3 2.96360E-06 9.05900E-05
n-Pd108-MT151-Meaze-308280073.2011                               3 2.96360E-06 9.05900E-05
n-Pd108-MT151-Popov-412850081.1977                               1 9.08100E-05 9.08100E-05
n-Pd108-MT151-Popov-412850082.1977                               1 9.08100E-05 9.08100E-05
n-Pd108-MT151-Popov-412850083.1977                               1 9.08100E-05 9.08100E-05
n-Pd108-MT151-Popov-412850084.1977                               1 9.08100E-05 9.08100E-05
n-Pd108-MT151-Richter-21425003.1963                              2 2.95000E-06 3.35000E-05
n-Pd108-MT151-Staveloz-226070021.1978                           61 5.32000E-05 5.08710E-03
n-Pd108-MT151-Staveloz-226070023.1978                           15 5.32000E-05 5.08710E-03
n-Pd108-MT151-Staveloz-226070024.1978                           10 1.50000E-04 5.05090E-03
n-Pd108-MT151-Wang-308380071.2016                                4 2.78600E-06 1.12493E-04
n-Pd108-MT151-Wang-308380072.2016                                4 2.78600E-06 1.12493E-04
n-Pd108-MT151-Wang-308380073.2016                                4 2.78600E-06 1.12493E-04
n-Pd108-MT151-Yamamuro-20510003.1972                             2 3.31000E-05 9.10000E-05
