#              Filename                                         N    min         max
n-W186-MT102-Alabyad-31773003.2017                               2 5.50000E-07 5.50000E-07
n-W186-MT102-Baumann-11376009.1963                               1 6.22000E-07 6.22000E-07
n-W186-MT102-Beller-12164002.1967                                1 7.81000E-07 7.81000E-07
n-W186-MT102-Borchardt-20647006.1967                             1 5.00000E-07 5.00000E-07
n-W186-MT102-Damle-20184003.1967                                 1 5.00000E-07 5.00000E-07
n-W186-MT102-Elabd-31693003.2010                                 1 2.53000E-08 2.53000E-08
n-W186-MT102-Gillette-11692003.1966                              1 5.00000E-07 5.00000E-07
n-W186-MT102-Gleason-10662015.1977                               1 5.00000E-07 5.00000E-07
n-W186-MT102-Gleason-10662015A001.1977                           1 5.00000E-07 5.00000E-07
n-W186-MT102-Harris-11343030.1950                                1 5.00000E-07 5.00000E-07
n-W186-MT102-Heft-12866183.1978                                  1 5.00000E-07 5.00000E-07
n-W186-MT102-Karadag-22842003.2004                               1 5.50000E-07 5.50000E-07
n-W186-MT102-Kimura-23491014.1989                                1 5.00000E-07 5.00000E-07
n-W186-MT102-Macklin-14388053.1955                               1 4.90000E-07 4.90000E-07
n-W186-MT102-Mughabghab-V1002418.2006                            1 8.67025E-03 8.67025E-03
n-W186-MT102-NguyenVanDooo-31607003.2008                         1 2.53000E-08 2.53000E-08
n-W186-MT102-Pierce-11891002.1968                                1 5.00000E-07 5.00000E-07
n-W186-MT102-Vanderlinden-20645044.1974                          1 5.50000E-07 5.50000E-07
n-W186-MT102-VichaiHayodomm-30368029.1969                        1 5.00000E-07 5.00000E-07
n-W186-MT102-Wall-31734006.1968                                  1 5.00000E-07 5.00000E-07
