#              Filename                                         N    min         max
h-B010-MT800-Bell-F0473005-E0009.008.1972                        1 6.00000E+01 9.00000E+01
h-B010-MT800-Bell-F0473005-E0009.010.1972                        1 9.00000E+01 1.50000E+02
h-B010-MT800-Bell-F0473005-E0009.011.1972                        1 3.00000E+01 1.50000E+02
h-B010-MT800-Bell-F0473005-E0009.034.1972                        1 3.00000E+01 6.00000E+01
h-B010-MT800-Bell-F0473005-E0009.211.1972                        2 6.00000E+01 1.50000E+02
h-B010-MT800-Bell-F0473005-E0009.214.1972                        1 3.00000E+01 9.00000E+01
h-B010-MT800-Bell-F0473005-E0009.237.1972                        1 3.00000E+01 9.00000E+01
h-B010-MT800-Bell-F0473005-E0009.412.1972                        1 6.00000E+01 9.00000E+01
h-B010-MT800-Bell-F0473005-E0009.415.1972                        1 6.00000E+01 1.50000E+02
h-B010-MT800-Bell-F0473005-E0009.422.1972                        1 3.00000E+01 1.50000E+02
h-B010-MT800-Bell-F0473005-E0009.438.1972                        1 3.00000E+01 9.00000E+01
h-B010-MT800-Bell-F0473005-E0009.605.1972                        1 6.00000E+01 9.00000E+01
h-B010-MT800-Bell-F0473005-E0009.606.1972                        1 6.00000E+01 1.50000E+02
h-B010-MT800-Bell-F0473005-E0009.612.1972                        1 3.00000E+01 1.50000E+02
h-B010-MT800-Bell-F0473005-E0009.639.1972                        1 3.00000E+01 6.00000E+01
h-B010-MT800-Bell-F0473005-E0009.810.1972                        1 6.00000E+01 9.00000E+01
h-B010-MT800-Bell-F0473005-E0009.812.1972                        1 3.00000E+01 9.00000E+01
h-B010-MT800-Bell-F0473005-E0009.846.1972                        1 3.00000E+01 6.00000E+01
h-B010-MT800-Bell-F0473005-E0010.000.1972                        1 6.00000E+01 1.50000E+02
h-B010-MT800-Bell-F0473005-E0010.010.1972                        1 9.00000E+01 1.50000E+02
h-B010-MT800-Bell-F0473005-E0010.020.1972                        1 3.00000E+01 9.00000E+01
h-B010-MT800-Bell-F0473005-E0010.040.1972                        1 3.00000E+01 6.00000E+01
h-B010-MT800-Bell-F0473005-E0010.200.1972                        1 6.00000E+01 9.00000E+01
h-B010-MT800-Bell-F0473005-E0010.210.1972                        1 9.00000E+01 1.50000E+02
h-B010-MT800-Bell-F0473005-E0010.220.1972                        1 3.00000E+01 1.50000E+02
h-B010-MT800-Bell-F0473005-E0010.230.1972                        1 3.00000E+01 6.00000E+01
h-B010-MT800-Bell-F0473005-E0010.390.1972                        1 6.00000E+01 9.00000E+01
h-B010-MT800-Bell-F0473005-E0010.410.1972                        2 3.00000E+01 1.50000E+02
h-B010-MT800-Bell-F0473005-E0010.430.1972                        1 3.00000E+01 6.00000E+01
h-B010-MT800-Bell-F0473005-E0010.600.1972                        1 6.00000E+01 9.00000E+01
h-B010-MT800-Bell-F0473005-E0010.610.1972                        2 3.00000E+01 1.50000E+02
h-B010-MT800-Bell-F0473005-E0010.640.1972                        1 3.00000E+01 6.00000E+01
h-B010-MT800-Bell-F0473005-E0010.800.1972                        1 6.00000E+01 9.00000E+01
h-B010-MT800-Bell-F0473005-E0010.820.1972                        2 3.00000E+01 1.50000E+02
h-B010-MT800-Bell-F0473005-E0010.840.1972                        1 3.00000E+01 6.00000E+01
h-B010-MT800-Bell-F0473005-E0011.000.1972                        1 6.00000E+01 9.00000E+01
h-B010-MT800-Bell-F0473005-E0011.010.1972                        2 3.00000E+01 1.50000E+02
h-B010-MT800-Bell-F0473005-E0011.040.1972                        1 3.00000E+01 6.00000E+01
h-B010-MT800-Bell-F0473005-E0011.190.1972                        1 6.00000E+01 9.00000E+01
h-B010-MT800-Bell-F0473005-E0011.210.1972                        2 3.00000E+01 1.50000E+02
h-B010-MT800-Bell-F0473005-E0011.230.1972                        1 3.00000E+01 6.00000E+01
h-B010-MT800-Bell-F0473005-E0011.400.1972                        1 3.00000E+01 6.00000E+01
h-B010-MT800-Bell-F0473005-E0011.420.1972                        3 3.00000E+01 1.50000E+02
h-B010-MT800-Bell-F0473005-E0011.590.1972                        1 6.00000E+01 1.50000E+02
h-B010-MT800-Bell-F0473005-E0011.610.1972                        1 9.00000E+01 1.50000E+02
h-B010-MT800-Bell-F0473005-E0011.620.1972                        1 3.00000E+01 9.00000E+01
h-B010-MT800-Bell-F0473005-E0011.630.1972                        1 3.00000E+01 6.00000E+01
h-B010-MT800-Bell-F0473005-E0011.790.1972                        1 6.00000E+01 9.00000E+01
h-B010-MT800-Bell-F0473005-E0011.800.1972                        1 9.00000E+01 1.50000E+02
h-B010-MT800-Bell-F0473005-E0011.810.1972                        1 3.00000E+01 1.50000E+02
h-B010-MT800-Bell-F0473005-E0011.830.1972                        1 3.00000E+01 6.00000E+01
h-B010-MT800-Bell-F0473005-E0011.990.1972                        1 6.00000E+01 9.00000E+01
h-B010-MT800-Bell-F0473005-E0012.010.1972                        2 3.00000E+01 1.50000E+02
h-B010-MT800-Bell-F0473005-E0012.030.1972                        1 3.00000E+01 6.00000E+01
h-B010-MT800-Bell-F0473005-E0012.090.1972                        1 6.00000E+01 9.00000E+01
h-B010-MT800-Bell-F0473005-E0012.110.1972                        1 3.00000E+01 9.00000E+01
h-B010-MT800-Bell-F0473005-E0012.120.1972                        2 3.00000E+01 1.50000E+02
h-B010-MT800-Bell-F0473005-E0012.190.1972                        1 6.00000E+01 1.50000E+02
h-B010-MT800-Bell-F0473005-E0012.200.1972                        1 9.00000E+01 1.50000E+02
h-B010-MT800-Bell-F0473005-E0012.210.1972                        1 3.00000E+01 9.00000E+01
h-B010-MT800-Bell-F0473005-E0012.230.1972                        1 3.00000E+01 6.00000E+01
h-B010-MT800-Bell-F0473005-E0012.290.1972                        1 6.00000E+01 9.00000E+01
h-B010-MT800-Bell-F0473005-E0012.310.1972                        2 3.00000E+01 1.50000E+02
h-B010-MT800-Bell-F0473005-E0012.330.1972                        1 3.00000E+01 6.00000E+01
h-B010-MT800-Bell-F0473005-E0012.390.1972                        1 6.00000E+01 9.00000E+01
h-B010-MT800-Bell-F0473005-E0012.410.1972                        2 3.00000E+01 1.50000E+02
h-B010-MT800-Bell-F0473005-E0012.430.1972                        1 3.00000E+01 6.00000E+01
h-B010-MT800-Bell-F0473005-E0012.490.1972                        1 6.00000E+01 9.00000E+01
h-B010-MT800-Bell-F0473005-E0012.510.1972                        1 9.00000E+01 1.50000E+02
h-B010-MT800-Bell-F0473005-E0012.520.1972                        1 3.00000E+01 1.50000E+02
h-B010-MT800-Bell-F0473005-E0012.530.1972                        1 3.00000E+01 6.00000E+01
h-B010-MT800-Bell-F0473005-E0012.590.1972                        1 6.00000E+01 9.00000E+01
h-B010-MT800-Bell-F0473005-E0012.610.1972                        2 3.00000E+01 1.50000E+02
h-B010-MT800-Bell-F0473005-E0012.630.1972                        1 3.00000E+01 6.00000E+01
h-B010-MT800-Bell-F0473005-E0012.690.1972                        1 6.00000E+01 9.00000E+01
h-B010-MT800-Bell-F0473005-E0012.700.1972                        1 9.00000E+01 1.50000E+02
h-B010-MT800-Bell-F0473005-E0012.720.1972                        1 3.00000E+01 1.50000E+02
h-B010-MT800-Bell-F0473005-E0012.730.1972                        1 3.00000E+01 6.00000E+01
h-B010-MT800-Bell-F0473005-E0012.790.1972                        1 6.00000E+01 9.00000E+01
h-B010-MT800-Bell-F0473005-E0012.810.1972                        2 3.00000E+01 1.50000E+02
h-B010-MT800-Bell-F0473005-E0012.830.1972                        1 3.00000E+01 6.00000E+01
h-B010-MT800-Bell-F0473005-E0012.890.1972                        1 6.00000E+01 9.00000E+01
h-B010-MT800-Bell-F0473005-E0012.900.1972                        1 9.00000E+01 1.50000E+02
h-B010-MT800-Bell-F0473005-E0012.920.1972                        1 3.00000E+01 1.50000E+02
h-B010-MT800-Bell-F0473005-E0012.930.1972                        1 3.00000E+01 6.00000E+01
h-B010-MT800-Bell-F0473005-E0012.990.1972                        1 6.00000E+01 9.00000E+01
h-B010-MT800-Bell-F0473005-E0013.010.1972                        2 3.00000E+01 1.50000E+02
h-B010-MT800-Bell-F0473005-E0013.030.1972                        1 3.00000E+01 6.00000E+01
h-B010-MT800-Bell-F0473005-E0013.100.1972                        1 6.00000E+01 9.00000E+01
h-B010-MT800-Bell-F0473005-E0013.110.1972                        2 3.00000E+01 1.50000E+02
h-B010-MT800-Bell-F0473005-E0013.130.1972                        1 3.00000E+01 6.00000E+01
h-B010-MT800-Bell-F0473005-E0013.190.1972                        1 6.00000E+01 9.00000E+01
h-B010-MT800-Bell-F0473005-E0013.200.1972                        1 9.00000E+01 1.50000E+02
h-B010-MT800-Bell-F0473005-E0013.210.1972                        1 3.00000E+01 1.50000E+02
h-B010-MT800-Bell-F0473005-E0013.230.1972                        1 3.00000E+01 6.00000E+01
h-B010-MT800-Bell-F0473005-E0013.290.1972                        1 6.00000E+01 9.00000E+01
h-B010-MT800-Bell-F0473005-E0013.300.1972                        1 9.00000E+01 1.50000E+02
h-B010-MT800-Bell-F0473005-E0013.310.1972                        1 3.00000E+01 1.50000E+02
h-B010-MT800-Bell-F0473005-E0013.330.1972                        1 3.00000E+01 6.00000E+01
h-B010-MT800-Bell-F0473005-E0013.390.1972                        1 6.00000E+01 9.00000E+01
h-B010-MT800-Bell-F0473005-E0013.410.1972                        2 3.00000E+01 1.50000E+02
h-B010-MT800-Bell-F0473005-E0013.420.1972                        1 3.00000E+01 6.00000E+01
h-B010-MT800-Bell-F0473005-E0013.490.1972                        1 6.00000E+01 9.00000E+01
h-B010-MT800-Bell-F0473005-E0013.510.1972                        2 3.00000E+01 1.50000E+02
h-B010-MT800-Bell-F0473005-E0013.530.1972                        1 3.00000E+01 6.00000E+01
h-B010-MT800-Bell-F0473005-E0013.590.1972                        1 6.00000E+01 9.00000E+01
h-B010-MT800-Bell-F0473005-E0013.610.1972                        1 3.00000E+01 9.00000E+01
h-B010-MT800-Bell-F0473005-E0013.620.1972                        2 3.00000E+01 1.50000E+02
h-B010-MT800-Bell-F0473005-E0013.690.1972                        1 6.00000E+01 9.00000E+01
h-B010-MT800-Bell-F0473005-E0013.710.1972                        2 3.00000E+01 1.50000E+02
h-B010-MT800-Bell-F0473005-E0013.720.1972                        1 3.00000E+01 6.00000E+01
h-B010-MT800-Bell-F0473005-E0013.790.1972                        1 6.00000E+01 9.00000E+01
h-B010-MT800-Bell-F0473005-E0013.800.1972                        1 9.00000E+01 1.50000E+02
h-B010-MT800-Bell-F0473005-E0013.810.1972                        1 3.00000E+01 1.50000E+02
h-B010-MT800-Bell-F0473005-E0013.830.1972                        1 3.00000E+01 6.00000E+01
h-B010-MT800-Bell-F0473005-E0013.890.1972                        1 6.00000E+01 9.00000E+01
h-B010-MT800-Bell-F0473005-E0013.910.1972                        2 3.00000E+01 1.50000E+02
h-B010-MT800-Bell-F0473005-E0013.930.1972                        1 3.00000E+01 6.00000E+01
h-B010-MT800-Bell-F0473005-E0013.990.1972                        1 6.00000E+01 9.00000E+01
h-B010-MT800-Bell-F0473005-E0014.010.1972                        1 3.00000E+01 9.00000E+01
h-B010-MT800-Bell-F0473005-E0014.020.1972                        2 3.00000E+01 1.50000E+02
h-B010-MT800-Bell-F0473005-E0014.090.1972                        1 6.00000E+01 9.00000E+01
h-B010-MT800-Bell-F0473005-E0014.100.1972                        1 9.00000E+01 1.50000E+02
h-B010-MT800-Bell-F0473005-E0014.110.1972                        1 3.00000E+01 1.50000E+02
h-B010-MT800-Bell-F0473005-E0014.120.1972                        1 3.00000E+01 6.00000E+01
h-B010-MT800-Bell-F0473005-E0014.200.1972                        1 6.00000E+01 1.50000E+02
h-B010-MT800-Bell-F0473005-E0014.210.1972                        1 9.00000E+01 1.50000E+02
h-B010-MT800-Bell-F0473005-E0014.220.1972                        1 3.00000E+01 9.00000E+01
h-B010-MT800-Bell-F0473005-E0014.230.1972                        1 3.00000E+01 6.00000E+01
h-B010-MT800-Bell-F0473005-E0014.290.1972                        1 6.00000E+01 9.00000E+01
h-B010-MT800-Bell-F0473005-E0014.300.1972                        1 9.00000E+01 1.50000E+02
h-B010-MT800-Bell-F0473005-E0014.310.1972                        1 3.00000E+01 1.50000E+02
h-B010-MT800-Bell-F0473005-E0014.320.1972                        1 3.00000E+01 6.00000E+01
h-B010-MT800-Bell-F0473005-E0014.390.1972                        1 6.00000E+01 9.00000E+01
h-B010-MT800-Bell-F0473005-E0014.400.1972                        1 9.00000E+01 1.50000E+02
h-B010-MT800-Bell-F0473005-E0014.410.1972                        1 3.00000E+01 1.50000E+02
h-B010-MT800-Bell-F0473005-E0014.420.1972                        1 3.00000E+01 6.00000E+01
h-B010-MT800-Bell-F0473005-E0014.500.1972                        2 6.00000E+01 1.50000E+02
h-B010-MT800-Bell-F0473005-E0014.510.1972                        1 3.00000E+01 1.50000E+02
h-B010-MT800-Bell-F0473005-E0014.530.1972                        1 3.00000E+01 6.00000E+01
h-B010-MT800-Bell-F0473005-E0014.590.1972                        1 6.00000E+01 9.00000E+01
h-B010-MT800-Bell-F0473005-E0014.600.1972                        2 3.00000E+01 1.50000E+02
h-B010-MT800-Bell-F0473005-E0014.620.1972                        1 3.00000E+01 6.00000E+01
h-B010-MT800-Bell-F0473005-E0014.700.1972                        1 6.00000E+01 9.00000E+01
h-B010-MT800-Bell-F0473005-E0014.710.1972                        1 9.00000E+01 1.50000E+02
h-B010-MT800-Bell-F0473005-E0014.720.1972                        1 3.00000E+01 1.50000E+02
h-B010-MT800-Bell-F0473005-E0014.730.1972                        1 3.00000E+01 6.00000E+01
h-B010-MT800-Bell-F0473005-E0014.800.1972                        2 6.00000E+01 1.50000E+02
h-B010-MT800-Bell-F0473005-E0014.810.1972                        1 3.00000E+01 1.50000E+02
h-B010-MT800-Bell-F0473005-E0014.820.1972                        1 3.00000E+01 6.00000E+01
h-B010-MT800-Bell-F0473005-E0014.900.1972                        3 3.00000E+01 1.50000E+02
h-B010-MT800-Bell-F0473005-E0014.920.1972                        1 3.00000E+01 6.00000E+01
h-B010-MT800-Bell-F0473005-E0014.990.1972                        1 6.00000E+01 9.00000E+01
h-B010-MT800-Bell-F0473005-E0015.000.1972                        1 9.00000E+01 1.50000E+02
h-B010-MT800-Bell-F0473005-E0015.010.1972                        1 3.00000E+01 1.50000E+02
h-B010-MT800-Bell-F0473005-E0015.020.1972                        1 3.00000E+01 6.00000E+01
h-B010-MT800-Bell-F0473005-E0015.090.1972                        1 6.00000E+01 9.00000E+01
h-B010-MT800-Bell-F0473005-E0015.100.1972                        1 9.00000E+01 1.50000E+02
h-B010-MT800-Bell-F0473005-E0015.110.1972                        1 3.00000E+01 1.50000E+02
h-B010-MT800-Bell-F0473005-E0015.120.1972                        1 3.00000E+01 6.00000E+01
h-B010-MT800-Bell-F0473005-E0015.190.1972                        1 6.00000E+01 9.00000E+01
h-B010-MT800-Bell-F0473005-E0015.210.1972                        2 6.00000E+01 1.50000E+02
h-B010-MT800-Bell-F0473005-E0015.300.1972                        1 6.00000E+01 9.00000E+01
h-B010-MT800-Bell-F0473005-E0015.310.1972                        2 3.00000E+01 1.50000E+02
h-B010-MT800-Bell-F0473005-E0015.320.1972                        1 3.00000E+01 6.00000E+01
h-B010-MT800-Bell-F0473005-E0015.390.1972                        1 6.00000E+01 9.00000E+01
h-B010-MT800-Bell-F0473005-E0015.400.1972                        2 6.00000E+01 1.50000E+02
h-B010-MT800-Bell-F0473005-E0015.490.1972                        1 6.00000E+01 9.00000E+01
h-B010-MT800-Bell-F0473005-E0015.500.1972                        2 3.00000E+01 1.50000E+02
h-B010-MT800-Bell-F0473005-E0015.520.1972                        1 3.00000E+01 6.00000E+01
h-B010-MT800-Bell-F0473005-E0015.600.1972                        1 6.00000E+01 9.00000E+01
h-B010-MT800-Bell-F0473005-E0015.610.1972                        2 6.00000E+01 1.50000E+02
h-B010-MT800-Bell-F0473005-E0015.700.1972                        1 6.00000E+01 9.00000E+01
h-B010-MT800-Bell-F0473005-E0015.710.1972                        2 3.00000E+01 1.50000E+02
h-B010-MT800-Bell-F0473005-E0015.720.1972                        1 3.00000E+01 6.00000E+01
h-B010-MT800-Bell-F0473005-E0015.800.1972                        1 6.00000E+01 1.50000E+02
h-B010-MT800-Patterson-F0490002-E0001.970.1965                   1 3.00000E+01 1.50000E+02
h-B010-MT800-Patterson-F0490002-E0002.010.1965                   1 3.00000E+01 9.00000E+01
h-B010-MT800-Patterson-F0490002-E0002.030.1965                   1 9.00000E+01 1.50000E+02
h-B010-MT800-Patterson-F0490002-E0002.060.1965                   1 3.00000E+01 1.50000E+02
h-B010-MT800-Patterson-F0490002-E0002.090.1965                   2 3.00000E+01 1.50000E+02
h-B010-MT800-Patterson-F0490002-E0002.160.1965                   1 9.00000E+01 1.50000E+02
h-B010-MT800-Patterson-F0490002-E0002.190.1965                   1 3.00000E+01 9.00000E+01
h-B010-MT800-Patterson-F0490002-E0002.200.1965                   1 3.00000E+01 1.50000E+02
h-B010-MT800-Patterson-F0490002-E0002.260.1965                   1 9.00000E+01 1.50000E+02
h-B010-MT800-Patterson-F0490002-E0002.270.1965                   1 3.00000E+01 9.00000E+01
h-B010-MT800-Patterson-F0490002-E0002.310.1965                   1 3.00000E+01 1.50000E+02
h-B010-MT800-Patterson-F0490002-E0002.340.1965                   1 9.00000E+01 1.50000E+02
h-B010-MT800-Patterson-F0490002-E0002.380.1965                   1 3.00000E+01 9.00000E+01
h-B010-MT800-Patterson-F0490002-E0002.390.1965                   1 3.00000E+01 9.00000E+01
h-B010-MT800-Patterson-F0490002-E0002.510.1965                   1 3.00000E+01 9.00000E+01
h-B010-MT800-Patterson-F0490002-E0002.520.1965                   1 3.00000E+01 9.00000E+01
h-B010-MT800-Patterson-F0490002-E0002.580.1965                   1 3.00000E+01 9.00000E+01
h-B010-MT800-Patterson-F0490002-E0002.600.1965                   1 3.00000E+01 1.50000E+02
h-B010-MT800-Patterson-F0490002-E0002.680.1965                   1 9.00000E+01 1.50000E+02
h-B010-MT800-Patterson-F0490002-E0002.690.1965                   1 3.00000E+01 9.00000E+01
h-B010-MT800-Patterson-F0490002-E0002.710.1965                   1 3.00000E+01 1.50000E+02
h-B010-MT800-Patterson-F0490002-E0002.780.1965                   1 3.00000E+01 1.50000E+02
h-B010-MT800-Patterson-F0490002-E0002.790.1965                   2 3.00000E+01 9.00000E+01
h-B010-MT800-Patterson-F0490002-E0002.870.1965                   1 9.00000E+01 1.50000E+02
h-B010-MT800-Patterson-F0490002-E0002.880.1965                   1 3.00000E+01 1.50000E+02
h-B010-MT800-Patterson-F0490002-E0002.890.1965                   1 3.00000E+01 3.00000E+01
h-B010-MT800-Patterson-F0490003-E0003.400.1965                  15 1.93000E+01 1.60100E+02
h-B010-MT800-Patterson-F0490003-E0004.200.1965                  15 1.93000E+01 1.58400E+02
h-B010-MT800-Patterson-F0490003-E0005.000.1965                  15 1.89000E+01 1.59100E+02
h-B010-MT800-Patterson-F0490003-E0005.800.1965                  15 1.89000E+01 1.58300E+02
h-B010-MT800-Patterson-F0490003-E0006.600.1965                  15 1.96000E+01 1.60500E+02
h-B010-MT800-Patterson-F0490003-E0007.400.1965                  15 1.80000E+01 1.59200E+02
h-B010-MT800-Patterson-F0490003-E0008.200.1965                  15 1.61000E+01 1.56800E+02
h-B010-MT800-Patterson-F0490003-E0009.000.1965                  15 1.61000E+01 1.55700E+02
h-B010-MT800-Patterson-F0490003-E0009.800.1965                  15 1.91000E+01 1.60200E+02
