#              Filename                                         N    min         max     
n-U238-MT464-Mathews-133040091-E5.00E-07.1972                   20 5.00000E-07 5.00000E-07
n-U238-MT464-Rosman-14087007-E2.00E-07.1983                      6 2.00000E-07 2.00000E-07
n-U238-MT464-Duke-14463002-E0001.400.2016                        1 1.40000E+00 1.40000E+00
n-U238-MT464-Duke-14463002-E0001.600.2016                        1 1.60000E+00 1.60000E+00
n-U238-MT464-Duke-14463002-E0001.800.2016                        1 1.80000E+00 1.80000E+00
n-U238-MT464-Duke-14463002-E0002.000.2016                        1 2.00000E+00 2.00000E+00
n-U238-MT464-Duke-14463002-E0002.250.2016                        1 2.25000E+00 2.25000E+00
n-U238-MT464-Duke-14463002-E0002.550.2016                        1 2.55000E+00 2.55000E+00
n-U238-MT464-Duke-14463002-E0002.850.2016                        1 2.85000E+00 2.85000E+00
n-U238-MT464-Duke-14463002-E0003.200.2016                        1 3.20000E+00 3.20000E+00
n-U238-MT464-Duke-14463002-E0003.600.2016                        1 3.60000E+00 3.60000E+00
n-U238-MT464-Duke-14463002-E0004.000.2016                        1 4.00000E+00 4.00000E+00
n-U238-MT464-Duke-14463002-E0004.450.2016                        1 4.45000E+00 4.45000E+00
n-U238-MT464-Duke-14463002-E0005.000.2016                        1 5.00000E+00 5.00000E+00
n-U238-MT464-Duke-14463002-E0005.650.2016                        1 5.65000E+00 5.65000E+00
n-U238-MT464-Duke-14463002-E0006.350.2016                        1 6.35000E+00 6.35000E+00
n-U238-MT464-Duke-14463002-E0007.100.2016                        1 7.10000E+00 7.10000E+00
n-U238-MT464-Duke-14463002-E0007.950.2016                        1 7.95000E+00 7.95000E+00
n-U238-MT464-Duke-14463002-E0008.950.2016                        1 8.95000E+00 8.95000E+00
n-U238-MT464-Duke-14463002-E0010.050.2016                        1 1.00500E+01 1.00500E+01
n-U238-MT464-Duke-14463002-E0011.250.2016                        1 1.12500E+01 1.12500E+01
n-U238-MT464-Duke-14463002-E0012.650.2016                        1 1.26500E+01 1.26500E+01
n-U238-MT464-Duke-14463002-E0014.200.2016                        1 1.42000E+01 1.42000E+01
n-U238-MT464-Duke-14463002-E0015.900.2016                        1 1.59000E+01 1.59000E+01
n-U238-MT464-Duke-14463002-E0017.850.2016                        1 1.78500E+01 1.78500E+01
n-U238-MT464-Duke-14463002-E0020.050.2016                        1 2.00500E+01 2.00500E+01
n-U238-MT464-Duke-14463002-E0022.500.2016                        1 2.25000E+01 2.25000E+01
n-U238-MT464-Duke-14463002-E0025.250.2016                        2 2.52500E+01 2.52500E+01
n-U238-MT464-Duke-14463003-E0001.400.2016                        1 1.40000E+00 1.40000E+00
n-U238-MT464-Duke-14463003-E0001.600.2016                        1 1.60000E+00 1.60000E+00
n-U238-MT464-Duke-14463003-E0001.800.2016                        1 1.80000E+00 1.80000E+00
n-U238-MT464-Duke-14463003-E0002.000.2016                        1 2.00000E+00 2.00000E+00
n-U238-MT464-Duke-14463003-E0002.250.2016                        1 2.25000E+00 2.25000E+00
n-U238-MT464-Duke-14463003-E0002.550.2016                        1 2.55000E+00 2.55000E+00
n-U238-MT464-Duke-14463003-E0002.850.2016                        1 2.85000E+00 2.85000E+00
n-U238-MT464-Duke-14463003-E0003.200.2016                        1 3.20000E+00 3.20000E+00
n-U238-MT464-Duke-14463003-E0003.600.2016                        1 3.60000E+00 3.60000E+00
n-U238-MT464-Duke-14463003-E0004.000.2016                        1 4.00000E+00 4.00000E+00
n-U238-MT464-Duke-14463003-E0004.450.2016                        1 4.45000E+00 4.45000E+00
n-U238-MT464-Duke-14463003-E0005.000.2016                        1 5.00000E+00 5.00000E+00
n-U238-MT464-Duke-14463003-E0005.650.2016                        1 5.65000E+00 5.65000E+00
n-U238-MT464-Duke-14463003-E0006.350.2016                        1 6.35000E+00 6.35000E+00
n-U238-MT464-Duke-14463003-E0007.100.2016                        1 7.10000E+00 7.10000E+00
n-U238-MT464-Duke-14463003-E0007.950.2016                        1 7.95000E+00 7.95000E+00
n-U238-MT464-Duke-14463003-E0008.950.2016                        1 8.95000E+00 8.95000E+00
n-U238-MT464-Duke-14463003-E0010.050.2016                        1 1.00500E+01 1.00500E+01
n-U238-MT464-Duke-14463003-E0011.250.2016                        1 1.12500E+01 1.12500E+01
n-U238-MT464-Duke-14463003-E0012.650.2016                        1 1.26500E+01 1.26500E+01
n-U238-MT464-Duke-14463003-E0014.200.2016                        1 1.42000E+01 1.42000E+01
n-U238-MT464-Duke-14463003-E0015.900.2016                        1 1.59000E+01 1.59000E+01
n-U238-MT464-Duke-14463003-E0017.850.2016                        1 1.78500E+01 1.78500E+01
n-U238-MT464-Duke-14463003-E0020.050.2016                        1 2.00500E+01 2.00500E+01
n-U238-MT464-Duke-14463003-E0022.500.2016                        1 2.25000E+01 2.25000E+01
n-U238-MT464-Duke-14463003-E0025.250.2016                        2 2.52500E+01 2.52500E+01
n-U238-MT464-Meadows-145950053-E0001.500.1969                    2 1.50000E+00 1.50000E+00
n-U238-MT464-Meadows-145950053-E0005.600.1969                    3 5.60000E+00 5.60000E+00
n-U238-MT464-Feualvim-21567004-E0014.700.1975                   13 1.47000E+01 1.47000E+01
n-U238-MT464-Feualvim-21567006-E0014.700.1975                    4 1.47000E+01 1.47000E+01
n-U238-MT464-Blachot-21736008-E0001.500.1974                    20 1.50000E+00 1.50000E+00
n-U238-MT464-Yamamoto-21909002-E0014.500.1979                    1 1.00000E+20 0.00000E+00
n-U238-MT464-Vives-224350021-E0001.600.1997                      1 1.60000E+00 1.60000E+00
n-U238-MT464-Vives-224350021-E0001.700.1997                      1 1.70000E+00 1.70000E+00
n-U238-MT464-Vives-224350021-E0001.800.1997                      1 1.80000E+00 1.80000E+00
n-U238-MT464-Vives-224350021-E0002.000.1997                      1 2.00000E+00 2.00000E+00
n-U238-MT464-Vives-224350021-E0002.500.1997                      1 2.50000E+00 2.50000E+00
n-U238-MT464-Vives-224350021-E0003.000.1997                      2 3.00000E+00 3.00000E+00
n-U238-MT464-Vives-224350022-E0001.600.1997                      1 1.60000E+00 1.60000E+00
n-U238-MT464-Vives-224350022-E0001.700.1997                      1 1.70000E+00 1.70000E+00
n-U238-MT464-Vives-224350022-E0001.800.1997                      1 1.80000E+00 1.80000E+00
n-U238-MT464-Vives-224350022-E0002.000.1997                      1 2.00000E+00 2.00000E+00
n-U238-MT464-Vives-224350022-E0002.500.1997                      1 2.50000E+00 2.50000E+00
n-U238-MT464-Vives-224350022-E0003.000.1997                      2 3.00000E+00 3.00000E+00
n-U238-MT464-Lhersonneau-22723003-E0020.000.2000                 4 2.00000E+01 2.00000E+01
n-U238-MT464-Lhersonneau-22723004-E0020.000.2000                18 2.00000E+01 2.00000E+01
n-U238-MT464-Birgersson-230540021-E0000.900.2009                 1 9.00000E-01 9.00000E-01
n-U238-MT464-Birgersson-230540021-E0000.925.2009                 1 9.25000E-01 9.25000E-01
n-U238-MT464-Birgersson-230540021-E0000.950.2009                 1 9.50000E-01 9.50000E-01
n-U238-MT464-Birgersson-230540021-E0000.975.2009                 1 9.75000E-01 9.75000E-01
n-U238-MT464-Birgersson-230540021-E0001.000.2009                 1 1.00000E+00 1.00000E+00
n-U238-MT464-Birgersson-230540021-E0001.050.2009                 1 1.05000E+00 1.05000E+00
n-U238-MT464-Birgersson-230540021-E0001.200.2009                 1 1.20000E+00 1.20000E+00
n-U238-MT464-Birgersson-230540021-E0001.250.2009                 1 1.25000E+00 1.25000E+00
n-U238-MT464-Birgersson-230540021-E0001.270.2009                 1 1.27000E+00 1.27000E+00
n-U238-MT464-Birgersson-230540021-E0001.300.2009                 1 1.30000E+00 1.30000E+00
n-U238-MT464-Birgersson-230540021-E0001.338.2009                 1 1.33800E+00 1.33800E+00
n-U238-MT464-Birgersson-230540021-E0001.400.2009                 1 1.40000E+00 1.40000E+00
n-U238-MT464-Birgersson-230540021-E0001.500.2009                 1 1.50000E+00 1.50000E+00
n-U238-MT464-Birgersson-230540021-E0001.600.2009                 1 1.60000E+00 1.60000E+00
n-U238-MT464-Birgersson-230540021-E0001.800.2009                 2 1.80000E+00 1.80000E+00
n-U238-MT464-Birgersson-230540022-E0000.900.2009                 1 9.00000E-01 9.00000E-01
n-U238-MT464-Birgersson-230540022-E0000.925.2009                 1 9.25000E-01 9.25000E-01
n-U238-MT464-Birgersson-230540022-E0000.950.2009                 1 9.50000E-01 9.50000E-01
n-U238-MT464-Birgersson-230540022-E0000.975.2009                 1 9.75000E-01 9.75000E-01
n-U238-MT464-Birgersson-230540022-E0001.000.2009                 1 1.00000E+00 1.00000E+00
n-U238-MT464-Birgersson-230540022-E0001.050.2009                 1 1.05000E+00 1.05000E+00
n-U238-MT464-Birgersson-230540022-E0001.200.2009                 1 1.20000E+00 1.20000E+00
n-U238-MT464-Birgersson-230540022-E0001.250.2009                 1 1.25000E+00 1.25000E+00
n-U238-MT464-Birgersson-230540022-E0001.270.2009                 1 1.27000E+00 1.27000E+00
n-U238-MT464-Birgersson-230540022-E0001.300.2009                 1 1.30000E+00 1.30000E+00
n-U238-MT464-Birgersson-230540022-E0001.338.2009                 1 1.33800E+00 1.33800E+00
n-U238-MT464-Birgersson-230540022-E0001.400.2009                 1 1.40000E+00 1.40000E+00
n-U238-MT464-Birgersson-230540022-E0001.500.2009                 1 1.50000E+00 1.50000E+00
n-U238-MT464-Birgersson-230540022-E0001.600.2009                 1 1.60000E+00 1.60000E+00
n-U238-MT464-Birgersson-230540022-E0001.800.2009                 2 1.80000E+00 1.80000E+00
n-U238-MT464-Birgersson-23054004-E0000.900.2009                  1 9.00000E-01 9.00000E-01
n-U238-MT464-Birgersson-23054004-E0000.925.2009                  1 9.25000E-01 9.25000E-01
n-U238-MT464-Birgersson-23054004-E0000.950.2009                  1 9.50000E-01 9.50000E-01
n-U238-MT464-Birgersson-23054004-E0000.975.2009                  1 9.75000E-01 9.75000E-01
n-U238-MT464-Birgersson-23054004-E0001.000.2009                  1 1.00000E+00 1.00000E+00
n-U238-MT464-Birgersson-23054004-E0001.050.2009                  1 1.05000E+00 1.05000E+00
n-U238-MT464-Birgersson-23054004-E0001.200.2009                  1 1.20000E+00 1.20000E+00
n-U238-MT464-Birgersson-23054004-E0001.250.2009                  1 1.25000E+00 1.25000E+00
n-U238-MT464-Birgersson-23054004-E0001.270.2009                  1 1.27000E+00 1.27000E+00
n-U238-MT464-Birgersson-23054004-E0001.300.2009                  1 1.30000E+00 1.30000E+00
n-U238-MT464-Birgersson-23054004-E0001.338.2009                  1 1.33800E+00 1.33800E+00
n-U238-MT464-Birgersson-23054004-E0001.400.2009                  1 1.40000E+00 1.40000E+00
n-U238-MT464-Birgersson-23054004-E0001.500.2009                  1 1.50000E+00 1.50000E+00
n-U238-MT464-Birgersson-23054004-E0001.600.2009                  1 1.60000E+00 1.60000E+00
n-U238-MT464-Birgersson-23054004-E0001.800.2009                  2 1.80000E+00 1.80000E+00
n-U238-MT464-Birgersson-23054005-E0000.900.2009                  1 9.00000E-01 9.00000E-01
n-U238-MT464-Birgersson-23054005-E0000.925.2009                  1 9.25000E-01 9.25000E-01
n-U238-MT464-Birgersson-23054005-E0000.950.2009                  1 9.50000E-01 9.50000E-01
n-U238-MT464-Birgersson-23054005-E0000.975.2009                  1 9.75000E-01 9.75000E-01
n-U238-MT464-Birgersson-23054005-E0001.000.2009                  1 1.00000E+00 1.00000E+00
n-U238-MT464-Birgersson-23054005-E0001.050.2009                  1 1.05000E+00 1.05000E+00
n-U238-MT464-Birgersson-23054005-E0001.200.2009                  1 1.20000E+00 1.20000E+00
n-U238-MT464-Birgersson-23054005-E0001.250.2009                  1 1.25000E+00 1.25000E+00
n-U238-MT464-Birgersson-23054005-E0001.270.2009                  1 1.27000E+00 1.27000E+00
n-U238-MT464-Birgersson-23054005-E0001.300.2009                  1 1.30000E+00 1.30000E+00
n-U238-MT464-Birgersson-23054005-E0001.338.2009                  1 1.33800E+00 1.33800E+00
n-U238-MT464-Birgersson-23054005-E0001.400.2009                  1 1.40000E+00 1.40000E+00
n-U238-MT464-Birgersson-23054005-E0001.500.2009                  1 1.50000E+00 1.50000E+00
n-U238-MT464-Birgersson-23054005-E0001.600.2009                  1 1.60000E+00 1.60000E+00
n-U238-MT464-Birgersson-23054005-E0001.800.2009                  2 1.80000E+00 1.80000E+00
n-U238-MT464-Birgersson-23054010-E0000.900.2009                 79 9.00000E-01 9.00000E-01
n-U238-MT464-Birgersson-23054010-E0001.200.2009                 76 1.20000E+00 1.20000E+00
n-U238-MT464-Birgersson-23054010-E0001.800.2009                 81 1.80000E+00 1.80000E+00
n-U238-MT464-Birgersson-23054011-E0000.900.2009                 77 9.00000E-01 9.00000E-01
n-U238-MT464-Birgersson-23054011-E0001.200.2009                 76 1.20000E+00 1.20000E+00
n-U238-MT464-Birgersson-23054011-E0001.800.2009                 81 1.80000E+00 1.80000E+00
n-U238-MT464-James-237110031-E0014.700.1964                      1 1.00000E+20 0.00000E+00
n-U238-MT464-James-237110032-E0014.700.1964                      1 1.00000E+20 0.00000E+00
n-U238-MT464-Dobreva-307670042-E0001.000.1984                    1 1.00000E+20 0.00000E+00
n-U238-MT464-Naik-330520041-E0003.720.2013                       1 3.72000E+00 3.72000E+00
n-U238-MT464-Naik-330520041-E0005.420.2013                       1 5.42000E+00 5.42000E+00
n-U238-MT464-Naik-330520041-E0007.750.2013                       2 7.75000E+00 7.75000E+00
n-U238-MT464-Naik-330520042-E0003.720.2013                       1 3.72000E+00 3.72000E+00
n-U238-MT464-Naik-330520042-E0005.420.2013                       1 5.42000E+00 5.42000E+00
n-U238-MT464-Naik-330520042-E0007.750.2013                       2 7.75000E+00 7.75000E+00
n-U238-MT464-Naik-330930041-E0006.350.2015                       1 6.35000E+00 6.35000E+00
n-U238-MT464-Naik-330930041-E0008.530.2015                       1 8.53000E+00 8.53000E+00
n-U238-MT464-Naik-330930041-E0009.350.2015                       2 9.35000E+00 9.35000E+00
n-U238-MT464-Naik-330930042-E0006.350.2015                       1 6.35000E+00 6.35000E+00
n-U238-MT464-Naik-330930042-E0008.530.2015                       1 8.53000E+00 8.53000E+00
n-U238-MT464-Naik-330930042-E0009.350.2015                       2 9.35000E+00 9.35000E+00
n-U238-MT464-HaladharaNaikk-33106007-E0001.900.2017              7 1.90000E+00 1.90000E+00
n-U238-MT464-Vorobeva-402400031-E0001.600.1970                   2 1.60000E+00 1.60000E+00
n-U238-MT464-Vorobeva-402400032-E0001.600.1970                   2 1.60000E+00 1.60000E+00
n-U238-MT464-Vorobeva-40342005-E0001.300.1974                    1 1.30000E+00 1.30000E+00
n-U238-MT464-Vorobeva-40342005-E0001.400.1974                    1 1.40000E+00 1.40000E+00
n-U238-MT464-Vorobeva-40342005-E0001.500.1974                    1 1.50000E+00 1.50000E+00
n-U238-MT464-Vorobeva-40342005-E0001.900.1974                    1 1.90000E+00 1.90000E+00
n-U238-MT464-Vorobeva-40342005-E0002.220.1974                    1 2.22000E+00 2.22000E+00
n-U238-MT464-Vorobeva-40342005-E0002.310.1974                    1 2.31000E+00 2.31000E+00
n-U238-MT464-Vorobeva-40342005-E0002.430.1974                    1 2.43000E+00 2.43000E+00
n-U238-MT464-Vorobeva-40342005-E0002.720.1974                    1 2.72000E+00 2.72000E+00
n-U238-MT464-Vorobeva-40342005-E0002.900.1974                    1 2.90000E+00 2.90000E+00
n-U238-MT464-Vorobeva-40342005-E0003.350.1974                    1 3.35000E+00 3.35000E+00
n-U238-MT464-Vorobeva-40342005-E0003.850.1974                    2 3.85000E+00 3.85000E+00
n-U238-MT464-Apollonova-41072004-E0014.000.1962                  1 1.00000E+20 0.00000E+00
n-U238-MT464-Apollonova-41073004-E0014.000.1962                  1 1.00000E+20 0.00000E+00
n-U238-MT464-Khriatchkov-41483002-E0005.000.2003                 1 1.00000E+20 0.00000E+00
