#              Filename                                         N    min         max
n-Pd105-MT151-Bollinger-12043005.1964                           26 1.18000E-05 3.89000E-04
n-Pd105-MT151-Coceva-211140031.1968                             54 5.52300E-05 8.07800E-04
n-Pd105-MT151-Coceva-211140032.1968                             50 5.52300E-05 8.07800E-04
n-Pd105-MT151-Coceva-212600021.1965                             12 1.17800E-05 1.52000E-04
n-Pd105-MT151-Coceva-212600022.1965                              5 1.17800E-05 5.58000E-05
n-Pd105-MT151-Coceva-212600023.1965                              9 1.17800E-05 8.78000E-05
n-Pd105-MT151-Coceva-212600024.1965                              6 1.17800E-05 5.58000E-05
n-Pd105-MT151-Coceva-21260005.1965                               1 4.90000E-05 4.90000E-05
n-Pd105-MT151-Hockenbury-10435011.1975                           2 1.51827E-01 1.51827E-01
n-Pd105-MT151-Hockenbury-10435011A001.1975                       2 1.51827E-01 1.51827E-01
n-Pd105-MT151-Macklin-10868013.1979                              3 5.78000E-02 5.78000E-02
n-Pd105-MT151-Macklin-10868013A001.1979                          3 5.78000E-02 5.78000E-02
n-Pd105-MT151-Meaze-308280051.2011                              10 1.18200E-05 8.73700E-05
n-Pd105-MT151-Meaze-308280052.2011                              10 1.18200E-05 8.73700E-05
n-Pd105-MT151-Meaze-308280053.2011                              10 1.18200E-05 8.73700E-05
n-Pd105-MT151-Popov-412850021.1977                              85 5.52100E-05 1.47740E-03
n-Pd105-MT151-Popov-412850022.1977                              13 5.52100E-05 3.05300E-04
n-Pd105-MT151-Popov-412850023.1977                              84 5.52100E-05 1.47740E-03
n-Pd105-MT151-Popov-412850024.1977                              56 5.52100E-05 8.06700E-04
n-Pd105-MT151-Popov-412850025.1977                              28 8.22900E-04 1.47740E-03
n-Pd105-MT151-Popov-41285004.1977                                2 4.30955E-04 7.66305E-04
n-Pd105-MT151-Richter-21425002.1963                              1 1.31000E-05 1.31000E-05
n-Pd105-MT151-Smith-137840081.2002                             110 3.91200E-06 8.04100E-04
n-Pd105-MT151-Smith-137840082.2002                             110 3.91200E-06 8.04100E-04
n-Pd105-MT151-Smith-137840083.2002                             110 3.91200E-06 8.04100E-04
n-Pd105-MT151-Smith-137840084.2002                              23 3.91200E-06 4.30800E-04
n-Pd105-MT151-Smith-137840085.2002                             110 3.91200E-06 8.04100E-04
n-Pd105-MT151-Smith-137840112.2002                               2 3.99050E-04 3.99050E-04
n-Pd105-MT151-Staveloz-216840021.1979                          198 1.17900E-05 2.05330E-03
n-Pd105-MT151-Staveloz-216840023.1979                           71 1.17900E-05 2.04370E-03
n-Pd105-MT151-Wang-308380051.2016                               13 1.18480E-05 1.03208E-04
n-Pd105-MT151-Wang-308380052.2016                               13 1.18480E-05 1.03208E-04
n-Pd105-MT151-Wang-308380053.2016                               13 1.18480E-05 1.03208E-04
n-Pd105-MT151-Wetzel-10080004.1970                              13 1.18000E-05 3.13600E-04
n-Pd105-MT151-Wetzel-10080004A001.1970                          13 1.18000E-05 3.13600E-04
n-Pd105-MT151-Yamamuro-20510002.1972                             9 1.17000E-05 1.42000E-04
