#              Filename                                         N    min         max
n-Sn124-MT151-Adamchuk-400860101.1966                            7 6.19500E-05 9.96000E-03
n-Sn124-MT151-Adamchuk-400860102.1966                            7 6.19500E-05 9.96000E-03
n-Sn124-MT151-Adamchuk-400860103.1966                            7 6.19500E-05 9.96000E-03
n-Sn124-MT151-Adamchuk-400860111.1966                            1 5.03000E-03 5.03000E-03
n-Sn124-MT151-Adamchuk-40086029.1966                             1 1.22000E-03 1.22000E-03
n-Sn124-MT151-Bhat-11976005.1968                                 1 6.19500E-05 6.19500E-05
n-Sn124-MT151-Carlton-10745003.1977                              5 6.20000E-05 1.01800E-02
n-Sn124-MT151-Carlton-10745003A001.1977                          5 6.20000E-05 1.01800E-02
n-Sn124-MT151-Carlton-136050031.1996                           182 1.48620E-02 3.14745E-01
n-Sn124-MT151-Carlton-136050032.1996                           182 1.48620E-02 3.14745E-01
n-Sn124-MT151-Carlton-136050034.1996                           182 1.48620E-02 3.14745E-01
n-Sn124-MT151-Fuketa-119620191.1963                              5 6.19500E-05 9.68000E-03
n-Sn124-MT151-Fuketa-119620192.1963                              5 6.19500E-05 9.68000E-03
n-Sn124-MT151-Fuketa-119620193.1963                              1 6.19500E-05 6.19500E-05
n-Sn124-MT151-Harvey-119120281.1955                              1 6.25000E-05 6.25000E-05
n-Sn124-MT151-Harvey-119120282.1955                              1 6.25000E-05 6.25000E-05
n-Sn124-MT151-Harvey-119120283.1955                              1 6.25000E-05 6.25000E-05
n-Sn124-MT151-Julien-206870331.1969                              1 6.20000E-05 6.20000E-05
n-Sn124-MT151-Julien-206870332.1969                              1 6.20000E-05 6.20000E-05
n-Sn124-MT151-Julien-206870333.1969                              1 6.20000E-05 6.20000E-05
n-Sn124-MT151-Julien-206870335.1969                              1 6.20000E-05 6.20000E-05
n-Sn124-MT151-Julien-206870336.1969                              1 6.20000E-05 6.20000E-05
n-Sn124-MT151-Julien-206870337.1969                              1 6.20000E-05 6.20000E-05
n-Sn124-MT151-Mcneill-213940031.1965                             1 6.20000E-05 6.20000E-05
n-Sn124-MT151-Mcneill-213940032.1965                             1 6.20000E-05 6.20000E-05
n-Sn124-MT151-Popov-40934018.1985                                1 4.50000E-04 4.50000E-04
n-Sn124-MT151-Popov-40934019.1985                                1 1.25900E-04 1.25900E-04
n-Sn124-MT151-Popov-40934072.1985                                2 1.27400E-04 1.27400E-04
n-Sn124-MT151-Slaughter-126280031.1966                           1 6.20000E-05 6.20000E-05
n-Sn124-MT151-Timokhov-40960042.1988                             2 3.10000E-01 3.10000E-01
