#              Filename                                         N    min         max
p-Fe054-MT701-Kunz-C1166002-E0025.000.1981                      16 1.90002E+00 5.51000E+01
p-Fe054-MT701-Kunz-C1166002-E0025.000A001.1981                  14 5.90000E+00 6.01000E+01
p-Fe054-MT701-Kunz-C1166002-E0025.000A002.1981                  12 7.19999E+00 6.04000E+01
p-Fe054-MT701-Kunz-C1166002-E0025.000A003.1981                  12 3.89998E+00 6.11000E+01
p-Fe054-MT701-Kunz-C1166002-E0025.000A004.1981                  12 5.99999E+00 6.17000E+01
p-Fe054-MT701-Kunz-C1166002-E0045.000.1981                      16 3.20008E+00 5.56000E+01
p-Fe054-MT701-Kunz-C1166002-E0045.000A001.1981                  17 4.99999E+00 6.05000E+01
p-Fe054-MT701-Kunz-C1166002-E0045.000A002.1981                  17 5.60000E+00 6.08000E+01
p-Fe054-MT701-Kunz-C1166002-E0045.000A003.1981                  17 3.89998E+00 5.91000E+01
p-Fe054-MT701-Kunz-C1166002-E0045.000A004.1981                  17 5.60000E+00 6.02000E+01
p-Fe054-MT701-Kunz-C1166002-E0052.000.1981                      16 4.79996E+00 6.25000E+01
p-Fe054-MT701-Kunz-C1166002-E0052.000A001.1981                  18 4.99999E+00 6.32000E+01
p-Fe054-MT701-Kunz-C1166002-E0052.000A002.1981                  17 5.60000E+00 5.75000E+01
p-Fe054-MT701-Kunz-C1166002-E0052.000A003.1981                  17 5.39997E+00 5.80000E+01
p-Fe054-MT701-Kunz-C1166002-E0052.000A004.1981                  18 5.60000E+00 6.26000E+01
p-Fe054-MT701-Kunz-C1166002-E0080.000.1981                      15 6.20005E+00 3.71000E+01
p-Fe054-MT701-Kunz-C1166002-E0080.000A001.1981                  15 6.49999E+00 3.74000E+01
p-Fe054-MT701-Kunz-C1166002-E0080.000A002.1981                   9 7.99998E+00 3.85000E+01
p-Fe054-MT701-Kunz-C1166002-E0080.000A003.1981                  13 7.79996E+00 3.78000E+01
