#              Filename                                         N    min         max
n-U238-MT051-Barnard-21320004-ang-E0000.157.1966                25 3.96461E+01 1.12830E+02
n-U238-MT051-Barnard-21320005-ang-E0000.106.1966                95 9.00000E+01 9.00000E+01
n-U238-MT051-Barnard-30030002-ang-E0000.125.1970                50 9.00000E+01 9.00000E+01
n-U238-MT051-Batchelor-21019029-ang-E0002.000.1965              18 2.93081E+01 1.35972E+02
n-U238-MT051-Beghian-10473004-ang-E0000.890.1979                24 9.00000E+01 9.00000E+01
n-U238-MT051-Beghian-10473006-ang-E0001.100.1979                56 4.50000E+01 1.52000E+02
n-U238-MT051-Cranberg-12378007-ang-E0000.550.1958               13 9.00000E+01 9.00000E+01
n-U238-MT051-Cranberg-12378008-ang-E0002.000.1958                2 9.00000E+01 9.00000E+01
n-U238-MT051-Cranberg-12378009-ang-E0000.550.1958                6 3.49152E+01 1.56926E+02
n-U238-MT051-Goswami-13506003-ang-E0000.200.1986                32 1.25000E+02 1.25000E+02
n-U238-MT051-Goswami-13506005-ang-E0000.185.1986                34 3.50000E+01 1.45000E+02
n-U238-MT051-Guenther-105600022-ang-E0000.150.1975              18 9.00000E+01 9.00000E+01
n-U238-MT051-Guenther-105600042-ang-E0000.550.1975               5 9.00000E+01 9.00000E+01
n-U238-MT051-Guenther-10560007-ang-E0001.500.1975                1 1.15000E+02 1.20000E+02
n-U238-MT051-Guenther-10560007-ang-E0001.500A001.1975            1 1.15000E+02 1.20000E+02
n-U238-MT051-Guenther-10560007-ang-E0001.800.1975                1 1.15000E+02 1.20000E+02
n-U238-MT051-Guenther-10560007-ang-E0001.800A001.1975            1 1.15000E+02 1.20000E+02
n-U238-MT051-Guenther-10560007-ang-E0002.100.1975                1 1.15000E+02 1.20000E+02
n-U238-MT051-Guenther-10560007-ang-E0002.100A001.1975            1 1.15000E+02 1.20000E+02
n-U238-MT051-Guenther-10560007-ang-E0002.400.1975                1 1.15000E+02 1.20000E+02
n-U238-MT051-Guenther-10560007-ang-E0002.400A001.1975            1 1.15000E+02 1.20000E+02
n-U238-MT051-Guenther-10560007-ang-E0002.700.1975                1 1.20000E+02 1.20000E+02
n-U238-MT051-Haouat-20801018-ang-E0003.400.1978                 16 4.00000E+01 1.60000E+02
n-U238-MT051-Haouat-20839007-ang-E0002.500.1978                 15 5.00000E+01 1.60000E+02
n-U238-MT051-Haouat-21782024-ang-E0000.700.1982                 12 3.01200E+01 1.55100E+02
n-U238-MT051-Haouat-21782025-ang-E0001.500.1982                 19 3.01200E+01 1.55100E+02
n-U238-MT051-Kammerdiener-14329134-ang-E0014.000.1972           19 2.49000E+01 1.44900E+02
n-U238-MT051-Kammerdiener-14329135-ang-E0014.000.1972           19 2.49000E+01 1.44900E+02
n-U238-MT051-Kammerdiener-14329136-ang-E0014.000.1972           19 2.62000E+01 1.45600E+02
n-U238-MT051-Kammerdiener-14329137-ang-E0014.000.1972           19 2.49000E+01 1.44900E+02
n-U238-MT051-Knitter-20137014-ang-E0001.500.1971                17 2.00004E+01 1.50001E+02
n-U238-MT051-Knitter-20137015-ang-E0001.500.1971                17 2.00004E+01 1.50001E+02
n-U238-MT051-Knitter-20137016-ang-E0001.900.1971                17 2.00004E+01 1.50001E+02
n-U238-MT051-Knitter-20137017-ang-E0001.900.1971                17 2.00004E+01 1.50001E+02
n-U238-MT051-Knitter-20137018-ang-E0002.300.1971                17 2.00004E+01 1.50001E+02
n-U238-MT051-Knitter-20137019-ang-E0002.300.1971                17 2.00004E+01 1.50001E+02
n-U238-MT051-Knitter-20137020-ang-E0002.300.1971                17 2.00004E+01 1.50001E+02
n-U238-MT051-Kornilov-41362003-ang-E0000.312.1996                4 1.20000E+02 1.20000E+02
n-U238-MT051-Litvinskii-41040005-ang-E0000.275.1990              7 3.00000E+01 1.50000E+02
n-U238-MT051-Miura-22643002-ang-E0000.340.2000                   7 1.20000E+02 1.20000E+02
n-U238-MT051-Moxon-22329002-ang-E0000.068.1994                   4 9.00000E+01 9.00000E+01
n-U238-MT051-Winters-10998002-ang-E0000.082.1981                 3 5.50000E+01 1.25000E+02
n-U238-MT051-Winters-10998002-ang-E0000.082A001.1981             3 5.50000E+01 1.25000E+02
