#              Filename                                         N    min         max
a-Li006-MT651-Blieden-F0167013-E0009.502.1963                   26 2.00000E+01 2.00000E+01
a-Li006-MT651-Blieden-F0167016-E0010.000.1963                   17 2.02000E+01 5.25000E+01
a-Li006-MT651-Konstantinova-A1369003-E0014.700.1962             11 2.41000E+01 7.87000E+01
a-Li006-MT651-Lebedev-F0884002-E0012.254.1974                    1 2.00000E+01 3.00000E+01
a-Li006-MT651-Lebedev-F0884002-E0012.712.1974                    1 2.00000E+01 4.00000E+01
a-Li006-MT651-Lebedev-F0884002-E0012.716.1974                    1 3.00000E+01 4.00000E+01
a-Li006-MT651-Lebedev-F0884002-E0012.760.1974                    1 2.00000E+01 3.00000E+01
a-Li006-MT651-Lebedev-F0884002-E0013.103.1974                    1 2.00000E+01 1.30000E+02
a-Li006-MT651-Lebedev-F0884002-E0013.118.1974                    1 4.00000E+01 1.30000E+02
a-Li006-MT651-Lebedev-F0884002-E0013.151.1974                    1 3.00000E+01 4.00000E+01
a-Li006-MT651-Lebedev-F0884002-E0013.225.1974                    1 2.00000E+01 3.00000E+01
a-Li006-MT651-Lebedev-F0884002-E0013.610.1974                    1 2.00000E+01 4.00000E+01
a-Li006-MT651-Lebedev-F0884002-E0013.620.1974                    1 3.00000E+01 4.00000E+01
a-Li006-MT651-Lebedev-F0884002-E0013.699.1974                    1 3.00000E+01 1.30000E+02
a-Li006-MT651-Lebedev-F0884002-E0014.023.1974                    1 2.00000E+01 1.30000E+02
a-Li006-MT651-Lebedev-F0884002-E0014.098.1974                    1 2.00000E+01 4.00000E+01
a-Li006-MT651-Lebedev-F0884002-E0014.116.1974                    1 3.00000E+01 4.00000E+01
a-Li006-MT651-Lebedev-F0884002-E0014.205.1974                    1 2.00000E+01 3.00000E+01
a-Li006-MT651-Lebedev-F0884002-E0014.458.1974                    1 2.00000E+01 4.00000E+01
a-Li006-MT651-Lebedev-F0884002-E0014.469.1974                    1 3.00000E+01 4.00000E+01
a-Li006-MT651-Lebedev-F0884002-E0014.602.1974                    1 2.00000E+01 3.00000E+01
a-Li006-MT651-Lebedev-F0884002-E0014.923.1974                    1 2.00000E+01 1.70000E+02
a-Li006-MT651-Lebedev-F0884002-E0014.949.1974                    1 1.30000E+02 1.70000E+02
a-Li006-MT651-Lebedev-F0884002-E0014.957.1974                    1 4.00000E+01 1.30000E+02
a-Li006-MT651-Lebedev-F0884002-E0014.961.1974                    1 3.00000E+01 4.00000E+01
a-Li006-MT651-Lebedev-F0884002-E0015.036.1974                    1 2.00000E+01 3.00000E+01
a-Li006-MT651-Lebedev-F0884002-E0015.283.1974                    1 2.00000E+01 4.00000E+01
a-Li006-MT651-Lebedev-F0884002-E0015.360.1974                    1 3.00000E+01 4.00000E+01
a-Li006-MT651-Lebedev-F0884002-E0015.441.1974                    1 3.00000E+01 1.70000E+02
a-Li006-MT651-Lebedev-F0884002-E0015.672.1974                    1 2.00000E+01 1.70000E+02
a-Li006-MT651-Lebedev-F0884002-E0015.716.1974                    1 2.00000E+01 1.30000E+02
a-Li006-MT651-Lebedev-F0884002-E0015.747.1974                    1 4.00000E+01 1.30000E+02
a-Li006-MT651-Lebedev-F0884002-E0015.756.1974                    1 3.00000E+01 4.00000E+01
a-Li006-MT651-Lebedev-F0884002-E0015.805.1974                    1 3.00000E+01 5.00000E+01
a-Li006-MT651-Lebedev-F0884002-E0016.093.1974                    1 2.00000E+01 5.00000E+01
a-Li006-MT651-Lebedev-F0884002-E0016.119.1974                    1 2.00000E+01 4.00000E+01
a-Li006-MT651-Lebedev-F0884002-E0016.144.1974                    1 4.00000E+01 6.00000E+01
a-Li006-MT651-Lebedev-F0884002-E0016.197.1974                    1 3.00000E+01 6.00000E+01
a-Li006-MT651-Lebedev-F0884002-E0016.278.1974                    1 3.00000E+01 7.00000E+01
a-Li006-MT651-Lebedev-F0884002-E0016.284.1974                    1 5.00000E+01 7.00000E+01
a-Li006-MT651-Lebedev-F0884002-E0016.490.1974                    1 5.00000E+01 1.30000E+02
a-Li006-MT651-Lebedev-F0884002-E0016.495.1974                    1 4.00000E+01 1.30000E+02
a-Li006-MT651-Lebedev-F0884002-E0016.542.1974                    1 2.00000E+01 4.00000E+01
a-Li006-MT651-Lebedev-F0884002-E0016.550.1974                    1 2.00000E+01 1.70000E+02
a-Li006-MT651-Lebedev-F0884002-E0016.569.1974                    1 3.00000E+01 1.70000E+02
a-Li006-MT651-Lebedev-F0884002-E0016.715.1974                    1 3.00000E+01 5.00000E+01
a-Li006-MT651-Lebedev-F0884002-E0016.893.1974                    1 2.00000E+01 5.00000E+01
a-Li006-MT651-Lebedev-F0884002-E0016.911.1974                    1 2.00000E+01 4.00000E+01
a-Li006-MT651-Lebedev-F0884002-E0016.940.1974                    1 4.00000E+01 6.00000E+01
a-Li006-MT651-Lebedev-F0884002-E0016.957.1974                    1 6.00000E+01 7.00000E+01
a-Li006-MT651-Lebedev-F0884002-E0017.007.1974                    1 3.00000E+01 7.00000E+01
a-Li006-MT651-Lebedev-F0884002-E0017.043.1974                    1 3.00000E+01 1.30000E+02
a-Li006-MT651-Lebedev-F0884002-E0017.252.1974                    1 2.00000E+01 1.30000E+02
a-Li006-MT651-Lebedev-F0884002-E0017.307.1974                    1 2.00000E+01 5.00000E+01
a-Li006-MT651-Lebedev-F0884002-E0017.323.1974                    1 4.00000E+01 5.00000E+01
a-Li006-MT651-Lebedev-F0884002-E0017.332.1974                    1 4.00000E+01 1.70000E+02
a-Li006-MT651-Lebedev-F0884002-E0017.333.1974                    1 3.00000E+01 1.70000E+02
a-Li006-MT651-Lebedev-F0884002-E0017.437.1974                    1 3.00000E+01 4.00000E+01
a-Li006-MT651-Lebedev-F0884002-E0017.729.1974                    1 2.00000E+01 4.00000E+01
a-Li006-MT651-Lebedev-F0884002-E0017.744.1974                    1 2.00000E+01 5.00000E+01
a-Li006-MT651-Lebedev-F0884002-E0017.759.1974                    1 5.00000E+01 7.00000E+01
a-Li006-MT651-Lebedev-F0884002-E0017.762.1974                    1 6.00000E+01 7.00000E+01
a-Li006-MT651-Lebedev-F0884002-E0017.783.1974                    1 3.00000E+01 6.00000E+01
a-Li006-MT651-Lebedev-F0884002-E0017.800.1974                    1 3.00000E+01 1.70000E+02
a-Li006-MT651-Lebedev-F0884002-E0018.065.1974                    1 2.00000E+01 1.70000E+02
a-Li006-MT651-Lebedev-F0884002-E0018.068.1974                    1 2.00000E+01 5.00000E+01
a-Li006-MT651-Lebedev-F0884002-E0018.085.1974                    1 4.00000E+01 5.00000E+01
a-Li006-MT651-Lebedev-F0884002-E0018.090.1974                    1 4.00000E+01 1.30000E+02
a-Li006-MT651-Lebedev-F0884002-E0018.118.1974                    1 3.00000E+01 1.30000E+02
a-Li006-MT651-Lebedev-F0884002-E0018.163.1974                    1 3.00000E+01 4.00000E+01
a-Li006-MT651-Lebedev-F0884002-E0018.375.1974                    1 2.00000E+01 4.00000E+01
a-Li006-MT651-Lebedev-F0884002-E0018.427.1974                    1 2.00000E+01 7.00000E+01
a-Li006-MT651-Lebedev-F0884002-E0018.451.1974                    1 3.00000E+01 7.00000E+01
a-Li006-MT651-Lebedev-F0884002-E0018.482.1974                    2 3.00000E+01 6.00000E+01
a-Li006-MT651-Lebedev-F0884002-E0018.515.1974                    1 4.00000E+01 6.00000E+01
a-Li006-MT651-Lebedev-F0884002-E0018.737.1974                    1 4.00000E+01 1.30000E+02
a-Li006-MT651-Lebedev-F0884002-E0018.765.1974                    1 1.30000E+02 1.70000E+02
a-Li006-MT651-Lebedev-F0884002-E0018.768.1974                    1 2.00000E+01 1.70000E+02
a-Li006-MT651-Lebedev-F0884002-E0018.786.1974                    1 2.00000E+01 5.00000E+01
a-Li006-MT651-Lebedev-F0884002-E0018.809.1974                    1 3.00000E+01 5.00000E+01
a-Li006-MT651-Lebedev-F0884002-E0018.911.1974                    1 3.00000E+01 7.00000E+01
a-Li006-MT651-Lebedev-F0884002-E0019.107.1974                    1 4.00000E+01 7.00000E+01
a-Li006-MT651-Lebedev-F0884002-E0019.130.1974                    1 4.00000E+01 5.00000E+01
a-Li006-MT651-Lebedev-F0884002-E0019.136.1974                    1 2.00000E+01 5.00000E+01
a-Li006-MT651-Lebedev-F0884002-E0019.145.1974                    1 2.00000E+01 6.00000E+01
a-Li006-MT651-Lebedev-F0884002-E0019.162.1974                    1 3.00000E+01 6.00000E+01
a-Li006-MT651-Lebedev-F0884002-E0019.272.1974                    1 3.00000E+01 4.00000E+01
a-Li006-MT651-Lebedev-F0884002-E0019.421.1974                    1 4.00000E+01 1.70000E+02
a-Li006-MT651-Lebedev-F0884002-E0019.456.1974                    1 5.00000E+01 1.70000E+02
a-Li006-MT651-Lebedev-F0884002-E0019.461.1974                    1 2.00000E+01 5.00000E+01
a-Li006-MT651-Lebedev-F0884002-E0019.501.1974                    1 2.00000E+01 1.30000E+02
a-Li006-MT651-Lebedev-F0884002-E0019.529.1974                    1 3.00000E+01 1.30000E+02
a-Li006-MT651-Lebedev-F0884002-E0019.559.1974                    1 2.00000E+01 3.00000E+01
a-Li006-MT651-Lebedev-F0884002-E0019.862.1974                    2 2.00000E+01 7.00000E+01
a-Li006-MT651-Lebedev-F0884002-E0019.869.1974                    1 6.00000E+01 7.00000E+01
a-Li006-MT651-Lebedev-F0884002-E0019.888.1974                    1 4.00000E+01 6.00000E+01
a-Li006-MT651-Lebedev-F0884002-E0019.891.1974                    1 3.00000E+01 4.00000E+01
a-Li006-MT651-Lebedev-F0884002-E0019.920.1974                    1 3.00000E+01 1.30000E+02
a-Li006-MT651-Lebedev-F0884002-E0020.143.1974                    1 4.00000E+01 1.30000E+02
a-Li006-MT651-Lebedev-F0884002-E0020.144.1974                    1 2.00000E+01 4.00000E+01
a-Li006-MT651-Lebedev-F0884002-E0020.181.1974                    1 2.00000E+01 5.00000E+01
a-Li006-MT651-Lebedev-F0884002-E0020.188.1974                    1 5.00000E+01 1.70000E+02
a-Li006-MT651-Lebedev-F0884002-E0020.198.1974                    1 6.00000E+01 1.70000E+02
a-Li006-MT651-Lebedev-F0884002-E0020.217.1974                    1 3.00000E+01 6.00000E+01
a-Li006-MT651-Lebedev-F0884002-E0020.245.1974                    1 3.00000E+01 4.00000E+01
a-Li006-MT651-Lebedev-F0884002-E0020.504.1974                    1 2.00000E+01 4.00000E+01
a-Li006-MT651-Lebedev-F0884002-E0020.544.1974                    1 2.00000E+01 5.00000E+01
a-Li006-MT651-Lebedev-F0884002-E0020.549.1974                    1 5.00000E+01 6.00000E+01
a-Li006-MT651-Lebedev-F0884002-E0020.574.1974                    1 3.00000E+01 6.00000E+01
a-Li006-MT651-Lebedev-F0884002-E0020.610.1974                    1 3.00000E+01 7.00000E+01
a-Li006-MT651-Lebedev-F0884002-E0020.628.1974                    1 4.00000E+01 7.00000E+01
a-Li006-MT651-Lebedev-F0884002-E0020.830.1974                    1 4.00000E+01 1.30000E+02
a-Li006-MT651-Lebedev-F0884002-E0020.863.1974                    1 2.00000E+01 1.30000E+02
a-Li006-MT651-Lebedev-F0884002-E0020.866.1974                    1 2.00000E+01 5.00000E+01
a-Li006-MT651-Lebedev-F0884002-E0020.874.1974                    1 5.00000E+01 6.00000E+01
a-Li006-MT651-Lebedev-F0884002-E0020.902.1974                    1 6.00000E+01 1.70000E+02
a-Li006-MT651-Lebedev-F0884002-E0020.923.1974                    1 3.00000E+01 1.70000E+02
a-Li006-MT651-Lebedev-F0884002-E0020.965.1974                    1 3.00000E+01 4.00000E+01
a-Li006-MT651-Lebedev-F0884002-E0021.122.1974                    1 2.00000E+01 4.00000E+01
a-Li006-MT651-Lebedev-F0884002-E0021.159.1974                    1 2.00000E+01 5.00000E+01
a-Li006-MT651-Lebedev-F0884002-E0021.162.1974                    1 5.00000E+01 1.70000E+02
a-Li006-MT651-Lebedev-F0884002-E0021.190.1974                    1 7.00000E+01 1.70000E+02
a-Li006-MT651-Lebedev-F0884002-E0021.204.1974                    1 3.00000E+01 7.00000E+01
a-Li006-MT651-Lebedev-F0884002-E0021.219.1974                    1 3.00000E+01 6.00000E+01
a-Li006-MT651-Lebedev-F0884002-E0021.230.1974                    1 6.00000E+01 1.30000E+02
a-Li006-MT651-Lebedev-F0884002-E0021.479.1974                    1 1.30000E+02 1.70000E+02
a-Li006-MT651-Lebedev-F0884002-E0021.510.1974                    1 4.00000E+01 1.70000E+02
a-Li006-MT651-Lebedev-F0884002-E0021.517.1974                    1 4.00000E+01 5.00000E+01
a-Li006-MT651-Lebedev-F0884002-E0021.527.1974                    1 5.00000E+01 6.00000E+01
a-Li006-MT651-Lebedev-F0884002-E0021.552.1974                    1 2.00000E+01 6.00000E+01
a-Li006-MT651-Lebedev-F0884002-E0021.589.1974                    1 2.00000E+01 3.00000E+01
a-Li006-MT651-Lebedev-F0884002-E0021.614.1974                    1 3.00000E+01 4.00000E+01
a-Li006-MT651-Lebedev-F0884002-E0021.770.1974                    1 4.00000E+01 1.70000E+02
a-Li006-MT651-Lebedev-F0884002-E0021.843.1974                    1 7.00000E+01 1.70000E+02
a-Li006-MT651-Lebedev-F0884002-E0021.883.1974                    1 5.00000E+01 7.00000E+01
a-Li006-MT651-Lebedev-F0884002-E0021.891.1974                    1 3.00000E+01 5.00000E+01
a-Li006-MT651-Lebedev-F0884002-E0021.977.1974                    1 2.00000E+01 3.00000E+01
a-Li006-MT651-Lebedev-F0884002-E0022.063.1974                    1 2.00000E+01 3.00000E+01
a-Li006-MT651-Lebedev-F0884002-E0022.152.1974                    1 3.00000E+01 1.70000E+02
a-Li006-MT651-Lebedev-F0884002-E0022.200.1974                    1 2.00000E+01 1.70000E+02
a-Li006-MT651-Lebedev-F0884002-E0022.204.1974                    2 2.00000E+01 1.30000E+02
a-Li006-MT651-Lebedev-F0884002-E0022.211.1974                    1 5.00000E+01 6.00000E+01
a-Li006-MT651-Lebedev-F0884002-E0022.218.1974                    1 5.00000E+01 5.00000E+01
a-Li006-MT651-Lebedev-F0884004-E0017.300.1974                   21 1.45000E+01 1.72500E+02
a-Li006-MT651-Lebedev-F0884004-E0017.300A001.1974               10 1.52000E+01 8.53000E+01
a-Li006-MT651-Lebedev-F0884004-E0023.300.1974                   30 1.45000E+01 1.70400E+02
a-Li006-MT651-Lebedev-F0884004-E0023.300A001.1974               24 1.49000E+01 1.68600E+02
a-Li006-MT651-Lebedev-F0884004-E0025.100.1974                   34 1.54000E+01 1.76800E+02
a-Li006-MT651-Lebedev-F0884004-E0025.100A001.1974               23 1.49000E+01 1.71000E+02
a-Li006-MT651-LiuZuhuaa-S0021002-E0026.680.1989                 28 2.07000E+01 1.52500E+02
a-Li006-MT651-LiuZuhuaa-S0021003-E0026.680.1989                 28 2.07000E+01 1.51700E+02
