#              Filename                                         N    min         max
n-Th232-MT002-Aleksandrov-40791002-ang-E0000.800.1961           23 9.00000E+01 9.00000E+01
n-Th232-MT002-Aleksandrov-40791003-ang-E0002.800.1961           24 9.00000E+01 9.00000E+01
n-Th232-MT002-Buccino-11877012-ang-E0005.000.1966               13 1.99988E+01 1.39996E+02
n-Th232-MT002-Cox-10332034-ang-E0000.873.1972                    8 2.10000E+01 1.57000E+02
n-Th232-MT002-Cox-10332034-ang-E0000.873A001.1972                8 2.10000E+01 1.57000E+02
n-Th232-MT002-Darden-11638011-ang-E0000.500.1955                 1 7.99998E+00 3.00000E+01
n-Th232-MT002-Darden-11638011-ang-E0001.000.1955                 5 7.99998E+00 3.00000E+01
n-Th232-MT002-Darden-11638011-ang-E0001.550.1955                 2 1.40000E+01 3.00000E+01
n-Th232-MT002-Fujita-12858002-ang-E0000.144.1983                 9 3.00000E+01 1.50000E+02
n-Th232-MT002-Goswami-13503002-ang-E0000.200.1988               35 1.25000E+02 1.25000E+02
n-Th232-MT002-Goswami-13503004-ang-E0000.185.1988               23 3.50000E+01 1.45000E+02
n-Th232-MT002-Haouat-20801004-ang-E0003.400.1978                18 2.00000E+01 1.60000E+02
n-Th232-MT002-Haouat-20839003-ang-E0002.500.1978                19 2.00000E+01 1.60000E+02
n-Th232-MT002-Haouat-21782002-ang-E0000.700.1982                12 3.01200E+01 1.55100E+02
n-Th232-MT002-Haouat-21782003-ang-E0001.500.1982                20 2.00800E+01 1.55100E+02
n-Th232-MT002-Hudsonjr-12180006-ang-E0015.200.1962              32 7.99998E+00 1.62000E+02
n-Th232-MT002-Iwasaki-21767002-ang-E0000.550.1981                7 3.00000E+01 1.45000E+02
n-Th232-MT002-Kazakova-40706026-ang-E0002.000.1965               8 2.00000E+01 1.60000E+02
n-Th232-MT002-Kuchnir-11977006-ang-E0000.600.1968               31 1.74999E+00 1.50000E+01
n-Th232-MT002-Popov-41215002-ang-E0003.100.1963                 10 9.00000E+01 9.00000E+01
n-Th232-MT002-Smith-12277002-ang-E0000.560.1962                  8 2.20281E+01 1.37476E+02
n-Th232-MT002-Smith-12277002-ang-E0000.700.1962                  8 2.20281E+01 1.42467E+02
n-Th232-MT002-Walt-11637085-ang-E0001.000.1954                   9 3.06834E+01 1.49317E+02
