#              Filename                                         N    min         max
p-Ti050-MT648-Fujiwara-E1089002-ang-E0065.000.1985              10 7.19999E+00 4.52000E+01
p-Ti050-MT648-Fujiwara-E1089003-ang-E0065.000.1985               8 7.30001E+00 3.54000E+01
p-Ti050-MT648-Fujiwara-E1089004-ang-E0065.000.1985               9 7.10001E+00 4.50000E+01
p-Ti050-MT648-Fujiwara-E1089005-ang-E0065.000.1985              11 7.00003E+00 4.96000E+01
p-Ti050-MT648-Fujiwara-E1089006-ang-E0065.000.1985              10 7.19999E+00 4.50000E+01
p-Ti050-MT648-Fujiwara-E1089007-ang-E0065.000.1985               7 7.10001E+00 4.49000E+01
p-Ti050-MT648-Fujiwara-E1089008-ang-E0065.000.1985              11 7.10001E+00 5.07000E+01
p-Ti050-MT648-Fujiwara-E1089009-ang-E0065.000.1985              10 6.40000E+00 4.43000E+01
p-Ti050-MT648-Fujiwara-E1089010-ang-E0065.000.1985              11 6.60004E+00 4.92000E+01
p-Ti050-MT648-Fujiwara-E1089011-ang-E0065.000.1985              11 6.20005E+00 4.90000E+01
p-Ti050-MT648-Fujiwara-E1089012-ang-E0065.000.1985              11 7.00003E+00 4.91000E+01
p-Ti050-MT648-Fujiwara-E1089013-ang-E0065.000.1985               6 6.79999E+00 3.51000E+01
p-Ti050-MT648-Fujiwara-E1089014-ang-E0065.000.1985               9 6.69999E+00 3.95000E+01
p-Ti050-MT648-Fujiwara-E1089019-ang-E0065.000.1985              12 7.89998E+00 6.42000E+01
p-Ti050-MT648-Fujiwara-E1089020-ang-E0065.000.1985               9 7.00003E+00 4.39000E+01
p-Ti050-MT648-Fujiwara-E1089024-ang-E0065.000.1985              14 7.10001E+00 6.44000E+01
p-Ti050-MT648-Fujiwara-E1089025-ang-E0065.000.1985              13 1.16000E+01 6.45000E+01
p-Ti050-MT648-Fujiwara-E1089026-ang-E0065.000.1985              12 6.49999E+00 5.45000E+01
p-Ti050-MT648-Fujiwara-E1089027-ang-E0065.000.1985              14 7.49999E+00 6.50000E+01
p-Ti050-MT648-Fujiwara-E1089028-ang-E0065.000.1985              10 6.90001E+00 5.93000E+01
p-Ti050-MT648-Fujiwara-E1089029-ang-E0065.000.1985              14 7.19999E+00 6.51000E+01
p-Ti050-MT648-Fujiwara-E1089030-ang-E0065.000.1985              14 7.60001E+00 6.45000E+01
p-Ti050-MT648-Fujiwara-E1089031-ang-E0065.000.1985              12 7.40003E+00 6.43000E+01
p-Ti050-MT648-Fujiwara-E1089032-ang-E0065.000.1985              11 6.79999E+00 4.96000E+01
p-Ti050-MT648-Fujiwara-E1089033-ang-E0065.000.1985              14 7.00003E+00 6.53000E+01
p-Ti050-MT648-Fujiwara-E1089034-ang-E0065.000.1985               8 7.19999E+00 3.56000E+01
p-Ti050-MT648-Fujiwara-E1089035-ang-E0065.000.1985              13 6.79999E+00 5.92000E+01
p-Ti050-MT648-Fujiwara-E1089036-ang-E0065.000.1985              12 7.70001E+00 5.42000E+01
p-Ti050-MT648-Fujiwara-E1089037-ang-E0065.000.1985              12 7.00003E+00 5.96000E+01
p-Ti050-MT648-Fujiwara-E1089038-ang-E0065.000.1985              13 6.79999E+00 5.92000E+01
p-Ti050-MT648-Fujiwara-E1089039-ang-E0065.000.1985              13 7.60001E+00 5.91000E+01
p-Ti050-MT648-Fujiwara-E1089040-ang-E0065.000.1985              12 7.49999E+00 5.41000E+01
p-Ti050-MT648-Fujiwara-E1089041-ang-E0065.000.1985               9 8.09999E+00 4.03000E+01
p-Ti050-MT648-Fujiwara-E1089048-ang-E0065.000.1985               9 1.23000E+01 4.99000E+01
p-Ti050-MT648-Fujiwara-E1089049-ang-E0065.000.1985              14 7.79996E+00 6.43000E+01
p-Ti050-MT648-Fujiwara-E1089050-ang-E0065.000.1985              14 7.89998E+00 6.46000E+01
p-Ti050-MT648-Fujiwara-E1089051-ang-E0065.000.1985              14 7.79996E+00 6.47000E+01
p-Ti050-MT648-Fujiwara-E1089052-ang-E0065.000.1985              12 7.79996E+00 5.98000E+01
