#              Filename                                         N    min         max
n-B011-MT051-Alder-20529005-ang-E0014.150.1970                  84 1.01000E+01 1.62700E+02
n-B011-MT051-Baba-21984027-ang-E0014.200.1986                   29 2.52000E+01 1.51300E+02
n-B011-MT051-Cookson-20468012-ang-E0009.720.1970                32 2.70008E+01 1.49999E+02
n-B011-MT051-Glendinning-10819005-ang-E0007.970.1982            14 2.53000E+01 1.50200E+02
n-B011-MT051-Glendinning-10819005-ang-E0007.970A001.1982        14 2.53000E+01 1.50200E+02
n-B011-MT051-Glendinning-10819005-ang-E0008.960.1982            29 2.51000E+01 1.60000E+02
n-B011-MT051-Glendinning-10819005-ang-E0008.960A001.1982        29 2.51000E+01 1.60000E+02
n-B011-MT051-Glendinning-10819005-ang-E0009.690.1982            27 2.51000E+01 1.59900E+02
n-B011-MT051-Glendinning-10819005-ang-E0009.690A001.1982        27 2.51000E+01 1.59900E+02
n-B011-MT051-Glendinning-10819005-ang-E0009.920.1982            28 2.52000E+01 1.59900E+02
n-B011-MT051-Glendinning-10819005-ang-E0009.920A001.1982        28 2.52000E+01 1.59900E+02
n-B011-MT051-Glendinning-10819005-ang-E0010.960.1982            28 2.52000E+01 1.59900E+02
n-B011-MT051-Glendinning-10819005-ang-E0010.960A001.1982        28 2.52000E+01 1.59900E+02
n-B011-MT051-Glendinning-10819005-ang-E0011.960.1982            23 2.51000E+01 1.59900E+02
n-B011-MT051-Glendinning-10819005-ang-E0011.960A001.1982        23 2.51000E+01 1.59900E+02
n-B011-MT051-Glendinning-10819005-ang-E0012.950.1982            23 2.51000E+01 1.54900E+02
n-B011-MT051-Hopkins-11202013-ang-E0007.550.1969                22 2.61000E+01 1.37700E+02
n-B011-MT051-Hopkins-11202013-ang-E0007.550A001.1969            22 2.61000E+01 1.37700E+02
n-B011-MT051-Hyakutake-20270006-ang-E0014.100.1969              45 2.02000E+01 1.60600E+02
n-B011-MT051-Lisowski-14719008-ang-E0006.000.2021               26 2.01000E+01 1.48700E+02
n-B011-MT051-Lisowski-14719009-ang-E0010.000.2021               43 1.99000E+01 1.48900E+02
n-B011-MT051-Porter-20403029-ang-E0003.177.1970                 50 3.00000E+01 1.35100E+02
n-B011-MT051-Takahashi-22106036-ang-E0014.100.1992              96 1.50000E+01 1.60000E+02
