#              Filename                                         N    min         max
n-U235-MT151-Adamchuk-40063005.1955                              8 3.00000E-07 1.80000E-05
n-U235-MT151-Anderson-147280031.1944                             4 2.50000E-07 9.50000E-06
n-U235-MT151-Beer-20880006.1978                                  1 2.00000E-02 2.00000E-02
n-U235-MT151-Blons-204830033.1971                              122 9.28000E-06 1.47350E-04
n-U235-MT151-Blons-204830036.1971                              121 9.28000E-06 1.47350E-04
n-U235-MT151-Blons-204830042.1971                                3 2.50000E-05 7.50000E-05
n-U235-MT151-Bowman-12429003.1963                                7 5.50000E-06 3.29000E-05
n-U235-MT151-Cao-201290061.1968                                 78 6.39000E-06 1.47400E-04
n-U235-MT151-Cao-201290062.1968                                 78 6.39000E-06 1.47400E-04
n-U235-MT151-Cao-20129007.1968                                   3 2.80000E-05 1.00000E-04
n-U235-MT151-Cao-201290081.1968                                 78 6.39000E-06 1.47400E-04
n-U235-MT151-Cao-201290091.1968                                 78 6.39000E-06 1.47400E-04
n-U235-MT151-Collins-235270021.1959                             16 1.15000E-06 2.42000E-05
n-U235-MT151-Collins-235270031.1959                              2 3.18000E-06 3.68000E-06
n-U235-MT151-Corvi-20382003.1973                                14 2.04000E-06 4.19000E-05
n-U235-MT151-Cowan-10067002.1970                                38 1.93000E-05 6.11000E-05
n-U235-MT151-Cowan-10067002A001.1970                            38 1.93000E-05 6.11000E-05
n-U235-MT151-Cramer-124250021.1969                              80 1.66700E-05 7.08800E-05
n-U235-MT151-Cramer-124250022.1969                              80 1.66700E-05 7.08800E-05
n-U235-MT151-Felvinci-103220021.1972                            70 1.13000E-06 4.50400E-05
n-U235-MT151-Felvinci-103220021A001.1972                        70 1.13000E-06 4.50400E-05
n-U235-MT151-Felvinci-103220022.1972                            70 1.13000E-06 4.50400E-05
n-U235-MT151-Felvinci-103220022A001.1972                        70 1.13000E-06 4.50400E-05
n-U235-MT151-Gagarskiy-413880021.1997                           20 2.00000E-07 1.39000E-05
n-U235-MT151-Gagarskiy-413880023.1997                           20 2.00000E-07 1.39000E-05
n-U235-MT151-Gagarsky-411820021.1991                            16 1.70000E-06 1.25800E-04
n-U235-MT151-Garg-11516002.1965                                269 1.80400E-05 3.00500E-04
n-U235-MT151-Graves-10344002.1973                                6 2.04000E-06 3.20500E-05
n-U235-MT151-Graves-10344002A001.1973                            6 2.04000E-06 3.20500E-05
n-U235-MT151-Guseva-413500031.1994                              13 2.23000E-06 5.28000E-05
n-U235-MT151-Guseva-413500032.1994                              13 2.23000E-06 5.28000E-05
n-U235-MT151-Havensjr-135670021.1959                            57 6.20000E-06 5.35500E-05
n-U235-MT151-Havensjr-135670023.1959                            36 6.20000E-06 4.70000E-05
n-U235-MT151-Kane-12630002.1970                                  3 2.04000E-06 6.39000E-06
n-U235-MT151-Keyworth-10371002.1973                             65 1.13000E-06 5.87000E-05
n-U235-MT151-Keyworth-10371002A001.1973                         65 1.13000E-06 5.87000E-05
n-U235-MT151-Kirpichnikov-40157002.1964                         12-2.00000E-06 7.09000E-06
n-U235-MT151-Kirpichnikov-40157004.1964                          6-2.00000E-06 3.60000E-06
n-U235-MT151-Kopach-413570031.1999                              48-8.83000E-06 1.93100E-05
n-U235-MT151-Kopach-413570032.1999                              48-8.83000E-06 1.93100E-05
n-U235-MT151-Kopach-413570033.1999                              48-8.83000E-06 1.93100E-05
n-U235-MT151-Lynn-210270051.1955                                 1 3.00000E-07 3.00000E-07
n-U235-MT151-Melkonian-124030041.1958                            6 2.90000E-07 8.95000E-06
n-U235-MT151-Melkonian-124030042.1958                            2 2.90000E-07 1.10000E-06
n-U235-MT151-Melkonian-124030044.1958                            6 2.90000E-07 8.95000E-06
n-U235-MT151-Melkonian-124030045.1958                            6 2.90000E-07 8.95000E-06
n-U235-MT151-Melkonian-124030046.1958                            6 2.90000E-07 8.95000E-06
n-U235-MT151-Melkonian-124030061.1958                            2 6.44000E-06 7.16000E-06
n-U235-MT151-Melkonian-12403007.1958                             1 2.05000E-03 2.05000E-03
n-U235-MT151-Michaudon-20727005.1965                             1 7.50000E-05 7.50000E-05
n-U235-MT151-Michaudon-207270061.1965                          188 2.03000E-06 1.47350E-04
n-U235-MT151-Michaudon-207270063.1965                           39 2.03000E-06 5.01000E-05
n-U235-MT151-Michaudon-207270065.1965                           39 2.03000E-06 5.01000E-05
n-U235-MT151-Michaudon-20727008.1965                             1 7.50000E-05 7.50000E-05
n-U235-MT151-Michaudon-20727009.1965                             1 7.50000E-05 7.50000E-05
n-U235-MT151-Moore-106290021.1978                              447 1.14000E-06 3.00600E-04
n-U235-MT151-Moore-106290021A001.1978                          447 1.14000E-06 3.00600E-04
n-U235-MT151-Moore-106290022.1978                              447 1.14000E-06 3.00600E-04
n-U235-MT151-Moore-106290022A001.1978                          447 1.14000E-06 3.00600E-04
n-U235-MT151-Nikitin-41219005.1955                              13 3.00000E-07 3.40000E-05
n-U235-MT151-Pattenden-225700031.1958                            1 1.13000E-06 1.13000E-06
n-U235-MT151-Pilcher-124130021.1956                             47 2.90000E-07 3.53000E-05
n-U235-MT151-Pilcher-124130023.1956                             12 2.90000E-07 1.93000E-05
n-U235-MT151-Pilcher-124130041.1956                              4 2.90000E-07 4.84000E-06
n-U235-MT151-Pilcher-12413005.1956                               1 1.77950E-05 1.77950E-05
n-U235-MT151-Poortmans-20145007.1970                            10 8.78000E-06 5.64900E-05
n-U235-MT151-Poortmans-20145008.1970                            14 8.78000E-06 5.64900E-05
n-U235-MT151-Price-210290052.1955                                3 3.00000E-07 3.55000E-06
n-U235-MT151-Reddingius-10390002.1974                           15 2.90000E-07 1.40000E-05
n-U235-MT151-Reddingius-10390002A001.1974                       15 2.90000E-07 1.40000E-05
n-U235-MT151-Reed-10427004.1973                                 21 2.90000E-07 2.64000E-05
n-U235-MT151-Reed-10427004A001.1973                             21 2.90000E-07 2.64000E-05
n-U235-MT151-Ryabov-40070007.1970                               72 2.90000E-07 5.02000E-05
n-U235-MT151-Ryabov-40070009.1970                               78 2.90000E-07 5.02000E-05
n-U235-MT151-Ryabov-40070026.1970                                1 2.52450E-05 2.52450E-05
n-U235-MT151-Ryabov-40070028.1970                                1 2.52450E-05 2.52450E-05
n-U235-MT151-Ryabov-40070031.1970                                1 1.98800E-05 1.98800E-05
n-U235-MT151-Ryabov-400700323.1970                               2 1.50000E-04 1.50000E-04
n-U235-MT151-Ryabov-400700324.1970                               2 1.50000E-04 1.50000E-04
n-U235-MT151-Ryabov-40070034.1970                                2 1.50000E-04 1.50000E-04
n-U235-MT151-Ryabov-40070036.1970                                2 1.50000E-04 1.50000E-04
n-U235-MT151-Ryabov-40123002.1971                                2 1.50500E-02 1.50500E-02
n-U235-MT151-Schermer-12624002.1968                              3 2.75000E-07 2.08000E-06
n-U235-MT151-Shore-124180021.1958                                7-1.45000E-06 8.79500E-06
n-U235-MT151-Shore-124180022.1958                                7-1.45000E-06 8.79500E-06
n-U235-MT151-Shore-124180023.1958                                3 2.82000E-07 3.59900E-06
n-U235-MT151-Simpson-10132003.1971                               4 8.79000E-06 1.92900E-05
n-U235-MT151-Simpson-10132003A001.1971                           4 8.79000E-06 1.92900E-05
n-U235-MT151-Simpson-124120021.1956                             41 9.25000E-06 6.10000E-05
n-U235-MT151-Simpson-124120022.1956                             41 9.25000E-06 6.10000E-05
n-U235-MT151-Simpson-124120031.1956                              1 1.36250E-05 1.36250E-05
n-U235-MT151-Simpson-124120032.1956                              1 1.36250E-05 1.36250E-05
n-U235-MT151-Sokolovsky-403830171.1957                          12 3.60900E-06 3.54000E-05
n-U235-MT151-Sokolovsky-403830173.1957                          12 3.60900E-06 3.54000E-05
n-U235-MT151-Sokolovsky-403830181.1957                          41 3.60900E-06 3.54000E-05
n-U235-MT151-Sokolovsky-403830182.1957                          41 3.60900E-06 3.54000E-05
n-U235-MT151-Sokolovsky-403830183.1957                          41 3.60900E-06 3.54000E-05
n-U235-MT151-Sokolovsky-403830191.1957                          15 2.90000E-07 1.93000E-05
n-U235-MT151-Sokolovsky-403830195.1957                          10 3.61000E-06 1.93000E-05
n-U235-MT151-Sokolovsky-403830197.1957                          15 2.90000E-07 1.93000E-05
n-U235-MT151-Theobald-23517002.1973                             22 8.79000E-06 3.94000E-05
n-U235-MT151-Uttley-21088014.1966                                2 5.00050E-01 5.00050E-01
n-U235-MT151-Vertebnyy-40609005.1980                             2 1.32500E-02 1.32500E-02
n-U235-MT151-Wagemans-20381004.1972                             12 6.39000E-06 3.20500E-05
n-U235-MT151-Weigmann-20135006.1969                             18 6.39000E-06 3.94100E-05
n-U235-MT151-desaussure-102700101.1966                          91-1.97000E-06 6.09000E-05
n-U235-MT151-desaussure-102700101A001.1966                      91-1.97000E-06 6.09000E-05
