#              Filename                                         N    min         max
n-Sn120-MT002-Ferrer-10633017-ang-E0011.010.1977                28 1.50000E+01 1.55000E+02
n-Sn120-MT002-Ferrer-10633017-ang-E0011.010A001.1977            28 1.50000E+01 1.55000E+02
n-Sn120-MT002-Guss-13158007-ang-E0009.943.1989                  29 2.31000E+01 1.54800E+02
n-Sn120-MT002-Guss-13158007-ang-E0013.923.1989                  28 1.94000E+01 1.55100E+02
n-Sn120-MT002-Guss-13158007-ang-E0016.905.1989                  30 1.94000E+01 1.55200E+02
n-Sn120-MT002-Harper-10719006-ang-E0001.000.1984                14 2.00000E+01 1.53300E+02
n-Sn120-MT002-Harper-10719006-ang-E0001.000A001.1984            14 2.00000E+01 1.53300E+02
n-Sn120-MT002-Harper-10719006-ang-E0001.600.1984                15 2.00000E+01 1.52800E+02
n-Sn120-MT002-Harper-10719006-ang-E0001.600A001.1984            15 2.00000E+01 1.52800E+02
n-Sn120-MT002-Musaelyan-41005034-ang-E0000.400.1989              5 3.00000E+01 1.50000E+02
n-Sn120-MT002-Musaelyan-41005039-ang-E0000.600.1989              5 3.00000E+01 1.50000E+02
n-Sn120-MT002-Musaelyan-41005044-ang-E0000.800.1989              5 3.00000E+01 1.50000E+02
n-Sn120-MT002-Musaelyan-41005049-ang-E0000.930.1989              6 3.00000E+01 1.51500E+02
n-Sn120-MT002-Musaelyan-41005054-ang-E0001.060.1989              5 3.00000E+01 1.50000E+02
n-Sn120-MT002-Musaelyan-41005059-ang-E0001.450.1989              7 3.00000E+01 1.51500E+02
n-Sn120-MT002-Musaelyan-41005064-ang-E0001.960.1989              8 3.00000E+01 1.51500E+02
n-Sn120-MT002-Rapaport-10817008-ang-E0011.000.1980              28 1.50000E+01 1.50000E+02
n-Sn120-MT002-Rapaport-10817008-ang-E0011.000A001.1980          28 1.50000E+01 1.50000E+02
n-Sn120-MT002-Tanaka-20326002-ang-E0001.520.1972                65 2.50000E+01 1.45000E+02
