#              Filename                                         N    min         max
n-Ti046-MT151-Bowman-11600005.1962                              92 1.05000E-01 3.63000E-01
n-Ti046-MT151-Bowman-116000061.1962                             11 4.10000E-02 3.40500E-01
n-Ti046-MT151-Bowman-116000062.1962                             11 4.10000E-02 3.40500E-01
n-Ti046-MT151-Bowman-116000063.1962                             11 4.10000E-02 3.40500E-01
n-Ti046-MT151-Farrell-116010151.1966                            12 1.10000E-02 3.40500E-01
n-Ti046-MT151-Farrell-116010152.1966                            12 1.10000E-02 3.40500E-01
n-Ti046-MT151-Farrell-116010153.1966                            12 1.10000E-02 3.40500E-01
n-Ti046-MT151-Garg-101720191.1971                                9 4.89000E-02 1.79400E-01
n-Ti046-MT151-Garg-101720191A001.1971                            9 4.89000E-02 1.79400E-01
n-Ti046-MT151-Garg-101720192.1971                                9 4.89000E-02 1.79400E-01
n-Ti046-MT151-Garg-101720192A001.1971                            9 4.89000E-02 1.79400E-01
n-Ti046-MT151-Garg-101720193.1971                                9 4.89000E-02 1.79400E-01
n-Ti046-MT151-Garg-101720193A001.1971                            9 4.89000E-02 1.79400E-01
n-Ti046-MT151-Garg-101720194.1971                                9 4.89000E-02 1.79400E-01
n-Ti046-MT151-Garg-101720194A001.1971                            9 4.89000E-02 1.79400E-01
n-Ti046-MT151-Garg-101720231.1971                                1 1.14150E-01 1.14150E-01
n-Ti046-MT151-Garg-101720231A001.1971                            1 1.14150E-01 1.14150E-01
n-Ti046-MT151-Thom-213890021.1977                                7 3.99000E-03 2.40100E-02
n-Ti046-MT151-Thom-213890023.1977                                1 1.10600E-02 1.10600E-02
