#              Filename                                         N    min         max
a-Mg024-MT002-Adachi-E2635006-ang-E0130.000.2018                51 4.59998E+00 6.19000E+01
a-Mg024-MT002-Aisina-F0497003-ang-E0050.500.1989                37 2.70000E+01 3.65000E+01
a-Mg024-MT002-Antropov-F0667002-ang-E0024.200.1974              53 7.99998E+00 1.68500E+02
a-Mg024-MT002-Antropov-F0667016-ang-E0017.839.1974               8 1.75000E+02 1.75000E+02
a-Mg024-MT002-Antropov-F0667018-ang-E0017.830.1974               8 1.75000E+02 1.75000E+02
a-Mg024-MT002-Blair-F1126002-ang-E0028.000.1960                 19 1.20000E+01 4.79000E+01
a-Mg024-MT002-Blair-F1126002-ang-E0034.000.1960                 19 1.00000E+01 4.62000E+01
a-Mg024-MT002-Blair-F1126002-ang-E0041.000.1960                 26 1.00000E+01 5.36000E+01
a-Mg024-MT002-Bobrowska-F0591002-ang-E0022.900.1974              1 1.75000E+02 1.79000E+02
a-Mg024-MT002-Bobrowska-F0591002-ang-E0023.188.1974              1 1.70000E+02 1.75000E+02
a-Mg024-MT002-Bobrowska-F0591002-ang-E0023.198.1974              1 1.70000E+02 1.79000E+02
a-Mg024-MT002-Bobrowska-F0591002-ang-E0023.230.1974              1 1.75000E+02 1.79000E+02
a-Mg024-MT002-Bobrowska-F0591002-ang-E0023.460.1974              1 1.70000E+02 1.75000E+02
a-Mg024-MT002-Bobrowska-F0591002-ang-E0023.492.1974              1 1.70000E+02 1.79000E+02
a-Mg024-MT002-Bobrowska-F0591002-ang-E0023.500.1974              1 1.75000E+02 1.79000E+02
a-Mg024-MT002-Bobrowska-F0591002-ang-E0023.588.1974              1 1.70000E+02 1.75000E+02
a-Mg024-MT002-Bobrowska-F0591002-ang-E0023.599.1974              1 1.70000E+02 1.79000E+02
a-Mg024-MT002-Bobrowska-F0591002-ang-E0023.600.1974              1 1.70000E+02 1.79000E+02
a-Mg024-MT002-Bobrowska-F0591002-ang-E0023.679.1974              1 1.70000E+02 1.75000E+02
a-Mg024-MT002-Bobrowska-F0591002-ang-E0023.690.1974              1 1.75000E+02 1.79000E+02
a-Mg024-MT002-Bobrowska-F0591002-ang-E0023.700.1974              1 1.75000E+02 1.79000E+02
a-Mg024-MT002-Bobrowska-F0591002-ang-E0023.974.1974              1 1.70000E+02 1.75000E+02
a-Mg024-MT002-Bobrowska-F0591002-ang-E0023.996.1974              1 1.70000E+02 1.79000E+02
a-Mg024-MT002-Bobrowska-F0591002-ang-E0024.000.1974              1 1.70000E+02 1.79000E+02
a-Mg024-MT002-Bobrowska-F0591002-ang-E0024.261.1974              2 1.70000E+02 1.79000E+02
a-Mg024-MT002-Bobrowska-F0591002-ang-E0024.280.1974              1 1.75000E+02 1.79000E+02
a-Mg024-MT002-Bobrowska-F0591002-ang-E0024.458.1974              1 1.70000E+02 1.75000E+02
a-Mg024-MT002-Bobrowska-F0591002-ang-E0024.491.1974              1 1.70000E+02 1.79000E+02
a-Mg024-MT002-Bobrowska-F0591002-ang-E0024.540.1974              1 1.75000E+02 1.79000E+02
a-Mg024-MT002-Bobrowska-F0591002-ang-E0024.655.1974              1 1.70000E+02 1.75000E+02
a-Mg024-MT002-Bobrowska-F0591002-ang-E0024.659.1974              1 1.70000E+02 1.79000E+02
a-Mg024-MT002-Bobrowska-F0591002-ang-E0024.700.1974              1 1.75000E+02 1.79000E+02
a-Mg024-MT002-Bobrowska-F0591002-ang-E0024.996.1974              1 1.75000E+02 1.79000E+02
a-Mg024-MT002-Bobrowska-F0591002-ang-E0025.000.1974              1 1.70000E+02 1.79000E+02
a-Mg024-MT002-Bobrowska-F0591002-ang-E0025.003.1974              1 1.70000E+02 1.75000E+02
a-Mg024-MT002-Bobrowska-F0591002-ang-E0025.160.1974              1 1.70000E+02 1.75000E+02
a-Mg024-MT002-Bobrowska-F0591002-ang-E0025.171.1974              1 1.70000E+02 1.79000E+02
a-Mg024-MT002-Bobrowska-F0591002-ang-E0025.220.1974              1 1.75000E+02 1.79000E+02
a-Mg024-MT002-Bobrowska-F0591002-ang-E0025.470.1974              1 1.70000E+02 1.75000E+02
a-Mg024-MT002-Bobrowska-F0591002-ang-E0025.488.1974              1 1.70000E+02 1.79000E+02
a-Mg024-MT002-Bobrowska-F0591002-ang-E0025.500.1974              1 1.75000E+02 1.79000E+02
a-Mg024-MT002-Bobrowska-F0591002-ang-E0025.679.1974              1 1.70000E+02 1.75000E+02
a-Mg024-MT002-Bobrowska-F0591002-ang-E0025.699.1974              1 1.70000E+02 1.79000E+02
a-Mg024-MT002-Bobrowska-F0591002-ang-E0025.720.1974              1 1.75000E+02 1.79000E+02
a-Mg024-MT002-Bobrowska-F0591002-ang-E0025.978.1974              1 1.70000E+02 1.75000E+02
a-Mg024-MT002-Bobrowska-F0591002-ang-E0025.996.1974              1 1.70000E+02 1.79000E+02
a-Mg024-MT002-Bobrowska-F0591002-ang-E0026.000.1974              1 1.79000E+02 1.79000E+02
a-Mg024-MT002-Budzanowski-D0878002-ang-E0023.500.1972           14 2.50000E+01 1.78800E+02
a-Mg024-MT002-Budzanowski-D0878002-ang-E0024.000.1972           63 2.50000E+01 1.78800E+02
a-Mg024-MT002-Budzanowski-D0878002-ang-E0024.500.1972           13 2.50000E+01 1.78800E+02
a-Mg024-MT002-Budzanowski-D0878002-ang-E0025.000.1972           63 2.50000E+01 1.78800E+02
a-Mg024-MT002-Budzanowski-D0878002-ang-E0025.500.1972            4 2.50000E+01 1.78800E+02
a-Mg024-MT002-Budzanowski-D0878002-ang-E0026.000.1972           63 2.50000E+01 1.78800E+02
a-Mg024-MT002-Budzanowski-D0878002-ang-E0026.500.1972           50 2.50000E+01 1.78800E+02
a-Mg024-MT002-Budzanowski-D0878002-ang-E0027.000.1972           63 2.50000E+01 1.78800E+02
a-Mg024-MT002-Budzanowski-D0878002-ang-E0027.500.1972           16 2.50000E+01 1.78800E+02
a-Mg024-MT002-Budzanowski-D0878002-ang-E0028.000.1972           63 2.50000E+01 1.78800E+02
a-Mg024-MT002-Budzanowski-D0878002-ang-E0028.500.1972           12 1.52500E+02 1.78800E+02
a-Mg024-MT002-Cseh-F0590002-ang-E0003.182.1982                   1 1.34700E+02 1.45000E+02
a-Mg024-MT002-Cseh-F0590002-ang-E0003.183.1982                   1 1.16800E+02 1.45000E+02
a-Mg024-MT002-Cseh-F0590002-ang-E0003.183A001.1982               1 8.05000E+01 1.16800E+02
a-Mg024-MT002-Cseh-F0590002-ang-E0003.183A002.1982               1 8.05000E+01 1.62500E+02
a-Mg024-MT002-Cseh-F0590002-ang-E0003.184.1982                   1 1.34700E+02 1.62500E+02
a-Mg024-MT002-Cseh-F0590002-ang-E0003.185.1982                   1 1.16800E+02 1.34700E+02
a-Mg024-MT002-Cseh-F0590002-ang-E0003.185A001.1982               1 1.16800E+02 1.45000E+02
a-Mg024-MT002-Cseh-F0590002-ang-E0003.185A002.1982               1 1.34700E+02 1.45000E+02
a-Mg024-MT002-Cseh-F0590002-ang-E0003.185A003.1982               1 8.05000E+01 1.34700E+02
a-Mg024-MT002-Cseh-F0590002-ang-E0003.185A004.1982               1 8.05000E+01 1.16800E+02
a-Mg024-MT002-Cseh-F0590002-ang-E0003.186.1982                   1 6.75000E+01 1.16800E+02
a-Mg024-MT002-Cseh-F0590002-ang-E0003.186A001.1982               1 6.75000E+01 8.05000E+01
a-Mg024-MT002-Cseh-F0590002-ang-E0003.186A002.1982               1 8.05000E+01 1.62500E+02
a-Mg024-MT002-Cseh-F0590002-ang-E0003.187.1982                   1 1.45000E+02 1.62500E+02
a-Mg024-MT002-Cseh-F0590002-ang-E0003.187A001.1982               1 1.16800E+02 1.45000E+02
a-Mg024-MT002-Cseh-F0590002-ang-E0003.188.1982                   1 6.75000E+01 1.16800E+02
a-Mg024-MT002-Cseh-F0590002-ang-E0003.188A001.1982               1 6.75000E+01 1.34700E+02
a-Mg024-MT002-Cseh-F0590002-ang-E0003.188A002.1982               1 1.34700E+02 1.62500E+02
a-Mg024-MT002-Cseh-F0590002-ang-E0003.189.1982                   1 8.05000E+01 1.62500E+02
a-Mg024-MT002-Cseh-F0590002-ang-E0003.189A001.1982               1 8.05000E+01 1.45000E+02
a-Mg024-MT002-Cseh-F0590002-ang-E0003.190.1982                   1 1.34700E+02 1.45000E+02
a-Mg024-MT002-Cseh-F0590002-ang-E0003.190A001.1982               1 1.16800E+02 1.34700E+02
a-Mg024-MT002-Cseh-F0590002-ang-E0003.191.1982                   1 1.16800E+02 1.16800E+02
a-Mg024-MT002-Dyachkov-D0917002-ang-E0029.000.2017              21 5.99999E+00 4.60000E+01
a-Mg024-MT002-Eberhard-F0626002-ang-E0014.900.1970               1 2.50000E+01 1.65000E+02
a-Mg024-MT002-Eberhard-F0626002-ang-E0014.910.1970               1 1.65000E+02 1.65000E+02
a-Mg024-MT002-Eidson-T0265004-ang-E0022.500.1964                55 1.48600E+01 1.67600E+02
a-Mg024-MT002-Eswaran-D6288003-ang-E0024.720.1989               57 1.56000E+02 1.56000E+02
a-Mg024-MT002-Gonchar-F06680021-ang-E0039.000.1969              76 1.70000E+01 9.00000E+01
a-Mg024-MT002-Ikossi-T0252002-ang-E0005.913.1979                 1 1.25000E+02 1.65000E+02
a-Mg024-MT002-Ikossi-T0252002-ang-E0005.915.1979                 1 1.25000E+02 1.65000E+02
a-Mg024-MT002-Ikossi-T0252002-ang-E0005.918.1979                 1 1.25000E+02 1.65000E+02
a-Mg024-MT002-Ikossi-T0252002-ang-E0005.920.1979                 2 1.25000E+02 1.65000E+02
a-Mg024-MT002-Ikossi-T0252002-ang-E0005.922.1979                 1 1.25000E+02 1.65000E+02
a-Mg024-MT002-Ikossi-T0252002-ang-E0005.923.1979                 1 1.25000E+02 1.45000E+02
a-Mg024-MT002-Ikossi-T0252002-ang-E0005.924.1979                 1 1.45000E+02 1.65000E+02
a-Mg024-MT002-Ikossi-T0252002-ang-E0005.925.1979                 1 1.25000E+02 1.65000E+02
a-Mg024-MT002-Ikossi-T0252002-ang-E0005.927.1979                 1 1.25000E+02 1.45000E+02
a-Mg024-MT002-Ikossi-T0252002-ang-E0005.929.1979                 1 1.45000E+02 1.65000E+02
a-Mg024-MT002-Ikossi-T0252002-ang-E0005.931.1979                 1 1.25000E+02 1.65000E+02
a-Mg024-MT002-Ikossi-T0252002-ang-E0005.933.1979                 2 1.25000E+02 1.65000E+02
a-Mg024-MT002-Ikossi-T0252002-ang-E0005.934.1979                 1 1.25000E+02 1.65000E+02
a-Mg024-MT002-Ikossi-T0252002-ang-E0005.936.1979                 1 1.25000E+02 1.45000E+02
a-Mg024-MT002-Ikossi-T0252002-ang-E0005.937.1979                 1 1.45000E+02 1.45000E+02
a-Mg024-MT002-Ikossi-T0252003-ang-E0006.097.1979                 1 1.25000E+02 1.45000E+02
a-Mg024-MT002-Ikossi-T0252003-ang-E0006.097A001.1979             1 1.25000E+02 1.65000E+02
a-Mg024-MT002-Ikossi-T0252003-ang-E0006.097A002.1979             1 1.25000E+02 1.65000E+02
a-Mg024-MT002-Ikossi-T0252003-ang-E0006.099.1979                 2 1.25000E+02 1.65000E+02
a-Mg024-MT002-Ikossi-T0252003-ang-E0006.100.1979                 1 1.45000E+02 1.65000E+02
a-Mg024-MT002-Ikossi-T0252003-ang-E0006.101.1979                 1 1.25000E+02 1.45000E+02
a-Mg024-MT002-Ikossi-T0252003-ang-E0006.101A001.1979             1 1.25000E+02 1.65000E+02
a-Mg024-MT002-Ikossi-T0252003-ang-E0006.101A002.1979             1 1.45000E+02 1.65000E+02
a-Mg024-MT002-Ikossi-T0252003-ang-E0006.103.1979                 1 1.25000E+02 1.45000E+02
a-Mg024-MT002-Ikossi-T0252003-ang-E0006.103A001.1979             2 1.25000E+02 1.65000E+02
a-Mg024-MT002-Ikossi-T0252003-ang-E0006.105.1979                 1 1.45000E+02 1.65000E+02
a-Mg024-MT002-Ikossi-T0252003-ang-E0006.105A001.1979             1 1.25000E+02 1.65000E+02
a-Mg024-MT002-Ikossi-T0252003-ang-E0006.105A002.1979             1 1.25000E+02 1.25000E+02
a-Mg024-MT002-Ikossi-T0252006-ang-E0005.948.1979                 1 7.00000E+01 8.50000E+01
a-Mg024-MT002-Ikossi-T0252006-ang-E0005.949.1979                 3 8.50000E+01 1.50000E+02
a-Mg024-MT002-Ikossi-T0252006-ang-E0005.950.1979                 1 1.15000E+02 1.50000E+02
a-Mg024-MT002-Ikossi-T0252006-ang-E0005.952.1979                 1 7.00000E+01 1.15000E+02
a-Mg024-MT002-Ikossi-T0252006-ang-E0005.953.1979                 1 7.00000E+01 1.50000E+02
a-Mg024-MT002-Ikossi-T0252006-ang-E0005.954.1979                 1 5.00000E+01 1.50000E+02
a-Mg024-MT002-Ikossi-T0252006-ang-E0005.955.1979                 2 5.00000E+01 1.30100E+02
a-Mg024-MT002-Ikossi-T0252006-ang-E0005.957.1979                 2 5.00000E+01 1.30100E+02
a-Mg024-MT002-Ikossi-T0252006-ang-E0005.958.1979                 3 5.00000E+01 1.50000E+02
a-Mg024-MT002-Ikossi-T0252006-ang-E0005.961.1979                 1 7.00000E+01 1.15000E+02
a-Mg024-MT002-Ikossi-T0252006-ang-E0005.962.1979                 3 5.00000E+01 1.50000E+02
a-Mg024-MT002-Ikossi-T0252006-ang-E0005.963.1979                 1 5.00000E+01 1.30100E+02
a-Mg024-MT002-Ikossi-T0252006-ang-E0005.964.1979                 1 8.50000E+01 1.30100E+02
a-Mg024-MT002-Ikossi-T0252006-ang-E0005.965.1979                 3 7.00000E+01 1.50000E+02
a-Mg024-MT002-Ikossi-T0252006-ang-E0005.966.1979                 2 5.00000E+01 1.50000E+02
a-Mg024-MT002-Ikossi-T0252006-ang-E0005.967.1979                 1 5.00000E+01 1.15000E+02
a-Mg024-MT002-Ikossi-T0252006-ang-E0005.969.1979                 2 5.00000E+01 1.30100E+02
a-Mg024-MT002-Ikossi-T0252006-ang-E0005.970.1979                 4 5.00000E+01 1.50000E+02
a-Mg024-MT002-Ikossi-T0252006-ang-E0005.973.1979                 2 5.00000E+01 1.15000E+02
a-Mg024-MT002-Ikossi-T0252006-ang-E0005.974.1979                 3 5.00000E+01 1.50000E+02
a-Mg024-MT002-Ikossi-T0252006-ang-E0005.975.1979                 1 8.50000E+01 1.50000E+02
a-Mg024-MT002-Ikossi-T0252006-ang-E0005.977.1979                 2 5.00000E+01 1.15000E+02
a-Mg024-MT002-Ikossi-T0252006-ang-E0005.978.1979                 3 5.00000E+01 1.50000E+02
a-Mg024-MT002-Ikossi-T0252006-ang-E0005.979.1979                 3 1.50000E+02 1.50000E+02
a-Mg024-MT002-Kokame-E2246013-ang-E0028.400.1965                24 2.00000E+01 7.96000E+01
a-Mg024-MT002-Kokane-E2168004-ang-E0028.355.1964                25 1.99000E+01 8.02000E+01
a-Mg024-MT002-Lega-F0574003-ang-E0017.840.1971                   9 1.74000E+02 1.74000E+02
a-Mg024-MT002-Lega-F0661006-ang-E0022.200.1974                  76 2.35000E+01 1.73000E+02
a-Mg024-MT002-Lega-F0661008-ang-E0018.400.1974                  28 1.19400E+02 1.74700E+02
a-Mg024-MT002-Lega-F0661008-ang-E0020.700.1974                  28 1.19400E+02 1.74100E+02
a-Mg024-MT002-Mcneilly-T0295002-ang-E0016.250.1973              29 2.50000E+01 1.64400E+02
a-Mg024-MT002-Oliver-T0250003-ang-E0021.990.1973                 4 6.96000E+01 1.60300E+02
a-Mg024-MT002-Oliver-T0250003-ang-E0022.000.1973                 2 6.96000E+01 1.40300E+02
a-Mg024-MT002-Oliver-T0250003-ang-E0022.190.1973                 2 7.96000E+01 1.60300E+02
a-Mg024-MT002-Oliver-T0250003-ang-E0022.200.1973                 3 6.96000E+01 1.40300E+02
a-Mg024-MT002-Oliver-T0250003-ang-E0022.210.1973                 1 6.96000E+01 1.60300E+02
a-Mg024-MT002-Oliver-T0250003-ang-E0022.380.1973                 1 1.00200E+02 1.60300E+02
a-Mg024-MT002-Oliver-T0250003-ang-E0022.390.1973                 2 6.96000E+01 1.30200E+02
a-Mg024-MT002-Oliver-T0250003-ang-E0022.400.1973                 2 6.96000E+01 1.40300E+02
a-Mg024-MT002-Oliver-T0250003-ang-E0022.410.1973                 1 7.96000E+01 1.30200E+02
a-Mg024-MT002-Oliver-T0250003-ang-E0022.590.1973                 3 6.96000E+01 1.60300E+02
a-Mg024-MT002-Oliver-T0250003-ang-E0022.600.1973                 2 6.96000E+01 1.00200E+02
a-Mg024-MT002-Oliver-T0250003-ang-E0022.610.1973                 1 1.00200E+02 1.60300E+02
a-Mg024-MT002-Oliver-T0250003-ang-E0022.780.1973                 1 7.96000E+01 1.60300E+02
a-Mg024-MT002-Oliver-T0250003-ang-E0022.810.1973                 4 6.96000E+01 1.40300E+02
a-Mg024-MT002-Oliver-T0250003-ang-E0022.820.1973                 1 6.96000E+01 1.60300E+02
a-Mg024-MT002-Oliver-T0250003-ang-E0022.990.1973                 1 1.00200E+02 1.60300E+02
a-Mg024-MT002-Oliver-T0250003-ang-E0023.000.1973                 3 7.96000E+01 1.40300E+02
a-Mg024-MT002-Oliver-T0250003-ang-E0023.010.1973                 1 6.96000E+01 7.96000E+01
a-Mg024-MT002-Oliver-T0250003-ang-E0023.020.1973                 1 6.96000E+01 1.60300E+02
a-Mg024-MT002-Oliver-T0250003-ang-E0023.190.1973                 1 1.30200E+02 1.60300E+02
a-Mg024-MT002-Oliver-T0250003-ang-E0023.200.1973                 1 1.00200E+02 1.30200E+02
a-Mg024-MT002-Oliver-T0250003-ang-E0023.210.1973                 2 6.96000E+01 1.40300E+02
a-Mg024-MT002-Oliver-T0250003-ang-E0023.220.1973                 2 6.96000E+01 1.60300E+02
a-Mg024-MT002-Oliver-T0250003-ang-E0023.390.1973                 1 1.40300E+02 1.60300E+02
a-Mg024-MT002-Oliver-T0250003-ang-E0023.400.1973                 1 7.96000E+01 1.40300E+02
a-Mg024-MT002-Oliver-T0250003-ang-E0023.410.1973                 3 6.96000E+01 1.30200E+02
a-Mg024-MT002-Oliver-T0250003-ang-E0023.430.1973                 1 6.96000E+01 1.60300E+02
a-Mg024-MT002-Oliver-T0250003-ang-E0023.600.1973                 1 1.00200E+02 1.60300E+02
a-Mg024-MT002-Oliver-T0250003-ang-E0023.610.1973                 3 6.96000E+01 1.40300E+02
a-Mg024-MT002-Oliver-T0250003-ang-E0023.620.1973                 2 6.96000E+01 1.00200E+02
a-Mg024-MT002-Oliver-T0250003-ang-E0023.810.1973                 4 6.96000E+01 1.60300E+02
a-Mg024-MT002-Oliver-T0250003-ang-E0023.830.1973                 2 6.96000E+01 1.40300E+02
a-Mg024-MT002-Oliver-T0250003-ang-E0024.010.1973                 2 6.96000E+01 1.60300E+02
a-Mg024-MT002-Oliver-T0250003-ang-E0024.020.1973                 3 6.96000E+01 1.30200E+02
a-Mg024-MT002-Oliver-T0250003-ang-E0024.030.1973                 1 7.96000E+01 1.60300E+02
a-Mg024-MT002-Oliver-T0250003-ang-E0024.190.1973                 1 1.40300E+02 1.60300E+02
a-Mg024-MT002-Oliver-T0250003-ang-E0024.200.1973                 1 7.96000E+01 1.40300E+02
a-Mg024-MT002-Oliver-T0250003-ang-E0024.220.1973                 2 7.96000E+01 1.30200E+02
a-Mg024-MT002-Oliver-T0250003-ang-E0024.230.1973                 1 6.96000E+01 1.00200E+02
a-Mg024-MT002-Oliver-T0250003-ang-E0024.240.1973                 1 6.96000E+01 1.60300E+02
a-Mg024-MT002-Oliver-T0250003-ang-E0024.400.1973                 1 1.30200E+02 1.60300E+02
a-Mg024-MT002-Oliver-T0250003-ang-E0024.410.1973                 2 1.00200E+02 1.40300E+02
a-Mg024-MT002-Oliver-T0250003-ang-E0024.420.1973                 1 7.96000E+01 1.00200E+02
a-Mg024-MT002-Oliver-T0250003-ang-E0024.430.1973                 1 6.96000E+01 7.96000E+01
a-Mg024-MT002-Oliver-T0250003-ang-E0024.440.1973                 1 6.96000E+01 1.40300E+02
a-Mg024-MT002-Oliver-T0250003-ang-E0024.610.1973                 2 7.96000E+01 1.60300E+02
a-Mg024-MT002-Oliver-T0250003-ang-E0024.630.1973                 2 6.96000E+01 1.30200E+02
a-Mg024-MT002-Oliver-T0250003-ang-E0024.640.1973                 2 6.96000E+01 1.60300E+02
a-Mg024-MT002-Oliver-T0250003-ang-E0024.800.1973                 1 7.96000E+01 1.60300E+02
a-Mg024-MT002-Oliver-T0250003-ang-E0024.820.1973                 4 6.96000E+01 1.40300E+02
a-Mg024-MT002-Oliver-T0250003-ang-E0024.840.1973                 1 6.96000E+01 1.60300E+02
a-Mg024-MT002-Oliver-T0250003-ang-E0025.000.1973                 1 1.40300E+02 1.60300E+02
a-Mg024-MT002-Oliver-T0250003-ang-E0025.010.1973                 1 1.00200E+02 1.40300E+02
a-Mg024-MT002-Oliver-T0250003-ang-E0025.020.1973                 1 7.96000E+01 1.00200E+02
a-Mg024-MT002-Oliver-T0250003-ang-E0025.030.1973                 2 6.96000E+01 1.30200E+02
a-Mg024-MT002-Oliver-T0250003-ang-E0025.040.1973                 1 6.96000E+01 1.60300E+02
a-Mg024-MT002-Oliver-T0250003-ang-E0025.200.1973                 1 1.00200E+02 1.60300E+02
a-Mg024-MT002-Oliver-T0250003-ang-E0025.220.1973                 3 7.96000E+01 1.40300E+02
a-Mg024-MT002-Oliver-T0250003-ang-E0025.240.1973                 1 6.96000E+01 7.96000E+01
a-Mg024-MT002-Oliver-T0250003-ang-E0025.250.1973                 1 6.96000E+01 1.60300E+02
a-Mg024-MT002-Oliver-T0250003-ang-E0025.410.1973                 1 1.30200E+02 1.60300E+02
a-Mg024-MT002-Oliver-T0250003-ang-E0025.420.1973                 1 1.00200E+02 1.30200E+02
a-Mg024-MT002-Oliver-T0250003-ang-E0025.430.1973                 2 7.96000E+01 1.40300E+02
a-Mg024-MT002-Oliver-T0250003-ang-E0025.440.1973                 2 6.96000E+01 7.96000E+01
a-Mg024-MT002-Pavlova-F0672006-ang-E0038.000.1976               32 2.17000E+01 5.40000E+01
a-Mg024-MT002-Pavlova-F0672006-ang-E0050.500.1976               38 2.68000E+01 3.63000E+01
a-Mg024-MT002-Pignanelli-F0256010-ang-E0120.000.1986            46 4.09997E+00 6.51000E+01
a-Mg024-MT002-Ploskonka-F0592002-ang-E0023.033.1976              1 1.44300E+02 1.75000E+02
a-Mg024-MT002-Ploskonka-F0592002-ang-E0023.039.1976              1 4.00000E+01 1.44300E+02
a-Mg024-MT002-Ploskonka-F0592002-ang-E0023.041.1976              1 4.00000E+01 8.05300E+01
a-Mg024-MT002-Ploskonka-F0592002-ang-E0023.099.1976              1 8.05300E+01 1.44300E+02
a-Mg024-MT002-Ploskonka-F0592002-ang-E0023.131.1976              1 1.44300E+02 1.75000E+02
a-Mg024-MT002-Ploskonka-F0592002-ang-E0023.179.1976              1 4.00000E+01 1.75000E+02
a-Mg024-MT002-Ploskonka-F0592002-ang-E0023.190.1976              1 4.00000E+01 8.05300E+01
a-Mg024-MT002-Ploskonka-F0592002-ang-E0023.191.1976              1 8.05300E+01 1.44300E+02
a-Mg024-MT002-Ploskonka-F0592002-ang-E0023.212.1976              1 8.05300E+01 1.44300E+02
a-Mg024-MT002-Ploskonka-F0592002-ang-E0023.225.1976              1 8.05300E+01 1.75000E+02
a-Mg024-MT002-Ploskonka-F0592002-ang-E0023.245.1976              1 1.75000E+02 1.75000E+02
a-Mg024-MT002-Rebel-D0215006-ang-E0104.000.1972                103 3.99998E+00 6.96000E+01
a-Mg024-MT002-Reed-C1187002-ang-E0050.000.1968                  67 1.08000E+01 1.72200E+02
a-Mg024-MT002-Reed-C1187002-ang-E0065.700.1968                  74 1.30000E+01 1.40200E+02
a-Mg024-MT002-Reed-C1187002-ang-E0081.000.1968                  74 1.30000E+01 1.30000E+01
a-Mg024-MT002-Sadykov-D80590041-ang-E0050.500.2021              68 1.00000E+01 1.69800E+02
a-Mg024-MT002-Sauter-T0257002-ang-E0012.700.1974                42 1.56000E+01 1.69900E+02
a-Mg024-MT002-Skwirczynska-F0115003-ang-E0024.980.1986          32 1.78000E+02 1.78000E+02
a-Mg024-MT002-So-T0253002-ang-E0007.900.1966                   358 4.77000E+01 4.77000E+01
a-Mg024-MT002-So-T0253003-ang-E0004.000.1966                    18 2.54000E+01 1.37600E+02
a-Mg024-MT002-So-T0253003-ang-E0005.000.1966                    21 2.54000E+01 1.20500E+02
a-Mg024-MT002-So-T0253004-ang-E0012.300.1966                    43 3.04000E+01 1.66000E+02
a-Mg024-MT002-So-T0253004-ang-E0012.570.1966                    43 3.04000E+01 1.65100E+02
a-Mg024-MT002-Soga-E1388005-ang-E0021.980.1978                  20 1.52000E+02 1.52000E+02
a-Mg024-MT002-Soga-E1388006-ang-E0021.970.1978                  22 1.58000E+02 1.58000E+02
a-Mg024-MT002-Soga-E1388007-ang-E0022.150.1978                  18 1.64000E+02 1.64000E+02
a-Mg024-MT002-Soga-E1388008-ang-E0021.980.1978                  24 1.73000E+02 1.73000E+02
a-Mg024-MT002-Soga-E1388013-ang-E0024.350.1978                  15 1.52000E+02 1.52000E+02
a-Mg024-MT002-Soga-E1388014-ang-E0024.350.1978                  17 1.63000E+02 1.63000E+02
a-Mg024-MT002-Soga-E1388015-ang-E0024.350.1978                  19 1.69000E+02 1.69000E+02
a-Mg024-MT002-Soga-E1388016-ang-E0024.320.1978                  19 1.75000E+02 1.75000E+02
a-Mg024-MT002-Takeda-F0512003-ang-E0021.372.1971                69 1.76350E+02 1.76350E+02
a-Mg024-MT002-Takeda-F0512005-ang-E0021.910.1971                81 1.61000E+01 1.77900E+02
a-Mg024-MT002-Takeda-F0512005-ang-E0022.100.1971                78 1.27000E+01 1.78600E+02
a-Mg024-MT002-Takeda-F0512005-ang-E0022.220.1971                82 1.27000E+01 1.78300E+02
a-Mg024-MT002-Takeda-F0512005-ang-E0022.300.1971                81 1.68000E+01 1.78300E+02
a-Mg024-MT002-Takeda-F0512005-ang-E0022.380.1971                77 1.54000E+01 1.77600E+02
a-Mg024-MT002-Takeda-F0512005-ang-E0022.470.1971                76 1.54000E+01 1.79300E+02
a-Mg024-MT002-Takeda-F0512005-ang-E0022.600.1971                39 1.79000E+01 1.79901E+02
a-Mg024-MT002-Takeda-F0512005-ang-E0022.770.1971                80 1.74000E+01 1.79300E+02
a-Mg024-MT002-Takeda-F0512005-ang-E0023.480.1971                82 1.74000E+01 1.79901E+02
a-Mg024-MT002-Thompson-T0254002-ang-E0010.800.1967              30 2.64000E+01 1.79600E+02
a-Mg024-MT002-Weinman-T0268002-ang-E0003.183.1964                1 9.00000E+01 1.25300E+02
a-Mg024-MT002-Weinman-T0268002-ang-E0003.185.1964                1 9.00000E+01 1.25300E+02
a-Mg024-MT002-Weinman-T0268002-ang-E0003.187.1964                1 9.00000E+01 1.25300E+02
a-Mg024-MT002-Weinman-T0268002-ang-E0003.188.1964                1 9.00000E+01 1.25300E+02
a-Mg024-MT002-Weinman-T0268002-ang-E0003.190.1964                1 9.00000E+01 1.25300E+02
a-Mg024-MT002-Weinman-T0268002-ang-E0003.193.1964                1 9.00000E+01 1.25300E+02
a-Mg024-MT002-Weinman-T0268002-ang-E0003.196.1964                1 9.00000E+01 1.25300E+02
a-Mg024-MT002-Weinman-T0268002-ang-E0003.197.1964                1 9.00000E+01 1.25300E+02
a-Mg024-MT002-Weinman-T0268002-ang-E0003.200.1964                1 9.00000E+01 1.25300E+02
a-Mg024-MT002-Weinman-T0268002-ang-E0003.201.1964                1 9.00000E+01 1.25300E+02
a-Mg024-MT002-Weinman-T0268002-ang-E0003.203.1964                1 9.00000E+01 1.25300E+02
a-Mg024-MT002-Weinman-T0268002-ang-E0003.205.1964                1 9.00000E+01 1.25300E+02
a-Mg024-MT002-Weinman-T0268002-ang-E0003.207.1964                1 9.00000E+01 1.25300E+02
a-Mg024-MT002-Weinman-T0268002-ang-E0003.210.1964                1 9.00000E+01 1.25300E+02
a-Mg024-MT002-Weinman-T0268002-ang-E0003.212.1964                1 9.00000E+01 9.00000E+01
a-Mg024-MT002-Wiktor-D0213003-ang-E0172.500.1981                68 4.79996E+00 4.50000E+01
a-Mg024-MT002-Wilkerson-T0066016-ang-E0006.100.1992              2 6.00000E+01 1.17000E+02
a-Mg024-MT002-Wilkerson-T0066016-ang-E0006.101.1992              2 6.00000E+01 1.44000E+02
a-Mg024-MT002-Wilkerson-T0066016-ang-E0006.101A001.1992          3 6.00000E+01 1.65000E+02
a-Mg024-MT002-Wilkerson-T0066016-ang-E0006.101A002.1992          3 6.00000E+01 1.44000E+02
a-Mg024-MT002-Wilkerson-T0066016-ang-E0006.101A003.1992          2 6.00000E+01 1.65000E+02
a-Mg024-MT002-Wilkerson-T0066016-ang-E0006.101A004.1992          3 6.00000E+01 1.44000E+02
a-Mg024-MT002-Wilkerson-T0066016-ang-E0006.101A005.1992          3 6.00000E+01 1.65000E+02
a-Mg024-MT002-YuanRongfangg-F0612002-ang-E0018.000.1982         82 1.30000E+01 1.77400E+02
