#              Filename                                         N    min         max
p-Co059-MT002-Dayton-O0262006-ang-E0017.291.1956                36 1.51000E+01 1.72100E+02
p-Co059-MT002-Fulmer-C1019014-ang-E0022.200.1962                 1 9.00000E+01 9.00000E+01
p-Co059-MT002-Gubin-F1407002-ang-E0005.791.1974                  1 9.00000E+01 1.00000E+02
p-Co059-MT002-Gubin-F1407002-ang-E0005.794.1974                  1 1.00000E+02 1.10000E+02
p-Co059-MT002-Gubin-F1407002-ang-E0005.804.1974                  1 8.00000E+01 1.10000E+02
p-Co059-MT002-Gubin-F1407002-ang-E0005.806.1974                  1 7.00000E+01 8.00000E+01
p-Co059-MT002-Gubin-F1407002-ang-E0005.810.1974                  1 7.00000E+01 1.50000E+02
p-Co059-MT002-Gubin-F1407002-ang-E0005.813.1974                  1 1.50000E+02 1.60000E+02
p-Co059-MT002-Gubin-F1407002-ang-E0005.816.1974                  1 1.20000E+02 1.60000E+02
p-Co059-MT002-Gubin-F1407002-ang-E0005.817.1974                  1 6.00000E+01 1.20000E+02
p-Co059-MT002-Gubin-F1407002-ang-E0005.819.1974                  2 6.00000E+01 1.40000E+02
p-Co059-MT002-Gubin-F1407002-ang-E0005.831.1974                  1 9.00000E+01 1.30000E+02
p-Co059-MT002-Gubin-F1407002-ang-E0005.832.1974                  1 1.00000E+02 1.30000E+02
p-Co059-MT002-Gubin-F1407002-ang-E0005.839.1974                  1 1.00000E+02 1.60000E+02
p-Co059-MT002-Gubin-F1407002-ang-E0005.841.1974                  1 7.00000E+01 1.60000E+02
p-Co059-MT002-Gubin-F1407002-ang-E0005.845.1974                  2 7.00000E+01 1.50000E+02
p-Co059-MT002-Gubin-F1407002-ang-E0005.846.1974                  1 1.40000E+02 1.50000E+02
p-Co059-MT002-Gubin-F1407002-ang-E0005.848.1974                  1 1.10000E+02 1.40000E+02
p-Co059-MT002-Gubin-F1407002-ang-E0005.849.1974                  1 6.00000E+01 1.10000E+02
p-Co059-MT002-Gubin-F1407002-ang-E0005.853.1974                  1 6.00000E+01 1.20000E+02
p-Co059-MT002-Gubin-F1407002-ang-E0005.867.1974                  1 1.20000E+02 1.30000E+02
p-Co059-MT002-Gubin-F1407002-ang-E0005.868.1974                  1 7.00000E+01 1.30000E+02
p-Co059-MT002-Gubin-F1407002-ang-E0005.874.1974                  1 7.00000E+01 1.50000E+02
p-Co059-MT002-Gubin-F1407002-ang-E0005.875.1974                  1 6.00000E+01 1.50000E+02
p-Co059-MT002-Gubin-F1407002-ang-E0005.879.1974                  3 6.00000E+01 1.60000E+02
p-Co059-MT002-Gubin-F1407002-ang-E0005.883.1974                  1 1.00000E+02 1.40000E+02
p-Co059-MT002-Gubin-F1407002-ang-E0005.885.1974                  1 8.00000E+01 1.00000E+02
p-Co059-MT002-Gubin-F1407002-ang-E0005.888.1974                  1 8.00000E+01 1.30000E+02
p-Co059-MT002-Gubin-F1407002-ang-E0005.890.1974                  1 1.10000E+02 1.30000E+02
p-Co059-MT002-Gubin-F1407002-ang-E0005.894.1974                  1 1.10000E+02 1.60000E+02
p-Co059-MT002-Gubin-F1407002-ang-E0005.900.1974                  1 1.40000E+02 1.60000E+02
p-Co059-MT002-Gubin-F1407002-ang-E0005.901.1974                  1 1.40000E+02 1.50000E+02
p-Co059-MT002-Gubin-F1407002-ang-E0005.904.1974                  1 1.20000E+02 1.50000E+02
p-Co059-MT002-Gubin-F1407002-ang-E0005.907.1974                  1 6.00000E+01 1.20000E+02
p-Co059-MT002-Gubin-F1407002-ang-E0005.915.1974                  1 6.00000E+01 7.00000E+01
p-Co059-MT002-Gubin-F1407002-ang-E0005.917.1974                  2 7.00000E+01 1.00000E+02
p-Co059-MT002-Gubin-F1407002-ang-E0005.920.1974                  1 9.00000E+01 1.30000E+02
p-Co059-MT002-Gubin-F1407002-ang-E0005.921.1974                  1 8.00000E+01 1.30000E+02
p-Co059-MT002-Gubin-F1407002-ang-E0005.923.1974                  1 8.00000E+01 1.40000E+02
p-Co059-MT002-Gubin-F1407002-ang-E0005.927.1974                  1 1.40000E+02 1.50000E+02
p-Co059-MT002-Gubin-F1407002-ang-E0005.929.1974                  1 1.10000E+02 1.50000E+02
p-Co059-MT002-Gubin-F1407002-ang-E0005.931.1974                  1 1.10000E+02 1.60000E+02
p-Co059-MT002-Gubin-F1407002-ang-E0005.932.1974                  1 6.00000E+01 1.60000E+02
p-Co059-MT002-Gubin-F1407002-ang-E0005.943.1974                  1 6.00000E+01 9.00000E+01
p-Co059-MT002-Gubin-F1407002-ang-E0005.945.1974                  1 9.00000E+01 1.30000E+02
p-Co059-MT002-Gubin-F1407002-ang-E0005.949.1974                  1 1.20000E+02 1.30000E+02
p-Co059-MT002-Gubin-F1407002-ang-E0005.950.1974                  1 7.00000E+01 1.20000E+02
p-Co059-MT002-Gubin-F1407002-ang-E0005.955.1974                  1 7.00000E+01 1.00000E+02
p-Co059-MT002-Gubin-F1407002-ang-E0005.957.1974                  2 1.00000E+02 1.50000E+02
p-Co059-MT002-Gubin-F1407002-ang-E0005.959.1974                  1 8.00000E+01 1.50000E+02
p-Co059-MT002-Gubin-F1407002-ang-E0005.961.1974                  1 8.00000E+01 1.60000E+02
p-Co059-MT002-Gubin-F1407002-ang-E0005.963.1974                  1 1.10000E+02 1.60000E+02
p-Co059-MT002-Gubin-F1407002-ang-E0005.970.1974                  1 1.10000E+02 1.30000E+02
p-Co059-MT002-Gubin-F1407002-ang-E0005.977.1974                  1 6.00000E+01 1.30000E+02
p-Co059-MT002-Gubin-F1407002-ang-E0005.980.1974                  1 6.00000E+01 9.00000E+01
p-Co059-MT002-Gubin-F1407002-ang-E0005.984.1974                  1 9.00000E+01 1.20000E+02
p-Co059-MT002-Gubin-F1407002-ang-E0005.988.1974                  2 7.00000E+01 1.50000E+02
p-Co059-MT002-Gubin-F1407002-ang-E0005.989.1974                  2 7.00000E+01 1.60000E+02
p-Co059-MT002-Gubin-F1407002-ang-E0005.990.1974                  1 1.40000E+02 1.60000E+02
p-Co059-MT002-Gubin-F1407002-ang-E0005.992.1974                  1 1.30000E+02 1.40000E+02
p-Co059-MT002-Gubin-F1407002-ang-E0006.001.1974                  1 1.10000E+02 1.30000E+02
p-Co059-MT002-Gubin-F1407002-ang-E0006.005.1974                  1 1.10000E+02 1.40000E+02
p-Co059-MT002-Gubin-F1407002-ang-E0006.014.1974                  1 6.00000E+01 1.40000E+02
p-Co059-MT002-Gubin-F1407002-ang-E0006.015.1974                  1 6.00000E+01 1.60000E+02
p-Co059-MT002-Gubin-F1407002-ang-E0006.022.1974                  1 9.00000E+01 1.60000E+02
p-Co059-MT002-Gubin-F1407002-ang-E0006.023.1974                  1 7.00000E+01 9.00000E+01
p-Co059-MT002-Gubin-F1407002-ang-E0006.024.1974                  1 7.00000E+01 1.50000E+02
p-Co059-MT002-Gubin-F1407002-ang-E0006.026.1974                  1 1.00000E+02 1.50000E+02
p-Co059-MT002-Gubin-F1407002-ang-E0006.028.1974                  1 1.00000E+02 1.20000E+02
p-Co059-MT002-Gubin-F1407002-ang-E0006.029.1974                  1 8.00000E+01 1.20000E+02
p-Co059-MT002-Gubin-F1407002-ang-E0006.030.1974                  1 8.00000E+01 1.30000E+02
p-Co059-MT002-Gubin-F1407002-ang-E0006.033.1974                  1 6.00000E+01 1.30000E+02
p-Co059-MT002-Gubin-F1407002-ang-E0006.042.1974                  1 6.00000E+01 1.60000E+02
p-Co059-MT002-Gubin-F1407002-ang-E0006.046.1974                  1 1.40000E+02 1.60000E+02
p-Co059-MT002-Gubin-F1407002-ang-E0006.047.1974                  1 1.40000E+02 1.50000E+02
p-Co059-MT002-Gubin-F1407002-ang-E0006.050.1974                  1 9.00000E+01 1.50000E+02
p-Co059-MT002-Gubin-F1407002-ang-E0006.051.1974                  1 9.00000E+01 1.10000E+02
p-Co059-MT002-Gubin-F1407002-ang-E0006.052.1974                  1 7.00000E+01 1.10000E+02
p-Co059-MT002-Gubin-F1407002-ang-E0006.053.1974                  2 7.00000E+01 1.30000E+02
p-Co059-MT002-Gubin-F1407002-ang-E0006.058.1974                  1 8.00000E+01 1.20000E+02
p-Co059-MT002-Gubin-F1407002-ang-E0006.064.1974                  1 1.20000E+02 1.50000E+02
p-Co059-MT002-Gubin-F1407002-ang-E0006.074.1974                  1 1.40000E+02 1.50000E+02
p-Co059-MT002-Gubin-F1407002-ang-E0006.076.1974                  1 6.00000E+01 1.40000E+02
p-Co059-MT002-Gubin-F1407002-ang-E0006.077.1974                  1 6.00000E+01 1.00000E+02
p-Co059-MT002-Gubin-F1407002-ang-E0006.082.1974                  1 1.00000E+02 1.60000E+02
p-Co059-MT002-Gubin-F1407002-ang-E0006.083.1974                  1 1.30000E+02 1.60000E+02
p-Co059-MT002-Gubin-F1407002-ang-E0006.089.1974                  1 9.00000E+01 1.30000E+02
p-Co059-MT002-Gubin-F1407002-ang-E0006.090.1974                  2 7.00000E+01 1.10000E+02
p-Co059-MT002-Gubin-F1407002-ang-E0006.091.1974                  1 7.00000E+01 8.00000E+01
p-Co059-MT002-Gubin-F1407002-ang-E0006.093.1974                  1 6.00000E+01 8.00000E+01
p-Co059-MT002-Gubin-F1407002-ang-E0006.106.1974                  1 6.00000E+01 1.00000E+02
p-Co059-MT002-Gubin-F1407002-ang-E0006.108.1974                  3 1.00000E+02 1.50000E+02
p-Co059-MT002-Gubin-F1407002-ang-E0006.110.1974                  1 1.20000E+02 1.30000E+02
p-Co059-MT002-Gubin-F1407002-ang-E0006.111.1974                  1 1.20000E+02 1.60000E+02
p-Co059-MT002-Gubin-F1407002-ang-E0006.112.1974                  1 1.10000E+02 1.60000E+02
p-Co059-MT002-Gubin-F1407002-ang-E0006.128.1974                  1 1.10000E+02 1.50000E+02
p-Co059-MT002-Gubin-F1407002-ang-E0006.133.1974                  1 1.30000E+02 1.50000E+02
p-Co059-MT002-Gubin-F1407002-ang-E0006.134.1974                  1 9.00000E+01 1.30000E+02
p-Co059-MT002-Gubin-F1407002-ang-E0006.135.1974                  1 7.00000E+01 9.00000E+01
p-Co059-MT002-Gubin-F1407002-ang-E0006.137.1974                  1 6.00000E+01 7.00000E+01
p-Co059-MT002-Gubin-F1407002-ang-E0006.139.1974                  1 6.00000E+01 1.40000E+02
p-Co059-MT002-Gubin-F1407002-ang-E0006.140.1974                  1 8.00000E+01 1.40000E+02
p-Co059-MT002-Gubin-F1407002-ang-E0006.141.1974                  2 8.00000E+01 1.60000E+02
p-Co059-MT002-Gubin-F1407002-ang-E0006.143.1974                  1 1.00000E+02 1.20000E+02
p-Co059-MT002-Gubin-F1407002-ang-E0006.146.1974                  1 1.00000E+02 1.40000E+02
p-Co059-MT002-Gubin-F1407002-ang-E0006.156.1974                  1 8.00000E+01 1.40000E+02
p-Co059-MT002-Gubin-F1407002-ang-E0006.161.1974                  1 8.00000E+01 1.50000E+02
p-Co059-MT002-Gubin-F1407002-ang-E0006.162.1974                  1 1.10000E+02 1.50000E+02
p-Co059-MT002-Gubin-F1407002-ang-E0006.165.1974                  2 1.10000E+02 1.60000E+02
p-Co059-MT002-Gubin-F1407002-ang-E0006.167.1974                  1 6.00000E+01 1.60000E+02
p-Co059-MT002-Gubin-F1407002-ang-E0006.171.1974                  3 6.00000E+01 1.00000E+02
p-Co059-MT002-Gubin-F1407002-ang-E0006.188.1974                  3 1.00000E+02 1.60000E+02
p-Co059-MT002-Gubin-F1407002-ang-E0006.198.1974                  1 1.50000E+02 1.60000E+02
p-Co059-MT002-Gubin-F1407002-ang-E0006.200.1974                  1 6.00000E+01 1.50000E+02
p-Co059-MT002-Gubin-F1407002-ang-E0006.201.1974                  2 6.00000E+01 8.00000E+01
p-Co059-MT002-Gubin-F1407002-ang-E0006.204.1974                  2 8.00000E+01 1.10000E+02
p-Co059-MT002-Gubin-F1407002-ang-E0006.210.1974                  1 9.00000E+01 1.40000E+02
p-Co059-MT002-Gubin-F1407002-ang-E0006.213.1974                  1 1.30000E+02 1.40000E+02
p-Co059-MT002-Gubin-F1407002-ang-E0006.222.1974                  1 1.20000E+02 1.30000E+02
p-Co059-MT002-Gubin-F1407002-ang-E0006.224.1974                  1 1.00000E+02 1.20000E+02
p-Co059-MT002-Gubin-F1407002-ang-E0006.228.1974                  1 1.00000E+02 1.50000E+02
p-Co059-MT002-Gubin-F1407002-ang-E0006.230.1974                  1 1.50000E+02 1.60000E+02
p-Co059-MT002-Gubin-F1407002-ang-E0006.232.1974                  1 9.00000E+01 1.60000E+02
p-Co059-MT002-Gubin-F1407002-ang-E0006.235.1974                  1 8.00000E+01 9.00000E+01
p-Co059-MT002-Gubin-F1407002-ang-E0006.236.1974                  1 6.00000E+01 8.00000E+01
p-Co059-MT002-Gubin-F1407002-ang-E0006.242.1974                  2 6.00000E+01 1.10000E+02
p-Co059-MT002-Gubin-F1407002-ang-E0006.244.1974                  1 1.10000E+02 1.30000E+02
p-Co059-MT002-Gubin-F1407002-ang-E0006.249.1974                  2 1.30000E+02 1.50000E+02
p-Co059-MT002-Gubin-F1407002-ang-E0006.257.1974                  1 1.50000E+02 1.60000E+02
p-Co059-MT002-Gubin-F1407002-ang-E0006.258.1974                  1 8.00000E+01 1.60000E+02
p-Co059-MT002-Gubin-F1407002-ang-E0006.264.1974                  2 8.00000E+01 1.20000E+02
p-Co059-MT002-Gubin-F1407002-ang-E0006.269.1974                  1 6.00000E+01 1.20000E+02
p-Co059-MT002-Gubin-F1407002-ang-E0006.283.1974                  2 6.00000E+01 1.30000E+02
p-Co059-MT002-Gubin-F1407002-ang-E0006.287.1974                  2 7.00000E+01 1.50000E+02
p-Co059-MT002-Gubin-F1407002-ang-E0006.288.1974                  1 9.00000E+01 1.10000E+02
p-Co059-MT002-Gubin-F1407002-ang-E0006.293.1974                  2 9.00000E+01 1.60000E+02
p-Co059-MT002-Gubin-F1407002-ang-E0006.295.1974                  1 1.30000E+02 1.60000E+02
p-Co059-MT002-Gubin-F1407002-ang-E0006.306.1974                  1 1.20000E+02 1.30000E+02
p-Co059-MT002-Gubin-F1407002-ang-E0006.311.1974                  1 8.00000E+01 1.20000E+02
p-Co059-MT002-Gubin-F1407002-ang-E0006.315.1974                  1 8.00000E+01 1.00000E+02
p-Co059-MT002-Gubin-F1407002-ang-E0006.317.1974                  1 6.00000E+01 1.00000E+02
p-Co059-MT002-Gubin-F1407002-ang-E0006.325.1974                  1 6.00000E+01 9.00000E+01
p-Co059-MT002-Gubin-F1407002-ang-E0006.329.1974                  1 9.00000E+01 1.50000E+02
p-Co059-MT002-Gubin-F1407002-ang-E0006.331.1974                  1 1.50000E+02 1.60000E+02
p-Co059-MT002-Gubin-F1407002-ang-E0006.332.1974                  1 7.00000E+01 1.60000E+02
p-Co059-MT002-Gubin-F1407002-ang-E0006.333.1974                  1 7.00000E+01 1.10000E+02
p-Co059-MT002-Gubin-F1407002-ang-E0006.336.1974                  1 1.10000E+02 1.30000E+02
p-Co059-MT002-Gubin-F1407002-ang-E0006.340.1974                  2 1.30000E+02 1.40000E+02
p-Co059-MT002-Perey-C2165007-ang-E0011.000.1968                 31 1.50000E+01 1.65000E+02
p-Co059-MT002-Sakaguchi-E1201004-ang-E0065.000.1981             33 1.51000E+01 7.52000E+01
p-Co059-MT002-Sakaguchi-O0032015S-ang-E0065.000.1983            33 1.51000E+01 7.52000E+01
