#              Filename                                         N    min         max
p-Ni062-MT002-Arai-E1494010-ang-E0003.008.1976                1736 1.60000E+02 1.60000E+02
p-Ni062-MT002-Beuzit-O0458002-ang-E0012.000.1969                23 3.70000E+01 1.61800E+02
p-Ni062-MT002-Comparat-O0049007-ang-E0156.000.1974              27 4.79996E+00 4.18000E+01
p-Ni062-MT002-Dallimore-O0485005-ang-E0008.025.1969             27 3.17000E+01 1.57800E+02
p-Ni062-MT002-Dickens-C2175002-ang-E0012.000.1965               30 2.00000E+01 1.65000E+02
p-Ni062-MT002-Gubin-F1407005-ang-E0005.959.1974                  1 1.10000E+02 1.30000E+02
p-Ni062-MT002-Gubin-F1407005-ang-E0005.962.1974                  1 6.00000E+01 1.30000E+02
p-Ni062-MT002-Gubin-F1407005-ang-E0005.968.1974                  2 6.00000E+01 9.00000E+01
p-Ni062-MT002-Gubin-F1407005-ang-E0005.972.1974                  1 9.00000E+01 1.40000E+02
p-Ni062-MT002-Gubin-F1407005-ang-E0005.976.1974                  1 1.20000E+02 1.40000E+02
p-Ni062-MT002-Gubin-F1407005-ang-E0005.978.1974                  1 1.20000E+02 1.60000E+02
p-Ni062-MT002-Gubin-F1407005-ang-E0005.979.1974                  1 1.50000E+02 1.60000E+02
p-Ni062-MT002-Gubin-F1407005-ang-E0005.981.1974                  1 8.00000E+01 1.50000E+02
p-Ni062-MT002-Gubin-F1407005-ang-E0005.982.1974                  2 8.00000E+01 1.30000E+02
p-Ni062-MT002-Gubin-F1407005-ang-E0005.988.1974                  1 1.10000E+02 1.30000E+02
p-Ni062-MT002-Gubin-F1407005-ang-E0005.997.1974                  1 6.00000E+01 1.10000E+02
p-Ni062-MT002-Gubin-F1407005-ang-E0005.998.1974                  2 6.00000E+01 1.40000E+02
p-Ni062-MT002-Gubin-F1407005-ang-E0006.009.1974                  1 9.00000E+01 1.40000E+02
p-Ni062-MT002-Gubin-F1407005-ang-E0006.014.1974                  1 9.00000E+01 1.20000E+02
p-Ni062-MT002-Gubin-F1407005-ang-E0006.015.1974                  1 8.00000E+01 1.20000E+02
p-Ni062-MT002-Gubin-F1407005-ang-E0006.016.1974                  2 8.00000E+01 1.60000E+02
p-Ni062-MT002-Gubin-F1407005-ang-E0006.019.1974                  1 1.00000E+02 1.60000E+02
p-Ni062-MT002-Gubin-F1407005-ang-E0006.021.1974                  2 6.00000E+01 1.30000E+02
p-Ni062-MT002-Gubin-F1407005-ang-E0006.028.1974                  1 6.00000E+01 7.00000E+01
p-Ni062-MT002-Gubin-F1407005-ang-E0006.033.1974                  1 7.00000E+01 1.40000E+02
p-Ni062-MT002-Gubin-F1407005-ang-E0006.042.1974                  2 1.10000E+02 1.50000E+02
p-Ni062-MT002-Gubin-F1407005-ang-E0006.043.1974                  1 1.10000E+02 1.60000E+02
p-Ni062-MT002-Gubin-F1407005-ang-E0006.045.1974                  1 8.00000E+01 1.60000E+02
p-Ni062-MT002-Gubin-F1407005-ang-E0006.048.1974                  1 8.00000E+01 9.00000E+01
p-Ni062-MT002-Gubin-F1407005-ang-E0006.049.1974                  3 9.00000E+01 1.30000E+02
p-Ni062-MT002-Gubin-F1407005-ang-E0006.051.1974                  1 7.00000E+01 1.20000E+02
p-Ni062-MT002-Gubin-F1407005-ang-E0006.058.1974                  1 6.00000E+01 7.00000E+01
p-Ni062-MT002-Gubin-F1407005-ang-E0006.061.1974                  1 6.00000E+01 1.40000E+02
p-Ni062-MT002-Gubin-F1407005-ang-E0006.067.1974                  1 1.40000E+02 1.60000E+02
p-Ni062-MT002-Gubin-F1407005-ang-E0006.070.1974                  1 1.30000E+02 1.60000E+02
p-Ni062-MT002-Gubin-F1407005-ang-E0006.071.1974                  1 1.30000E+02 1.50000E+02
p-Ni062-MT002-Gubin-F1407005-ang-E0006.074.1974                  1 8.00000E+01 1.50000E+02
p-Ni062-MT002-Gubin-F1407005-ang-E0006.083.1974                  1 8.00000E+01 9.00000E+01
p-Ni062-MT002-Gubin-F1407005-ang-E0006.087.1974                  1 7.00000E+01 9.00000E+01
p-Ni062-MT002-Gubin-F1407005-ang-E0006.092.1974                  2 7.00000E+01 1.30000E+02
p-Ni062-MT002-Gubin-F1407005-ang-E0006.094.1974                  2 1.00000E+02 1.40000E+02
p-Ni062-MT002-Gubin-F1407005-ang-E0006.095.1974                  1 6.00000E+01 1.20000E+02
p-Ni062-MT002-Gubin-F1407005-ang-E0006.099.1974                  2 6.00000E+01 1.50000E+02
p-Ni062-MT002-Gubin-F1407005-ang-E0006.104.1974                  1 1.10000E+02 1.60000E+02
p-Ni062-MT002-Gubin-F1407005-ang-E0006.106.1974                  1 9.00000E+01 1.60000E+02
p-Ni062-MT002-Gubin-F1407005-ang-E0006.120.1974                  1 9.00000E+01 1.40000E+02
p-Ni062-MT002-Gubin-F1407005-ang-E0006.122.1974                  1 7.00000E+01 1.40000E+02
p-Ni062-MT002-Gubin-F1407005-ang-E0006.123.1974                  1 7.00000E+01 1.50000E+02
p-Ni062-MT002-Gubin-F1407005-ang-E0006.124.1974                  1 6.00000E+01 1.50000E+02
p-Ni062-MT002-Gubin-F1407005-ang-E0006.127.1974                  2 6.00000E+01 1.60000E+02
p-Ni062-MT002-Gubin-F1407005-ang-E0006.130.1974                  1 1.30000E+02 1.60000E+02
p-Ni062-MT002-Gubin-F1407005-ang-E0006.133.1974                  1 1.00000E+02 1.30000E+02
p-Ni062-MT002-Gubin-F1407005-ang-E0006.140.1974                  1 1.00000E+02 1.30000E+02
p-Ni062-MT002-Gubin-F1407005-ang-E0006.148.1974                  1 1.10000E+02 1.30000E+02
p-Ni062-MT002-Gubin-F1407005-ang-E0006.151.1974                  1 8.00000E+01 1.10000E+02
p-Ni062-MT002-Gubin-F1407005-ang-E0006.153.1974                  1 7.00000E+01 8.00000E+01
p-Ni062-MT002-Gubin-F1407005-ang-E0006.154.1974                  1 6.00000E+01 7.00000E+01
p-Ni062-MT002-Gubin-F1407005-ang-E0006.161.1974                  2 6.00000E+01 1.50000E+02
p-Ni062-MT002-Gubin-F1407005-ang-E0006.163.1974                  1 9.00000E+01 1.60000E+02
p-Ni062-MT002-Gubin-F1407005-ang-E0006.164.1974                  1 1.20000E+02 1.60000E+02
p-Ni062-MT002-Gubin-F1407005-ang-E0006.169.1974                  1 1.00000E+02 1.20000E+02
p-Ni062-MT002-Gubin-F1407005-ang-E0006.171.1974                  1 1.00000E+02 1.30000E+02
p-Ni062-MT002-Gubin-F1407005-ang-E0006.177.1974                  1 1.30000E+02 1.40000E+02
p-Ni062-MT002-Gubin-F1407005-ang-E0006.180.1974                  1 1.40000E+02 1.50000E+02
p-Ni062-MT002-Gubin-F1407005-ang-E0006.186.1974                  1 7.00000E+01 1.50000E+02
p-Ni062-MT002-Gubin-F1407005-ang-E0006.187.1974                  1 6.00000E+01 7.00000E+01
p-Ni062-MT002-Gubin-F1407005-ang-E0006.189.1974                  1 6.00000E+01 8.00000E+01
p-Ni062-MT002-Gubin-F1407005-ang-E0006.190.1974                  2 8.00000E+01 1.60000E+02
p-Ni062-MT002-Gubin-F1407005-ang-E0006.192.1974                  1 1.20000E+02 1.60000E+02
p-Ni062-MT002-Gubin-F1407005-ang-E0006.198.1974                  1 9.00000E+01 1.20000E+02
p-Ni062-MT002-Gubin-F1407005-ang-E0006.202.1974                  1 9.00000E+01 1.30000E+02
p-Ni062-MT002-Gubin-F1407005-ang-E0006.207.1974                  2 1.20000E+02 1.40000E+02
p-Ni062-MT002-Gubin-F1407005-ang-E0006.216.1974                  1 1.20000E+02 1.50000E+02
p-Ni062-MT002-Gubin-F1407005-ang-E0006.218.1974                  1 1.00000E+02 1.50000E+02
p-Ni062-MT002-Gubin-F1407005-ang-E0006.219.1974                  1 7.00000E+01 1.00000E+02
p-Ni062-MT002-Gubin-F1407005-ang-E0006.221.1974                  1 7.00000E+01 8.00000E+01
p-Ni062-MT002-Gubin-F1407005-ang-E0006.228.1974                  1 8.00000E+01 1.60000E+02
p-Ni062-MT002-Gubin-F1407005-ang-E0006.229.1974                  1 6.00000E+01 1.60000E+02
p-Ni062-MT002-Gubin-F1407005-ang-E0006.230.1974                  1 6.00000E+01 1.10000E+02
p-Ni062-MT002-Gubin-F1407005-ang-E0006.232.1974                  1 1.10000E+02 1.30000E+02
p-Ni062-MT002-Gubin-F1407005-ang-E0006.233.1974                  1 9.00000E+01 1.30000E+02
p-Ni062-MT002-Gubin-F1407005-ang-E0006.240.1974                  1 9.00000E+01 1.40000E+02
p-Ni062-MT002-Gubin-F1407005-ang-E0006.244.1974                  1 1.40000E+02 1.50000E+02
p-Ni062-MT002-Gubin-F1407005-ang-E0006.250.1974                  1 1.00000E+02 1.50000E+02
p-Ni062-MT002-Gubin-F1407005-ang-E0006.255.1974                  1 1.00000E+02 1.20000E+02
p-Ni062-MT002-Gubin-F1407005-ang-E0006.256.1974                  1 1.20000E+02 1.60000E+02
p-Ni062-MT002-Gubin-F1407005-ang-E0006.257.1974                  1 7.00000E+01 1.60000E+02
p-Ni062-MT002-Gubin-F1407005-ang-E0006.259.1974                  1 7.00000E+01 1.30000E+02
p-Ni062-MT002-Gubin-F1407005-ang-E0006.265.1974                  1 8.00000E+01 1.30000E+02
p-Ni062-MT002-Gubin-F1407005-ang-E0006.267.1974                  1 6.00000E+01 8.00000E+01
p-Ni062-MT002-Gubin-F1407005-ang-E0006.274.1974                  1 6.00000E+01 1.40000E+02
p-Ni062-MT002-Gubin-F1407005-ang-E0006.276.1974                  1 1.10000E+02 1.40000E+02
p-Ni062-MT002-Gubin-F1407005-ang-E0006.280.1974                  1 1.10000E+02 1.50000E+02
p-Ni062-MT002-Gubin-F1407005-ang-E0006.282.1974                  1 9.00000E+01 1.50000E+02
p-Ni062-MT002-Gubin-F1407005-ang-E0006.284.1974                  1 9.00000E+01 1.60000E+02
p-Ni062-MT002-Gubin-F1407005-ang-E0006.286.1974                  1 1.00000E+02 1.60000E+02
p-Ni062-MT002-Gubin-F1407005-ang-E0006.297.1974                  1 7.00000E+01 1.00000E+02
p-Ni062-MT002-Gubin-F1407005-ang-E0006.298.1974                  2 7.00000E+01 1.30000E+02
p-Ni062-MT002-Gubin-F1407005-ang-E0006.299.1974                  1 6.00000E+01 1.20000E+02
p-Ni062-MT002-Gubin-F1407005-ang-E0006.312.1974                  1 6.00000E+01 1.40000E+02
p-Ni062-MT002-Gubin-F1407005-ang-E0006.313.1974                  2 8.00000E+01 1.50000E+02
p-Ni062-MT002-Gubin-F1407005-ang-E0006.315.1974                  1 8.00000E+01 9.00000E+01
p-Ni062-MT002-Gubin-F1407005-ang-E0006.317.1974                  1 9.00000E+01 1.10000E+02
p-Ni062-MT002-Gubin-F1407005-ang-E0006.324.1974                  1 1.10000E+02 1.60000E+02
p-Ni062-MT002-Gubin-F1407005-ang-E0006.326.1974                  1 7.00000E+01 1.60000E+02
p-Ni062-MT002-Gubin-F1407005-ang-E0006.328.1974                  1 7.00000E+01 1.30000E+02
p-Ni062-MT002-Gubin-F1407005-ang-E0006.330.1974                  1 1.30000E+02 1.40000E+02
p-Ni062-MT002-Gubin-F1407005-ang-E0006.341.1974                  1 1.40000E+02 1.50000E+02
p-Ni062-MT002-Gubin-F1407005-ang-E0006.348.1974                  2 1.20000E+02 1.50000E+02
p-Ni062-MT002-Kossanyidemay-D0286019-ang-E0018.600.1967         28 2.63570E+01 1.47940E+02
p-Ni062-MT002-Leejr-C1024005-ang-E0012.000.1964                 27 3.00000E+01 1.69500E+02
p-Ni062-MT002-Liers-O04360041-ang-E0039.600.1970                22 2.25000E+01 1.20000E+02
p-Ni062-MT002-Lombard-O0126004-ang-E1047.000.1981               56 3.50001E+00 1.75000E+01
p-Ni062-MT002-Noro-E0249030-ang-E0065.000.1981                  32 1.31000E+01 6.76000E+01
p-Ni062-MT002-Perey-C2165009-ang-E0011.000.1968                 29 2.50000E+01 1.65000E+02
p-Ni062-MT002-Sakaguchi-E1201010-ang-E0065.000.1981             32 1.31000E+01 6.76000E+01
p-Ni062-MT002-Sakaguchi-O0032064S-ang-E0065.000.1983            32 1.31000E+01 6.76000E+01
