#              Filename                                         N    min         max
n-Zr000-MT002-Bostrom-11130017.1959                              3 3.67000E+00 4.70000E+00
n-Zr000-MT002-Bostrom-11130017A001.1959                          3 3.67000E+00 4.70000E+00
n-Zr000-MT002-Bostrom-11130019.1959                              1 1.45000E+00 1.45000E+00
n-Zr000-MT002-Bostrom-11130019A001.1959                          1 1.45000E+00 1.45000E+00
n-Zr000-MT002-Cox-10332092.1972                                  1 9.02100E-01 9.02100E-01
n-Zr000-MT002-Cox-10332092A001.1972                              1 9.02100E-01 9.02100E-01
n-Zr000-MT002-Egelstaff-21421002.1951                            1 5.03500E-06 5.03500E-06
n-Zr000-MT002-Hans-11867002.1957                                 1 3.70000E+00 3.70000E+00
n-Zr000-MT002-Kent-11617026.1962                                 1 3.66000E+00 3.66000E+00
n-Zr000-MT002-Koester-218420281.1981                             1 0.00000E+00 0.00000E+00
n-Zr000-MT002-Koester-218420282.1981                             1 0.00000E+00 0.00000E+00
n-Zr000-MT002-Koester-218420283.1981                             1 0.00000E+00 0.00000E+00
n-Zr000-MT002-Koester-21842032.1981                              2 1.26000E-06 5.19000E-06
n-Zr000-MT002-Korzh-40179020.1972                                1 1.50000E+00 1.50000E+00
n-Zr000-MT002-Korzh-40762006.1963                                1 6.50000E-01 6.50000E-01
n-Zr000-MT002-Korzh-40764006.1964                                2 3.00000E-01 5.00000E-01
n-Zr000-MT002-Mughabghab-V10013652.2006                          1 2.53000E-08 2.53000E-08
n-Zr000-MT002-Pasechnik-40683006.1964                            1 8.00000E-01 8.00000E-01
n-Zr000-MT002-Reitmann-11854003.1963                            25 3.00000E-01 1.50000E+00
n-Zr000-MT002-Salama-30468010.1973                               1 5.50950E-07 5.50950E-07
n-Zr000-MT002-Seth-11788006.1958                                 1 3.14000E-04 3.14000E-04
n-Zr000-MT002-Takahashi-22753007.1992                            1 1.41000E+01 1.41000E+01
n-Zr000-MT002-Vertebny-41274005.1965                             1 2.53000E-08 2.53000E-08
n-Zr000-MT002-Walt-11215026.1955                                 1 4.10000E+00 4.10000E+00
n-Zr000-MT002-Walt-11215026A001.1955                             1 4.10000E+00 4.10000E+00
n-Zr000-MT002-Walt-11637026.1954                                 1 1.00000E+00 1.00000E+00
n-Zr000-MT002-ZoInOkkk-40937008.1985                            21 3.60000E-03 4.42000E-01
