#              Filename                                         N    min         max
p-H003-MT089-Allas-D0010003-E0013.600.1974                       7 5.97000E+01 1.35200E+02
p-H003-MT089-Bogdanov-A1123002-E0005.932.1959                   35 0.00000E+00 0.00000E+00
p-H003-MT089-Bogdanov-A1123003-E0006.800.1959                    8 5.00068E-01 1.02500E+02
p-H003-MT089-Bogdanov-A1123003-E0008.900.1959                    6 5.00068E-01 1.33200E+02
p-H003-MT089-Bogdanov-A1123003-E0012.000.1959                   10 9.00051E-01 1.34100E+02
p-H003-MT089-Drosg-C0520002-E0002.500.1980                      12 0.00000E+00 8.38000E+01
p-H003-MT089-Drosg-C0535002-E0001.989.1980                       4 0.00000E+00 7.02000E+01
p-H003-MT089-Drosg-C0535003-E0002.220.1980                       7 2.93000E+01 1.20400E+02
p-H003-MT089-Drosg-C0535003-E0003.000.1980                       8 2.93000E+01 1.19300E+02
p-H003-MT089-Drosg-D0005002-E0007.000.1978                      19 0.00000E+00 0.00000E+00
p-H003-MT089-Drosg-D0005003-E0013.600.1978                      12 0.00000E+00 1.09800E+02
p-H003-MT089-Drosg-D0005006-E0013.000.1978                      12 0.00000E+00 1.10000E+02
p-H003-MT089-Drosg-D0013007-E0001.990.1980                       4 0.00000E+00 7.02000E+01
p-H003-MT089-Drosg-D00130081-E0002.500.1980                     12 0.00000E+00 8.38000E+01
p-H003-MT089-Drosg-D00130082-E0002.500.1980                     12 4.09000E+01 1.79600E+02
p-H003-MT089-Drosg-D00130082-E0004.000.1980                     13 4.09000E+01 1.79700E+02
p-H003-MT089-Jarmie-D0009005-E0013.600.1977                      9 5.97000E+01 1.43600E+02
p-H003-MT089-Kuzmin-A0097002-E0006.500.1973                      8 0.00000E+00 0.00000E+00
p-H003-MT089-Mcdaniels-D00080021-E0004.000.1972                 13 0.00000E+00 0.00000E+00
p-H003-MT089-Perryjr-A0152002-E0001.978.1959                    28 0.00000E+00 0.00000E+00
p-H003-MT089-Stewart-A1135003-E0008.100.1956                     3 0.00000E+00 0.00000E+00
p-H003-MT089-Wilson-A1159002-E0004.940.1961                     16 3.79999E+00 1.49500E+02
p-H003-MT089-Wilson-A1159002-E0005.440.1961                     15 2.80002E+00 1.49900E+02
p-H003-MT089-Wilson-A1159002-E0005.940.1961                     16 2.80002E+00 1.50000E+02
p-H003-MT089-Wilson-A1159002-E0006.440.1961                     16 4.50002E+00 1.49300E+02
p-H003-MT089-Wilson-A1159002-E0006.940.1961                     16 3.50001E+00 1.49900E+02
p-H003-MT089-Wilson-A1159002-E0007.430.1961                     16 6.99975E-01 1.51100E+02
p-H003-MT089-Wilson-A1159002-E0007.930.1961                     16 6.99975E-01 1.50400E+02
p-H003-MT089-Wilson-A1159002-E0008.450.1961                     16 3.30002E+00 1.51200E+02
p-H003-MT089-Wilson-A1159002-E0008.930.1961                     16 5.80002E+00 1.52000E+02
p-H003-MT089-Wilson-A1159002-E0009.420.1961                     16 5.99999E+00 1.51100E+02
p-H003-MT089-Wilson-A1159007-E0004.900.1961                     18 0.00000E+00 0.00000E+00
