#              Filename                                         N    min         max
n-U236-MT151-Baramsai-144810031.2017                            59 2.98650E-05 9.98690E-04
n-U236-MT151-Baramsai-144810032.2017                            59 2.98650E-05 9.98690E-04
n-U236-MT151-Baramsai-144810033.2017                            59 2.98650E-05 9.98690E-04
n-U236-MT151-Barry-146740051.2016                                1 5.46700E-06 5.46700E-06
n-U236-MT151-Barry-146740052.2016                                1 5.46700E-06 5.46700E-06
n-U236-MT151-Barry-146740053.2016                                1 5.46700E-06 5.46700E-06
n-U236-MT151-Barry-146740061.2016                                1-9.70000E-06 0.00000E+00
n-U236-MT151-Barry-146740062.2016                                1-9.70000E-06 0.00000E+00
n-U236-MT151-Barry-146740063.2016                                1-9.70000E-06 0.00000E+00
n-U236-MT151-Baumann-124660041.1968                              1 5.48000E-06 5.48000E-06
n-U236-MT151-Baumann-124660042.1968                              1 5.48000E-06 5.48000E-06
n-U236-MT151-Carlson-10695004.1970                               1-9.70000E-06 0.00000E+00
n-U236-MT151-Carlson-10695004A001.1970                           1-9.70000E-06 0.00000E+00
n-U236-MT151-Carlson-106950051.1970                             28 5.45000E-06 4.15000E-04
n-U236-MT151-Carlson-106950051A001.1970                         28 5.45000E-06 4.15000E-04
n-U236-MT151-Carlson-106950052.1970                             12 5.45000E-06 3.79300E-04
n-U236-MT151-Carlson-106950052A001.1970                         12 5.45000E-06 3.79300E-04
n-U236-MT151-Carlson-106950053.1970                             28 5.45000E-06 4.15000E-04
n-U236-MT151-Carlson-106950053A001.1970                         28 5.45000E-06 4.15000E-04
n-U236-MT151-Carlson-10695006.1970                               2 1.00000E-02 1.00000E-02
n-U236-MT151-Carlson-10695006A001.1970                           2 1.00000E-02 1.00000E-02
n-U236-MT151-Carlson-10695007.1970                               1 1.00000E-02 1.00000E-02
n-U236-MT151-Carlson-10695007A001.1970                           1 1.00000E-02 1.00000E-02
n-U236-MT151-Carraro-206990021.1976                            187 4.39200E-05 4.10620E-03
n-U236-MT151-Carraro-206990022.1976                            185 4.39200E-05 4.10620E-03
n-U236-MT151-Carraro-20699003.1976                               1 2.05000E-03 2.05000E-03
n-U236-MT151-Harlan-126330021.1969                              13 5.46000E-06 3.76000E-04
n-U236-MT151-Harlan-126330022.1969                              13 5.46000E-06 3.76000E-04
n-U236-MT151-Harlan-126330023.1969                               1 5.46000E-06 5.46000E-06
n-U236-MT151-Harvey-123390081.1958                              14 5.49000E-06 3.84000E-04
n-U236-MT151-Harvey-123390082.1958                              13 5.49000E-06 3.84000E-04
n-U236-MT151-Macklin-131470031.1990                            293 2.98800E-05 4.17930E-03
n-U236-MT151-Macklin-131470033.1990                            169 2.98800E-05 4.17930E-03
n-U236-MT151-Macklin-131470034.1990                            142 4.39100E-05 4.16950E-03
n-U236-MT151-Macklin-131470035.1990                            293 2.98800E-05 4.17930E-03
n-U236-MT151-Mccallum-213210121.1958                             1 5.48000E-06 5.48000E-06
n-U236-MT151-Mccallum-213210122.1958                             1 5.48000E-06 5.48000E-06
n-U236-MT151-Mccallum-213210123.1958                             1 5.48000E-06 5.48000E-06
n-U236-MT151-Mccallum-213210124.1958                             1 5.48000E-06 5.48000E-06
n-U236-MT151-Mewissen-20399002.1975                             57 4.39000E-05 1.69000E-03
n-U236-MT151-Mewissen-20399003.1975                              1 8.62060E-04 8.62060E-04
n-U236-MT151-Mewissen-20399004.1975                             97 3.41200E-05 1.81300E-03
n-U236-MT151-Mewissen-20399006.1975                            105 3.41200E-05 1.81300E-03
n-U236-MT151-Mewissen-20399008.1975                              2 6.17060E-04 6.17060E-04
n-U236-MT151-Mewissen-20399009.1975                             97 3.41200E-05 1.81300E-03
n-U236-MT151-Sarmento-231310031.2011                             8 5.45000E-06 3.65000E-02
n-U236-MT151-Vorona-410120051.1987                               1 5.45000E-06 5.45000E-06
n-U236-MT151-Vorona-410120052.1987                               1 5.45000E-06 5.45000E-06
n-U236-MT151-Vorona-410120053.1987                               1 5.45000E-06 5.45000E-06
n-U236-MT151-Vorona-410120061.1987                               7 2.98000E-05 1.02300E-04
n-U236-MT151-Vorona-410120062.1987                               7 2.98000E-05 1.02300E-04
