#              Filename                                         N    min         max
n-Pu242-MT151-Auchampaugh-102660071.1971                       115 3.74000E-04 4.64100E-02
n-Pu242-MT151-Auchampaugh-102660071A001.1971                   115 3.74000E-04 4.64100E-02
n-Pu242-MT151-Auchampaugh-102660081.1971                         7 4.50000E-02 1.05000E-01
n-Pu242-MT151-Auchampaugh-102660081A001.1971                     7 4.50000E-02 1.05000E-01
n-Pu242-MT151-Auchampaugh-106160021.1973                        79 5.95200E-04 3.83600E-03
n-Pu242-MT151-Auchampaugh-106160021A001.1973                    79 5.95200E-04 3.83600E-03
n-Pu242-MT151-Auchampaugh-106160022.1973                        61 5.95200E-04 3.83600E-03
n-Pu242-MT151-Auchampaugh-106160022A001.1973                    61 5.95200E-04 3.83600E-03
n-Pu242-MT151-Auchampaugh-12546002.1966                         14 2.64000E-06 3.86000E-04
n-Pu242-MT151-Auchampaugh-12546003.1966                          1 2.64000E-06 2.64000E-06
n-Pu242-MT151-Auchampaugh-12546004.1966                          1 5.35000E-05 5.35000E-05
n-Pu242-MT151-Auchampaugh-12546007.1966                          1 1.94320E-04 1.94320E-04
n-Pu242-MT151-Bergen-100620031.1971                             23 5.34000E-05 7.88200E-04
n-Pu242-MT151-Bergen-100620031A001.1971                         23 5.34000E-05 7.88200E-04
n-Pu242-MT151-Buckner-144560031.2016                            38 2.66200E-06 4.95000E-04
n-Pu242-MT151-Buckner-144560032.2016                            38 2.66200E-06 4.95000E-04
n-Pu242-MT151-Buckner-144560033.2016                            38 2.66200E-06 4.95000E-04
n-Pu242-MT151-Cote-12539003.1959                                 1 2.70000E-05 2.70000E-05
n-Pu242-MT151-Cote-125390041.1959                                2 2.65000E-06 5.36000E-05
n-Pu242-MT151-Cote-125390042.1959                                2 2.65000E-06 5.36000E-05
n-Pu242-MT151-Cote-125390043.1959                                1 2.65000E-06 2.65000E-06
n-Pu242-MT151-Cote-125390044.1959                                2 2.65000E-06 5.36000E-05
n-Pu242-MT151-Egelstaff-210320101.1958                           1 2.67000E-06 2.67000E-06
n-Pu242-MT151-Egelstaff-210320102.1958                           1 2.67000E-06 2.67000E-06
n-Pu242-MT151-Egelstaff-235260081.1955                           1 2.70000E-06 2.70000E-06
n-Pu242-MT151-Hockenbury-10436003.1975                           5 2.05000E-04 3.82400E-04
n-Pu242-MT151-Hockenbury-10436003A001.1975                       5 2.05000E-04 3.82400E-04
n-Pu242-MT151-Hockenbury-10436006.1975                           2 8.70000E-02 8.70000E-02
n-Pu242-MT151-Hockenbury-10436006A001.1975                       2 8.70000E-02 8.70000E-02
n-Pu242-MT151-James-210640032.1969                               2 7.67000E-07 7.99000E-07
n-Pu242-MT151-Lerendeguimarco-233680031.2018                   246 2.67625E-06 3.95960E-03
n-Pu242-MT151-Lerendeguimarco-233680041.2018                     1 4.00000E-03 4.00000E-03
n-Pu242-MT151-Pattenden-210840031.1965                          17 1.46000E-05 3.11000E-04
n-Pu242-MT151-Pattenden-210840032.1965                          17 1.46000E-05 3.11000E-04
n-Pu242-MT151-Pattenden-21084004.1965                            1 1.56825E-04 1.56825E-04
n-Pu242-MT151-Poortmans-209680031.1973                          25 5.34600E-05 9.49100E-04
n-Pu242-MT151-Poortmans-209680032.1973                          25 5.34600E-05 9.49100E-04
n-Pu242-MT151-Poortmans-209680051.1973                          72 2.68000E-06 1.28600E-03
n-Pu242-MT151-Poortmans-209680052.1973                          72 2.68000E-06 1.28600E-03
n-Pu242-MT151-Poortmans-209680053.1973                          72 2.68000E-06 1.28600E-03
n-Pu242-MT151-Poortmans-20968007.1973                            1 5.01340E-04 5.01340E-04
n-Pu242-MT151-Simpson-106170021.1972                            34 2.25660E-05 4.94750E-04
n-Pu242-MT151-Simpson-106170021A001.1972                        34 2.25660E-05 4.94750E-04
n-Pu242-MT151-Simpson-106170022.1972                            34 2.25660E-05 4.94750E-04
n-Pu242-MT151-Simpson-106170022A001.1972                        34 2.25660E-05 4.94750E-04
n-Pu242-MT151-Simpson-106170023.1972                            13 2.25660E-05 3.82420E-04
n-Pu242-MT151-Simpson-106170023A001.1972                        13 2.25660E-05 3.82420E-04
n-Pu242-MT151-Weigmann-219310041.1984                           80 2.68000E-06 2.22600E-02
n-Pu242-MT151-Weigmann-219310051.1984                           98 4.68400E-04 6.91600E-02
n-Pu242-MT151-Young-10123003.1970                                1 9.00000E-05 9.00000E-05
n-Pu242-MT151-Young-10123003A001.1970                            1 9.00000E-05 9.00000E-05
n-Pu242-MT151-Young-101230071.1970                               1 2.68000E-06 2.68000E-06
n-Pu242-MT151-Young-101230071A001.1970                           1 2.68000E-06 2.68000E-06
n-Pu242-MT151-Young-101230072.1970                               1 2.68000E-06 2.68000E-06
n-Pu242-MT151-Young-101230072A001.1970                           1 2.68000E-06 2.68000E-06
n-Pu242-MT151-Young-101230073.1970                               1 2.68000E-06 2.68000E-06
n-Pu242-MT151-Young-101230073A001.1970                           1 2.68000E-06 2.68000E-06
n-Pu242-MT151-Young-101230081.1970                               7 2.26000E-05 1.49600E-04
n-Pu242-MT151-Young-101230081A001.1970                           7 2.26000E-05 1.49600E-04
n-Pu242-MT151-Young-101230082.1970                               7 2.26000E-05 1.49600E-04
n-Pu242-MT151-Young-101230082A001.1970                           7 2.26000E-05 1.49600E-04
n-Pu242-MT151-Young-101230091.1970                               2 2.68000E-06 5.34500E-05
n-Pu242-MT151-Young-101230091A001.1970                           2 2.68000E-06 5.34500E-05
n-Pu242-MT151-Young-101230092.1970                               2 2.68000E-06 5.34500E-05
n-Pu242-MT151-Young-101230092A001.1970                           2 2.68000E-06 5.34500E-05
n-Pu242-MT151-Young-101230093.1970                               2 2.68000E-06 5.34500E-05
n-Pu242-MT151-Young-101230093A001.1970                           2 2.68000E-06 5.34500E-05
