#              Filename                                         N    min         max
n-N000-MT001-Auman-10230004.1972                                 5 3.63400E+01 5.89000E+01
n-N000-MT001-Auman-10230004A001.1972                             5 3.63400E+01 5.89000E+01
n-N000-MT001-Becker-11093007.1956                               94 4.37500E+00 8.58500E+00
n-N000-MT001-Becker-11093007A001.1956                           94 4.37500E+00 8.58500E+00
n-N000-MT001-Bilpuch-11011005.1961                             751 9.90000E-02 8.49000E-01
n-N000-MT001-Bilpuch-11011005A001.1961                         751 9.90000E-02 8.49000E-01
n-N000-MT001-Bilpuch-11011009.1961                              21 4.25000E-01 4.45000E-01
n-N000-MT001-Bilpuch-11011009A001.1961                          21 4.25000E-01 4.45000E-01
n-N000-MT001-Bilpuch-11266002.1959                              37 1.00000E-02 1.30000E-01
n-N000-MT001-Bommer-20662002.1976                             1664 9.75000E-01 5.32700E+00
n-N000-MT001-Carlson-10011004.1970                             689 5.01700E-01 8.97430E+00
n-N000-MT001-Carlson-10011004A001.1970                         689 5.01700E-01 8.97430E+00
n-N000-MT001-Chasejr-11350004.1961                               6 4.99000E+00 1.16000E+01
n-N000-MT001-Cook-11146007.1949                                  1 8.30000E+01 8.30000E+01
n-N000-MT001-Cook-11146007A001.1949                              1 8.30000E+01 8.30000E+01
n-N000-MT001-Dejuren-11174008.1950                               1 9.50000E+01 9.50000E+01
n-N000-MT001-Dejuren-11174008A001.1950                           1 9.50000E+01 9.50000E+01
n-N000-MT001-Ergashev-31847002.2021                              1 1.41000E+01 1.41000E+01
n-N000-MT001-Finlay-13569004.1993                              474 5.29253E+00 5.99640E+02
n-N000-MT001-Harvey-13728002.1991                              305 3.76140E-07 2.27210E-01
n-N000-MT001-Harvey-13728003.1991                             6563 3.58720E-02 6.20920E+01
n-N000-MT001-Heatonii-10068002.1970                           3547 4.70400E-01 2.50400E+01
n-N000-MT001-Heatonii-10068002A001.1970                       3547 4.70400E-01 2.50400E+01
n-N000-MT001-Hildebrand-11039008.1950                            1 4.20000E+01 4.20000E+01
n-N000-MT001-Hildebrand-11039008A001.1950                        1 4.20000E+01 4.20000E+01
n-N000-MT001-Hillman-11081006.1954                               2 4.75000E+01 8.80000E+01
n-N000-MT001-Hillman-11081006A001.1954                           2 4.75000E+01 8.80000E+01
n-N000-MT001-Johnson-14122002.1951                             112 1.49200E-01 1.46100E+00
n-N000-MT001-Ladenburg-13790004.1937                             1 2.44000E+00 2.44000E+00
n-N000-MT001-Maslov-40136028.1974                                1 1.41000E+01 1.41000E+01
n-N000-MT001-Measday-11151004.1966                               7 8.82000E+01 1.50900E+02
n-N000-MT001-Measday-11151004A001.1966                           7 8.82000E+01 1.50900E+02
n-N000-MT001-Meier-21042002.1953                                91 1.91000E+00 3.81000E+00
n-N000-MT001-Melkonian-11150004.1949                            52 3.10000E-09 2.33000E-03
n-N000-MT001-Melkonian-11150004A001.1949                        52 3.10000E-09 2.33000E-03
n-N000-MT001-Meyer-12641005.1951                                 1 1.42150E+01 1.42150E+01
n-N000-MT001-Nereson-11308002.1954                              30 2.66600E+00 1.32040E+01
n-N000-MT001-Nereson-11308026.1954                              30 2.75200E+00 1.31170E+01
n-N000-MT001-Peterson-11108008.1960                              4 1.77000E+01 2.91000E+01
n-N000-MT001-Peterson-11108008A001.1960                          4 1.77000E+01 2.91000E+01
n-N000-MT001-Poss-11053005.1952                                  1 1.41000E+01 1.41000E+01
n-N000-MT001-Poss-11053005A001.1952                              1 1.41000E+01 1.41000E+01
n-N000-MT001-Zinn-11136006.1939                                  2 2.46000E+00 2.88000E+00
n-N000-MT001-Zinn-11136006A001.1939                              2 2.46000E+00 2.88000E+00
