#              Filename                                         N    min         max
p-B010-MT604-Watson-F0093003-ang-E0006.300.1969                  1 6.50000E+01 1.55000E+02
p-B010-MT604-Watson-F0093003-ang-E0006.400.1969                  1 6.50000E+01 1.55000E+02
p-B010-MT604-Watson-F0093003-ang-E0006.440.1969                  1 6.50000E+01 1.15000E+02
p-B010-MT604-Watson-F0093003-ang-E0006.460.1969                  1 6.50000E+01 1.15000E+02
p-B010-MT604-Watson-F0093003-ang-E0006.500.1969                  2 6.50000E+01 1.55000E+02
p-B010-MT604-Watson-F0093003-ang-E0006.540.1969                  1 6.50000E+01 1.15000E+02
p-B010-MT604-Watson-F0093003-ang-E0006.600.1969                  2 6.50000E+01 1.55000E+02
p-B010-MT604-Watson-F0093003-ang-E0006.630.1969                  1 1.15000E+02 1.35000E+02
p-B010-MT604-Watson-F0093003-ang-E0006.670.1969                  1 6.50000E+01 1.15000E+02
p-B010-MT604-Watson-F0093003-ang-E0006.680.1969                  1 6.50000E+01 1.55000E+02
p-B010-MT604-Watson-F0093003-ang-E0006.700.1969                  1 1.35000E+02 1.55000E+02
p-B010-MT604-Watson-F0093003-ang-E0006.750.1969                  1 1.15000E+02 1.35000E+02
p-B010-MT604-Watson-F0093003-ang-E0006.770.1969                  1 6.50000E+01 1.15000E+02
p-B010-MT604-Watson-F0093003-ang-E0006.780.1969                  1 6.50000E+01 1.55000E+02
p-B010-MT604-Watson-F0093003-ang-E0006.800.1969                  1 1.15000E+02 1.55000E+02
p-B010-MT604-Watson-F0093003-ang-E0006.850.1969                  2 6.50000E+01 1.35000E+02
p-B010-MT604-Watson-F0093003-ang-E0006.880.1969                  2 6.50000E+01 1.55000E+02
p-B010-MT604-Watson-F0093003-ang-E0006.910.1969                  1 1.15000E+02 1.35000E+02
p-B010-MT604-Watson-F0093003-ang-E0006.950.1969                  1 1.15000E+02 1.55000E+02
p-B010-MT604-Watson-F0093003-ang-E0007.000.1969                  1 1.15000E+02 1.55000E+02
p-B010-MT604-Watson-F0093003-ang-E0007.040.1969                  2 6.50000E+01 1.35000E+02
p-B010-MT604-Watson-F0093003-ang-E0007.080.1969                  2 6.50000E+01 6.50000E+01
p-B010-MT604-Watson-F0093008-ang-E0006.600.1969                 16 3.56000E+01 1.65200E+02
p-B010-MT604-Watson-F0093008-ang-E0006.900.1969                 26 3.58000E+01 1.63700E+02
p-B010-MT604-Watson-F0093008-ang-E0007.200.1969                 28 1.86000E+01 1.61600E+02
p-B010-MT604-Watson-F0093008-ang-E0007.500.1969                 27 1.86000E+01 1.68400E+02
p-B010-MT604-Watson-F0093008-ang-E0007.800.1969                 31 1.87000E+01 1.72100E+02
p-B010-MT604-Watson-F0093008-ang-E0008.000.1969                 29 1.87000E+01 1.69300E+02
p-B010-MT604-Watson-F0093008-ang-E0008.300.1969                 32 2.03000E+01 1.68900E+02
p-B010-MT604-Watson-F0093008-ang-E0008.600.1969                 30 2.03000E+01 1.66600E+02
p-B010-MT604-Watson-F0093008-ang-E0008.900.1969                 28 2.01000E+01 1.65900E+02
p-B010-MT604-Watson-F0093008-ang-E0009.200.1969                 31 2.01000E+01 1.66100E+02
p-B010-MT604-Watson-F0093008-ang-E0009.500.1969                 28 2.20000E+01 1.67900E+02
p-B010-MT604-Watson-F0093008-ang-E0009.800.1969                 25 9.20003E+00 1.67700E+02
p-B010-MT604-Watson-F0093008-ang-E0010.000.1969                 31 8.69999E+00 1.63800E+02
p-B010-MT604-Watson-F0093008-ang-E0010.300.1969                 29 8.69999E+00 1.64700E+02
p-B010-MT604-Watson-F0093008-ang-E0010.600.1969                 31 1.98000E+01 1.64900E+02
p-B010-MT604-Watson-F0093008-ang-E0010.900.1969                 31 1.46000E+01 1.64500E+02
p-B010-MT604-Watson-F0093008-ang-E0011.200.1969                 31 1.46000E+01 1.65500E+02
p-B010-MT604-Watson-F0093008-ang-E0011.500.1969                 32 1.39000E+01 1.67100E+02
p-B010-MT604-Watson-F0093008-ang-E0011.800.1969                 32 1.39000E+01 1.70100E+02
p-B010-MT604-Watson-F0093008-ang-E0012.000.1969                 30 1.55000E+01 1.61600E+02
p-B010-MT604-Watson-F0093008-ang-E0012.500.1969                 26 1.55000E+01 1.44800E+02
p-B010-MT604-Watson-F0093008-ang-E0013.000.1969                 30 1.40000E+01 1.61400E+02
p-B010-MT604-Watson-F0093008-ang-E0013.500.1969                 32 1.40000E+01 1.60600E+02
p-B010-MT604-Watson-F0093008-ang-E0014.000.1969                 27 2.20000E+01 1.60500E+02
p-B010-MT604-Watson-F0093008-ang-E0014.500.1969                 29 1.81000E+01 1.63100E+02
p-B010-MT604-Watson-F0093008-ang-E0015.000.1969                 28 1.77000E+01 1.65200E+02
p-B010-MT604-Watson-F0093008-ang-E0015.500.1969                 26 1.77000E+01 1.40200E+02
p-B010-MT604-Watson-F0093008-ang-E0016.000.1969                 21 2.07000E+01 1.25900E+02
