#              Filename                                         N    min         max
n-Ti047-MT151-Cho-20160012.1970                                  9 8.13600E-03 2.12670E-02
n-Ti047-MT151-Cho-201600131.1970                                30 8.13600E-03 7.45500E-02
n-Ti047-MT151-Cho-201600132.1970                                30 8.13600E-03 7.45500E-02
n-Ti047-MT151-Cho-20160017.1970                                  1 4.20000E-02 4.20000E-02
n-Ti047-MT151-Cho-20160018.1970                                  2 4.20000E-02 4.20000E-02
n-Ti047-MT151-Garg-101720241.1971                                4 3.07400E-03 4.21000E-02
n-Ti047-MT151-Garg-101720241A001.1971                            4 3.07400E-03 4.21000E-02
n-Ti047-MT151-Garg-101720242.1971                                4 3.07400E-03 4.21000E-02
n-Ti047-MT151-Garg-101720242A001.1971                            4 3.07400E-03 4.21000E-02
n-Ti047-MT151-Garg-101720243.1971                                4 3.07400E-03 4.21000E-02
n-Ti047-MT151-Garg-101720243A001.1971                            4 3.07400E-03 4.21000E-02
n-Ti047-MT151-Garg-101720244.1971                                4 3.07400E-03 4.21000E-02
n-Ti047-MT151-Garg-101720244A001.1971                            4 3.07400E-03 4.21000E-02
n-Ti047-MT151-Garg-10172027.1971                                 1 2.25870E-02 2.25870E-02
n-Ti047-MT151-Garg-10172027A001.1971                             1 2.25870E-02 2.25870E-02
n-Ti047-MT151-Good-10599002.1974                                 7 4.20000E-03 2.16000E-02
n-Ti047-MT151-Good-10599002A001.1974                             7 4.20000E-03 2.16000E-02
n-Ti047-MT151-Good-116260031.1966                               20 2.98000E-03 5.62000E-02
n-Ti047-MT151-Good-116260033.1966                               20 2.98000E-03 5.62000E-02
n-Ti047-MT151-Good-11626011.1966                                 1 2.85000E-02 2.85000E-02
n-Ti047-MT151-Thom-213890031.1977                               36 5.85000E-04 2.56800E-02
n-Ti047-MT151-Thom-213890033.1977                                8 3.07800E-03 2.12700E-02
