#              Filename                                         N    min         max
n-O016-MT004-Bertin-21679004-E0006.600.1970                      4 4.50000E+01 1.20000E+02
n-O016-MT004-Clayeux-21677006-E0014.100.1969                     4 9.00000E+01 9.00000E+01
n-O016-MT004-Day-11218007-E0007.060.1956                         1 9.50000E+01 9.50000E+01
n-O016-MT004-Day-11218007-E0007.060A001.1956                     1 9.50000E+01 9.50000E+01
n-O016-MT004-Grozdanov-41660005-E0014.100.2018                  71 1.00132E+00 1.36502E+02
n-O016-MT004-Hasegawa-23341010-E0011.500.1991                    7 9.00000E+01 9.00000E+01
n-O016-MT004-Kozlowski-30081004-E0014.100.1965                   7 3.00000E+01 1.35000E+02
n-O016-MT004-Lundberg-20242002-E0006.580.1970                   32 9.00000E+01 9.00000E+01
n-O016-MT004-Lundberg-20242003-E0006.870.1970                   12 3.00006E+01 1.42500E+02
n-O016-MT004-Lundberg-20242003-E0007.820.1970                    7 4.50005E+01 1.42500E+02
n-O016-MT004-Lundberg-20242004-E0007.480.1970                   16 9.00000E+01 9.00000E+01
n-O016-MT004-Mcdonald-11383007-E0014.100.1966                    1 9.00000E+01 9.00000E+01
n-O016-MT004-Morgan-126950052-E0014.800.1964                     5 9.00000E+01 9.00000E+01
n-O016-MT004-Morgan-12695006-E0014.800.1964                      7 3.00000E+01 1.40000E+02
n-O016-MT004-Nelson-13750003-E0004.500.2001                    182 9.00000E+01 1.59000E+02
n-O016-MT004-Nelson-13750004-E0008.500.2001                     48 9.00000E+01 1.59000E+02
n-O016-MT004-Nordborg-20843002-E0006.950.1978                   73 9.00000E+01 9.00000E+01
n-O016-MT004-Nordborg-20843004-E0007.610.1978                   69 9.00000E+01 9.00000E+01
n-O016-MT004-Nybergponnert-20245006-E0015.100.1971               4 8.00000E+01 8.00000E+01
n-O016-MT004-Orphan-10097002-E0010.400.1970                     33 1.25000E+02 1.25000E+02
n-O016-MT004-Prudhomme-11183005-E0015.000.1960                   1 6.69833E+01 6.69833E+01
n-O016-MT004-Prudhomme-11183005-E0015.000A001.1960               1 6.69833E+01 6.69833E+01
n-O016-MT004-Sukhanov-40041003-E0014.000.1970                    4 9.00000E+01 9.00000E+01
n-O016-MT004-Yamamoto-21304003-E0014.800.1978                    1 1.25000E+02 1.25000E+02
