#              Filename                                         N    min         max
n-Ni000-MT051-Christodoulou-13804007-ang-E0014.000.1999         25 2.51000E+01 1.49000E+02
n-Ni000-MT051-Clarke-11768002-ang-E0014.100.1967                18 3.22959E+01 1.40796E+02
n-Ni000-MT051-Cranberg-113960142-ang-E0024.500.1956              9 1.87000E+01 1.59700E+02
n-Ni000-MT051-Kammerdiener-14329045-ang-E0014.000.1972          10 2.46000E+01 1.29200E+02
n-Ni000-MT051-Kinney-10113003-ang-E0004.070.1974                 3 2.51000E+01 8.52000E+01
n-Ni000-MT051-Kinney-10113003-ang-E0004.070A001.1974             3 2.51000E+01 8.52000E+01
n-Ni000-MT051-Kinney-10113003-ang-E0004.340.1974                18 2.51000E+01 1.36700E+02
n-Ni000-MT051-Kinney-10113003-ang-E0004.340A001.1974            18 2.51000E+01 1.36700E+02
n-Ni000-MT051-Kinney-10113003-ang-E0004.650.1974                 3 2.51000E+01 8.52000E+01
n-Ni000-MT051-Kinney-10113003-ang-E0004.650A001.1974             3 2.51000E+01 8.52000E+01
n-Ni000-MT051-Kinney-10113003-ang-E0004.920.1974                15 2.51000E+01 1.36600E+02
n-Ni000-MT051-Kinney-10113003-ang-E0004.920A001.1974            15 2.51000E+01 1.36600E+02
n-Ni000-MT051-Kinney-10113003-ang-E0005.230.1974                 3 4.76000E+01 8.52000E+01
n-Ni000-MT051-Kinney-10113003-ang-E0005.230A001.1974             3 4.76000E+01 8.52000E+01
n-Ni000-MT051-Kinney-10113003-ang-E0005.500.1974                 3 2.26000E+01 6.26000E+01
n-Ni000-MT051-Kinney-10113003-ang-E0005.500A001.1974             3 2.26000E+01 6.26000E+01
n-Ni000-MT051-Kinney-10113003-ang-E0006.440.1974                16 2.26000E+01 1.34600E+02
n-Ni000-MT051-Kinney-10113003-ang-E0006.440A001.1974            16 2.26000E+01 1.34600E+02
n-Ni000-MT051-Kinney-10113003-ang-E0007.030.1974                 3 3.51000E+01 8.51000E+01
n-Ni000-MT051-Kinney-10113003-ang-E0007.030A001.1974             3 3.51000E+01 8.51000E+01
n-Ni000-MT051-Kinney-10113003-ang-E0007.540.1974                14 3.51000E+01 1.34600E+02
n-Ni000-MT051-Kinney-10113003-ang-E0007.540A001.1974            14 3.51000E+01 1.34600E+02
n-Ni000-MT051-Kinney-10113003-ang-E0008.040.1974                 3 2.75000E+01 8.51000E+01
n-Ni000-MT051-Kinney-10113003-ang-E0008.040A001.1974             3 2.75000E+01 8.51000E+01
n-Ni000-MT051-Kinney-10113003-ang-E0008.560.1974                15 2.75000E+01 1.34600E+02
n-Ni000-MT051-Kinney-10113003-ang-E0008.560A001.1974            15 2.75000E+01 1.34600E+02
n-Ni000-MT051-Olsson-22128015-ang-E0021.600.1990                36 1.00000E+01 1.60000E+02
n-Ni000-MT051-Poole-21377008-ang-E0002.800.1953                  1 9.70000E+01 9.70000E+01
n-Ni000-MT051-Popov-40101016-ang-E0004.370.1971                 10 3.00000E+01 1.50000E+02
n-Ni000-MT051-Salnikov-40037023-ang-E0014.360.1971               5 3.10000E+01 1.51000E+02
n-Ni000-MT051-Salnikov-40037024-ang-E0014.360.1971               5 3.10000E+01 1.51000E+02
n-Ni000-MT051-Salnikov-40037025-ang-E0014.360.1971               5 3.10000E+01 1.51000E+02
n-Ni000-MT051-Salnikov-40037026-ang-E0014.360.1971               5 3.10000E+01 1.51000E+02
n-Ni000-MT051-Schectman-11698003-ang-E0014.100.1965              1 9.00000E+01 9.00000E+01
n-Ni000-MT051-Stelson-11527015-ang-E0014.000.1965               13 4.16000E+01 1.25400E+02
n-Ni000-MT051-Takahashi-22766034-ang-E0014.100.1992             52 1.50000E+01 1.60000E+02
n-Ni000-MT051-Tsukada-20304010-ang-E0002.010.1969               12 3.01000E+01 1.40600E+02
n-Ni000-MT051-Tsukada-20304010-ang-E0002.650.1969               12 3.01000E+01 1.40200E+02
n-Ni000-MT051-Tsukada-20304011-ang-E0003.260.1969               12 3.02000E+01 1.40000E+02
n-Ni000-MT051-Tsukada-20304012-ang-E0003.260.1969                7 9.00000E+01 9.00000E+01
n-Ni000-MT051-Velkley-10384019-ang-E0008.970.1974               17 3.00000E+01 1.60100E+02
n-Ni000-MT051-Velkley-10384019-ang-E0008.970A001.1974           17 3.00000E+01 1.60100E+02
n-Ni000-MT051-Yabuta-22025060-ang-E0014.100.1986                 9 3.00000E+01 1.50000E+02
