#              Filename                                         N    min         max
h-C013-MT802-Weller-F0928002-E0005.270.1968                     14 1.92000E+01 1.62900E+02
h-C013-MT802-Weller-F0928002-E0005.388.1968                     12 2.93000E+01 1.61700E+02
h-C013-MT802-Weller-F0928002-E0005.505.1968                     13 2.16000E+01 1.63200E+02
h-C013-MT802-Weller-F0928002-E0005.620.1968                     16 1.90000E+01 1.65300E+02
h-C013-MT802-Weller-F0928002-E0005.860.1968                     16 1.90000E+01 1.61500E+02
h-C013-MT802-Weller-F0928002-E0005.975.1968                     16 1.94000E+01 1.62600E+02
h-C013-MT802-Weller-F0928002-E0006.000.1968                     23 2.02000E+01 1.30600E+02
h-C013-MT802-Weller-F0928002-E0006.090.1968                     15 2.02000E+01 1.62300E+02
h-C013-MT802-Weller-F0928002-E0006.210.1968                     17 2.16000E+01 1.62700E+02
h-C013-MT802-Weller-F0928002-E0006.330.1968                     14 1.94000E+01 1.61300E+02
h-C013-MT802-Weller-F0928002-E0006.560.1968                     15 1.94000E+01 1.61700E+02
h-C013-MT802-Weller-F0928002-E0006.680.1968                     15 2.08000E+01 1.61300E+02
h-C013-MT802-Weller-F0928002-E0006.797.1968                     16 2.01000E+01 1.63600E+02
h-C013-MT802-Weller-F0928002-E0006.915.1968                     16 1.04000E+01 1.62400E+02
h-C013-MT802-Weller-F0928002-E0007.000.1968                     30 1.04000E+01 1.36700E+02
h-C013-MT802-Weller-F0928002-E0007.030.1968                     15 2.89000E+01 1.61600E+02
h-C013-MT802-Weller-F0928002-E0007.150.1968                     15 2.93000E+01 1.62300E+02
h-C013-MT802-Weller-F0928002-E0007.267.1968                     13 4.08000E+01 1.63700E+02
h-C013-MT802-Weller-F0928002-E0007.385.1968                     14 7.00003E+00 1.61100E+02
h-C013-MT802-Weller-F0928002-E0008.000.1968                     30 7.00003E+00 1.38000E+02
