#              Filename                                         N    min         max
n-Dy163-MT151-Belyaev-41107006.1990                              2 5.06415E-04 5.06415E-04
n-Dy163-MT151-Belyaev-41107009.1990                              2 5.06415E-04 5.06415E-04
n-Dy163-MT151-Bokhovko-41177032.1991                             2 2.27500E-01 2.27500E-01
n-Dy163-MT151-Brunhart-10818003.1971                             2 1.71000E-06 1.62500E-05
n-Dy163-MT151-Brunhart-10818003A001.1971                         2 1.71000E-06 1.62500E-05
n-Dy163-MT151-Brunhart-11470003.1962                             1 1.71000E-06 1.71000E-06
n-Dy163-MT151-Brunner-210250031.1967                             1 1.71300E-06 1.71300E-06
n-Dy163-MT151-Brunner-210250032.1967                             1 1.71300E-06 1.71300E-06
n-Dy163-MT151-Ceulemans-20208003.1965                            1 1.71000E-06 1.71000E-06
n-Dy163-MT151-Karzhavina-40405010.1973                           3 1.96000E-05 5.58000E-05
n-Dy163-MT151-Karzhavina-404100031.1975                         38 1.71000E-06 2.97400E-04
n-Dy163-MT151-Karzhavina-404100032.1975                         39 1.71000E-06 3.23000E-04
n-Dy163-MT151-Karzhavina-40410011.1975                           3 4.50000E-04 4.50000E-04
n-Dy163-MT151-Karzhavina-40410012.1975                           3 4.50000E-04 4.50000E-04
n-Dy163-MT151-Kim-315300031.2003                                 2 1.70930E-06 5.83770E-06
n-Dy163-MT151-Kim-315300032.2003                                 2 1.70930E-06 5.83770E-06
n-Dy163-MT151-Kim-315300033.2003                                 2 1.70930E-06 5.83770E-06
n-Dy163-MT151-Kim-315300034.2003                                 2 1.70930E-06 5.83770E-06
n-Dy163-MT151-Liou-105250051.1975                              114 1.72000E-06 9.96600E-04
n-Dy163-MT151-Liou-105250051A001.1975                          114 1.72000E-06 9.96600E-04
n-Dy163-MT151-Liou-105250052.1975                              114 1.72000E-06 9.96600E-04
n-Dy163-MT151-Liou-105250052A001.1975                          114 1.72000E-06 9.96600E-04
n-Dy163-MT151-Liou-105250053.1975                               39 1.62300E-05 7.56050E-04
n-Dy163-MT151-Liou-105250053A001.1975                           39 1.62300E-05 7.56050E-04
n-Dy163-MT151-Liou-105250111.1975                                1 4.99160E-04 4.99160E-04
n-Dy163-MT151-Liou-105250111A001.1975                            1 4.99160E-04 4.99160E-04
n-Dy163-MT151-Liou-105250112.1975                                1 4.99160E-04 4.99160E-04
n-Dy163-MT151-Liou-105250112A001.1975                            1 4.99160E-04 4.99160E-04
n-Dy163-MT151-Mughabghab-100520081.1970                         18 1.71000E-06 2.23600E-04
n-Dy163-MT151-Mughabghab-100520081A001.1970                     18 1.71000E-06 2.23600E-04
n-Dy163-MT151-Mughabghab-100520083.1970                          3 1.62000E-05 5.88000E-05
n-Dy163-MT151-Mughabghab-100520083A001.1970                      3 1.62000E-05 5.88000E-05
n-Dy163-MT151-Mughabghab-100520231.1970                          1 1.12655E-04 1.12655E-04
n-Dy163-MT151-Mughabghab-100520231A001.1970                      1 1.12655E-04 1.12655E-04
n-Dy163-MT151-Mughabghab-100520232.1970                          1 1.12655E-04 1.12655E-04
n-Dy163-MT151-Mughabghab-100520232A001.1970                      1 1.12655E-04 1.12655E-04
n-Dy163-MT151-Mughabghab-10052027.1970                           1 1.12655E-04 1.12655E-04
n-Dy163-MT151-Mughabghab-10052027A001.1970                       1 1.12655E-04 1.12655E-04
n-Dy163-MT151-Mughabghab-10118002.1970                           8 1.70000E-06 2.90000E-04
n-Dy163-MT151-Mughabghab-10118002A001.1970                       8 1.70000E-06 2.90000E-04
n-Dy163-MT151-Popov-412760061.1980                               6 1.62400E-05 5.90200E-05
n-Dy163-MT151-Popov-412760062.1980                               5 1.62400E-05 5.90200E-05
n-Dy163-MT151-Popov-412760063.1980                               5 1.62400E-05 5.90200E-05
n-Dy163-MT151-Shin-145140051.2017                              127 1.62000E-05 9.97300E-04
n-Dy163-MT151-Shin-145140052.2017                              127 1.62000E-05 9.97300E-04
n-Dy163-MT151-Shin-145140053.2017                              127 1.62000E-05 9.97300E-04
n-Dy163-MT151-Shin-145140054.2017                              127 1.62000E-05 9.97300E-04
n-Dy163-MT151-Shin-234620081.2018                               41 1.70000E-06 2.98100E-04
n-Dy163-MT151-Shin-23462011.2018                                 1 1.89000E-04 1.89000E-04
n-Dy163-MT151-Slaughter-10822002.1972                           38 1.62000E-05 2.99000E-04
n-Dy163-MT151-Slaughter-10822002A001.1972                       38 1.62000E-05 2.99000E-04
n-Dy163-MT151-Zimmerman-114380041.1957                          17 1.71000E-06 2.21600E-04
n-Dy163-MT151-Zimmerman-114380042.1957                           1 1.71000E-06 1.71000E-06
