#              Filename                                         N    min         max
n-Ni000-MT002-Allen-11762009.1954                                1 2.53000E-08 2.53000E-08
n-Ni000-MT002-Bauer-11760002.1963                                1 1.40000E+01 1.40000E+01
n-Ni000-MT002-Bendt-13652003.1950                                1 2.27220E-09 2.27220E-09
n-Ni000-MT002-Bendt-13652006.1950                                1 2.27220E-09 2.27220E-09
n-Ni000-MT002-Clarke-11768003.1967                               1 1.41000E+01 1.41000E+01
n-Ni000-MT002-Cox-10332078.1972                                  1 8.75400E-01 8.75400E-01
n-Ni000-MT002-Cox-10332078A001.1972                              1 8.75400E-01 8.75400E-01
n-Ni000-MT002-Guenther-10593008.1976                            59 2.97000E-01 4.00400E+00
n-Ni000-MT002-Guenther-10593008A001.1976                        59 2.97000E-01 4.00400E+00
n-Ni000-MT002-Hansen-10423005.1973                               1 1.46000E+01 1.46000E+01
n-Ni000-MT002-Hansen-10423005A001.1973                           1 1.46000E+01 1.46000E+01
n-Ni000-MT002-Holmqvist-20019131.1969                            7 3.00000E+00 8.05000E+00
n-Ni000-MT002-Holmqvist-20020022.1970                            5 1.77000E+00 2.76000E+00
n-Ni000-MT002-Kazakova-40706021.1965                             1 2.00000E+00 2.00000E+00
n-Ni000-MT002-Kinney-10113005.1974                               5 4.34000E+00 8.56000E+00
n-Ni000-MT002-Kinney-10113005A001.1974                           5 4.34000E+00 8.56000E+00
n-Ni000-MT002-Korzh-40042006.1968                                1 1.50000E+00 1.50000E+00
n-Ni000-MT002-Korzh-40179011.1972                                1 1.50000E+00 1.50000E+00
n-Ni000-MT002-Korzh-40685016.1964                                2 5.00000E-01 8.00000E-01
n-Ni000-MT002-Korzh-40762020.1963                                1 6.50000E-01 6.50000E-01
n-Ni000-MT002-Korzh-40763020.1963                                1 3.00000E-01 3.00000E-01
n-Ni000-MT002-LiJingdee-32525003.1986                            1 1.00000E+00 1.00000E+00
n-Ni000-MT002-Lovchikova-40230012.1963                           1 9.00000E-01 9.00000E-01
n-Ni000-MT002-Machwe-11572018.1959                               1 3.66000E+00 3.66000E+00
n-Ni000-MT002-Malmskog-20197008.1972                            40 5.00000E-01 1.47500E+00
n-Ni000-MT002-Mitchell-14700009.1936                             1 2.53000E-08 2.53000E-08
n-Ni000-MT002-Olsson-22048019.1987                               1 2.16000E+01 2.16000E+01
n-Ni000-MT002-Rayburn-11026022.1965                              1 1.44000E-06 1.44000E-06
n-Ni000-MT002-Rayburn-11026022A001.1965                          1 1.44000E-06 1.44000E-06
n-Ni000-MT002-Smith-10823004.1981                               40 1.52500E+00 3.72500E+00
n-Ni000-MT002-Smith-10823004A001.1981                           40 1.52500E+00 3.72500E+00
n-Ni000-MT002-Takahashi-22766035.1992                            1 1.41000E+01 1.41000E+01
n-Ni000-MT002-Walt-11637011.1954                                 1 1.00000E+00 1.00000E+00
n-Ni000-MT002-ZoInOkkk-40937004.1985                            21 2.50000E-03 4.42000E-01
n-Ni000-MT002-Zuhr-10441005.1975                                63 2.00000E-02 6.40000E-01
n-Ni000-MT002-Zuhr-10441005A001.1975                            63 2.00000E-02 6.40000E-01
