#              Filename                                         N    min         max
n-Cd000-MT003-Beyster-11216012.1955                              3 1.00000E+00 4.50000E+00
n-Cd000-MT003-Beyster-11216012A001.1955                          3 1.00000E+00 4.50000E+00
n-Cd000-MT003-Beyster-11220022.1956                              5 1.00000E+00 7.00000E+00
n-Cd000-MT003-Beyster-11220022A001.1956                          5 1.00000E+00 7.00000E+00
n-Cd000-MT003-Chatterjee-30337006.1967                           1 1.48000E+01 1.48000E+01
n-Cd000-MT003-Flerov-40369017.1956                               1 1.45000E+01 1.45000E+01
n-Cd000-MT003-Graves-11304008.1953                               1 1.41000E+01 1.41000E+01
n-Cd000-MT003-Graves-11310008.1955                               1 1.41000E+01 1.41000E+01
n-Cd000-MT003-Lebedev-40415008.1958                              1 1.40000E+01 1.40000E+01
n-Cd000-MT003-Macgregor-11226017.1957                            1 1.42000E+01 1.42000E+01
n-Cd000-MT003-Macgregor-11226017A001.1957                        1 1.42000E+01 1.42000E+01
n-Cd000-MT003-Morrison-22576004.1956                             3 1.20000E+00 2.00000E+00
n-Cd000-MT003-Oehler-30213002.1966                               1 9.60000E-01 9.60000E-01
n-Cd000-MT003-Pal-30335004.1980                                  1 1.42000E+01 1.42000E+01
n-Cd000-MT003-Pasechnik-40381011.1955                            3 2.50000E+00 4.10000E+00
n-Cd000-MT003-Poze-40781007.1956                                 2 7.70000E-01 1.00000E+00
n-Cd000-MT003-Strizhak-32239007.1958                             1 1.40000E+01 1.40000E+01
n-Cd000-MT003-Strizhak-40360011.1957                             1 1.40000E+01 1.40000E+01
n-Cd000-MT003-Strizhak-40782014.1956                             1 2.50000E+00 2.50000E+00
n-Cd000-MT003-Voss-21370005.1956                                 4 5.50000E+01 1.40000E+02
n-Cd000-MT003-Walt-11215031.1955                                 1 4.10000E+00 4.10000E+00
n-Cd000-MT003-Walt-11215031A001.1955                             1 4.10000E+00 4.10000E+00
