#              Filename                                         N    min         max
a-Ne020-MT801-Adachi-E2635023-ang-E0386.000.2018                14 2.39988E+00 8.30000E+00
a-Ne020-MT801-Bucurescu-F0553005-ang-E0014.500.1970             24 1.90000E+01 1.31000E+02
a-Ne020-MT801-Bucurescu-F0553005-ang-E0015.100.1970             24 2.19000E+01 1.35900E+02
a-Ne020-MT801-Burtebayev-D0907003-ang-E0048.800.2018           130 1.00000E+01 1.70000E+02
a-Ne020-MT801-Davis-C0099002-ang-E0005.610.1992                138 1.50000E+01 1.65000E+02
a-Ne020-MT801-Davis-C0099003-ang-E0007.529.1992                  5 6.50000E+01 1.35000E+02
a-Ne020-MT801-Davis-C0099003-ang-E0007.544.1992                  1 1.35000E+02 1.65000E+02
a-Ne020-MT801-Davis-C0099003-ang-E0007.574.1992                  1 9.00000E+01 1.65000E+02
a-Ne020-MT801-Davis-C0099003-ang-E0007.697.1992                  1 7.50000E+01 9.00000E+01
a-Ne020-MT801-Davis-C0099003-ang-E0007.727.1992                  1 7.50000E+01 1.50000E+02
a-Ne020-MT801-Davis-C0099003-ang-E0007.816.1992                  1 1.30000E+02 1.50000E+02
a-Ne020-MT801-Davis-C0099003-ang-E0008.086.1992                  1 6.50000E+01 1.30000E+02
a-Ne020-MT801-Davis-C0099003-ang-E0008.101.1992                  2 6.50000E+01 1.30000E+02
a-Ne020-MT801-Davis-C0099003-ang-E0008.324.1992                  1 4.50000E+01 9.50000E+01
a-Ne020-MT801-Davis-C0099003-ang-E0008.395.1992                  1 4.50000E+01 7.50000E+01
a-Ne020-MT801-Davis-C0099003-ang-E0009.516.1992                  1 7.50000E+01 1.60000E+02
a-Ne020-MT801-Davis-C0099003-ang-E0009.526.1992                  1 4.50000E+01 1.60000E+02
a-Ne020-MT801-Davis-C0099003-ang-E0009.676.1992                  1 4.50000E+01 5.00000E+01
a-Ne020-MT801-Davis-C0099003-ang-E0009.766.1992                  1 5.00000E+01 5.00000E+01
a-Ne020-MT801-Davis-C0099004-ang-E0009.526.1992                  2 9.00000E+01 1.05000E+02
a-Ne020-MT801-Davis-C0099004-ang-E0009.546.1992                  1 9.00000E+01 1.05000E+02
a-Ne020-MT801-Davis-C0099004-ang-E0010.931.1992                  1 9.00000E+01 1.15000E+02
a-Ne020-MT801-Davis-C0798003-ang-E0013.415.1981                100 7.00000E+01 7.00000E+01
a-Ne020-MT801-Frickey-T0238003-ang-E0015.800.1971               45 2.77000E+01 1.71300E+02
a-Ne020-MT801-Frickey-T0238003-ang-E0016.300.1971               48 2.77000E+01 1.72500E+02
a-Ne020-MT801-Frickey-T0238003-ang-E0016.800.1971               45 2.77000E+01 1.73800E+02
a-Ne020-MT801-Frickey-T0238003-ang-E0017.300.1971               44 2.85000E+01 1.71300E+02
a-Ne020-MT801-Frickey-T0238003-ang-E0017.800.1971               40 2.85000E+01 1.75000E+02
a-Ne020-MT801-Frickey-T0238005-ang-E0015.800.1971                3 3.20000E+01 1.50900E+02
a-Ne020-MT801-Frickey-T0238005-ang-E0015.810.1971                1 3.20000E+01 1.50900E+02
a-Ne020-MT801-Frickey-T0238005-ang-E0015.820.1971                1 3.20000E+01 1.20700E+02
a-Ne020-MT801-Kokame-E2246009-ang-E0027.300.1965                21 1.27000E+01 6.28000E+01
a-Ne020-MT801-Kokame-E2246012-ang-E0027.300.1965                20 1.56000E+01 6.44000E+01
a-Ne020-MT801-Labie-F0662003-ang-E0022.500.1970                 22 1.50000E+01 8.06000E+01
a-Ne020-MT801-Rebel-D0215003-ang-E0104.000.1972                363 4.40002E+00 6.00000E+01
a-Ne020-MT801-Reed-C1187005-ang-E0033.000.1968                 122 1.04000E+01 1.50900E+02
a-Ne020-MT801-Reed-C1187005-ang-E0033.000A001.1968              88 1.26000E+01 1.47400E+02
a-Ne020-MT801-Reed-C1187005-ang-E0033.000A002.1968              82 1.26000E+01 1.45600E+02
a-Ne020-MT801-Reed-C1187005-ang-E0033.000A003.1968              53 1.06000E+01 7.53000E+01
a-Ne020-MT801-Reed-C1187005-ang-E0033.000A004.1968              53 1.06000E+01 7.54000E+01
a-Ne020-MT801-Reed-C1187005-ang-E0033.000A005.1968              53 1.07000E+01 7.58000E+01
a-Ne020-MT801-Reed-C1187005-ang-E0050.900.1968                  73 1.10000E+01 1.59500E+02
a-Ne020-MT801-Reed-C1187005-ang-E0050.900A001.1968              62 1.11000E+01 1.59600E+02
a-Ne020-MT801-Reed-C1187005-ang-E0050.900A002.1968              59 1.11000E+01 1.59700E+02
a-Ne020-MT801-Reed-C1187005-ang-E0050.900A003.1968              13 1.06000E+01 7.29000E+01
a-Ne020-MT801-Reed-C1187005-ang-E0050.900A004.1968              14 1.07000E+01 7.09000E+01
a-Ne020-MT801-Reed-C1187005-ang-E0050.900A005.1968               5 4.07000E+01 4.88000E+01
a-Ne020-MT801-Reed-C1187005-ang-E0080.800.1968                  40 1.10000E+01 1.18000E+02
a-Ne020-MT801-Reed-C1187005-ang-E0080.800A001.1968              42 1.11000E+01 1.18200E+02
a-Ne020-MT801-Reed-C1187005-ang-E0080.800A002.1968              42 1.06000E+01 1.18400E+02
a-Ne020-MT801-Sadkovskiy-F0496004-ang-E0023.600.1984           154 1.44000E+01 1.67100E+02
a-Ne020-MT801-Sadkovskiy-F0496009-ang-E0023.600.1984            54 1.45000E+01 1.65300E+02
