#              Filename                                         N    min         max
p-Li007-MT002-Amar-D8002002-ang-E0000.395.2011                   6 4.00000E+01 1.68000E+02
p-Li007-MT002-Amar-D8002002-ang-E0000.792.2011                   6 4.00000E+01 1.68000E+02
p-Li007-MT002-Bashkin-A1454004-ang-E0000.870.1951               69 1.64000E+02 1.64000E+02
p-Li007-MT002-Bingham-A1431009-ang-E0006.868.1971                1 9.50000E+01 9.50000E+01
p-Li007-MT002-Caciolli-O1409004-ang-E0003.009.2006             146 1.50000E+02 1.50000E+02
p-Li007-MT002-Fasoli-D0509002-ang-E0001.241.1964                85 1.66300E+02 1.66300E+02
p-Li007-MT002-Fasoli-D0509003-ang-E0002.981.1964                 1 1.18000E+02 1.34800E+02
p-Li007-MT002-Fasoli-D0509003-ang-E0002.986.1964                 1 1.34800E+02 1.44700E+02
p-Li007-MT002-Fasoli-D0509003-ang-E0002.986A001.1964             1 8.18000E+01 1.44700E+02
p-Li007-MT002-Fasoli-D0509003-ang-E0002.990.1964                 1 8.18000E+01 1.01800E+02
p-Li007-MT002-Fasoli-D0509003-ang-E0002.992.1964                 1 8.91000E+01 1.01800E+02
p-Li007-MT002-Fasoli-D0509003-ang-E0002.992A001.1964             1 8.91000E+01 1.66300E+02
p-Li007-MT002-Fasoli-D0509003-ang-E0002.994.1964                 1 8.18000E+01 1.66300E+02
p-Li007-MT002-Fasoli-D0509003-ang-E0003.032.1964                 1 8.18000E+01 1.44700E+02
p-Li007-MT002-Fasoli-D0509003-ang-E0003.032A001.1964             1 1.18000E+02 1.44700E+02
p-Li007-MT002-Fasoli-D0509003-ang-E0003.036.1964                 1 1.18000E+02 1.66300E+02
p-Li007-MT002-Fasoli-D0509003-ang-E0003.037.1964                 1 1.34800E+02 1.66300E+02
p-Li007-MT002-Fasoli-D0509003-ang-E0003.039.1964                 1 1.01800E+02 1.34800E+02
p-Li007-MT002-Fasoli-D0509003-ang-E0003.040.1964                 1 8.91000E+01 1.01800E+02
p-Li007-MT002-Fasoli-D0509003-ang-E0003.046.1964                 1 8.91000E+01 1.34800E+02
p-Li007-MT002-Fasoli-D0509003-ang-E0003.078.1964                 1 1.18000E+02 1.34800E+02
p-Li007-MT002-Fasoli-D0509003-ang-E0003.078A001.1964             1 8.18000E+01 1.18000E+02
p-Li007-MT002-Fasoli-D0509003-ang-E0003.083.1964                 1 8.18000E+01 1.44700E+02
p-Li007-MT002-Fasoli-D0509003-ang-E0003.083A001.1964             1 1.01800E+02 1.44700E+02
p-Li007-MT002-Fasoli-D0509003-ang-E0003.084.1964                 1 1.01800E+02 1.66300E+02
p-Li007-MT002-Fasoli-D0509003-ang-E0003.086.1964                 1 8.18000E+01 1.66300E+02
p-Li007-MT002-Fasoli-D0509003-ang-E0003.125.1964                 1 8.18000E+01 1.18000E+02
p-Li007-MT002-Fasoli-D0509003-ang-E0003.125A001.1964             1 1.18000E+02 1.44700E+02
p-Li007-MT002-Fasoli-D0509003-ang-E0003.130.1964                 1 1.01800E+02 1.44700E+02
p-Li007-MT002-Fasoli-D0509003-ang-E0003.133.1964                 1 1.01800E+02 1.66300E+02
p-Li007-MT002-Fasoli-D0509003-ang-E0003.134.1964                 1 1.34800E+02 1.66300E+02
p-Li007-MT002-Fasoli-D0509003-ang-E0003.141.1964                 1 8.91000E+01 1.34800E+02
p-Li007-MT002-Fasoli-D0509003-ang-E0003.143.1964                 1 8.18000E+01 8.91000E+01
p-Li007-MT002-Fasoli-D0509003-ang-E0003.176.1964                 1 8.18000E+01 1.44700E+02
p-Li007-MT002-Fasoli-D0509003-ang-E0003.176A001.1964             1 1.01800E+02 1.44700E+02
p-Li007-MT002-Fasoli-D0509003-ang-E0003.191.1964                 1 1.01800E+02 1.66300E+02
p-Li007-MT002-Fasoli-D0509003-ang-E0003.192.1964                 1 1.34800E+02 1.66300E+02
p-Li007-MT002-Fasoli-D0509003-ang-E0003.194.1964                 1 8.91000E+01 1.34800E+02
p-Li007-MT002-Fasoli-D0509003-ang-E0003.206.1964                 1 8.18000E+01 8.91000E+01
p-Li007-MT002-Fasoli-D0509003-ang-E0003.213.1964                 1 8.18000E+01 1.44700E+02
p-Li007-MT002-Fasoli-D0509003-ang-E0003.214.1964                 1 1.18000E+02 1.44700E+02
p-Li007-MT002-Fasoli-D0509003-ang-E0003.223.1964                 1 1.01800E+02 1.18000E+02
p-Li007-MT002-Fasoli-D0509003-ang-E0003.239.1964                 1 1.01800E+02 1.34800E+02
p-Li007-MT002-Fasoli-D0509003-ang-E0003.243.1964                 1 1.34800E+02 1.66300E+02
p-Li007-MT002-Fasoli-D0509003-ang-E0003.245.1964                 1 8.91000E+01 1.66300E+02
p-Li007-MT002-Fasoli-D0509003-ang-E0003.249.1964                 1 8.18000E+01 8.91000E+01
p-Li007-MT002-Fasoli-D0509003-ang-E0003.264.1964                 1 8.18000E+01 1.44700E+02
p-Li007-MT002-Fasoli-D0509003-ang-E0003.265.1964                 1 1.18000E+02 1.44700E+02
p-Li007-MT002-Fasoli-D0509003-ang-E0003.269.1964                 1 1.18000E+02 1.66300E+02
p-Li007-MT002-Fasoli-D0509003-ang-E0003.289.1964                 1 1.34800E+02 1.66300E+02
p-Li007-MT002-Fasoli-D0509003-ang-E0003.291.1964                 1 1.01800E+02 1.34800E+02
p-Li007-MT002-Fasoli-D0509003-ang-E0003.298.1964                 1 8.91000E+01 1.01800E+02
p-Li007-MT002-Fasoli-D0509003-ang-E0003.298A001.1964             1 8.91000E+01 1.18000E+02
p-Li007-MT002-Fasoli-D0509003-ang-E0003.316.1964                 1 8.18000E+01 1.18000E+02
p-Li007-MT002-Fasoli-D0509003-ang-E0003.320.1964                 1 8.18000E+01 1.44700E+02
p-Li007-MT002-Fasoli-D0509003-ang-E0003.321.1964                 1 1.44700E+02 1.66300E+02
p-Li007-MT002-Fasoli-D0509003-ang-E0003.337.1964                 1 1.01800E+02 1.66300E+02
p-Li007-MT002-Fasoli-D0509003-ang-E0003.341.1964                 1 1.01800E+02 1.34800E+02
p-Li007-MT002-Fasoli-D0509003-ang-E0003.344.1964                 1 8.91000E+01 1.34800E+02
p-Li007-MT002-Fasoli-D0509003-ang-E0003.346.1964                 1 8.91000E+01 1.18000E+02
p-Li007-MT002-Fasoli-D0509003-ang-E0003.362.1964                 1 1.18000E+02 1.44700E+02
p-Li007-MT002-Fasoli-D0509003-ang-E0003.362A001.1964             1 8.18000E+01 1.44700E+02
p-Li007-MT002-Fasoli-D0509003-ang-E0003.366.1964                 1 8.18000E+01 1.66300E+02
p-Li007-MT002-Fasoli-D0509003-ang-E0003.401.1964                 1 1.34800E+02 1.66300E+02
p-Li007-MT002-Fasoli-D0509003-ang-E0003.403.1964                 1 1.01800E+02 1.34800E+02
p-Li007-MT002-Fasoli-D0509003-ang-E0003.404.1964                 1 8.91000E+01 1.01800E+02
p-Li007-MT002-Fasoli-D0509003-ang-E0003.405.1964                 1 8.18000E+01 8.91000E+01
p-Li007-MT002-Fasoli-D0509003-ang-E0003.413.1964                 1 8.18000E+01 1.18000E+02
p-Li007-MT002-Fasoli-D0509003-ang-E0003.413A001.1964             1 1.18000E+02 1.44700E+02
p-Li007-MT002-Fasoli-D0509003-ang-E0003.414.1964                 1 1.44700E+02 1.66300E+02
p-Li007-MT002-Fasoli-D0509003-ang-E0003.444.1964                 1 1.34800E+02 1.66300E+02
p-Li007-MT002-Fasoli-D0509003-ang-E0003.446.1964                 1 1.01800E+02 1.34800E+02
p-Li007-MT002-Fasoli-D0509003-ang-E0003.453.1964                 1 8.91000E+01 1.01800E+02
p-Li007-MT002-Fasoli-D0509003-ang-E0003.453A001.1964             1 8.18000E+01 8.91000E+01
p-Li007-MT002-Fasoli-D0509003-ang-E0003.460.1964                 1 8.18000E+01 1.44700E+02
p-Li007-MT002-Fasoli-D0509003-ang-E0003.460A001.1964             1 1.18000E+02 1.44700E+02
p-Li007-MT002-Fasoli-D0509003-ang-E0003.464.1964                 1 6.28000E+01 1.18000E+02
p-Li007-MT002-Fasoli-D0509003-ang-E0003.468.1964                 1 6.28000E+01 8.18000E+01
p-Li007-MT002-Fasoli-D0509003-ang-E0003.501.1964                 1 8.18000E+01 1.01800E+02
p-Li007-MT002-Fasoli-D0509003-ang-E0003.501A001.1964             1 8.91000E+01 1.01800E+02
p-Li007-MT002-Fasoli-D0509003-ang-E0003.502.1964                 1 8.91000E+01 1.66300E+02
p-Li007-MT002-Fasoli-D0509003-ang-E0003.502A001.1964             1 1.34800E+02 1.66300E+02
p-Li007-MT002-Fasoli-D0509003-ang-E0003.505.1964                 1 1.18000E+02 1.34800E+02
p-Li007-MT002-Fasoli-D0509003-ang-E0003.506.1964                 1 1.18000E+02 1.44700E+02
p-Li007-MT002-Fasoli-D0509003-ang-E0003.511.1964                 1 6.28000E+01 1.44700E+02
p-Li007-MT002-Fasoli-D0509003-ang-E0003.515.1964                 1 6.28000E+01 1.34800E+02
p-Li007-MT002-Fasoli-D0509003-ang-E0003.548.1964                 1 1.01800E+02 1.34800E+02
p-Li007-MT002-Fasoli-D0509003-ang-E0003.550.1964                 1 8.91000E+01 1.01800E+02
p-Li007-MT002-Fasoli-D0509003-ang-E0003.550A001.1964             1 8.91000E+01 1.66300E+02
p-Li007-MT002-Fasoli-D0509003-ang-E0003.551.1964                 1 8.18000E+01 1.66300E+02
p-Li007-MT002-Fasoli-D0509003-ang-E0003.557.1964                 1 8.18000E+01 1.18000E+02
p-Li007-MT002-Fasoli-D0509003-ang-E0003.557A001.1964             1 1.18000E+02 1.44700E+02
p-Li007-MT002-Fasoli-D0509003-ang-E0003.558.1964                 1 5.87000E+01 1.44700E+02
p-Li007-MT002-Fasoli-D0509003-ang-E0003.566.1964                 1 5.87000E+01 1.01800E+02
p-Li007-MT002-Fasoli-D0509003-ang-E0003.594.1964                 1 1.01800E+02 1.34800E+02
p-Li007-MT002-Fasoli-D0509003-ang-E0003.597.1964                 1 1.34800E+02 1.66300E+02
p-Li007-MT002-Fasoli-D0509003-ang-E0003.599.1964                 1 8.18000E+01 1.66300E+02
p-Li007-MT002-Fasoli-D0509003-ang-E0003.604.1964                 2 8.18000E+01 1.18000E+02
p-Li007-MT002-Fasoli-D0509003-ang-E0003.604A001.1964             1 1.18000E+02 1.44700E+02
p-Li007-MT002-Fasoli-D0509003-ang-E0003.614.1964                 1 6.28000E+01 1.44700E+02
p-Li007-MT002-Fasoli-D0509003-ang-E0003.627.1964                 1 6.28000E+01 1.34800E+02
p-Li007-MT002-Fasoli-D0509003-ang-E0003.645.1964                 1 8.91000E+01 1.34800E+02
p-Li007-MT002-Fasoli-D0509003-ang-E0003.647.1964                 1 8.91000E+01 1.66300E+02
p-Li007-MT002-Fasoli-D0509003-ang-E0003.648.1964                 1 5.87000E+01 1.66300E+02
p-Li007-MT002-Fasoli-D0509003-ang-E0003.655.1964                 1 5.87000E+01 1.18000E+02
p-Li007-MT002-Fasoli-D0509003-ang-E0003.655A001.1964             1 1.18000E+02 1.44700E+02
p-Li007-MT002-Fasoli-D0509003-ang-E0003.655A002.1964             1 8.18000E+01 1.44700E+02
p-Li007-MT002-Fasoli-D0509003-ang-E0003.659.1964                 1 6.28000E+01 8.18000E+01
p-Li007-MT002-Fasoli-D0509003-ang-E0003.664.1964                 1 6.28000E+01 1.34800E+02
p-Li007-MT002-Fasoli-D0509003-ang-E0003.694.1964                 1 1.01800E+02 1.34800E+02
p-Li007-MT002-Fasoli-D0509003-ang-E0003.696.1964                 1 1.01800E+02 1.66300E+02
p-Li007-MT002-Fasoli-D0509003-ang-E0003.697.1964                 1 8.91000E+01 1.66300E+02
p-Li007-MT002-Fasoli-D0509003-ang-E0003.701.1964                 1 8.18000E+01 8.91000E+01
p-Li007-MT002-Fasoli-D0509003-ang-E0003.701A001.1964             1 8.18000E+01 1.18000E+02
p-Li007-MT002-Fasoli-D0509003-ang-E0003.701A002.1964             1 1.18000E+02 1.44700E+02
p-Li007-MT002-Fasoli-D0509003-ang-E0003.707.1964                 1 5.87000E+01 1.44700E+02
p-Li007-MT002-Fasoli-D0509003-ang-E0003.710.1964                 1 5.87000E+01 6.28000E+01
p-Li007-MT002-Fasoli-D0509003-ang-E0003.715.1964                 1 6.28000E+01 1.01800E+02
p-Li007-MT002-Fasoli-D0509003-ang-E0003.739.1964                 1 8.18000E+01 1.01800E+02
p-Li007-MT002-Fasoli-D0509003-ang-E0003.743.1964                 1 8.18000E+01 1.66300E+02
p-Li007-MT002-Fasoli-D0509003-ang-E0003.745.1964                 1 1.34800E+02 1.66300E+02
p-Li007-MT002-Fasoli-D0509003-ang-E0003.747.1964                 1 1.18000E+02 1.34800E+02
p-Li007-MT002-Fasoli-D0509003-ang-E0003.748.1964                 1 1.18000E+02 1.44700E+02
p-Li007-MT002-Fasoli-D0509003-ang-E0003.749.1964                 1 8.91000E+01 1.44700E+02
p-Li007-MT002-Fasoli-D0509003-ang-E0003.754.1964                 1 5.87000E+01 8.91000E+01
p-Li007-MT002-Fasoli-D0509003-ang-E0003.757.1964                 1 5.87000E+01 6.28000E+01
p-Li007-MT002-Fasoli-D0509003-ang-E0003.757A001.1964             1 6.28000E+01 1.01800E+02
p-Li007-MT002-Fasoli-D0509003-ang-E0003.793.1964                 1 8.18000E+01 1.01800E+02
p-Li007-MT002-Fasoli-D0509003-ang-E0003.794.1964                 1 8.18000E+01 1.18000E+02
p-Li007-MT002-Fasoli-D0509003-ang-E0003.794A001.1964             1 1.18000E+02 1.66300E+02
p-Li007-MT002-Fasoli-D0509003-ang-E0003.798.1964                 1 1.44700E+02 1.66300E+02
p-Li007-MT002-Fasoli-D0509003-ang-E0003.800.1964                 1 1.34800E+02 1.44700E+02
p-Li007-MT002-Fasoli-D0509003-ang-E0003.800A001.1964             1 8.91000E+01 1.34800E+02
p-Li007-MT002-Fasoli-D0509003-ang-E0003.803.1964                 1 5.87000E+01 8.91000E+01
p-Li007-MT002-Fasoli-D0509003-ang-E0003.808.1964                 2 5.87000E+01 8.18000E+01
p-Li007-MT002-Fasoli-D0509003-ang-E0003.841.1964                 1 8.18000E+01 1.18000E+02
p-Li007-MT002-Fasoli-D0509003-ang-E0003.841A001.1964             1 1.18000E+02 1.44700E+02
p-Li007-MT002-Fasoli-D0509003-ang-E0003.846.1964                 1 6.28000E+01 1.44700E+02
p-Li007-MT002-Fasoli-D0509003-ang-E0003.850.1964                 1 6.28000E+01 1.01800E+02
p-Li007-MT002-Fasoli-D0509003-ang-E0003.851.1964                 1 1.01800E+02 1.66300E+02
p-Li007-MT002-Fasoli-D0509003-ang-E0003.852.1964                 1 1.34800E+02 1.66300E+02
p-Li007-MT002-Fasoli-D0509003-ang-E0003.854.1964                 1 5.87000E+01 1.34800E+02
p-Li007-MT002-Fasoli-D0509003-ang-E0003.855.1964                 1 5.87000E+01 1.44700E+02
p-Li007-MT002-Fasoli-D0509003-ang-E0003.888.1964                 1 1.18000E+02 1.44700E+02
p-Li007-MT002-Fasoli-D0509003-ang-E0003.892.1964                 1 1.01800E+02 1.18000E+02
p-Li007-MT002-Fasoli-D0509003-ang-E0003.895.1964                 1 8.91000E+01 1.01800E+02
p-Li007-MT002-Fasoli-D0509003-ang-E0003.895A001.1964             1 8.91000E+01 1.34800E+02
p-Li007-MT002-Fasoli-D0509003-ang-E0003.898.1964                 1 8.18000E+01 1.34800E+02
p-Li007-MT002-Fasoli-D0509003-ang-E0003.901.1964                 1 8.18000E+01 1.66300E+02
p-Li007-MT002-Fasoli-D0509003-ang-E0003.905.1964                 1 5.87000E+01 1.66300E+02
p-Li007-MT002-Fasoli-D0509003-ang-E0003.906.1964                 2 5.87000E+01 8.18000E+01
p-Li007-MT002-Fasoli-D0509003-ang-E0003.934.1964                 1 8.18000E+01 1.01800E+02
p-Li007-MT002-Fasoli-D0509003-ang-E0003.938.1964                 1 1.01800E+02 1.18000E+02
p-Li007-MT002-Fasoli-D0509003-ang-E0003.939.1964                 1 1.18000E+02 1.44700E+02
p-Li007-MT002-Fasoli-D0509003-ang-E0003.939A001.1964             1 5.87000E+01 1.44700E+02
p-Li007-MT002-Fasoli-D0509003-ang-E0003.943.1964                 1 5.87000E+01 1.66300E+02
p-Li007-MT002-Fasoli-D0509003-ang-E0003.944.1964                 1 1.34800E+02 1.66300E+02
p-Li007-MT002-Fasoli-D0509003-ang-E0003.946.1964                 1 8.91000E+01 1.34800E+02
p-Li007-MT002-Fasoli-D0509003-ang-E0003.948.1964                 1 6.28000E+01 8.91000E+01
p-Li007-MT002-Fasoli-D0509003-ang-E0003.952.1964                 1 6.28000E+01 8.18000E+01
p-Li007-MT002-Fasoli-D0509003-ang-E0003.985.1964                 1 8.18000E+01 1.01800E+02
p-Li007-MT002-Fasoli-D0509003-ang-E0003.987.1964                 1 1.01800E+02 1.18000E+02
p-Li007-MT002-Fasoli-D0509003-ang-E0003.990.1964                 1 1.18000E+02 1.44700E+02
p-Li007-MT002-Fasoli-D0509003-ang-E0003.990A001.1964             1 1.44700E+02 1.66300E+02
p-Li007-MT002-Fasoli-D0509003-ang-E0003.992.1964                 1 8.91000E+01 1.66300E+02
p-Li007-MT002-Fasoli-D0509003-ang-E0003.997.1964                 1 8.91000E+01 1.34800E+02
p-Li007-MT002-Fasoli-D0509003-ang-E0003.999.1964                 1 6.28000E+01 1.34800E+02
p-Li007-MT002-Fasoli-D0509003-ang-E0004.003.1964                 1 6.28000E+01 8.18000E+01
p-Li007-MT002-Fasoli-D0509003-ang-E0004.032.1964                 1 8.18000E+01 1.18000E+02
p-Li007-MT002-Fasoli-D0509003-ang-E0004.032A001.1964             1 5.87000E+01 1.18000E+02
p-Li007-MT002-Fasoli-D0509003-ang-E0004.036.1964                 1 5.87000E+01 1.01800E+02
p-Li007-MT002-Fasoli-D0509003-ang-E0004.040.1964                 1 1.01800E+02 1.34800E+02
p-Li007-MT002-Fasoli-D0509003-ang-E0004.043.1964                 1 8.91000E+01 1.34800E+02
p-Li007-MT002-Fasoli-D0509003-ang-E0004.045.1964                 1 8.91000E+01 1.44700E+02
p-Li007-MT002-Fasoli-D0509003-ang-E0004.046.1964                 1 1.44700E+02 1.66300E+02
p-Li007-MT002-Fasoli-D0509003-ang-E0004.050.1964                 1 1.18000E+02 1.66300E+02
p-Li007-MT002-Fasoli-D0509003-ang-E0004.074.1964                 1 8.18000E+01 1.18000E+02
p-Li007-MT002-Fasoli-D0509003-ang-E0004.087.1964                 1 5.87000E+01 8.18000E+01
p-Li007-MT002-Fasoli-D0509003-ang-E0004.092.1964                 1 5.87000E+01 1.44700E+02
p-Li007-MT002-Fasoli-D0509003-ang-E0004.093.1964                 1 1.01800E+02 1.44700E+02
p-Li007-MT002-Fasoli-D0509003-ang-E0004.093A001.1964             1 8.91000E+01 1.01800E+02
p-Li007-MT002-Fasoli-D0509003-ang-E0004.094.1964                 1 6.28000E+01 8.91000E+01
p-Li007-MT002-Fasoli-D0509003-ang-E0004.096.1964                 1 6.28000E+01 1.34800E+02
p-Li007-MT002-Fasoli-D0509003-ang-E0004.101.1964                 1 1.34800E+02 1.66300E+02
p-Li007-MT002-Fasoli-D0509003-ang-E0004.104.1964                 1 1.18000E+02 1.66300E+02
p-Li007-MT002-Fasoli-D0509003-ang-E0004.125.1964                 1 5.87000E+01 1.18000E+02
p-Li007-MT002-Fasoli-D0509003-ang-E0004.129.1964                 1 5.87000E+01 8.18000E+01
p-Li007-MT002-Fasoli-D0509003-ang-E0004.129A001.1964             1 8.18000E+01 1.44700E+02
p-Li007-MT002-Fasoli-D0509003-ang-E0004.135.1964                 1 6.28000E+01 1.44700E+02
p-Li007-MT002-Fasoli-D0509003-ang-E0004.143.1964                 1 6.28000E+01 1.01800E+02
p-Li007-MT002-Fasoli-D0509003-ang-E0004.152.1964                 1 8.91000E+01 1.01800E+02
p-Li007-MT002-Fasoli-D0509003-ang-E0004.152A001.1964             2 8.91000E+01 1.66300E+02
p-Li007-MT002-Fasoli-D0509003-ang-E0004.155.1964                 1 5.87000E+01 1.34800E+02
p-Li007-MT002-Fasoli-D0509003-ang-E0004.175.1964                 1 5.87000E+01 8.18000E+01
p-Li007-MT002-Fasoli-D0509003-ang-E0004.176.1964                 1 8.18000E+01 1.18000E+02
p-Li007-MT002-Fasoli-D0509003-ang-E0004.176A001.1964             1 1.18000E+02 1.44700E+02
p-Li007-MT002-Fasoli-D0509003-ang-E0004.176A002.1964             1 1.01800E+02 1.44700E+02
p-Li007-MT002-Fasoli-D0509003-ang-E0004.195.1964                 1 8.91000E+01 1.01800E+02
p-Li007-MT002-Fasoli-D0509003-ang-E0004.200.1964                 1 8.91000E+01 1.66300E+02
p-Li007-MT002-Fasoli-D0509003-ang-E0004.201.1964                 1 1.34800E+02 1.66300E+02
p-Li007-MT002-Fasoli-D0509003-ang-E0004.208.1964                 1 1.18000E+02 1.34800E+02
p-Li007-MT002-Fasoli-D0509003-ang-E0004.218.1964                 1 8.18000E+01 1.18000E+02
p-Li007-MT002-Fasoli-D0509003-ang-E0004.222.1964                 1 5.87000E+01 8.18000E+01
p-Li007-MT002-Fasoli-D0509003-ang-E0004.227.1964                 1 5.87000E+01 1.34800E+02
p-Li007-MT002-Fasoli-D0509003-ang-E0004.256.1964                 1 1.01800E+02 1.34800E+02
p-Li007-MT002-Fasoli-D0509003-ang-E0004.258.1964                 1 8.91000E+01 1.01800E+02
p-Li007-MT002-Fasoli-D0509003-ang-E0004.259.1964                 2 8.91000E+01 1.66300E+02
p-Li007-MT002-Fasoli-D0509003-ang-E0004.264.1964                 1 8.18000E+01 1.18000E+02
p-Li007-MT002-Fasoli-D0509003-ang-E0004.269.1964                 1 5.87000E+01 8.18000E+01
p-Li007-MT002-Fasoli-D0509003-ang-E0004.273.1964                 1 5.87000E+01 6.28000E+01
p-Li007-MT002-Fasoli-D0509003-ang-E0004.278.1964                 1 6.28000E+01 8.18000E+01
p-Li007-MT002-Fasoli-D0509003-ang-E0004.311.1964                 1 8.18000E+01 1.01800E+02
p-Li007-MT002-Fasoli-D0509003-ang-E0004.312.1964                 1 1.01800E+02 1.34800E+02
p-Li007-MT002-Fasoli-D0509003-ang-E0004.315.1964                 1 1.18000E+02 1.34800E+02
p-Li007-MT002-Fasoli-D0509003-ang-E0004.315A001.1964             1 8.91000E+01 1.18000E+02
p-Li007-MT002-Fasoli-D0509003-ang-E0004.317.1964                 1 8.91000E+01 1.66300E+02
p-Li007-MT002-Fasoli-D0509003-ang-E0004.317A001.1964             1 1.44700E+02 1.66300E+02
p-Li007-MT002-Fasoli-D0509003-ang-E0004.321.1964                 1 1.01800E+02 1.44700E+02
p-Li007-MT002-Fasoli-D0509003-ang-E0004.350.1964                 1 1.01800E+02 1.34800E+02
p-Li007-MT002-Fasoli-D0509003-ang-E0004.359.1964                 1 8.91000E+01 1.34800E+02
p-Li007-MT002-Fasoli-D0509003-ang-E0004.360.1964                 1 8.91000E+01 1.44700E+02
p-Li007-MT002-Fasoli-D0509003-ang-E0004.362.1964                 1 5.87000E+01 1.44700E+02
p-Li007-MT002-Fasoli-D0509003-ang-E0004.366.1964                 1 5.87000E+01 1.66300E+02
p-Li007-MT002-Fasoli-D0509003-ang-E0004.371.1964                 1 1.34800E+02 1.66300E+02
p-Li007-MT002-Fasoli-D0509003-ang-E0004.407.1964                 1 1.01800E+02 1.34800E+02
p-Li007-MT002-Fasoli-D0509003-ang-E0004.409.1964                 1 8.91000E+01 1.01800E+02
p-Li007-MT002-Fasoli-D0509003-ang-E0004.409A001.1964             1 8.91000E+01 1.18000E+02
p-Li007-MT002-Fasoli-D0509003-ang-E0004.413.1964                 1 1.18000E+02 1.66300E+02
p-Li007-MT002-Fasoli-D0509003-ang-E0004.414.1964                 1 8.18000E+01 1.66300E+02
p-Li007-MT002-Fasoli-D0509003-ang-E0004.418.1964                 1 8.18000E+01 1.44700E+02
p-Li007-MT002-Fasoli-D0509003-ang-E0004.418A001.1964             1 5.87000E+01 1.44700E+02
p-Li007-MT002-Fasoli-D0509003-ang-E0004.422.1964                 1 5.87000E+01 6.28000E+01
p-Li007-MT002-Fasoli-D0509003-ang-E0004.427.1964                 1 6.28000E+01 1.18000E+02
p-Li007-MT002-Fasoli-D0509003-ang-E0004.455.1964                 1 8.91000E+01 1.18000E+02
p-Li007-MT002-Fasoli-D0509003-ang-E0004.457.1964                 1 5.87000E+01 8.91000E+01
p-Li007-MT002-Fasoli-D0509003-ang-E0004.459.1964                 1 5.87000E+01 8.18000E+01
p-Li007-MT002-Fasoli-D0509003-ang-E0004.459A001.1964             1 8.18000E+01 1.34800E+02
p-Li007-MT002-Fasoli-D0509003-ang-E0004.460.1964                 1 1.01800E+02 1.34800E+02
p-Li007-MT002-Fasoli-D0509003-ang-E0004.462.1964                 1 1.01800E+02 1.66300E+02
p-Li007-MT002-Fasoli-D0509003-ang-E0004.463.1964                 1 1.44700E+02 1.66300E+02
p-Li007-MT002-Fasoli-D0509003-ang-E0004.465.1964                 1 1.01800E+02 1.44700E+02
p-Li007-MT002-Fasoli-D0509003-ang-E0004.505.1964                 1 8.18000E+01 1.01800E+02
p-Li007-MT002-Fasoli-D0509003-ang-E0004.506.1964                 1 8.18000E+01 1.44700E+02
p-Li007-MT002-Fasoli-D0509003-ang-E0004.506A001.1964             1 5.87000E+01 1.44700E+02
p-Li007-MT002-Fasoli-D0509003-ang-E0004.510.1964                 1 5.87000E+01 1.18000E+02
p-Li007-MT002-Fasoli-D0509003-ang-E0004.511.1964                 1 8.91000E+01 1.18000E+02
p-Li007-MT002-Fasoli-D0509003-ang-E0004.511A001.1964             1 8.91000E+01 1.66300E+02
p-Li007-MT002-Fasoli-D0509003-ang-E0004.517.1964                 1 1.34800E+02 1.66300E+02
p-Li007-MT002-Fasoli-D0509003-ang-E0004.519.1964                 1 5.87000E+01 1.34800E+02
p-Li007-MT002-Fasoli-D0509003-ang-E0004.548.1964                 1 5.87000E+01 8.18000E+01
p-Li007-MT002-Fasoli-D0509003-ang-E0004.548A001.1964             1 8.18000E+01 1.18000E+02
p-Li007-MT002-Fasoli-D0509003-ang-E0004.553.1964                 1 1.18000E+02 1.44700E+02
p-Li007-MT002-Fasoli-D0509003-ang-E0004.553A001.1964             1 1.01800E+02 1.44700E+02
p-Li007-MT002-Fasoli-D0509003-ang-E0004.559.1964                 1 8.91000E+01 1.01800E+02
p-Li007-MT002-Fasoli-D0509003-ang-E0004.559A001.1964             1 8.91000E+01 1.34800E+02
p-Li007-MT002-Fasoli-D0509003-ang-E0004.562.1964                 1 1.34800E+02 1.66300E+02
p-Li007-MT002-Fasoli-D0509003-ang-E0004.565.1964                 1 1.44700E+02 1.66300E+02
p-Li007-MT002-Fasoli-D0509003-ang-E0004.599.1964                 1 5.87000E+01 1.44700E+02
p-Li007-MT002-Fasoli-D0509003-ang-E0004.603.1964                 1 5.87000E+01 1.18000E+02
p-Li007-MT002-Fasoli-D0509003-ang-E0004.604.1964                 1 1.18000E+02 1.34800E+02
p-Li007-MT002-Fasoli-D0509003-ang-E0004.606.1964                 1 1.01800E+02 1.34800E+02
p-Li007-MT002-Fasoli-D0509003-ang-E0004.608.1964                 1 6.28000E+01 1.01800E+02
p-Li007-MT002-Fasoli-D0509003-ang-E0004.613.1964                 1 6.28000E+01 8.91000E+01
p-Li007-MT002-Fasoli-D0509003-ang-E0004.613A001.1964             1 8.91000E+01 1.66300E+02
p-Li007-MT002-Fasoli-D0509003-ang-E0004.619.1964                 1 8.91000E+01 1.66300E+02
p-Li007-MT002-Fasoli-D0509003-ang-E0004.647.1964                 1 8.18000E+01 8.91000E+01
p-Li007-MT002-Fasoli-D0509003-ang-E0004.650.1964                 1 8.18000E+01 1.44700E+02
p-Li007-MT002-Fasoli-D0509003-ang-E0004.651.1964                 1 5.87000E+01 1.44700E+02
p-Li007-MT002-Fasoli-D0509003-ang-E0004.654.1964                 1 5.87000E+01 1.18000E+02
p-Li007-MT002-Fasoli-D0509003-ang-E0004.655.1964                 1 1.01800E+02 1.18000E+02
p-Li007-MT002-Fasoli-D0509003-ang-E0004.656.1964                 1 1.01800E+02 1.34800E+02
p-Li007-MT002-Fasoli-D0509003-ang-E0004.660.1964                 1 1.34800E+02 1.66300E+02
p-Li007-MT002-Fasoli-D0509003-ang-E0004.663.1964                 1 6.28000E+01 1.66300E+02
p-Li007-MT002-Fasoli-D0509003-ang-E0004.668.1964                 1 6.28000E+01 1.18000E+02
p-Li007-MT002-Fasoli-D0509003-ang-E0004.683.1964                 1 1.18000E+02 1.34800E+02
p-Li007-MT002-Fasoli-D0509003-ang-E0004.704.1964                 1 1.01800E+02 1.34800E+02
p-Li007-MT002-Fasoli-D0509003-ang-E0004.705.1964                 1 8.91000E+01 1.01800E+02
p-Li007-MT002-Fasoli-D0509003-ang-E0004.705A001.1964             1 5.87000E+01 8.91000E+01
p-Li007-MT002-Fasoli-D0509003-ang-E0004.706.1964                 1 5.87000E+01 8.18000E+01
p-Li007-MT002-Fasoli-D0509003-ang-E0004.706A001.1964             1 8.18000E+01 1.44700E+02
p-Li007-MT002-Fasoli-D0509003-ang-E0004.706A002.1964             1 1.44700E+02 1.66300E+02
p-Li007-MT002-Fasoli-D0509003-ang-E0004.712.1964                 1 6.28000E+01 1.66300E+02
p-Li007-MT002-Fasoli-D0509003-ang-E0004.715.1964                 1 5.87000E+01 6.28000E+01
p-Li007-MT002-Fasoli-D0509003-ang-E0004.724.1964                 1 5.87000E+01 5.87000E+01
p-Li007-MT002-Fasoli-D0509005-ang-E0003.000.1964                 7 8.99191E+01 1.63664E+02
p-Li007-MT002-Fasoli-D0509005-ang-E0003.400.1964                 7 6.99823E+01 1.63695E+02
p-Li007-MT002-Fasoli-D0509005-ang-E0003.800.1964                 8 6.99823E+01 1.66020E+02
p-Li007-MT002-Fasoli-D0509005-ang-E0004.200.1964                 8 7.05788E+01 1.64374E+02
p-Li007-MT002-Fasoli-D0509005-ang-E0004.600.1964                 7 9.01585E+01 1.66077E+02
p-Li007-MT002-Fasoli-D0509005-ang-E0005.000.1964                 6 9.01585E+01 1.48666E+02
p-Li007-MT002-Fasoli-D0509005-ang-E0005.400.1964                 7 9.03035E+01 1.66383E+02
p-Li007-MT002-Gleyvod-A1471002-ang-E0002.356.1965                1 8.18000E+01 1.23100E+02
p-Li007-MT002-Gleyvod-A1471002-ang-E0002.377.1965                1 1.23100E+02 1.45300E+02
p-Li007-MT002-Gleyvod-A1471002-ang-E0002.438.1965                1 1.45300E+02 1.63900E+02
p-Li007-MT002-Gleyvod-A1471002-ang-E0002.489.1965                1 6.27000E+01 1.63900E+02
p-Li007-MT002-Gleyvod-A1471002-ang-E0002.499.1965                1 6.27000E+01 8.18000E+01
p-Li007-MT002-Gleyvod-A1471002-ang-E0002.505.1965                1 8.18000E+01 1.23100E+02
p-Li007-MT002-Gleyvod-A1471002-ang-E0002.529.1965                1 8.18000E+01 1.23100E+02
p-Li007-MT002-Gleyvod-A1471002-ang-E0002.553.1965                1 8.18000E+01 1.23100E+02
p-Li007-MT002-Gleyvod-A1471002-ang-E0002.579.1965                1 1.23100E+02 1.45300E+02
p-Li007-MT002-Gleyvod-A1471002-ang-E0002.589.1965                2 6.27000E+01 1.63900E+02
p-Li007-MT002-Gleyvod-A1471002-ang-E0002.597.1965                1 6.27000E+01 1.63900E+02
p-Li007-MT002-Gleyvod-A1471002-ang-E0002.638.1965                1 1.23100E+02 1.63900E+02
p-Li007-MT002-Gleyvod-A1471002-ang-E0002.678.1965                1 1.23100E+02 1.45300E+02
p-Li007-MT002-Gleyvod-A1471002-ang-E0002.687.1965                1 6.27000E+01 1.45300E+02
p-Li007-MT002-Gleyvod-A1471002-ang-E0002.695.1965                1 6.27000E+01 8.18000E+01
p-Li007-MT002-Gleyvod-A1471002-ang-E0002.704.1965                1 8.18000E+01 1.23100E+02
p-Li007-MT002-Gleyvod-A1471002-ang-E0002.729.1965                1 8.18000E+01 1.23100E+02
p-Li007-MT002-Gleyvod-A1471002-ang-E0002.754.1965                1 8.18000E+01 1.63900E+02
p-Li007-MT002-Gleyvod-A1471002-ang-E0002.787.1965                1 1.45300E+02 1.63900E+02
p-Li007-MT002-Gleyvod-A1471002-ang-E0002.788.1965                1 6.27000E+01 1.45300E+02
p-Li007-MT002-Gleyvod-A1471002-ang-E0002.796.1965                1 6.27000E+01 1.45300E+02
p-Li007-MT002-Gleyvod-A1471002-ang-E0002.839.1965                2 8.18000E+01 1.63900E+02
p-Li007-MT002-Gleyvod-A1471002-ang-E0002.855.1965                1 8.18000E+01 1.23100E+02
p-Li007-MT002-Gleyvod-A1471002-ang-E0002.879.1965                1 6.27000E+01 1.23100E+02
p-Li007-MT002-Gleyvod-A1471002-ang-E0002.899.1965                1 6.27000E+01 1.45300E+02
p-Li007-MT002-Gleyvod-A1471002-ang-E0002.991.1965                1 1.45300E+02 1.63900E+02
p-Li007-MT002-Gleyvod-A1471002-ang-E0002.992.1965                1 6.27000E+01 1.63900E+02
p-Li007-MT002-Gleyvod-A1471002-ang-E0002.999.1965                1 6.27000E+01 8.18000E+01
p-Li007-MT002-Gleyvod-A1471002-ang-E0003.006.1965                1 8.18000E+01 1.23100E+02
p-Li007-MT002-Gleyvod-A1471002-ang-E0003.081.1965                1 1.23100E+02 1.45300E+02
p-Li007-MT002-Gleyvod-A1471002-ang-E0003.093.1965                1 1.45300E+02 1.63900E+02
p-Li007-MT002-Gleyvod-A1471002-ang-E0003.095.1965                1 8.18000E+01 1.63900E+02
p-Li007-MT002-Gleyvod-A1471002-ang-E0003.106.1965                1 6.27000E+01 8.18000E+01
p-Li007-MT002-Gleyvod-A1471002-ang-E0003.150.1965                1 6.27000E+01 1.63900E+02
p-Li007-MT002-Gleyvod-A1471002-ang-E0003.198.1965                1 1.45300E+02 1.63900E+02
p-Li007-MT002-Gleyvod-A1471002-ang-E0003.246.1965                1 8.18000E+01 1.45300E+02
p-Li007-MT002-Gleyvod-A1471002-ang-E0003.258.1965                1 6.27000E+01 8.18000E+01
p-Li007-MT002-Gleyvod-A1471002-ang-E0003.301.1965                1 6.27000E+01 1.45300E+02
p-Li007-MT002-Gleyvod-A1471002-ang-E0003.398.1965                1 1.45300E+02 1.63900E+02
p-Li007-MT002-Gleyvod-A1471002-ang-E0003.402.1965                1 8.18000E+01 1.63900E+02
p-Li007-MT002-Gleyvod-A1471002-ang-E0003.409.1965                1 8.18000E+01 1.23100E+02
p-Li007-MT002-Gleyvod-A1471002-ang-E0003.434.1965                1 6.27000E+01 1.23100E+02
p-Li007-MT002-Gleyvod-A1471002-ang-E0003.453.1965                1 6.27000E+01 1.45300E+02
p-Li007-MT002-Gleyvod-A1471002-ang-E0003.502.1965                1 1.23100E+02 1.45300E+02
p-Li007-MT002-Gleyvod-A1471002-ang-E0003.536.1965                1 6.27000E+01 1.23100E+02
p-Li007-MT002-Gleyvod-A1471002-ang-E0003.554.1965                1 6.27000E+01 8.18000E+01
p-Li007-MT002-Gleyvod-A1471002-ang-E0003.611.1965                1 8.18000E+01 1.63900E+02
p-Li007-MT002-Gleyvod-A1471002-ang-E0003.660.1965                1 1.23100E+02 1.63900E+02
p-Li007-MT002-Gleyvod-A1471002-ang-E0003.688.1965                1 1.23100E+02 1.45300E+02
p-Li007-MT002-Gleyvod-A1471002-ang-E0003.705.1965                1 6.27000E+01 1.45300E+02
p-Li007-MT002-Gleyvod-A1471002-ang-E0003.706.1965                1 6.27000E+01 8.18000E+01
p-Li007-MT002-Gleyvod-A1471002-ang-E0003.713.1965                1 8.18000E+01 1.63900E+02
p-Li007-MT002-Gleyvod-A1471002-ang-E0003.812.1965                1 1.23100E+02 1.63900E+02
p-Li007-MT002-Gleyvod-A1471002-ang-E0003.840.1965                1 6.27000E+01 1.23100E+02
p-Li007-MT002-Gleyvod-A1471002-ang-E0003.857.1965                2 6.27000E+01 1.45300E+02
p-Li007-MT002-Gleyvod-A1471002-ang-E0003.866.1965                1 8.18000E+01 1.63900E+02
p-Li007-MT002-Gleyvod-A1471002-ang-E0003.964.1965                1 1.23100E+02 1.63900E+02
p-Li007-MT002-Gleyvod-A1471002-ang-E0003.991.1965                1 6.27000E+01 1.23100E+02
p-Li007-MT002-Gleyvod-A1471002-ang-E0004.009.1965                2 6.27000E+01 1.45300E+02
p-Li007-MT002-Gleyvod-A1471002-ang-E0004.018.1965                1 8.18000E+01 1.23100E+02
p-Li007-MT002-Gleyvod-A1471002-ang-E0004.145.1965                1 6.27000E+01 1.23100E+02
p-Li007-MT002-Gleyvod-A1471002-ang-E0004.160.1965                2 6.27000E+01 1.45300E+02
p-Li007-MT002-Gleyvod-A1471002-ang-E0004.171.1965                1 8.18000E+01 1.63900E+02
p-Li007-MT002-Gleyvod-A1471002-ang-E0004.266.1965                1 1.23100E+02 1.63900E+02
p-Li007-MT002-Gleyvod-A1471002-ang-E0004.297.1965                1 6.27000E+01 1.23100E+02
p-Li007-MT002-Gleyvod-A1471002-ang-E0004.310.1965                1 6.27000E+01 1.45300E+02
p-Li007-MT002-Gleyvod-A1471002-ang-E0004.312.1965                1 8.18000E+01 1.45300E+02
p-Li007-MT002-Gleyvod-A1471002-ang-E0004.372.1965                1 8.18000E+01 1.63900E+02
p-Li007-MT002-Gleyvod-A1471002-ang-E0004.414.1965                1 6.27000E+01 1.63900E+02
p-Li007-MT002-Gleyvod-A1471002-ang-E0004.462.1965                2 6.27000E+01 1.45300E+02
p-Li007-MT002-Gleyvod-A1471002-ang-E0004.474.1965                1 8.18000E+01 1.45300E+02
p-Li007-MT002-Gleyvod-A1471002-ang-E0004.558.1965                1 6.27000E+01 1.45300E+02
p-Li007-MT002-Gleyvod-A1471002-ang-E0004.563.1965                1 6.27000E+01 1.23100E+02
p-Li007-MT002-Gleyvod-A1471002-ang-E0004.599.1965                1 1.23100E+02 1.63900E+02
p-Li007-MT002-Gleyvod-A1471002-ang-E0004.612.1965                1 8.18000E+01 1.63900E+02
p-Li007-MT002-Gleyvod-A1471002-ang-E0004.626.1965                1 8.18000E+01 1.23100E+02
p-Li007-MT002-Gleyvod-A1471002-ang-E0004.697.1965                1 1.23100E+02 1.63900E+02
p-Li007-MT002-Gleyvod-A1471002-ang-E0004.708.1965                1 1.45300E+02 1.63900E+02
p-Li007-MT002-Gleyvod-A1471002-ang-E0004.756.1965                1 6.27000E+01 1.45300E+02
p-Li007-MT002-Gleyvod-A1471002-ang-E0004.764.1965                1 6.27000E+01 8.18000E+01
p-Li007-MT002-Gleyvod-A1471002-ang-E0004.828.1965                1 8.18000E+01 1.45300E+02
p-Li007-MT002-Gleyvod-A1471002-ang-E0004.853.1965                1 1.45300E+02 1.63900E+02
p-Li007-MT002-Gleyvod-A1471002-ang-E0004.854.1965                1 1.23100E+02 1.63900E+02
p-Li007-MT002-Gleyvod-A1471002-ang-E0004.897.1965                1 6.27000E+01 1.23100E+02
p-Li007-MT002-Gleyvod-A1471002-ang-E0004.916.1965                1 6.27000E+01 8.18000E+01
p-Li007-MT002-Gleyvod-A1471002-ang-E0004.928.1965                1 8.18000E+01 1.45300E+02
p-Li007-MT002-Gleyvod-A1471002-ang-E0005.001.1965                1 1.23100E+02 1.45300E+02
p-Li007-MT002-Gleyvod-A1471002-ang-E0005.046.1965                1 1.23100E+02 1.63900E+02
p-Li007-MT002-Gleyvod-A1471002-ang-E0005.051.1965                1 6.27000E+01 1.63900E+02
p-Li007-MT002-Gleyvod-A1471002-ang-E0005.068.1965                1 6.27000E+01 8.18000E+01
p-Li007-MT002-Gleyvod-A1471002-ang-E0005.079.1965                1 8.18000E+01 1.23100E+02
p-Li007-MT002-Gleyvod-A1471002-ang-E0005.146.1965                1 1.23100E+02 1.63900E+02
p-Li007-MT002-Gleyvod-A1471002-ang-E0005.149.1965                1 1.45300E+02 1.63900E+02
p-Li007-MT002-Gleyvod-A1471002-ang-E0005.150.1965                1 8.18000E+01 1.45300E+02
p-Li007-MT002-Gleyvod-A1471002-ang-E0005.179.1965                1 6.27000E+01 8.18000E+01
p-Li007-MT002-Gleyvod-A1471002-ang-E0005.217.1965                1 6.27000E+01 1.23100E+02
p-Li007-MT002-Gleyvod-A1471002-ang-E0005.296.1965                1 1.23100E+02 1.45300E+02
p-Li007-MT002-Gleyvod-A1471002-ang-E0005.300.1965                1 6.27000E+01 1.45300E+02
p-Li007-MT002-Gleyvod-A1471002-ang-E0005.320.1965                1 6.27000E+01 8.18000E+01
p-Li007-MT002-Gleyvod-A1471002-ang-E0005.330.1965                1 8.18000E+01 1.63900E+02
p-Li007-MT002-Gleyvod-A1471002-ang-E0005.349.1965                1 1.63900E+02 1.63900E+02
p-Li007-MT002-Gleyvod-A1471004-ang-E0004.200.1965               11 3.95000E+01 1.64600E+02
p-Li007-MT002-Glover-C0581002-ang-E0200.400.1991                15 1.23000E+01 5.10000E+01
p-Li007-MT002-Johansson-O0365003-ang-E0181.900.1961              7 5.34005E+00 2.53200E+01
p-Li007-MT002-Johansson-O0365003-ang-E0182.800.1961             12 2.53200E+01 6.53100E+01
p-Li007-MT002-Kilian-A1443002-ang-E0003.100.1969                11 3.92000E+01 1.69500E+02
p-Li007-MT002-Kilian-A1443002-ang-E0004.000.1969                11 3.94000E+01 1.59300E+02
p-Li007-MT002-Kilian-A1443002-ang-E0005.000.1969                11 3.97000E+01 1.70000E+02
p-Li007-MT002-Kilian-A1443002-ang-E0006.150.1969                12 3.90000E+01 1.70200E+02
p-Li007-MT002-Kilian-A1443002-ang-E0010.300.1969                12 3.90000E+01 1.70400E+02
p-Li007-MT002-Kilian-A1443004-ang-E0002.582.1969                 1 9.00000E+01 1.20000E+02
p-Li007-MT002-Kilian-A1443004-ang-E0002.589.1969                 1 6.00000E+01 1.20000E+02
p-Li007-MT002-Kilian-A1443004-ang-E0002.611.1969                 1 6.00000E+01 1.40000E+02
p-Li007-MT002-Kilian-A1443004-ang-E0002.690.1969                 1 9.00000E+01 1.40000E+02
p-Li007-MT002-Kilian-A1443004-ang-E0003.014.1969                 1 6.00000E+01 9.00000E+01
p-Li007-MT002-Kilian-A1443004-ang-E0003.041.1969                 1 6.00000E+01 1.20000E+02
p-Li007-MT002-Kilian-A1443004-ang-E0003.069.1969                 1 1.20000E+02 1.40000E+02
p-Li007-MT002-Kilian-A1443004-ang-E0003.074.1969                 1 6.00000E+01 1.40000E+02
p-Li007-MT002-Kilian-A1443004-ang-E0003.330.1969                 1 6.00000E+01 9.00000E+01
p-Li007-MT002-Kilian-A1443004-ang-E0003.352.1969                 1 9.00000E+01 1.20000E+02
p-Li007-MT002-Kilian-A1443004-ang-E0003.357.1969                 1 1.20000E+02 1.40000E+02
p-Li007-MT002-Kilian-A1443004-ang-E0003.409.1969                 1 1.20000E+02 1.40000E+02
p-Li007-MT002-Kilian-A1443004-ang-E0003.643.1969                 1 6.00000E+01 1.20000E+02
p-Li007-MT002-Kilian-A1443004-ang-E0003.666.1969                 1 6.00000E+01 9.00000E+01
p-Li007-MT002-Kilian-A1443004-ang-E0003.686.1969                 1 9.00000E+01 1.40000E+02
p-Li007-MT002-Kilian-A1443004-ang-E0003.694.1969                 1 9.00000E+01 1.40000E+02
p-Li007-MT002-Kilian-A1443004-ang-E0003.923.1969                 1 6.00000E+01 9.00000E+01
p-Li007-MT002-Kilian-A1443004-ang-E0003.952.1969                 1 6.00000E+01 1.20000E+02
p-Li007-MT002-Kilian-A1443004-ang-E0003.977.1969                 1 1.20000E+02 1.40000E+02
p-Li007-MT002-Kilian-A1443004-ang-E0003.980.1969                 1 6.00000E+01 1.40000E+02
p-Li007-MT002-Kilian-A1443004-ang-E0004.430.1969                 1 6.00000E+01 1.20000E+02
p-Li007-MT002-Kilian-A1443004-ang-E0004.454.1969                 1 1.20000E+02 1.40000E+02
p-Li007-MT002-Kilian-A1443004-ang-E0004.459.1969                 1 6.00000E+01 1.40000E+02
p-Li007-MT002-Kilian-A1443004-ang-E0004.623.1969                 1 6.00000E+01 9.00000E+01
p-Li007-MT002-Kilian-A1443004-ang-E0004.639.1969                 1 9.00000E+01 1.20000E+02
p-Li007-MT002-Kilian-A1443004-ang-E0004.646.1969                 1 1.20000E+02 1.40000E+02
p-Li007-MT002-Kilian-A1443004-ang-E0004.653.1969                 1 9.00000E+01 1.40000E+02
p-Li007-MT002-Kilian-A1443004-ang-E0004.926.1969                 1 9.00000E+01 1.20000E+02
p-Li007-MT002-Kilian-A1443004-ang-E0004.935.1969                 1 1.20000E+02 1.40000E+02
p-Li007-MT002-Kilian-A1443004-ang-E0004.944.1969                 1 9.00000E+01 1.40000E+02
p-Li007-MT002-Kilian-A1443004-ang-E0005.167.1969                 1 9.00000E+01 1.20000E+02
p-Li007-MT002-Kilian-A1443004-ang-E0005.176.1969                 1 6.00000E+01 1.20000E+02
p-Li007-MT002-Kilian-A1443004-ang-E0005.196.1969                 1 6.00000E+01 1.40000E+02
p-Li007-MT002-Kilian-A1443004-ang-E0005.234.1969                 1 9.00000E+01 1.40000E+02
p-Li007-MT002-Kilian-A1443004-ang-E0005.406.1969                 1 9.00000E+01 1.20000E+02
p-Li007-MT002-Kilian-A1443004-ang-E0005.416.1969                 1 6.00000E+01 1.20000E+02
p-Li007-MT002-Kilian-A1443004-ang-E0005.435.1969                 1 6.00000E+01 1.40000E+02
p-Li007-MT002-Kilian-A1443004-ang-E0005.474.1969                 1 9.00000E+01 1.40000E+02
p-Li007-MT002-Kilian-A1443004-ang-E0005.550.1969                 1 6.00000E+01 9.00000E+01
p-Li007-MT002-Kilian-A1443004-ang-E0005.579.1969                 1 6.00000E+01 1.20000E+02
p-Li007-MT002-Kilian-A1443004-ang-E0005.607.1969                 1 1.20000E+02 1.40000E+02
p-Li007-MT002-Kilian-A1443004-ang-E0005.618.1969                 1 6.00000E+01 1.40000E+02
p-Li007-MT002-Kilian-A1443004-ang-E0005.723.1969                 1 6.00000E+01 9.00000E+01
p-Li007-MT002-Kilian-A1443004-ang-E0005.741.1969                 1 9.00000E+01 1.20000E+02
p-Li007-MT002-Kilian-A1443004-ang-E0005.750.1969                 1 1.20000E+02 1.40000E+02
p-Li007-MT002-Kilian-A1443004-ang-E0005.761.1969                 1 6.00000E+01 1.40000E+02
p-Li007-MT002-Kilian-A1443004-ang-E0005.963.1969                 1 6.00000E+01 9.00000E+01
p-Li007-MT002-Kilian-A1443004-ang-E0005.980.1969                 1 9.00000E+01 1.20000E+02
p-Li007-MT002-Kilian-A1443004-ang-E0005.989.1969                 1 1.20000E+02 1.40000E+02
p-Li007-MT002-Kilian-A1443004-ang-E0006.000.1969                 1 6.00000E+01 1.40000E+02
p-Li007-MT002-Kilian-A1443004-ang-E0006.060.1969                 1 6.00000E+01 9.00000E+01
p-Li007-MT002-Kilian-A1443004-ang-E0006.076.1969                 1 9.00000E+01 1.20000E+02
p-Li007-MT002-Kilian-A1443004-ang-E0006.085.1969                 1 1.20000E+02 1.40000E+02
p-Li007-MT002-Kilian-A1443004-ang-E0006.144.1969                 1 6.00000E+01 1.40000E+02
p-Li007-MT002-Kilian-A1443004-ang-E0006.203.1969                 1 6.00000E+01 9.00000E+01
p-Li007-MT002-Kilian-A1443004-ang-E0006.220.1969                 1 9.00000E+01 1.20000E+02
p-Li007-MT002-Kilian-A1443004-ang-E0006.229.1969                 1 1.20000E+02 1.40000E+02
p-Li007-MT002-Kilian-A1443004-ang-E0006.287.1969                 1 9.00000E+01 1.40000E+02
p-Li007-MT002-Kilian-A1443004-ang-E0006.316.1969                 1 9.00000E+01 1.20000E+02
p-Li007-MT002-Kilian-A1443004-ang-E0006.326.1969                 1 6.00000E+01 1.20000E+02
p-Li007-MT002-Kilian-A1443004-ang-E0006.346.1969                 1 6.00000E+01 1.40000E+02
p-Li007-MT002-Kilian-A1443004-ang-E0006.384.1969                 1 9.00000E+01 1.40000E+02
p-Li007-MT002-Kilian-A1443004-ang-E0006.603.1969                 1 6.00000E+01 9.00000E+01
p-Li007-MT002-Kilian-A1443004-ang-E0006.635.1969                 1 6.00000E+01 1.20000E+02
p-Li007-MT002-Kilian-A1443004-ang-E0006.661.1969                 1 1.20000E+02 1.40000E+02
p-Li007-MT002-Kilian-A1443004-ang-E0006.671.1969                 1 9.00000E+01 1.40000E+02
p-Li007-MT002-Kilian-A1443004-ang-E0006.986.1969                 1 6.00000E+01 9.00000E+01
p-Li007-MT002-Kilian-A1443004-ang-E0007.018.1969                 1 6.00000E+01 1.20000E+02
p-Li007-MT002-Kilian-A1443004-ang-E0007.044.1969                 1 1.20000E+02 1.40000E+02
p-Li007-MT002-Kilian-A1443004-ang-E0007.055.1969                 1 6.00000E+01 1.40000E+02
p-Li007-MT002-Kilian-A1443004-ang-E0007.353.1969                 1 6.00000E+01 9.00000E+01
p-Li007-MT002-Kilian-A1443004-ang-E0007.369.1969                 1 9.00000E+01 1.20000E+02
p-Li007-MT002-Kilian-A1443004-ang-E0007.379.1969                 1 1.20000E+02 1.40000E+02
p-Li007-MT002-Kilian-A1443004-ang-E0007.390.1969                 1 9.00000E+01 1.40000E+02
p-Li007-MT002-Kilian-A1443004-ang-E0007.609.1969                 1 6.00000E+01 9.00000E+01
p-Li007-MT002-Kilian-A1443004-ang-E0007.641.1969                 1 6.00000E+01 1.20000E+02
p-Li007-MT002-Kilian-A1443004-ang-E0007.666.1969                 1 1.20000E+02 1.40000E+02
p-Li007-MT002-Kilian-A1443004-ang-E0007.678.1969                 1 6.00000E+01 1.40000E+02
p-Li007-MT002-Kilian-A1443004-ang-E0008.024.1969                 1 6.00000E+01 9.00000E+01
p-Li007-MT002-Kilian-A1443004-ang-E0008.040.1969                 1 9.00000E+01 1.20000E+02
p-Li007-MT002-Kilian-A1443004-ang-E0008.049.1969                 1 1.20000E+02 1.40000E+02
p-Li007-MT002-Kilian-A1443004-ang-E0008.060.1969                 1 6.00000E+01 1.40000E+02
p-Li007-MT002-Kilian-A1443004-ang-E0008.311.1969                 1 6.00000E+01 9.00000E+01
p-Li007-MT002-Kilian-A1443004-ang-E0008.327.1969                 1 9.00000E+01 1.20000E+02
p-Li007-MT002-Kilian-A1443004-ang-E0008.337.1969                 1 1.20000E+02 1.40000E+02
p-Li007-MT002-Kilian-A1443004-ang-E0008.395.1969                 1 6.00000E+01 1.40000E+02
p-Li007-MT002-Kilian-A1443004-ang-E0008.646.1969                 1 6.00000E+01 9.00000E+01
p-Li007-MT002-Kilian-A1443004-ang-E0008.662.1969                 1 9.00000E+01 1.20000E+02
p-Li007-MT002-Kilian-A1443004-ang-E0008.672.1969                 1 1.20000E+02 1.40000E+02
p-Li007-MT002-Kilian-A1443004-ang-E0008.683.1969                 1 6.00000E+01 1.40000E+02
p-Li007-MT002-Kilian-A1443004-ang-E0008.790.1969                 1 6.00000E+01 9.00000E+01
p-Li007-MT002-Kilian-A1443004-ang-E0008.805.1969                 1 9.00000E+01 1.20000E+02
p-Li007-MT002-Kilian-A1443004-ang-E0008.816.1969                 1 1.20000E+02 1.40000E+02
p-Li007-MT002-Kilian-A1443004-ang-E0008.874.1969                 1 6.00000E+01 1.40000E+02
p-Li007-MT002-Kilian-A1443004-ang-E0008.934.1969                 1 6.00000E+01 9.00000E+01
p-Li007-MT002-Kilian-A1443004-ang-E0008.949.1969                 1 9.00000E+01 1.20000E+02
p-Li007-MT002-Kilian-A1443004-ang-E0008.959.1969                 1 1.20000E+02 1.40000E+02
p-Li007-MT002-Kilian-A1443004-ang-E0008.969.1969                 1 9.00000E+01 1.40000E+02
p-Li007-MT002-Kilian-A1443004-ang-E0009.044.1969                 1 6.00000E+01 9.00000E+01
p-Li007-MT002-Kilian-A1443004-ang-E0009.077.1969                 1 6.00000E+01 1.20000E+02
p-Li007-MT002-Kilian-A1443004-ang-E0009.102.1969                 1 1.20000E+02 1.40000E+02
p-Li007-MT002-Kilian-A1443004-ang-E0009.162.1969                 1 6.00000E+01 1.40000E+02
p-Li007-MT002-Kilian-A1443004-ang-E0009.221.1969                 1 6.00000E+01 9.00000E+01
p-Li007-MT002-Kilian-A1443004-ang-E0009.236.1969                 1 9.00000E+01 1.20000E+02
p-Li007-MT002-Kilian-A1443004-ang-E0009.246.1969                 1 1.20000E+02 1.40000E+02
p-Li007-MT002-Kilian-A1443004-ang-E0009.305.1969                 1 6.00000E+01 1.40000E+02
p-Li007-MT002-Kilian-A1443004-ang-E0009.364.1969                 1 6.00000E+01 9.00000E+01
p-Li007-MT002-Kilian-A1443004-ang-E0009.379.1969                 1 9.00000E+01 1.20000E+02
p-Li007-MT002-Kilian-A1443004-ang-E0009.390.1969                 1 1.20000E+02 1.40000E+02
p-Li007-MT002-Kilian-A1443004-ang-E0009.400.1969                 1 6.00000E+01 1.40000E+02
p-Li007-MT002-Kilian-A1443004-ang-E0009.652.1969                 1 6.00000E+01 9.00000E+01
p-Li007-MT002-Kilian-A1443004-ang-E0009.666.1969                 1 9.00000E+01 1.20000E+02
p-Li007-MT002-Kilian-A1443004-ang-E0009.676.1969                 1 1.20000E+02 1.40000E+02
p-Li007-MT002-Kilian-A1443004-ang-E0009.687.1969                 1 9.00000E+01 1.40000E+02
p-Li007-MT002-Kilian-A1443004-ang-E0009.953.1969                 1 9.00000E+01 1.40000E+02
p-Li007-MT002-Kilian-A1443004-ang-E0009.974.1969                 1 6.00000E+01 1.40000E+02
p-Li007-MT002-Kilian-A1443004-ang-E0009.986.1969                 1 6.00000E+01 1.20000E+02
p-Li007-MT002-Kilian-A1443004-ang-E0010.010.1969                 1 6.00000E+01 1.20000E+02
p-Li007-MT002-Kilian-A1443004-ang-E0010.270.1969                 1 6.00000E+01 9.00000E+01
p-Li007-MT002-Kilian-A1443004-ang-E0010.290.1969                 1 9.00000E+01 1.20000E+02
p-Li007-MT002-Kilian-A1443004-ang-E0010.300.1969                 1 1.20000E+02 1.40000E+02
p-Li007-MT002-Kilian-A1443004-ang-E0010.310.1969                 1 6.00000E+01 1.40000E+02
p-Li007-MT002-Kilian-A1443004-ang-E0010.560.1969                 1 6.00000E+01 9.00000E+01
p-Li007-MT002-Kilian-A1443004-ang-E0010.570.1969                 1 9.00000E+01 1.20000E+02
p-Li007-MT002-Kilian-A1443004-ang-E0010.580.1969                 2 1.20000E+02 1.40000E+02
p-Li007-MT002-Laurat-A1508008-ang-E0001.690.1969                 1 5.48000E+01 1.70000E+02
p-Li007-MT002-Laurat-A1508008-ang-E0001.730.1969                 1 5.48000E+01 1.70000E+02
p-Li007-MT002-Laurat-A1508008-ang-E0001.740.1969                 1 1.70000E+02 1.70000E+02
p-Li007-MT002-Malmberg-C0852002-ang-E0001.329.1956               1 8.18000E+01 1.01900E+02
p-Li007-MT002-Malmberg-C0852002-ang-E0001.340.1956               1 8.18000E+01 1.45300E+02
p-Li007-MT002-Malmberg-C0852002-ang-E0001.345.1956               1 6.27000E+01 1.45300E+02
p-Li007-MT002-Malmberg-C0852002-ang-E0001.348.1956               1 6.27000E+01 1.65000E+02
p-Li007-MT002-Malmberg-C0852002-ang-E0001.349.1956               1 1.23100E+02 1.65000E+02
p-Li007-MT002-Malmberg-C0852002-ang-E0001.354.1956               1 1.01900E+02 1.23100E+02
p-Li007-MT002-Malmberg-C0852002-ang-E0001.357.1956               1 8.18000E+01 1.01900E+02
p-Li007-MT002-Malmberg-C0852002-ang-E0001.365.1956               1 8.18000E+01 1.45300E+02
p-Li007-MT002-Malmberg-C0852002-ang-E0001.367.1956               1 1.45300E+02 1.65000E+02
p-Li007-MT002-Malmberg-C0852002-ang-E0001.372.1956               1 6.27000E+01 1.65000E+02
p-Li007-MT002-Malmberg-C0852002-ang-E0001.373.1956               1 6.27000E+01 1.23100E+02
p-Li007-MT002-Malmberg-C0852002-ang-E0001.373A001.1956           1 1.01900E+02 1.23100E+02
p-Li007-MT002-Malmberg-C0852002-ang-E0001.383.1956               1 8.18000E+01 1.01900E+02
p-Li007-MT002-Malmberg-C0852002-ang-E0001.387.1956               1 8.18000E+01 1.45300E+02
p-Li007-MT002-Malmberg-C0852002-ang-E0001.396.1956               1 6.27000E+01 1.45300E+02
p-Li007-MT002-Malmberg-C0852002-ang-E0001.398.1956               1 6.27000E+01 1.65000E+02
p-Li007-MT002-Malmberg-C0852002-ang-E0001.400.1956               1 1.23100E+02 1.65000E+02
p-Li007-MT002-Malmberg-C0852002-ang-E0001.402.1956               1 1.01900E+02 1.23100E+02
p-Li007-MT002-Malmberg-C0852002-ang-E0001.412.1956               1 1.01900E+02 1.23100E+02
p-Li007-MT002-Malmberg-C0852002-ang-E0001.415.1956               1 8.18000E+01 1.23100E+02
p-Li007-MT002-Malmberg-C0852002-ang-E0001.416.1956               1 8.18000E+01 1.45300E+02
p-Li007-MT002-Malmberg-C0852002-ang-E0001.418.1956               1 6.27000E+01 1.45300E+02
p-Li007-MT002-Malmberg-C0852002-ang-E0001.420.1956               1 6.27000E+01 1.65000E+02
p-Li007-MT002-Malmberg-C0852002-ang-E0001.422.1956               1 1.23100E+02 1.65000E+02
p-Li007-MT002-Malmberg-C0852002-ang-E0001.424.1956               1 8.18000E+01 1.23100E+02
p-Li007-MT002-Malmberg-C0852002-ang-E0001.435.1956               1 8.18000E+01 1.01900E+02
p-Li007-MT002-Malmberg-C0852002-ang-E0001.440.1956               1 6.27000E+01 1.01900E+02
p-Li007-MT002-Malmberg-C0852002-ang-E0001.442.1956               1 6.27000E+01 1.45300E+02
p-Li007-MT002-Malmberg-C0852002-ang-E0001.443.1956               1 1.23100E+02 1.45300E+02
p-Li007-MT002-Malmberg-C0852002-ang-E0001.447.1956               1 1.23100E+02 1.65000E+02
p-Li007-MT002-Malmberg-C0852002-ang-E0001.451.1956               1 1.01900E+02 1.65000E+02
p-Li007-MT002-Malmberg-C0852002-ang-E0001.463.1956               1 8.18000E+01 1.01900E+02
p-Li007-MT002-Malmberg-C0852002-ang-E0001.463A001.1956           1 8.18000E+01 1.45300E+02
p-Li007-MT002-Malmberg-C0852002-ang-E0001.469.1956               1 6.27000E+01 1.45300E+02
p-Li007-MT002-Malmberg-C0852002-ang-E0001.471.1956               1 6.27000E+01 1.65000E+02
p-Li007-MT002-Malmberg-C0852002-ang-E0001.473.1956               1 1.23100E+02 1.65000E+02
p-Li007-MT002-Malmberg-C0852002-ang-E0001.476.1956               1 1.01900E+02 1.23100E+02
p-Li007-MT002-Malmberg-C0852002-ang-E0001.488.1956               1 1.01900E+02 1.45300E+02
p-Li007-MT002-Malmberg-C0852002-ang-E0001.494.1956               1 1.45300E+02 1.65000E+02
p-Li007-MT002-Malmberg-C0852002-ang-E0001.496.1956               1 6.27000E+01 1.65000E+02
p-Li007-MT002-Malmberg-C0852002-ang-E0001.496A001.1956           1 6.27000E+01 8.18000E+01
p-Li007-MT002-Malmberg-C0852002-ang-E0001.498.1956               1 8.18000E+01 1.23100E+02
p-Li007-MT002-Malmberg-C0852002-ang-E0001.501.1956               1 1.01900E+02 1.23100E+02
p-Li007-MT002-Malmberg-C0852002-ang-E0001.514.1956               1 8.18000E+01 1.01900E+02
p-Li007-MT002-Malmberg-C0852002-ang-E0001.521.1956               1 6.27000E+01 8.18000E+01
p-Li007-MT002-Malmberg-C0852002-ang-E0001.522.1956               1 6.27000E+01 1.45300E+02
p-Li007-MT002-Malmberg-C0852002-ang-E0001.523.1956               1 1.45300E+02 1.65000E+02
p-Li007-MT002-Malmberg-C0852002-ang-E0001.524.1956               1 1.23100E+02 1.65000E+02
p-Li007-MT002-Malmberg-C0852002-ang-E0001.530.1956               1 1.01900E+02 1.23100E+02
p-Li007-MT002-Malmberg-C0852002-ang-E0001.536.1956               1 6.27000E+01 1.01900E+02
p-Li007-MT002-Malmberg-C0852002-ang-E0001.544.1956               1 6.27000E+01 1.45300E+02
p-Li007-MT002-Malmberg-C0852002-ang-E0001.549.1956               1 8.18000E+01 1.45300E+02
p-Li007-MT002-Malmberg-C0852002-ang-E0001.549A001.1956           1 8.18000E+01 1.65000E+02
p-Li007-MT002-Malmberg-C0852002-ang-E0001.553.1956               1 1.23100E+02 1.65000E+02
p-Li007-MT002-Malmberg-C0852002-ang-E0001.559.1956               1 1.01900E+02 1.23100E+02
p-Li007-MT002-Malmberg-C0852002-ang-E0001.568.1956               1 8.18000E+01 1.01900E+02
p-Li007-MT002-Malmberg-C0852002-ang-E0001.568A001.1956           1 6.27000E+01 8.18000E+01
p-Li007-MT002-Malmberg-C0852002-ang-E0001.569.1956               1 6.27000E+01 1.65000E+02
p-Li007-MT002-Malmberg-C0852002-ang-E0001.572.1956               1 1.23100E+02 1.65000E+02
p-Li007-MT002-Malmberg-C0852002-ang-E0001.574.1956               1 1.23100E+02 1.45300E+02
p-Li007-MT002-Malmberg-C0852002-ang-E0001.577.1956               1 1.01900E+02 1.45300E+02
p-Li007-MT002-Malmberg-C0852002-ang-E0001.594.1956               1 8.18000E+01 1.01900E+02
p-Li007-MT002-Malmberg-C0852002-ang-E0001.594A001.1956           1 6.27000E+01 8.18000E+01
p-Li007-MT002-Malmberg-C0852002-ang-E0001.598.1956               1 6.27000E+01 1.23100E+02
p-Li007-MT002-Malmberg-C0852002-ang-E0001.603.1956               1 1.23100E+02 1.65000E+02
p-Li007-MT002-Malmberg-C0852002-ang-E0001.604.1956               1 1.45300E+02 1.65000E+02
p-Li007-MT002-Malmberg-C0852002-ang-E0001.606.1956               1 8.18000E+01 1.45300E+02
p-Li007-MT002-Malmberg-C0852002-ang-E0001.616.1956               1 8.18000E+01 1.01900E+02
p-Li007-MT002-Malmberg-C0852002-ang-E0001.619.1956               1 6.27000E+01 1.01900E+02
p-Li007-MT002-Malmberg-C0852002-ang-E0001.620.1956               1 6.27000E+01 1.23100E+02
p-Li007-MT002-Malmberg-C0852002-ang-E0001.622.1956               1 1.23100E+02 1.65000E+02
p-Li007-MT002-Malmberg-C0852002-ang-E0001.629.1956               1 1.45300E+02 1.65000E+02
p-Li007-MT002-Malmberg-C0852002-ang-E0001.631.1956               1 1.01900E+02 1.45300E+02
p-Li007-MT002-Malmberg-C0852002-ang-E0001.645.1956               1 1.01900E+02 1.45300E+02
p-Li007-MT002-Malmberg-C0852002-ang-E0001.650.1956               1 8.18000E+01 1.45300E+02
p-Li007-MT002-Malmberg-C0852002-ang-E0001.651.1956               1 8.18000E+01 1.65000E+02
p-Li007-MT002-Malmberg-C0852002-ang-E0001.651A001.1956           1 6.27000E+01 1.65000E+02
p-Li007-MT002-Malmberg-C0852002-ang-E0001.652.1956               1 6.27000E+01 1.23100E+02
p-Li007-MT002-Malmberg-C0852002-ang-E0001.657.1956               1 1.01900E+02 1.23100E+02
p-Li007-MT002-Malmberg-C0852002-ang-E0001.670.1956               1 8.18000E+01 1.01900E+02
p-Li007-MT002-Malmberg-C0852002-ang-E0001.676.1956               1 6.27000E+01 8.18000E+01
p-Li007-MT002-Malmberg-C0852002-ang-E0001.677.1956               1 6.27000E+01 1.45300E+02
p-Li007-MT002-Malmberg-C0852002-ang-E0001.679.1956               1 1.45300E+02 1.65000E+02
p-Li007-MT002-Malmberg-C0852002-ang-E0001.680.1956               1 1.23100E+02 1.65000E+02
p-Li007-MT002-Malmberg-C0852002-ang-E0001.686.1956               1 1.01900E+02 1.23100E+02
p-Li007-MT002-Malmberg-C0852002-ang-E0001.699.1956               1 8.18000E+01 1.01900E+02
p-Li007-MT002-Malmberg-C0852002-ang-E0001.702.1956               1 8.18000E+01 1.23100E+02
p-Li007-MT002-Malmberg-C0852002-ang-E0001.702A001.1956           1 1.23100E+02 1.45300E+02
p-Li007-MT002-Malmberg-C0852002-ang-E0001.705.1956               1 1.45300E+02 1.65000E+02
p-Li007-MT002-Malmberg-C0852002-ang-E0001.706.1956               1 6.27000E+01 1.65000E+02
p-Li007-MT002-Malmberg-C0852002-ang-E0001.706A001.1956           1 6.27000E+01 1.01900E+02
p-Li007-MT002-Malmberg-C0852002-ang-E0001.724.1956               1 1.01900E+02 1.45300E+02
p-Li007-MT002-Malmberg-C0852002-ang-E0001.730.1956               1 8.18000E+01 1.45300E+02
p-Li007-MT002-Malmberg-C0852002-ang-E0001.730A001.1956           1 8.18000E+01 1.65000E+02
p-Li007-MT002-Malmberg-C0852002-ang-E0001.731.1956               1 1.23100E+02 1.65000E+02
p-Li007-MT002-Malmberg-C0852002-ang-E0001.734.1956               1 6.27000E+01 1.23100E+02
p-Li007-MT002-Malmberg-C0852002-ang-E0001.734A001.1956           1 6.27000E+01 1.01900E+02
p-Li007-MT002-Malmberg-C0852002-ang-E0001.750.1956               1 6.27000E+01 1.01900E+02
p-Li007-MT002-Malmberg-C0852002-ang-E0001.756.1956               1 6.27000E+01 1.45300E+02
p-Li007-MT002-Malmberg-C0852002-ang-E0001.759.1956               1 8.18000E+01 1.45300E+02
p-Li007-MT002-Malmberg-C0852002-ang-E0001.759A001.1956           1 8.18000E+01 1.65000E+02
p-Li007-MT002-Malmberg-C0852002-ang-E0001.760.1956               1 1.23100E+02 1.65000E+02
p-Li007-MT002-Malmberg-C0852002-ang-E0001.766.1956               1 1.01900E+02 1.23100E+02
p-Li007-MT002-Malmberg-C0852002-ang-E0001.776.1956               1 1.01900E+02 1.45300E+02
p-Li007-MT002-Malmberg-C0852002-ang-E0001.784.1956               1 8.18000E+01 1.45300E+02
p-Li007-MT002-Malmberg-C0852002-ang-E0001.784A001.1956           1 6.27000E+01 8.18000E+01
p-Li007-MT002-Malmberg-C0852002-ang-E0001.785.1956               1 6.27000E+01 6.27000E+01
p-Li007-MT002-Paneta-O2061002-ang-E0001.498.2012               237 1.40000E+02 1.70000E+02
p-Li007-MT002-Warters-A1401003-ang-E0000.506.1953              296 8.10000E+01 8.10000E+01
p-Li007-MT002-Warters-A14010041-ang-E0000.373.1953             107 1.56700E+02 1.56700E+02
p-Li007-MT002-Warters-A14010051-ang-E0000.441.1953              14 4.42000E+01 1.56700E+02
