#              Filename                                         N    min         max
a-S032-MT002-Aldridge-C0802002-ang-E0010.000.1968             2336 2.80000E+01 1.75600E+02
a-S032-MT002-Antropov-F0667009-ang-E0024.200.1974               34 8.52000E+01 1.76500E+02
a-S032-MT002-Antropov-F0667015-ang-E0018.748.1974                1 1.44300E+02 1.73100E+02
a-S032-MT002-Antropov-F0667015-ang-E0018.762.1974                1 1.44300E+02 1.44300E+02
a-S032-MT002-Bobrowska-F05980041-ang-E0027.500.1972             64 2.25000E+01 1.78900E+02
a-S032-MT002-Budzanowski-F0603004-ang-E0024.400.1968            32 3.75000E+01 1.15000E+02
a-S032-MT002-Chyla-D0875006-ang-E0026.500.1970                  63 2.25000E+01 1.77500E+02
a-S032-MT002-Coban-O0963003-ang-E0006.880.1999                  68 3.11000E+01 1.75800E+02
a-S032-MT002-Coban-O0963003-ang-E0006.980.1999                  66 3.17000E+01 1.75400E+02
a-S032-MT002-Coban-O0963003-ang-E0007.080.1999                  76 3.18000E+01 1.74700E+02
a-S032-MT002-Coban-O0963003-ang-E0007.150.1999                  72 3.11000E+01 1.74500E+02
a-S032-MT002-Coban-O0963003-ang-E0007.700.1999                  73 3.11000E+01 1.75700E+02
a-S032-MT002-Coban-O0963004-ang-E0006.850.1999                  70 3.05000E+01 1.76200E+02
a-S032-MT002-Coban-O0963004-ang-E0006.950.1999                  68 3.05000E+01 1.75500E+02
a-S032-MT002-Coban-O0963004-ang-E0007.050.1999                  72 2.92000E+01 1.74900E+02
a-S032-MT002-Coban-O0963004-ang-E0007.700.1999                  66 2.92000E+01 1.73600E+02
a-S032-MT002-Corelli-T0245007-ang-E0018.100.1959                61 9.80000E+00 1.70400E+02
a-S032-MT002-Hulubei-F0637002-ang-E0011.190.1966                20 1.20000E+02 1.20000E+02
a-S032-MT002-Hulubei-F0637005-ang-E0012.200.1966                16 5.71000E+01 1.48000E+02
a-S032-MT002-Hulubei-F0637005-ang-E0013.500.1966                17 5.71000E+01 1.47500E+02
a-S032-MT002-Hulubei-F0637005-ang-E0014.800.1966                14 7.30600E+01 1.44100E+02
a-S032-MT002-Hulubei-F0637005-ang-E0016.100.1966                15 7.45000E+01 1.45200E+02
