#              Filename                                         N    min         max
n-Al027-MT053-Baba-22157056-ang-E0014.100.1988                   9 2.51000E+01 1.50000E+02
n-Al027-MT053-Baba-22157056-ang-E0018.000.1988                  12 2.51000E+01 1.47600E+02
n-Al027-MT053-Kammerdiener-14329017-ang-E0014.000.1972          13 2.41000E+01 1.54100E+02
n-Al027-MT053-Kinney-10106002-ang-E0004.190.1970                 1 9.09000E+01 9.10000E+01
n-Al027-MT053-Kinney-10106002-ang-E0004.190A001.1970             1 9.09000E+01 9.10000E+01
n-Al027-MT053-Kinney-10106002-ang-E0004.460.1970                 1 5.56000E+01 9.09000E+01
n-Al027-MT053-Kinney-10106002-ang-E0004.460A001.1970             1 5.56000E+01 9.09000E+01
n-Al027-MT053-Kinney-10106002-ang-E0005.000.1970                 4 5.56000E+01 9.08000E+01
n-Al027-MT053-Kinney-10106002-ang-E0005.000A001.1970             4 5.56000E+01 9.08000E+01
n-Al027-MT053-Kinney-10106002-ang-E0005.180.1970                 1 3.23000E+01 9.07000E+01
n-Al027-MT053-Kinney-10106002-ang-E0005.180A001.1970             1 3.23000E+01 9.07000E+01
n-Al027-MT053-Kinney-10106002-ang-E0005.440.1970                18 3.23000E+01 1.14600E+02
n-Al027-MT053-Kinney-10106002-ang-E0005.440A001.1970            18 3.23000E+01 1.14600E+02
n-Al027-MT053-Kinney-10106002-ang-E0006.000.1970                 2 3.23000E+01 1.18500E+02
n-Al027-MT053-Kinney-10106002-ang-E0006.000A001.1970             2 3.23000E+01 1.18500E+02
n-Al027-MT053-Kinney-10106002-ang-E0006.440.1970                24 2.52000E+01 1.34900E+02
n-Al027-MT053-Kinney-10106002-ang-E0006.440A001.1970            24 2.52000E+01 1.34900E+02
n-Al027-MT053-Kinney-10106002-ang-E0007.540.1970                17 2.52000E+01 1.34800E+02
n-Al027-MT053-Kinney-10106002-ang-E0007.540A001.1970            17 2.52000E+01 1.34800E+02
n-Al027-MT053-Kinney-10106002-ang-E0007.600.1970                 2 2.51000E+01 1.18400E+02
n-Al027-MT053-Kinney-10106002-ang-E0007.600A001.1970             2 2.51000E+01 1.18400E+02
n-Al027-MT053-Kinney-10106002-ang-E0008.560.1970                17 2.51000E+01 1.34700E+02
n-Al027-MT053-Kinney-10106002-ang-E0008.560A001.1970            17 2.51000E+01 1.34700E+02
n-Al027-MT053-Schreder-22121017-ang-E0007.620.1989              14 4.21000E+01 1.10100E+02
n-Al027-MT053-Takahashi-22075192-ang-E0014.100.1987             45 1.50000E+01 1.60000E+02
n-Al027-MT053-Tanaka-20343003-ang-E0004.810.1970                13 3.03000E+01 1.48400E+02
n-Al027-MT053-Tanaka-20343003-ang-E0005.960.1970                13 3.03000E+01 1.48300E+02
n-Al027-MT053-Towle-20958010-ang-E0003.010.1962                 11 3.11000E+01 1.38000E+02
n-Al027-MT053-Towle-20958012-ang-E0003.990.1962                 11 3.06000E+01 1.37400E+02
n-Al027-MT053-Trykova-40338009-ang-E0004.370.1975                5 3.00000E+01 1.50000E+02
n-Al027-MT053-Tsukada-20341004-ang-E0003.850.1961               34 1.44000E+01 1.38600E+02
n-Al027-MT053-Whisnant-12875003-ang-E0010.873.1984              29 2.04000E+01 1.49900E+02
n-Al027-MT053-Whisnant-12875003-ang-E0013.883.1984              28 2.04000E+01 1.59700E+02
n-Al027-MT053-Whisnant-12875003-ang-E0016.883.1984              26 2.05000E+01 1.49500E+02
n-Al027-MT053-Winterhalter-31119008-ang-E0002.760.1963           4 2.90000E+01 1.18100E+02
