#              Filename                                         N    min         max
n-U000-MT001-Antonov-409740051.1986                              1 2.53000E-08 2.53000E-08
n-U000-MT001-Antonov-409740052.1986                              1 2.53000E-08 2.53000E-08
n-U000-MT001-Auclair-21082002.1955                              28 1.00000E-08 1.00000E-06
n-U000-MT001-Barschall-12370002.1950                             8 2.01990E-02 2.65063E-01
n-U000-MT001-Barschall-12370003.1950                            52 1.25869E-01 1.41361E+00
n-U000-MT001-Beshai-20161003.1966                               64 4.96000E-09 2.83000E-08
n-U000-MT001-Beshai-20161004.1966                               68 4.04000E-09 2.72000E-08
n-U000-MT001-Bowen-21103008.1961                                64 1.58000E+01 1.17500E+02
n-U000-MT001-Cook-11146015.1949                                  1 8.30000E+01 8.30000E+01
n-U000-MT001-Cook-11146015A001.1949                              1 8.30000E+01 8.30000E+01
n-U000-MT001-Coon-12524057.1952                                  1 1.41200E+01 1.41200E+01
n-U000-MT001-Coor-11087018.1955                                  1 1.40000E+03 1.40000E+03
n-U000-MT001-Coor-11087018A001.1955                              1 1.40000E+03 1.40000E+03
n-U000-MT001-Day-11068014.1953                                   3 1.79700E+01 2.00700E+01
n-U000-MT001-Day-11068014A001.1953                               3 1.79700E+01 2.00700E+01
n-U000-MT001-Deconninck-20195019.1961                            1 2.84000E+01 2.84000E+01
n-U000-MT001-Dejuren-11174015.1950                               1 9.50000E+01 9.50000E+01
n-U000-MT001-Dejuren-11174015A001.1950                           1 9.50000E+01 9.50000E+01
n-U000-MT001-Dejuren-11176011.1950                               1 2.70000E+02 2.70000E+02
n-U000-MT001-Dejuren-11176011A001.1950                           1 2.70000E+02 2.70000E+02
n-U000-MT001-Dejuren-11177008.1951                               1 1.90000E+02 1.90000E+02
n-U000-MT001-Dejuren-11177008A001.1951                           1 1.90000E+02 1.90000E+02
n-U000-MT001-Dilg-20583032.1972                                  1 2.70000E-03 2.70000E-03
n-U000-MT001-Divadeenam-10523019.1968                           10 1.50000E-01 6.00000E-01
n-U000-MT001-Divadeenam-10523019A001.1968                       10 1.50000E-01 6.00000E-01
n-U000-MT001-Egelstaff-21179008.1954                           103 1.01000E-09 1.21000E-07
n-U000-MT001-Filippov-40082022.1968                             14 1.00000E-02 2.95000E-01
n-U000-MT001-Fosterjr-10047098.1971                            244 2.25400E+00 1.49100E+01
n-U000-MT001-Fosterjr-10047098A001.1971                        244 2.25400E+00 1.49100E+01
n-U000-MT001-Fox-11175013.1950                                   1 2.70000E+02 2.70000E+02
n-U000-MT001-Fox-11175013A001.1950                               1 2.70000E+02 2.70000E+02
n-U000-MT001-Franz-22117015.1988                                21 1.60000E+02 5.59000E+02
n-U000-MT001-Galloway-20359010.1973                              1 3.00000E+00 3.00000E+00
n-U000-MT001-Gatti-21070003.1954                                71 1.89000E-09 7.92000E-07
n-U000-MT001-Giordano-20806016.1978                              1 2.50000E+00 2.50000E+00
n-U000-MT001-Good-11178008.1941                                  1 9.00000E-01 9.00000E-01
n-U000-MT001-Good-11178008A001.1941                              1 9.00000E-01 9.00000E-01
n-U000-MT001-Gorlov-403070251.1968                               1 4.00000E+00 4.00000E+00
n-U000-MT001-Harvey-11912042.1955                              245 3.65000E-06 2.67000E-04
n-U000-MT001-Havensjr-12386002.1944                             11 3.30000E-08 7.40000E-07
n-U000-MT001-Henkel-12377002.1954                               54 7.10000E-02 2.01500E+01
n-U000-MT001-Henkel-12396006.1952                               56 4.00800E-02 1.97000E+01
n-U000-MT001-Hibdon-11002007.1954                              135 6.70000E-04 1.55000E-01
n-U000-MT001-Hibdon-11002007A001.1954                          135 6.70000E-04 1.55000E-01
n-U000-MT001-Hildebrand-11039034.1950                            1 4.20000E+01 4.20000E+01
n-U000-MT001-Hildebrand-11039034A001.1950                        1 4.20000E+01 4.20000E+01
n-U000-MT001-Jones-11206009.1968                                 1 2.47780E+04 2.47780E+04
n-U000-MT001-Jones-11206009A001.1968                             1 2.47780E+04 2.47780E+04
n-U000-MT001-Junghans-237550082.2020                          3877 1.00040E-01 1.19835E+01
n-U000-MT001-Khaletskij-40709002.1956                            1 1.48000E+01 1.48000E+01
n-U000-MT001-Kopsch-20016002.1970                             3162 5.00050E-01 4.35020E+00
n-U000-MT001-Leory-21284003.1963                                73 1.61000E+00 9.92000E+00
n-U000-MT001-Leory-21284004.1963                                 1 1.44800E+01 1.44800E+01
n-U000-MT001-Leroy-22554005.1963                                74 1.68040E+00 1.44540E+01
n-U000-MT001-Linlor-12205003.1953                               10 4.60000E+01 1.62000E+02
n-U000-MT001-Lynn-21026002.1958                                223 2.70200E-04 3.06810E-02
n-U000-MT001-Manero-20171004.1970                               60 3.34000E+00 5.10500E+00
n-U000-MT001-Nedzel-13568015.1954                                1 4.10000E+02 4.10000E+02
n-U000-MT001-Nereson-11060013.1953                              29 2.89000E+00 1.31860E+01
n-U000-MT001-Nereson-11060013A001.1953                          29 2.89000E+00 1.31860E+01
n-U000-MT001-Palevsky-12376002.1952                             22 2.34000E-10 1.56000E-09
n-U000-MT001-Palevsky-12376003.1952                             72 8.36000E-10 2.67000E-08
n-U000-MT001-Parker-13026011.1970                                1 4.83740E+03 4.83740E+03
n-U000-MT001-Poenitz-12853055.1983                              68 1.81700E+00 2.04400E+01
n-U000-MT001-Rodriguez-30168002.1967                           125 1.28130E-09 8.18000E-08
n-U000-MT001-Schimmerling-10082013.1973                         15 3.79000E+02 1.73100E+03
n-U000-MT001-Schimmerling-10082013A001.1973                     15 3.79000E+02 1.73100E+03
n-U000-MT001-Schneider-11514006.1968                             6 9.94000E+01 1.51900E+02
n-U000-MT001-Seth-11788024.1958                                 32 2.17870E-05 7.83680E-05
n-U000-MT001-Syme-20487002.1974                                197 8.01000E-01 9.14600E+00
n-U000-MT001-Vervier-20204008.1958                              22 1.36000E+01 1.47600E+01
