#              Filename                                         N    min         max
a-Mg024-MT651-Delvecchio-T0266002-E0039.950.1976                51 1.02000E+01 6.69000E+01
a-Mg024-MT651-Kadota-E1378015-E0064.300.1986                    15 1.04000E+01 8.01000E+01
a-Mg024-MT651-Kadota-E1378016-E0064.300.1986                    15 1.07000E+01 8.00000E+01
a-Mg024-MT651-Kadota-E1378017-E0064.300.1986                    10 1.05000E+01 5.52000E+01
a-Mg024-MT651-Kadota-E1378018-E0064.300.1986                    15 1.01000E+01 8.06000E+01
a-Mg024-MT651-Kadota-E1378019-E0064.300.1986                    13 1.02000E+01 7.06000E+01
a-Mg024-MT651-Kadota-E1378020-E0064.300.1986                    13 1.03000E+01 8.08000E+01
a-Mg024-MT651-Kadota-E1378021-E0064.300.1986                    13 1.07000E+01 8.09000E+01
a-Mg024-MT651-Kadota-E1378022-E0064.300.1986                    10 1.03000E+01 7.58000E+01
a-Mg024-MT651-Kadota-E1378023-E0064.300.1986                    12 1.07000E+01 8.10000E+01
a-Mg024-MT651-Oliver-T0250002-E0023.990.1973                     1 3.00000E+01 6.00000E+01
a-Mg024-MT651-Oliver-T0250002-E0024.000.1973                     1 3.00000E+01 6.00000E+01
a-Mg024-MT651-Oliver-T0250002-E0024.100.1973                     1 3.00000E+01 3.00000E+01
a-Mg024-MT651-Oliver-T0250005-E0024.000.1973                     7 1.97000E+01 9.02000E+01
a-Mg024-MT651-Oliver-T0250005-E0024.000A001.1973                 9 1.98000E+01 9.00000E+01
a-Mg024-MT651-Oliver-T0250005-E0024.000A002.1973                 8 1.91000E+01 9.02000E+01
a-Mg024-MT651-Oliver-T0250005-E0024.500.1973                     8 1.97000E+01 8.92000E+01
a-Mg024-MT651-Oliver-T0250005-E0024.500A001.1973                 8 1.98000E+01 9.04000E+01
a-Mg024-MT651-Oliver-T0250005-E0024.500A002.1973                 8 1.99000E+01 9.05000E+01
a-Mg024-MT651-Oliver-T0250005-E0025.000.1973                     8 1.98000E+01 8.97000E+01
a-Mg024-MT651-Oliver-T0250005-E0025.000A001.1973                 8 2.00000E+01 8.93000E+01
a-Mg024-MT651-Oliver-T0250005-E0025.000A002.1973                 8 2.01000E+01 9.03000E+01
a-Mg024-MT651-Oliver-T0250005-E0025.500.1973                     8 1.98000E+01 8.93000E+01
a-Mg024-MT651-Oliver-T0250005-E0025.500A001.1973                 8 1.91000E+01 8.98000E+01
a-Mg024-MT651-Oliver-T0250006-E0050.000.1973                   125 4.59998E+00 6.08000E+01
a-Mg024-MT651-Yasue-E1283002-E0063.700.1989                     11 4.30002E+00 5.05000E+01
a-Mg024-MT651-Yasue-E1283003-E0063.700.1989                     11 6.29999E+00 5.18000E+01
a-Mg024-MT651-Yasue-E1283004-E0063.700.1989                     11 4.79996E+00 5.04000E+01
a-Mg024-MT651-Yasue-E1283005-E0063.700.1989                     11 4.79996E+00 5.06000E+01
a-Mg024-MT651-Yasue-E1283006-E0063.700.1989                     11 4.99999E+00 5.06000E+01
a-Mg024-MT651-Yasue-E1283007-E0063.700.1989                      9 5.69997E+00 5.11000E+01
a-Mg024-MT651-Yasue-E1355002-E0064.700.1991                      9 6.69999E+00 5.10000E+01
a-Mg024-MT651-Yasue-E1355003-E0064.700.1991                      8 1.06000E+01 5.05000E+01
