#              Filename                                         N    min         max
n-Si028-MT002-Alarcon-13125002-ang-E0021.700.1986               39 1.50000E+01 1.60000E+02
n-Si028-MT002-Alohali-14345002-ang-E0015.430.2012               33 1.73000E+01 1.59700E+02
n-Si028-MT002-Alohali-14345002-ang-E0018.900.2012               40 1.73000E+01 1.59700E+02
n-Si028-MT002-Baba-21984119-ang-E0014.200.1986                  10 2.50000E+01 1.50000E+02
n-Si028-MT002-Boerker-22113015-ang-E0010.163.1988               26 1.53000E+01 1.53000E+01
n-Si028-MT002-Fasoli-21499002-ang-E0002.320.1965                11 4.99000E+01 4.99000E+01
n-Si028-MT002-Giacomich-21516002-ang-E0014.100.1966             10 1.93000E+01 1.18200E+02
n-Si028-MT002-Hall-21729003-ang-E0000.605.1978                   1 8.20000E+01 9.00000E+01
n-Si028-MT002-Hall-21729003-ang-E0000.607.1978                   1 5.00000E+01 9.00000E+01
n-Si028-MT002-Hall-21729003-ang-E0000.609.1978                   2 5.00000E+01 1.40000E+02
n-Si028-MT002-Hall-21729003-ang-E0000.610.1978                   1 6.00000E+01 1.14000E+02
n-Si028-MT002-Hall-21729003-ang-E0000.611.1978                   2 6.00000E+01 1.04000E+02
n-Si028-MT002-Hall-21729003-ang-E0000.613.1978                   1 4.00000E+01 1.04000E+02
n-Si028-MT002-Hall-21729003-ang-E0000.614.1978                   1 4.00000E+01 1.25000E+02
n-Si028-MT002-Hall-21729003-ang-E0000.615.1978                   1 9.00000E+01 1.25000E+02
n-Si028-MT002-Hall-21729003-ang-E0000.616.1978                   1 9.00000E+01 9.70000E+01
n-Si028-MT002-Hall-21729003-ang-E0000.617.1978                   1 9.70000E+01 1.04000E+02
n-Si028-MT002-Hall-21729003-ang-E0000.621.1978                   1 1.04000E+02 1.40000E+02
n-Si028-MT002-Hall-21729003-ang-E0000.622.1978                   1 6.00000E+01 1.40000E+02
n-Si028-MT002-Hall-21729003-ang-E0000.623.1978                   2 5.00000E+01 1.14000E+02
n-Si028-MT002-Hall-21729003-ang-E0000.626.1978                   2 5.00000E+01 8.20000E+01
n-Si028-MT002-Hall-21729003-ang-E0000.628.1978                   2 6.80000E+01 1.25000E+02
n-Si028-MT002-Hall-21729003-ang-E0000.629.1978                   1 6.80000E+01 9.70000E+01
n-Si028-MT002-Hall-21729003-ang-E0000.630.1978                   1 4.00000E+01 9.70000E+01
n-Si028-MT002-Hall-21729003-ang-E0000.631.1978                   2 4.00000E+01 1.14000E+02
n-Si028-MT002-Hall-21729003-ang-E0000.634.1978                   1 9.00000E+01 1.04000E+02
n-Si028-MT002-Hall-21729003-ang-E0000.637.1978                   1 9.00000E+01 1.40000E+02
n-Si028-MT002-Hall-21729003-ang-E0000.639.1978                   1 4.00000E+01 1.40000E+02
n-Si028-MT002-Hall-21729003-ang-E0000.640.1978                   4 4.00000E+01 1.25000E+02
n-Si028-MT002-Hall-21729003-ang-E0000.642.1978                   2 5.00000E+01 8.20000E+01
n-Si028-MT002-Hall-21729003-ang-E0000.647.1978                   2 8.20000E+01 1.14000E+02
n-Si028-MT002-Hall-21729003-ang-E0000.648.1978                   2 7.50000E+01 1.40000E+02
n-Si028-MT002-Hall-21729003-ang-E0000.649.1978                   1 7.50000E+01 1.14000E+02
n-Si028-MT002-Hall-21729003-ang-E0000.652.1978                   1 1.14000E+02 1.25000E+02
n-Si028-MT002-Hall-21729003-ang-E0000.653.1978                   1 6.80000E+01 1.25000E+02
n-Si028-MT002-Hall-21729003-ang-E0000.654.1978                   2 6.80000E+01 9.70000E+01
n-Si028-MT002-Hall-21729003-ang-E0000.655.1978                   2 9.70000E+01 9.70000E+01
n-Si028-MT002-Hohn-22701003-ang-E0014.700.1969                   2 4.73000E+01 5.69000E+01
n-Si028-MT002-Hohn-22701008-ang-E0014.700.1969                  17 1.78000E+01 1.42900E+02
n-Si028-MT002-Kliczewski-30456002-ang-E0014.100.1978            20 5.99999E+00 1.76400E+02
n-Si028-MT002-Korzh-40618002-ang-E0005.000.1980                  9 2.00000E+01 1.50000E+02
n-Si028-MT002-Martin-21046005-ang-E0005.950.1968                16 2.79997E+01 1.52700E+02
n-Si028-MT002-Minetti-20498002-ang-E0014.200.1973                8 1.45700E+02 1.78000E+02
n-Si028-MT002-Roturier-20599015-ang-E0014.070.1968              13 9.90000E+00 1.64500E+02
n-Si028-MT002-Schouky-20955014-ang-E0000.517.1977             2114 2.00000E+01 2.00000E+01
n-Si028-MT002-Schouky-20955015-ang-E0000.517.1977             2114 3.00000E+01 3.00000E+01
n-Si028-MT002-Schouky-20955016-ang-E0000.517.1977             2114 4.00000E+01 4.00000E+01
n-Si028-MT002-Schouky-20955017-ang-E0000.517.1977             2114 5.50000E+01 5.50000E+01
n-Si028-MT002-Schouky-20955018-ang-E0000.517.1977             2114 6.50000E+01 6.50000E+01
n-Si028-MT002-Schouky-20955019-ang-E0000.518.1977             2114 8.00000E+01 8.00000E+01
n-Si028-MT002-Schouky-20955020-ang-E0000.518.1977             2114 9.00000E+01 9.00000E+01
n-Si028-MT002-Schouky-20955021-ang-E0000.518.1977             2114 1.20000E+02 1.20000E+02
n-Si028-MT002-Schouky-20955022-ang-E0000.518.1977             2114 1.35000E+02 1.35000E+02
n-Si028-MT002-Schouky-20955023-ang-E0000.518.1977             2114 1.50000E+02 1.50000E+02
n-Si028-MT002-Schweitzer-30463014-ang-E0003.400.1978            12 1.51000E+01 1.50000E+02
n-Si028-MT002-Virdis-21773014-ang-E0009.760.1981                28 1.50000E+01 1.60000E+02
n-Si028-MT002-Virdis-21773022-ang-E0014.830.1981                28 1.50000E+01 1.60000E+02
n-Si028-MT002-Yamanouti-21629002-ang-E0021.000.1977             20 2.00000E+01 1.45000E+02
