#              Filename                                         N    min         max
n-Pb207-MT051-Abdelharith-30464026-ang-E0003.400.1976           10 2.51000E+01 1.50100E+02
n-Pb207-MT051-Cranberg-13578003-ang-E0002.500.1967              30 3.27541E+01 1.53508E+02
n-Pb207-MT051-Kinney-10412003-ang-E0005.500.1974                 3 9.00000E+01 9.75000E+01
n-Pb207-MT051-Kinney-10412003-ang-E0005.500A001.1974             3 9.00000E+01 9.75000E+01
n-Pb207-MT051-Kinney-10412007-ang-E0005.500.1974                24 8.26000E+01 9.76000E+01
n-Pb207-MT051-Kinney-10412008-ang-E0005.500.1974                 3 8.26000E+01 9.77000E+01
n-Pb207-MT051-Kinney-10412008-ang-E0005.500A001.1974             3 8.26000E+01 9.77000E+01
n-Pb207-MT051-Kinney-10412008-ang-E0006.000.1974                 3 8.26000E+01 9.76000E+01
n-Pb207-MT051-Kinney-10412009-ang-E0005.500.1974                 2 8.27000E+01 9.77000E+01
n-Pb207-MT051-Kinney-10412009-ang-E0005.500A001.1974             2 8.27000E+01 9.77000E+01
n-Pb207-MT051-Kinney-10412010-ang-E0005.500.1974                 1 9.02000E+01 9.02000E+01
n-Pb207-MT051-Kinney-10412010-ang-E0005.500A001.1974             1 9.02000E+01 9.02000E+01
n-Pb207-MT051-Kinney-10412011-ang-E0005.500.1974                 2 8.27000E+01 9.02000E+01
n-Pb207-MT051-Kinney-10412011-ang-E0005.500A001.1974             2 8.27000E+01 9.02000E+01
n-Pb207-MT051-Kinney-10412012-ang-E0005.500.1974                 1 8.27000E+01 9.77000E+01
n-Pb207-MT051-Kinney-10412012-ang-E0005.500A001.1974             1 8.27000E+01 9.77000E+01
n-Pb207-MT051-Kinney-10412012-ang-E0006.000.1974                 3 8.27000E+01 9.77000E+01
n-Pb207-MT051-Kinney-10412012-ang-E0006.000A001.1974             3 8.27000E+01 9.77000E+01
n-Pb207-MT051-Kinney-10412012-ang-E0006.490.1974                 3 9.01000E+01 9.76000E+01
n-Pb207-MT051-Kinney-10412013-ang-E0005.500.1974                 1 8.27000E+01 8.27000E+01
n-Pb207-MT051-Kinney-10412013-ang-E0005.500A001.1974             1 8.27000E+01 8.27000E+01
n-Pb207-MT051-Kinney-10412014-ang-E0005.500.1974                 2 8.27000E+01 8.27000E+01
n-Pb207-MT051-Kinney-10412015-ang-E0005.500.1974                 1 8.28000E+01 8.28000E+01
n-Pb207-MT051-Kinney-10412015-ang-E0005.500A001.1974             1 8.28000E+01 8.28000E+01
n-Pb207-MT051-Kinney-10412016-ang-E0007.000.1974                 1 8.26000E+01 8.26000E+01
n-Pb207-MT051-Kinney-10412016-ang-E0007.000A001.1974             1 8.26000E+01 8.26000E+01
n-Pb207-MT051-Poenitz-22988008-ang-E0002.940.2007               10 2.53000E+01 1.29700E+02
n-Pb207-MT051-Poenitz-23156020-ang-E0002.240.2011               15 1.39400E+01 1.59550E+02
n-Pb207-MT051-Poenitz-23156021-ang-E0002.710.2011               15 1.37300E+01 1.59900E+02
n-Pb207-MT051-Poenitz-23156022-ang-E0002.940.2011               10 2.53800E+01 1.29880E+02
n-Pb207-MT051-Poenitz-23156023-ang-E0004.020.2011               15 1.33200E+01 1.59510E+02
n-Pb207-MT051-Tomita-20340005-ang-E0001.470.1973                13 3.00000E+01 1.47100E+02
n-Pb207-MT051-Tomita-20340005-ang-E0002.020.1973                13 3.00000E+01 1.47000E+02
n-Pb207-MT051-Tomita-20340006-ang-E0003.560.1973                13 3.01000E+01 1.47200E+02
n-Pb207-MT051-Tomita-20340007-ang-E0001.376.1973                83 1.25000E+02 1.25000E+02
