#              Filename                                         N    min         max
n-Au197-MT151-Alix-205800031.1975                              126 5.79900E-05 2.60900E-03
n-Au197-MT151-Alix-205800032.1975                               50 5.79900E-05 9.94200E-04
n-Au197-MT151-Alix-205800034.1975                               46 6.02100E-05 9.94200E-04
n-Au197-MT151-Alves-206860031.1969                             174 4.90600E-06 3.08000E-03
n-Au197-MT151-Alves-206860032.1969                             154 4.90600E-06 2.63400E-03
n-Au197-MT151-Alves-206860033.1969                              98 4.90600E-06 2.42000E-03
n-Au197-MT151-Alves-206860034.1969                             101 4.90600E-06 2.14780E-03
n-Au197-MT151-Alves-206860035.1969                              71 4.90600E-06 2.13100E-03
n-Au197-MT151-Alves-206860036.1969                              49 4.90600E-06 9.95400E-04
n-Au197-MT151-Alves-20686005.1969                                1 5.00000E-04 5.00000E-04
n-Au197-MT151-Asghar-214920061.1965                             12 6.00300E-05 5.47000E-04
n-Au197-MT151-Asghar-214920062.1965                             17 6.00300E-05 5.47000E-04
n-Au197-MT151-Asghar-214920063.1965                             17 6.00300E-05 5.47000E-04
n-Au197-MT151-Asghar-214920064.1965                              7 4.64500E-05 3.74700E-04
n-Au197-MT151-Bilpuch-11187008.1960                              1 1.00500E-01 1.00500E-01
n-Au197-MT151-Bilpuch-11187008A001.1960                          1 1.00500E-01 1.00500E-01
n-Au197-MT151-Block-140860021.1994                               4 4.89000E-06 7.82710E-05
n-Au197-MT151-Block-140860022.1994                               4 4.89000E-06 7.82710E-05
n-Au197-MT151-Block-140860023.1994                               4 4.89000E-06 7.82710E-05
n-Au197-MT151-Bollinger-12231004.1955                            2 5.82000E-05 6.03000E-05
n-Au197-MT151-Camarda-10765012.1974                              1 3.00500E-01 3.00500E-01
n-Au197-MT151-Camarda-10765012A001.1974                          1 3.00500E-01 3.00500E-01
n-Au197-MT151-Chandramoleswar-304080031.1966                     1 4.90000E-06 4.90000E-06
n-Au197-MT151-Chandramoleswar-304080033.1966                     1 4.90000E-06 4.90000E-06
n-Au197-MT151-Desjardins-119480091.1960                         55 4.67000E-05 9.40000E-04
n-Au197-MT151-Desjardins-119480093.1960                         28 5.82000E-05 9.40000E-04
n-Au197-MT151-Desjardins-119480094.1960                         16 6.03000E-05 9.40000E-04
n-Au197-MT151-Desjardins-119480095.1960                         50 4.67000E-05 9.40000E-04
n-Au197-MT151-Desjardins-11948013.1960                           1 0.00000E+00 0.00000E+00
n-Au197-MT151-Dilg-20583057.1972                                 1 2.70000E-03 2.70000E-03
n-Au197-MT151-Diment-21477002.1967                               3 3.00000E-01 3.00000E-01
n-Au197-MT151-Gayther-213080021.1979                             6 2.40860E-04 1.91310E-03
n-Au197-MT151-Gayther-213080022.1979                             6 2.40860E-04 1.91310E-03
n-Au197-MT151-Gibbons-11329104.1961                              2 1.05000E-01 1.05000E-01
n-Au197-MT151-Havensjr-111390091.1946                            1 4.80000E-06 4.80000E-06
n-Au197-MT151-Havensjr-111390091A001.1946                        1 4.80000E-06 4.80000E-06
n-Au197-MT151-Havensjr-11732012.1951                             1 4.87000E-06 4.87000E-06
n-Au197-MT151-Havensjr-121840281.1947                            1 4.80000E-06 4.80000E-06
n-Au197-MT151-Kompe-20358036.1969                                2 8.00000E-02 8.00000E-02
n-Au197-MT151-Kononov-405130041.1977                             2 1.77500E-01 1.77500E-01
n-Au197-MT151-Landon-120290061.1954                              1 4.91000E-06 4.91000E-06
n-Au197-MT151-Landon-120290063.1954                              1 4.91000E-06 4.91000E-06
n-Au197-MT151-Levin-12274007.1956                                1 4.90000E-06 4.90000E-06
n-Au197-MT151-Levin-122740081.1956                               1 6.10000E-05 6.10000E-05
n-Au197-MT151-Levin-122740082.1956                               1 6.10000E-05 6.10000E-05
n-Au197-MT151-Levin-122740083.1956                               1 6.10000E-05 6.10000E-05
n-Au197-MT151-Lottin-21565002.1973                               6 5.81000E-05 4.00000E-04
n-Au197-MT151-Macklin-104320041.1975                           115 2.59700E-03 4.82700E-03
n-Au197-MT151-Macklin-104320041A001.1975                       115 2.59700E-03 4.82700E-03
n-Au197-MT151-Macklin-10432005.1975                              3 7.15000E-05 7.15000E-05
n-Au197-MT151-Macklin-10432005A001.1975                          3 7.15000E-05 7.15000E-05
n-Au197-MT151-Massimi-230670051.2010                           267 4.90500E-06 4.82880E-03
n-Au197-MT151-Massimi-230670052.2010                           261 4.90500E-06 4.82880E-03
n-Au197-MT151-Massimi-230670053.2010                           261 4.90500E-06 4.82880E-03
n-Au197-MT151-Massimi-230670061.2010                           267 4.90500E-06 4.82880E-03
n-Au197-MT151-Massimi-230670062.2010                           261 4.90500E-06 4.82880E-03
n-Au197-MT151-Massimi-230670063.2010                           261 4.90500E-06 4.82880E-03
n-Au197-MT151-Massimi-231320021.2010                             1 4.89950E-06 4.89950E-06
n-Au197-MT151-Massimi-231320022.2010                             1 4.89950E-06 4.89950E-06
n-Au197-MT151-Massimi-231320023.2010                             1 4.89950E-06 4.89950E-06
n-Au197-MT151-Navalkar-310980041.1968                            1 4.90000E+00 4.90000E+00
n-Au197-MT151-Purtov-41170003.1994                               2 2.08900E-01 2.08900E-01
n-Au197-MT151-Samour-234960062.1969                              4 4.90000E-03 7.84000E-02
n-Au197-MT151-Samour-234960063.1969                              4 4.90000E-03 7.84000E-02
n-Au197-MT151-Samour-234960064.1969                              4 4.90000E-03 7.84000E-02
n-Au197-MT151-Seidl-116710111.1954                               7 4.94000E-06 1.94000E-04
n-Au197-MT151-Seth-11665032.1964                                 1 3.26500E-01 3.26500E-01
n-Au197-MT151-Seth-117880381.1958                                1 4.65000E-05 4.65000E-05
n-Au197-MT151-Seth-117880382.1958                                1 4.65000E-05 4.65000E-05
n-Au197-MT151-Shorin-41330007.1975                               1 4.25000E-02 4.25000E-02
n-Au197-MT151-Sirakov-232220042.2013                             1 5.60000E-02 5.60000E-02
n-Au197-MT151-Slaughter-114460061.1958                          10 6.10000E-05 2.66000E-04
n-Au197-MT151-Slaughter-114460063.1958                          10 6.10000E-05 2.66000E-04
n-Au197-MT151-Spitz-30114015.1968                                1 1.90000E-02 1.90000E-02
n-Au197-MT151-Tittman-122030041.1951                             1 4.87000E-06 4.87000E-06
n-Au197-MT151-Tittman-122030051.1951                             1 4.87000E-06 4.87000E-06
n-Au197-MT151-Tittman-122030052.1951                             1 4.87000E-06 4.87000E-06
n-Au197-MT151-Tittman-122030053.1951                             1 4.87000E-06 4.87000E-06
n-Au197-MT151-Tittman-122030054.1951                             1 4.87000E-06 4.87000E-06
n-Au197-MT151-Vertebnyy-40839018.1980                            3 2.00000E-03 2.45000E-02
n-Au197-MT151-Wood-122410031.1955                                1 4.90600E-06 4.90600E-06
n-Au197-MT151-Wood-122410034.1955                                1 4.90600E-06 4.90600E-06
n-Au197-MT151-Zimmerman-124990021.1956                           1 4.65000E-05 4.65000E-05
n-Au197-MT151-Zimmerman-124990023.1956                           1 4.65000E-05 4.65000E-05
