#              Filename                                         N    min         max
n-Br079-MT151-Alfimenkov-40865002.1984                           2 3.58000E-05 5.36000E-05
n-Br079-MT151-Julien-206760171.1968                              2 2.38800E-04 3.18500E-04
n-Br079-MT151-Julien-206760172.1968                              2 2.38800E-04 3.18500E-04
n-Br079-MT151-Julien-206760174.1968                              2 2.38800E-04 3.18500E-04
n-Br079-MT151-Julien-206760175.1968                              2 2.38800E-04 3.18500E-04
n-Br079-MT151-Julien-206760176.1968                              2 2.38800E-04 3.18500E-04
n-Br079-MT151-KIMHISANNN-408140021.1965                          5 3.59000E-05 3.19600E-04
n-Br079-MT151-KIMHISANNN-408140022.1965                          5 3.59000E-05 3.19600E-04
n-Br079-MT151-KIMHISANNN-408140023.1965                          5 3.59000E-05 3.19600E-04
n-Br079-MT151-KIMHISANNN-408140024.1965                          5 3.59000E-05 3.19600E-04
n-Br079-MT151-Leblanc-118330091.1959                             6 3.56000E-05 3.17000E-04
n-Br079-MT151-Leblanc-118330093.1959                             6 3.56000E-05 3.17000E-04
n-Br079-MT151-Leblanc-118330094.1959                             6 3.56000E-05 3.17000E-04
n-Br079-MT151-Leblanc-118330095.1959                             4 3.56000E-05 2.38000E-04
n-Br079-MT151-Macklin-131110061.1988                           333 3.58000E-05 9.00100E-03
n-Br079-MT151-Macklin-131110063.1988                            60 3.58000E-05 8.96200E-03
n-Br079-MT151-Macklin-131110064.1988                            44 3.58000E-05 7.83200E-03
n-Br079-MT151-Ohkubo-21294004.1981                               1 5.00000E-03 5.00000E-03
n-Br079-MT151-Ohkubo-212940081.1981                            156 3.58000E-05 9.92000E-03
n-Br079-MT151-Ohkubo-212940082.1981                            156 3.58000E-05 9.92000E-03
n-Br079-MT151-Ohkubo-212940083.1981                             18 1.89350E-04 1.82910E-03
n-Br079-MT151-Ohkubo-212940084.1981                             17 1.89350E-04 1.82910E-03
n-Br079-MT151-Zeliger-412310031.1963                             6 3.59000E-05 3.94800E-04
n-Br079-MT151-Zeliger-412310032.1963                             6 3.59000E-05 3.94800E-04
n-Br079-MT151-Zeliger-412310033.1963                             7 3.59000E-05 3.94800E-04
n-Br079-MT151-Zeliger-412310034.1963                             7 3.59000E-05 3.94800E-04
n-Br079-MT151-Zeliger-41231005.1963                              1 2.00000E-01 2.00000E-01
