#              Filename                                         N    min         max
a-He003-MT102-Bordeanu-D42890021.2013                            5 3.42783E+00 5.88060E+00
a-He003-MT102-Bordeanu-D42890022.2013                            5 3.42783E+00 5.88060E+00
a-He003-MT102-Brown-C1610002.2007                                8 7.61895E-01 2.87328E+00
a-He003-MT102-Brown-C1610003.2007                                8 7.61895E-01 2.87328E+00
a-He003-MT102-Carmonagallardo-O20580021.2012                     6 2.45277E+00 6.52521E+00
a-He003-MT102-Carmonagallardo-O20580022.2012                     6 2.45277E+00 6.52521E+00
a-He003-MT102-Costantini-O17090021.2008                          6 2.16188E-01 3.94445E-01
a-He003-MT102-Costantini-O17090022.2008                          6 2.16188E-01 3.94445E-01
a-He003-MT102-Costantini-O17090031.2008                          3 2.17119E-01 3.95841E-01
a-He003-MT102-Costantini-O17090032.2008                          3 2.17119E-01 3.95841E-01
a-He003-MT102-Dileva-C1729002.2009                              48 1.63130E+00 7.28385E+00
a-He003-MT102-Dileva-C1729003.2009                               6 2.56447E+00 5.83406E+00
a-He003-MT102-Dileva-C1729004.2009                               3 1.51262E+00 5.82708E+00
a-He003-MT102-Gyuerky-O15200021.2007                             1 2.45743E-01 2.45743E-01
a-He003-MT102-Hilgemeier-A1289002.1988                           4 1.01858E+00 1.54636E+00
a-He003-MT102-Holmgren-A1087003.1959                             5 4.81000E-01 1.32500E+00
a-He003-MT102-Kiss-C2598006.2020                                 2 0.00000E+00 2.30000E-02
a-He003-MT102-Krawinkel-A1205002.1982                           39 2.49466E-01 2.94612E+00
a-He003-MT102-Nagatani-A1128002.1969                             7 3.80482E-01 5.74563E-01
a-He003-MT102-Osborne-C0737002.1984                             19 3.85136E-01 2.72039E+00
a-He003-MT102-Osborne-C0737003.1984                              2 2.20377E+00 2.92052E+00
a-He003-MT102-Parker-A1088002.1963                              43 4.34471E-01 5.80614E+00
a-He003-MT102-Parker-A1312002.1969                               5 4.22137E-01 9.00824E-01
a-He003-MT102-Robertson-A1240002.1983                            1 2.08742E+00 2.08742E+00
a-He003-MT102-Szucs-D4400003.2019                               11 5.76890E+00 1.02900E+01
a-He003-MT102-Volk-A1258002.1983                                 2 0.00000E+00 0.00000E+00
