#              Filename                                         N    min         max
n-C000-MT002-Ahmed-20007002-ang-E0000.500.1970                  14 2.00004E+01 1.50001E+02
n-C000-MT002-Ahmed-20007003-ang-E0000.550.1970                  14 2.00004E+01 1.50001E+02
n-C000-MT002-Ahmed-20007004-ang-E0000.600.1970                  14 2.00004E+01 1.50001E+02
n-C000-MT002-Ahmed-20007005-ang-E0000.650.1970                  14 2.00004E+01 1.50001E+02
n-C000-MT002-Ahmed-20007006-ang-E0000.700.1970                  14 2.00004E+01 1.50001E+02
n-C000-MT002-Ahmed-20007007-ang-E0000.750.1970                  14 2.00004E+01 1.50001E+02
n-C000-MT002-Ahmed-20007008-ang-E0000.800.1970                  14 2.00004E+01 1.50001E+02
n-C000-MT002-Ahmed-20007009-ang-E0000.850.1970                  14 2.00004E+01 1.50001E+02
n-C000-MT002-Ahmed-20007010-ang-E0000.900.1970                  13 2.00004E+01 1.50001E+02
n-C000-MT002-Ahmed-20007011-ang-E0000.950.1970                  14 2.00004E+01 1.50001E+02
n-C000-MT002-Ahmed-20007012-ang-E0001.000.1970                  13 2.00004E+01 1.40000E+02
n-C000-MT002-Ahmed-20007013-ang-E0001.050.1970                  14 2.00004E+01 1.50001E+02
n-C000-MT002-Ahmed-20007014-ang-E0001.100.1970                  14 2.00004E+01 1.50001E+02
n-C000-MT002-Ahmed-20007015-ang-E0001.150.1970                  14 2.00004E+01 1.50001E+02
n-C000-MT002-Ahmed-20007016-ang-E0001.200.1970                  14 2.00004E+01 1.50001E+02
n-C000-MT002-Ahmed-20007017-ang-E0001.250.1970                  14 2.00004E+01 1.50001E+02
n-C000-MT002-Ahmed-20007018-ang-E0001.300.1970                  13 2.00004E+01 1.50001E+02
n-C000-MT002-Ahmed-20007019-ang-E0001.350.1970                  14 2.00004E+01 1.50001E+02
n-C000-MT002-Ahmed-20007020-ang-E0001.400.1970                  14 2.00004E+01 1.50001E+02
n-C000-MT002-Ahmed-20007021-ang-E0001.450.1970                  14 2.00004E+01 1.50001E+02
n-C000-MT002-Ahmed-20007022-ang-E0001.500.1970                  14 2.00004E+01 1.50001E+02
n-C000-MT002-Ahmed-20007023-ang-E0001.550.1970                  14 2.00004E+01 1.50001E+02
n-C000-MT002-Ahmed-20007024-ang-E0001.600.1970                  14 2.00004E+01 1.50001E+02
n-C000-MT002-Ahmed-20007025-ang-E0001.650.1970                  14 2.00004E+01 1.50001E+02
n-C000-MT002-Ahmed-20007026-ang-E0001.700.1970                  13 2.99995E+01 1.50001E+02
n-C000-MT002-Ahmed-20007027-ang-E0001.750.1970                  14 2.00004E+01 1.50001E+02
n-C000-MT002-Ahmed-20007028-ang-E0001.800.1970                  14 2.00004E+01 1.50001E+02
n-C000-MT002-Ahmed-20007029-ang-E0001.850.1970                  14 2.00004E+01 1.50001E+02
n-C000-MT002-Ahmed-20007030-ang-E0001.900.1970                  13 2.99995E+01 1.50001E+02
n-C000-MT002-Ahmed-20007031-ang-E0001.950.1970                  12 2.99995E+01 1.50001E+02
n-C000-MT002-Ahmed-20007032-ang-E0002.000.1970                  14 2.00004E+01 1.50001E+02
n-C000-MT002-Ashmore-21437002-ang-E0351.500.1958                11 0.00000E+00 2.00000E+01
n-C000-MT002-Baba-22480002-ang-E0055.000.2002                   75 2.59993E+00 5.30000E+01
n-C000-MT002-Ball-11503005-ang-E0300.000.1952                   12 2.01994E+00 1.76500E+01
n-C000-MT002-Begum-21664009-ang-E0016.100.1979                   6 2.00000E+01 9.00000E+01
n-C000-MT002-Beyster-11220005-ang-E0007.000.1956                 8 1.28000E+01 1.49200E+02
n-C000-MT002-Beyster-11220005-ang-E0007.000A001.1956             8 1.28000E+01 1.49200E+02
n-C000-MT002-Boerker-22404002-ang-E0013.330.1991                40 1.36000E+01 1.59600E+02
n-C000-MT002-Boerker-22404002-ang-E0014.060.1991                35 1.36000E+01 1.60200E+02
n-C000-MT002-Boerker-22404002-ang-E0014.530.1991                35 1.36000E+01 1.60300E+02
n-C000-MT002-Boerker-22404002-ang-E0015.820.1991                35 1.37000E+01 1.60700E+02
n-C000-MT002-Bostrom-11130027-ang-E0004.210.1959                35 2.03000E+01 1.39900E+02
n-C000-MT002-Clarke-11286003-ang-E0014.100.1964                 21 9.20003E+00 1.62600E+02
n-C000-MT002-Deconninck-20240003-ang-E0017.270.1970             39 1.00000E+01 1.45000E+02
n-C000-MT002-Deconninck-20240004-ang-E0014.700.1970              6 3.99000E+01 1.30300E+02
n-C000-MT002-Deconninck-20240005-ang-E0017.210.1970              9 9.20003E+00 9.20003E+00
n-C000-MT002-Drosg-12928069-ang-E0014.100.1988                  12 3.00000E+01 3.00000E+01
n-C000-MT002-Elfruth-30939012-ang-E0014.080.1986                 2 1.50000E+01 1.65000E+02
n-C000-MT002-Elfruth-30939012-ang-E0014.100.1986                 2 3.00000E+01 1.50000E+02
n-C000-MT002-Elfruth-30939012-ang-E0014.110.1986                 3 4.03000E+01 1.35000E+02
n-C000-MT002-Elfruth-30939012-ang-E0014.120.1986                 3 5.55000E+01 1.19900E+02
n-C000-MT002-Elfruth-30939012-ang-E0014.240.1986                 3 7.49000E+01 1.04400E+02
n-C000-MT002-Frasca-10254007-ang-E0014.000.1966                 16 1.51000E+01 1.49600E+02
n-C000-MT002-Frasca-10254007-ang-E0014.000A001.1966             16 1.51000E+01 1.49600E+02
n-C000-MT002-Galati-10174002-ang-E0003.030.1972                476 1.51000E+01 1.55000E+02
n-C000-MT002-Haddad-11267003-ang-E0006.000.1959                 30 2.01000E+01 1.47000E+02
n-C000-MT002-Hansen-12935003-ang-E0014.600.1985                 15 9.96299E+00 1.60709E+02
n-C000-MT002-Hjort-13510002-ang-E0065.000.1994                  27 7.49999E+00 4.52000E+01
n-C000-MT002-Hollandsworth-10319003-ang-E0007.550.1975           6 2.69994E+00 1.41000E+01
n-C000-MT002-Hollandsworth-10319003-ang-E0007.550A001.1975       6 2.69994E+00 1.41000E+01
n-C000-MT002-Hosoe-20286002-ang-E0002.850.1959                  56 2.50000E+01 1.49800E+02
n-C000-MT002-Jennings-11312002-ang-E0004.400.1955                1 9.00000E+01 9.00000E+01
n-C000-MT002-Khaletskii-40711002-ang-E0014.800.1957             16 1.00000E+01 9.60000E+01
n-C000-MT002-Knox-10509002-ang-E0002.630.1973                    8 1.70000E+01 1.18000E+02
n-C000-MT002-Knox-10509002-ang-E0002.630A001.1973                8 1.70000E+01 1.18000E+02
n-C000-MT002-Kuijper-20223002-ang-E0014.760.1972                 6 2.29000E+01 6.19000E+01
n-C000-MT002-Lane-10394002-ang-E0000.500.1969                  243 2.00000E+01 1.50000E+02
n-C000-MT002-Lane-10415008-ang-E0001.958.1961                  256 2.33000E+01 1.44200E+02
n-C000-MT002-Langsdorfjr-11224007-ang-E0000.030.1957           175 2.70000E+01 1.41800E+02
n-C000-MT002-Langsdorfjr-11224008-ang-E0000.060.1957           195 2.70000E+01 1.41800E+02
n-C000-MT002-Littlejr-11313002-ang-E0002.700.1955                9 3.84000E+01 1.20600E+02
n-C000-MT002-Mcdaniel-10189002-ang-E0007.480.1972               13 3.00000E+01 1.50000E+02
n-C000-MT002-Mcdaniel-10189002-ang-E0007.480A001.1972           13 3.00000E+01 1.50000E+02
n-C000-MT002-Meigooni-12944002-ang-E0020.800.1985               30 1.20000E+01 1.60200E+02
n-C000-MT002-Meigooni-12944002-ang-E0022.000.1985               40 1.20000E+01 1.60500E+02
n-C000-MT002-Meigooni-12944002-ang-E0024.000.1985               38 1.20000E+01 1.59100E+02
n-C000-MT002-Meigooni-12944002-ang-E0026.000.1985               27 1.21000E+01 1.55700E+02
n-C000-MT002-Muehlhause-11316002-ang-E0001.660.1956             10 4.00000E+01 1.31600E+02
n-C000-MT002-Nakada-11228005-ang-E0014.000.1958                 20 1.88000E+01 1.41200E+02
n-C000-MT002-Nakada-11228005-ang-E0014.000A001.1958             20 1.88000E+01 1.41200E+02
n-C000-MT002-Perey-10027002-ang-E0004.600.1969                 265 3.00000E+01 1.32000E+02
n-C000-MT002-Perey-10609002-ang-E0005.220.1978                 670 1.25000E+01 1.37000E+02
n-C000-MT002-Pirovano-23365002-ang-E0002.002.2019             1120 1.61987E+01 1.63801E+02
n-C000-MT002-Smith-10474002-ang-E0001.502.1979                 438 2.02000E+01 1.59300E+02
n-C000-MT002-Spaargaren-20220002-ang-E0015.000.1971             12 2.50000E+01 1.35000E+02
n-C000-MT002-Strizhak-40793002-ang-E0014.000.1961               13 1.99988E+01 1.39996E+02
n-C000-MT002-Vanzyl-21374006-ang-E0136.000.1956                 13 0.00000E+00 1.76000E+01
n-C000-MT002-Velkley-10321002-ang-E0007.200.1973               106 3.00000E+01 1.50000E+02
n-C000-MT002-Walt-11215009-ang-E0004.100.1955                    8 1.40000E+01 1.04400E+02
n-C000-MT002-Walt-11215009-ang-E0004.100A001.1955                8 1.40000E+01 1.04400E+02
n-C000-MT002-Western-12069004-ang-E0014.700.1966                19 2.04000E+01 1.40000E+02
n-C000-MT002-Willard-11214010-ang-E0000.550.1955                 8 2.99000E+01 1.33400E+02
n-C000-MT002-Willard-11214010-ang-E0000.550A001.1955             8 2.99000E+01 1.33400E+02
n-C000-MT002-Willard-11214010-ang-E0001.000.1955                 8 2.35000E+01 1.33400E+02
n-C000-MT002-Willard-11214010-ang-E0001.000A001.1955             8 2.35000E+01 1.33400E+02
n-C000-MT002-Willard-11214010-ang-E0001.500.1955                 9 2.35000E+01 1.33400E+02
n-C000-MT002-Willard-11214010-ang-E0001.500A001.1955             9 2.35000E+01 1.33400E+02
n-C000-MT002-Willsjr-11319002-ang-E0001.450.1958               106 3.59000E+01 1.40000E+02
n-C000-MT002-Winfield-12871003-ang-E0040.300.1986               16 1.51000E+01 9.02000E+01
