#              Filename                                         N    min         max
a-O018-MT651-Kadota-E1378085-E0064.400.1986                     14 1.09000E+01 5.83000E+01
a-O018-MT651-Kadota-E1378086-E0064.400.1986                     11 1.10000E+01 4.10000E+01
a-O018-MT651-Kadota-E1378087-E0064.400.1986                     11 1.05000E+01 4.07000E+01
a-O018-MT651-Kadota-E1378088-E0064.400.1986                      6 1.07000E+01 3.85000E+01
a-O018-MT651-Kadota-E1378089-E0064.400.1986                     21 1.05000E+01 7.90000E+01
a-O018-MT651-Kadota-E1378090-E0064.400.1986                     21 1.11000E+01 7.87000E+01
a-O018-MT651-Kadota-E1378091-E0064.400.1986                     21 1.07000E+01 7.87000E+01
a-O018-MT651-Kadota-E1378092-E0064.400.1986                     14 1.04000E+01 5.87000E+01
a-O018-MT651-Kadota-E1378093-E0064.400.1986                     18 1.03000E+01 6.34000E+01
a-O018-MT651-Kadota-E1378094-E0064.400.1986                      7 1.09000E+01 3.36000E+01
a-O018-MT651-Kadota-E1378095-E0064.400.1986                     14 1.11000E+01 6.43000E+01
a-O018-MT651-Kadota-E1378096-E0064.400.1986                      7 1.12000E+01 4.12000E+01
a-O018-MT651-Kadota-E1378097-E0064.400.1986                     10 1.11000E+01 4.11000E+01
a-O018-MT651-Kadota-E1378098-E0064.400.1986                     20 1.08000E+01 7.41000E+01
a-O018-MT651-Kadota-E1378099-E0064.400.1986                     21 1.10000E+01 7.93000E+01
a-O018-MT651-Kadota-E1378100-E0064.400.1986                     21 1.11000E+01 7.91000E+01
a-O018-MT651-Kadota-E1378101-E0064.400.1986                     17 1.09000E+01 5.91000E+01
a-O018-MT651-Kadota-E1378102-E0064.400.1986                     10 1.16000E+01 5.40000E+01
a-O018-MT651-Kadota-E1378103-E0064.400.1986                     21 1.09000E+01 7.92000E+01
a-O018-MT651-Kadota-E1378104-E0064.400.1986                     20 1.07000E+01 7.45000E+01
a-O018-MT651-Kadota-E1378105-E0064.400.1986                     12 1.10000E+01 6.92000E+01
a-O018-MT651-Kadota-E1378106-E0064.400.1986                     19 1.07000E+01 6.92000E+01
a-O018-MT651-Kadota-E1378107-E0064.400.1986                     17 1.12000E+01 5.92000E+01
a-O018-MT651-Kadota-E1378108-E0064.400.1986                     15 1.11000E+01 6.43000E+01
a-O018-MT651-Kadota-E1378109-E0064.400.1986                     12 1.08000E+01 4.14000E+01
a-O018-MT651-Kadota-E1378110-E0064.400.1986                      9 1.13000E+01 3.41000E+01
