#              Filename                                         N    min         max     
n-U233-MT454-Flynn-10517002-E2.53E-08.1975                       3 2.53000E-08 2.53000E-08
n-U233-MT454-Flynn-10517002-E2.53E-08A001.1975                   3 2.53000E-08 2.53000E-08
n-U233-MT454-Kennett-13393003-E2.53E-08.1956                     2 2.53000E-08 2.53000E-08
n-U233-MT454-Imanishi-20589002-E2.53E-08.1976                   11 2.53000E-08 2.53000E-08
n-U233-MT454-Fujiwara-20848002-E2.53E-08.1982                    8 2.53000E-08 2.53000E-08
n-U233-MT454-Fujiwara-20848005-E2.53E-08.1982                    3 2.53000E-08 2.53000E-08
n-U233-MT454-Fujiwara-20848008-E2.53E-08.1982                    3 2.53000E-08 2.53000E-08
n-U233-MT454-Kaiser-21218002-E2.53E-08.1978                      2 2.53000E-08 2.53000E-08
n-U233-MT454-Aumann-21532002-E2.53E-08.1977                      3 2.53000E-08 2.53000E-08
n-U233-MT454-Brissot-21550005-E2.53E-08.1975                    13 2.53000E-08 2.53000E-08
n-U233-MT454-Brissot-21550009-E2.53E-08.1975                     7 2.53000E-08 2.53000E-08
n-U233-MT454-Zwicky-21706002-E2.53E-08.1980                      2 2.53000E-08 2.53000E-08
n-U233-MT454-Bocquet-217340042-E0014.500.1972                    6 1.45000E+01 1.45000E+01
n-U233-MT454-Bocquet-217340052-E0014.500.1972                    4 1.45000E+01 1.45000E+01
n-U233-MT454-Bocquet-21734027-E0014.500.1972                     2 1.45000E+01 1.45000E+01
n-U233-MT454-Galy-22798022-E0001.220.2000                        6 1.22000E+00 1.22000E+00
n-U233-MT454-Lee-30949003-E2.53E-08.1968                         2 2.53000E-08 2.53000E-08
n-U233-MT454-Naik-33030003-E2.50E-08.1993                        1 1.00000E+20 0.00000E+00
n-U233-MT454-Sergachev-401060051-E0000.450.1973                 42 4.50000E-01 4.50000E-01
n-U233-MT454-Sergachev-401060061-E0001.040.1973                 42 1.04000E+00 1.04000E+00
n-U233-MT454-Sergachev-401060071-E0001.450.1973                 42 1.45000E+00 1.45000E+00
n-U233-MT454-Sergachev-401060081-E0001.940.1973                 41 1.94000E+00 1.94000E+00
n-U233-MT454-Sergachev-401060091-E0002.540.1973                 42 2.54000E+00 2.54000E+00
n-U233-MT454-Sergachev-401060101-E0003.150.1973                 42 3.15000E+00 3.15000E+00
n-U233-MT454-Sergachev-401060111-E0003.970.1973                 42 3.97000E+00 3.97000E+00
n-U233-MT454-Sergachev-401060121-E0004.580.1973                 42 4.58000E+00 4.58000E+00
n-U233-MT454-Sergachev-401060131-E0005.420.1973                 42 5.42000E+00 5.42000E+00
n-U233-MT454-Aleksandrov-41496006-E2.53E-08.1994                17 2.53000E-08 2.53000E-08
