#              Filename                                         N    min         max
n-Cr053-MT151-Bartholomew-12629002.1965                          1-1.00000E-06 0.00000E+00
n-Cr053-MT151-Beer-203740091.1975                               31 8.18000E-03 2.46000E-01
n-Cr053-MT151-Beer-203740092.1975                               31 8.18000E-03 2.46000E-01
n-Cr053-MT151-Beer-203740093.1975                               10 8.18000E-03 1.07400E-01
n-Cr053-MT151-Beer-203740094.1975                               31 8.18000E-03 2.46000E-01
n-Cr053-MT151-Beer-203740101.1975                               26 1.21200E-02 1.05500E-01
n-Cr053-MT151-Beer-20374042.1975                                 1 5.00000E-02 5.00000E-02
n-Cr053-MT151-Brusegan-220410081.1986                           66 4.21000E-03 1.99700E-01
n-Cr053-MT151-Brusegan-220410082.1986                           66 4.21000E-03 1.99700E-01
n-Cr053-MT151-Brusegan-220410091.1986                           46 4.21000E-03 1.99700E-01
n-Cr053-MT151-Brusegan-220410092.1986                           46 4.21000E-03 1.99700E-01
n-Cr053-MT151-Brusegan-220410101.1986                          109 4.21000E-03 1.99700E-01
n-Cr053-MT151-Brusegan-220410132.1986                            1 2.00000E-01 2.00000E-01
n-Cr053-MT151-Cote-11641012.1958                                 1 1.00000E-02 1.00000E-02
n-Cr053-MT151-Good-116260051.1966                               10 3.60000E-03 2.88000E-02
n-Cr053-MT151-Good-116260053.1966                               10 3.60000E-03 2.88000E-02
n-Cr053-MT151-Good-11626013.1966                                 1 2.15000E-02 2.15000E-02
n-Cr053-MT151-Hibdon-11674004.1957                               1 6.90000E-02 6.90000E-02
n-Cr053-MT151-Mueller-20155013.1971                             30 1.95300E-02 2.46000E-01
n-Cr053-MT151-Mueller-20155017.1971                             30 1.95300E-02 2.46000E-01
n-Cr053-MT151-Mueller-20155018.1971                              2 6.90000E-02 1.34000E-01
n-Cr053-MT151-Mueller-20155019.1971                              4 6.90000E-02 1.34000E-01
n-Cr053-MT151-Stieglitz-100740121.1971                          15 4.18500E-03 1.76000E-01
n-Cr053-MT151-Stieglitz-100740121A001.1971                      15 4.18500E-03 1.76000E-01
n-Cr053-MT151-Stieglitz-100740122.1971                          15 4.18500E-03 1.76000E-01
n-Cr053-MT151-Stieglitz-100740122A001.1971                      15 4.18500E-03 1.76000E-01
n-Cr053-MT151-Stieglitz-100740123.1971                           9 4.18500E-03 6.61000E-02
n-Cr053-MT151-Stieglitz-100740123A001.1971                       9 4.18500E-03 6.61000E-02
n-Cr053-MT151-Stieglitz-100740124.1971                          15 4.18500E-03 1.76000E-01
n-Cr053-MT151-Stieglitz-100740124A001.1971                      15 4.18500E-03 1.76000E-01
n-Cr053-MT151-Stieglitz-100740161.1971                          24 1.21000E-02 1.76000E-01
n-Cr053-MT151-Stieglitz-100740161A001.1971                      24 1.21000E-02 1.76000E-01
n-Cr053-MT151-Stieglitz-10074032.1971                            1 4.75000E-02 4.75000E-02
n-Cr053-MT151-Stieglitz-10074032A001.1971                        1 4.75000E-02 4.75000E-02
n-Cr053-MT151-Stieglitz-10074038.1971                            1 3.35000E-02 3.35000E-02
n-Cr053-MT151-Stieglitz-10074038A001.1971                        1 3.35000E-02 3.35000E-02
