#              Filename                                         N    min         max
d-C012-MT601-Csedreki-D4300007-E0000.820.2014                  115 1.35000E+02 1.35000E+02
d-C012-MT601-Gerke-F1090004-E0002.601.1966                       1 3.00000E+01 9.00000E+01
d-C012-MT601-Gerke-F1090004-E0002.603.1966                       1 3.00000E+01 9.00000E+01
d-C012-MT601-Gerke-F1090004-E0002.619.1966                       1 3.00000E+01 9.00000E+01
d-C012-MT601-Gerke-F1090004-E0002.624.1966                       1 3.00000E+01 9.00000E+01
d-C012-MT601-Gerke-F1090004-E0002.639.1966                       1 3.00000E+01 9.00000E+01
d-C012-MT601-Gerke-F1090004-E0002.644.1966                       1 3.00000E+01 9.00000E+01
d-C012-MT601-Gerke-F1090004-E0002.661.1966                       1 3.00000E+01 9.00000E+01
d-C012-MT601-Gerke-F1090004-E0002.664.1966                       1 3.00000E+01 9.00000E+01
d-C012-MT601-Gerke-F1090004-E0002.681.1966                       1 3.00000E+01 9.00000E+01
d-C012-MT601-Gerke-F1090004-E0002.684.1966                       1 3.00000E+01 9.00000E+01
d-C012-MT601-Gerke-F1090004-E0002.703.1966                       1 3.00000E+01 9.00000E+01
d-C012-MT601-Gerke-F1090004-E0002.704.1966                       1 3.00000E+01 9.00000E+01
d-C012-MT601-Gerke-F1090004-E0002.712.1966                       1 3.00000E+01 9.00000E+01
d-C012-MT601-Gerke-F1090004-E0002.715.1966                       1 3.00000E+01 9.00000E+01
d-C012-MT601-Gerke-F1090004-E0002.721.1966                       1 3.00000E+01 9.00000E+01
d-C012-MT601-Gerke-F1090004-E0002.724.1966                       1 3.00000E+01 9.00000E+01
d-C012-MT601-Gerke-F1090004-E0002.730.1966                       1 3.00000E+01 9.00000E+01
d-C012-MT601-Gerke-F1090004-E0002.733.1966                       1 3.00000E+01 9.00000E+01
d-C012-MT601-Gerke-F1090004-E0002.743.1966                       1 3.00000E+01 9.00000E+01
d-C012-MT601-Gerke-F1090004-E0002.744.1966                       1 9.00000E+01 9.00000E+01
d-C012-MT601-Gmur-F1153003-E0002.260.1974                       15 1.30000E+01 1.54100E+02
d-C012-MT601-HuangBingyinn-C0201014-E0003.700.1974              18 2.07000E+01 1.51100E+02
d-C012-MT601-Kashy-C1007004-E0000.485.1960                      51 8.05000E+01 8.05000E+01
d-C012-MT601-Kashy-C1007005-E0000.920.1960                      17 2.47000E+01 1.66400E+02
d-C012-MT601-Kashy-C1007005-E0001.190.1960                      17 1.57000E+01 1.65800E+02
d-C012-MT601-Kashy-C1007005-E0001.310.1960                      19 1.57000E+01 1.66200E+02
d-C012-MT601-Kashy-C1007005-E0001.620.1960                      17 2.40000E+01 1.65600E+02
d-C012-MT601-Kashy-C1007005-E0001.760.1960                      17 2.40000E+01 1.65200E+02
d-C012-MT601-Katman-T0226003-E0002.044.1966                   1083 6.50000E+01 6.50000E+01
d-C012-MT601-Katman-T0226004-E0002.100.1966                     24 3.19000E+01 1.52600E+02
d-C012-MT601-Katman-T0226004-E0002.200.1966                     25 2.17000E+01 1.51700E+02
d-C012-MT601-Katman-T0226004-E0002.350.1966                     21 2.17000E+01 1.17900E+02
d-C012-MT601-Katman-T0226004-E0002.500.1966                     24 2.16000E+01 1.26900E+02
d-C012-MT601-Katman-T0226004-E0002.620.1966                     22 2.16000E+01 1.12700E+02
d-C012-MT601-Katman-T0226004-E0002.710.1966                     19 2.14000E+01 1.18400E+02
d-C012-MT601-Katman-T0226004-E0002.890.1966                     21 2.09000E+01 1.07400E+02
d-C012-MT601-Kokkoris-D0398002-E0000.897.2007                  268 1.45000E+02 1.70000E+02
d-C012-MT601-MaoZhenlinn-S0003020-E0005.030.1972                20 1.54000E+01 1.65400E+02
d-C012-MT601-Mcellistrem-C0993005-E0002.736.1956                17 1.70000E+01 1.68500E+02
d-C012-MT601-Mcellistrem-C0993005-E0002.889.1956                17 1.70000E+01 1.70000E+01
d-C012-MT601-Mcellistrem-C0993007-E0002.429.1956               464 5.35000E+01 5.35000E+01
d-C012-MT601-Mcellistrem-C0993008-E0002.216.1956                54 8.98000E+01 8.98000E+01
d-C012-MT601-Morita-E2214006-E0014.900.1960                     14 1.98000E+01 1.13600E+02
d-C012-MT601-Morita-E2214007-E0016.600.1960                     16 1.48000E+01 1.28500E+02
d-C012-MT601-Morita-E2214008-E0018.100.1960                     17 3.08000E+01 1.50200E+02
d-C012-MT601-Morita-E2214009-E0019.600.1960                     18 3.03000E+01 1.55200E+02
d-C012-MT601-Morita-E2214010-E0014.900.1960                     12 2.06000E+01 1.05900E+02
d-C012-MT601-Morita-E2214011-E0016.600.1960                     16 1.57000E+01 1.28800E+02
d-C012-MT601-Morita-E2214012-E0018.100.1960                     19 1.60000E+01 1.50200E+02
d-C012-MT601-Morita-E2214013-E0019.600.1960                     18 3.06000E+01 1.54900E+02
d-C012-MT601-Ohnuma-E1694002-E0030.000.1986                     21 7.99998E+00 7.54000E+01
d-C012-MT601-Ohnuma-E1694010-E0030.000.1986                     21 7.19999E+00 7.53000E+01
d-C012-MT601-Osman-F1080002-E0001.580.1979                      11 5.75000E+01 1.66500E+02
d-C012-MT601-Osman-F1080003-E0001.680.1979                      11 5.25000E+01 1.64900E+02
d-C012-MT601-Osman-F1080003-E0001.850.1979                      12 3.21000E+01 1.66900E+02
d-C012-MT601-Osman-F1080003-E0002.020.1979                      12 3.21000E+01 1.58900E+02
d-C012-MT601-Osman-F1080003-E0002.200.1979                       3 5.25000E+01 7.36000E+01
d-C012-MT601-Poore-F0334002-E0000.900.1967                      23 2.37000E+01 1.53400E+02
d-C012-MT601-Poore-F0334002-E0001.070.1967                      26 1.89000E+01 1.66100E+02
d-C012-MT601-Poore-F0334002-E0001.320.1967                      31 1.89000E+01 1.67100E+02
d-C012-MT601-Poore-F0334002-E0001.370.1967                      28 1.94000E+01 1.65400E+02
d-C012-MT601-Poore-F0334002-E0001.452.1967                      29 1.76000E+01 1.66200E+02
d-C012-MT601-Poore-F0334002-E0001.490.1967                      31 1.58000E+01 1.66200E+02
d-C012-MT601-Poore-F0334002-E0001.690.1967                      32 1.52000E+01 1.66600E+02
d-C012-MT601-Poore-F0334002-E0001.760.1967                      33 1.39000E+01 1.66800E+02
d-C012-MT601-Poore-F0334002-E0001.809.1967                      31 1.39000E+01 1.64800E+02
d-C012-MT601-Poore-F0334002-E0001.890.1967                      32 1.48000E+01 1.66300E+02
d-C012-MT601-Poore-F0334002-E0002.088.1967                      32 1.48000E+01 1.65500E+02
