#              Filename                                         N    min         max
n-Ti000-MT002-Adam-20481002-ang-E0000.580.1970                 131 2.00004E+01 1.49999E+02
n-Ti000-MT002-Becker-11511005-ang-E0003.200.1966                13 2.03970E+01 1.40796E+02
n-Ti000-MT002-Cox-10332002-ang-E0000.894.1972                    8 2.10000E+01 1.57000E+02
n-Ti000-MT002-Cox-10332002-ang-E0000.894A001.1972                8 2.10000E+01 1.57000E+02
n-Ti000-MT002-Darden-11638002-ang-E0000.500.1955                 1 7.99998E+00 3.00000E+01
n-Ti000-MT002-Darden-11638002-ang-E0001.000.1955                 5 7.99998E+00 3.00000E+01
n-Ti000-MT002-Darden-11638002-ang-E0001.550.1955                 2 1.40000E+01 3.00000E+01
n-Ti000-MT002-Fujita-21722035-ang-E0014.100.1972                 1 1.10000E+02 1.10000E+02
n-Ti000-MT002-Guenther-10669003-ang-E0001.500.1978             384 2.52200E+01 1.59700E+02
n-Ti000-MT002-Kazakova-40706030-ang-E0002.000.1965               8 2.00000E+01 1.60000E+02
n-Ti000-MT002-Kinney-10285002-ang-E0004.070.1973                 3 1.00000E+01 8.50000E+01
n-Ti000-MT002-Kinney-10285002-ang-E0004.070A001.1973             3 1.00000E+01 8.50000E+01
n-Ti000-MT002-Kinney-10285002-ang-E0004.340.1973                21 1.00000E+01 1.36500E+02
n-Ti000-MT002-Kinney-10285002-ang-E0004.340A001.1973            21 1.00000E+01 1.36500E+02
n-Ti000-MT002-Kinney-10285002-ang-E0004.650.1973                 3 1.50000E+01 8.50000E+01
n-Ti000-MT002-Kinney-10285002-ang-E0004.650A001.1973             3 1.50000E+01 8.50000E+01
n-Ti000-MT002-Kinney-10285002-ang-E0004.920.1973                 3 1.50000E+01 1.36500E+02
n-Ti000-MT002-Korzh-40042014-ang-E0001.500.1968                  8 2.99467E+01 1.40993E+02
n-Ti000-MT002-Korzh-40532002-ang-E0001.500.1977                  8 2.00000E+01 1.50000E+02
n-Ti000-MT002-Korzh-40532002-ang-E0002.000.1977                  8 2.00000E+01 1.50000E+02
n-Ti000-MT002-Korzh-40767003-ang-E0000.300.1966                 16 3.00029E+01 1.39996E+02
n-Ti000-MT002-Leshchenko-40088002-ang-E0014.000.1972            12 2.00000E+01 1.30000E+02
n-Ti000-MT002-Lovchikova-40230005-ang-E0000.900.1963             5 2.95425E+01 1.50447E+02
n-Ti000-MT002-MaGongguii-30762003-ang-E0014.200.1988             7 3.99998E+00 2.50000E+01
n-Ti000-MT002-Pierre-11486011-ang-E0013.950.1959                18 1.08000E+01 1.37700E+02
n-Ti000-MT002-Smith-13689002-ang-E0004.500.1998                480 1.76600E+01 1.56000E+02
n-Ti000-MT002-Takahashi-22186081-ang-E0014.100.1992             15 1.50000E+01 1.60000E+02
n-Ti000-MT002-Tsukada-22531002-ang-E0003.440.1961                5 9.00000E+01 9.00000E+01
n-Ti000-MT002-Walt-11215017-ang-E0004.100.1955                  11 1.40000E+01 1.48200E+02
n-Ti000-MT002-Walt-11215017-ang-E0004.100A001.1955              11 1.40000E+01 1.48200E+02
n-Ti000-MT002-Walt-11637004-ang-E0001.000.1954                   9 3.01000E+01 1.49400E+02
