#              Filename                                         N    min         max
n-Ni062-MT151-Axmann-22599003.1972                               1 4.60000E-03 4.60000E-03
n-Ni062-MT151-Axmann-225990041.1972                              1 4.56900E-03 4.56900E-03
n-Ni062-MT151-Axmann-225990042.1972                              1 4.56900E-03 4.56900E-03
n-Ni062-MT151-Beer-203740181.1975                               10 4.28700E-02 2.81100E-01
n-Ni062-MT151-Beer-203740182.1975                                9 4.28700E-02 2.81100E-01
n-Ni062-MT151-Beer-203740183.1975                                3 4.28700E-02 1.05600E-01
n-Ni062-MT151-Beer-203740191.1975                               23 8.91000E-03 1.60500E-01
n-Ni062-MT151-Beer-203740192.1975                                1 5.69100E-02 5.69100E-02
n-Ni062-MT151-Beer-203740194.1975                                1 5.69100E-02 5.69100E-02
n-Ni062-MT151-Beer-20374038.1975                                 1 0.00000E+00 0.00000E+00
n-Ni062-MT151-Beer-20374045.1975                                 1 8.35000E-02 8.35000E-02
n-Ni062-MT151-Farrell-116010221.1966                            31 6.00000E-03 5.90500E-01
n-Ni062-MT151-Farrell-116010222.1966                            28 9.35000E-02 5.90500E-01
n-Ni062-MT151-Farrell-116010223.1966                            28 9.35000E-02 5.90500E-01
n-Ni062-MT151-Farrell-116010301.1966                            27 1.37500E-01 5.99500E-01
n-Ni062-MT151-Farrell-116010302.1966                             4 4.93500E-01 5.99500E-01
n-Ni062-MT151-Garg-101720131.1971                                5 4.54000E-03 1.48500E-01
n-Ni062-MT151-Garg-101720131A001.1971                            5 4.54000E-03 1.48500E-01
n-Ni062-MT151-Garg-101720132.1971                                5 4.54000E-03 1.48500E-01
n-Ni062-MT151-Garg-101720132A001.1971                            5 4.54000E-03 1.48500E-01
n-Ni062-MT151-Garg-101720133.1971                                5 4.54000E-03 1.48500E-01
n-Ni062-MT151-Garg-101720133A001.1971                            5 4.54000E-03 1.48500E-01
n-Ni062-MT151-Garg-101720134.1971                                5 4.54000E-03 1.48500E-01
n-Ni062-MT151-Garg-101720134A001.1971                            5 4.54000E-03 1.48500E-01
n-Ni062-MT151-Garg-101720171.1971                                1 7.65200E-02 7.65200E-02
n-Ni062-MT151-Garg-101720171A001.1971                            1 7.65200E-02 7.65200E-02
n-Ni062-MT151-Hockenbury-100010121.1969                          2 2.34000E-03 4.60000E-03
n-Ni062-MT151-Hockenbury-100010121A001.1969                      2 2.34000E-03 4.60000E-03
n-Ni062-MT151-Hockenbury-100010122.1969                          1 4.60000E-03 4.60000E-03
n-Ni062-MT151-Hockenbury-100010122A001.1969                      1 4.60000E-03 4.60000E-03
n-Ni062-MT151-Lederer-231950061.2014                            42 2.12860E-03 1.87175E-01
n-Ni062-MT151-Litvinskij-410880131.1990                          1 4.60700E-03 4.60700E-03
n-Ni062-MT151-Litvinskij-410880132.1990                          1 4.60700E-03 4.60700E-03
n-Ni062-MT151-Pawlicki-117730031.1953                            1 3.90000E-03 3.90000E-03
