#              Filename                                         N    min         max
t-H002-MT002-Kaoua-A1197003-ang-E0000.608.1979                   1 7.40000E+01 1.00000E+02
t-H002-MT002-Kaoua-A1197003-ang-E0000.641.1979                   1 9.40000E+01 1.00000E+02
t-H002-MT002-Kaoua-A1197003-ang-E0000.648.1979                   1 7.40000E+01 9.40000E+01
t-H002-MT002-Kaoua-A1197003-ang-E0000.705.1979                   1 7.40000E+01 1.34000E+02
t-H002-MT002-Kaoua-A1197003-ang-E0000.717.1979                   1 1.00000E+02 1.34000E+02
t-H002-MT002-Kaoua-A1197003-ang-E0000.733.1979                   1 1.00000E+02 1.14000E+02
t-H002-MT002-Kaoua-A1197003-ang-E0000.735.1979                   1 9.40000E+01 1.14000E+02
t-H002-MT002-Kaoua-A1197003-ang-E0000.752.1979                   1 7.40000E+01 9.40000E+01
t-H002-MT002-Kaoua-A1197003-ang-E0000.802.1979                   1 7.40000E+01 1.34000E+02
t-H002-MT002-Kaoua-A1197003-ang-E0000.814.1979                   1 5.40000E+01 1.34000E+02
t-H002-MT002-Kaoua-A1197003-ang-E0000.832.1979                   1 5.40000E+01 1.14000E+02
t-H002-MT002-Kaoua-A1197003-ang-E0000.833.1979                   1 5.88800E+01 1.14000E+02
t-H002-MT002-Kaoua-A1197003-ang-E0000.838.1979                   1 5.88800E+01 1.00000E+02
t-H002-MT002-Kaoua-A1197003-ang-E0000.843.1979                   1 9.40000E+01 1.00000E+02
t-H002-MT002-Kaoua-A1197003-ang-E0000.856.1979                   1 7.40000E+01 9.40000E+01
t-H002-MT002-Kaoua-A1197003-ang-E0000.905.1979                   1 7.40000E+01 1.34000E+02
t-H002-MT002-Kaoua-A1197003-ang-E0000.911.1979                   1 5.88800E+01 1.34000E+02
t-H002-MT002-Kaoua-A1197003-ang-E0000.923.1979                   1 5.88800E+01 1.14000E+02
t-H002-MT002-Kaoua-A1197003-ang-E0000.930.1979                   1 5.40000E+01 1.14000E+02
t-H002-MT002-Kaoua-A1197003-ang-E0000.936.1979                   1 5.40000E+01 1.00000E+02
t-H002-MT002-Kaoua-A1197003-ang-E0000.937.1979                   1 9.40000E+01 1.00000E+02
t-H002-MT002-Kaoua-A1197003-ang-E0000.954.1979                   1 7.40000E+01 9.40000E+01
t-H002-MT002-Kaoua-A1197003-ang-E0001.008.1979                   1 7.40000E+01 1.34000E+02
t-H002-MT002-Kaoua-A1197003-ang-E0001.009.1979                   1 5.40000E+01 1.34000E+02
t-H002-MT002-Kaoua-A1197003-ang-E0001.034.1979                   1 5.40000E+01 1.14000E+02
t-H002-MT002-Kaoua-A1197003-ang-E0001.034A001.1979               1 1.00000E+02 1.14000E+02
t-H002-MT002-Kaoua-A1197003-ang-E0001.040.1979                   1 9.40000E+01 1.00000E+02
t-H002-MT002-Kaoua-A1197003-ang-E0001.046.1979                   1 7.40000E+01 9.40000E+01
t-H002-MT002-Kaoua-A1197003-ang-E0001.112.1979                   1 5.88800E+01 7.40000E+01
t-H002-MT002-Kaoua-A1197003-ang-E0001.117.1979                   1 5.88800E+01 1.34000E+02
t-H002-MT002-Kaoua-A1197003-ang-E0001.118.1979                   1 5.40000E+01 1.34000E+02
t-H002-MT002-Kaoua-A1197003-ang-E0001.131.1979                   1 5.40000E+01 1.00000E+02
t-H002-MT002-Kaoua-A1197003-ang-E0001.132.1979                   1 1.00000E+02 1.14000E+02
t-H002-MT002-Kaoua-A1197003-ang-E0001.138.1979                   1 9.40000E+01 1.14000E+02
t-H002-MT002-Kaoua-A1197003-ang-E0001.150.1979                   1 7.40000E+01 9.40000E+01
t-H002-MT002-Kaoua-A1197003-ang-E0001.197.1979                   1 5.88800E+01 7.40000E+01
t-H002-MT002-Kaoua-A1197003-ang-E0001.214.1979                   1 5.88800E+01 1.34000E+02
t-H002-MT002-Kaoua-A1197003-ang-E0001.215.1979                   1 1.14000E+02 1.34000E+02
t-H002-MT002-Kaoua-A1197003-ang-E0001.223.1979                   1 5.40000E+01 1.14000E+02
t-H002-MT002-Kaoua-A1197003-ang-E0001.228.1979                   1 5.40000E+01 9.40000E+01
t-H002-MT002-Kaoua-A1197003-ang-E0001.241.1979                   1 9.40000E+01 1.00000E+02
t-H002-MT002-Kaoua-A1197003-ang-E0001.242.1979                   1 7.40000E+01 1.00000E+02
t-H002-MT002-Kaoua-A1197003-ang-E0001.300.1979                   1 5.88800E+01 7.40000E+01
t-H002-MT002-Kaoua-A1197003-ang-E0001.311.1979                   1 5.88800E+01 1.34000E+02
t-H002-MT002-Kaoua-A1197003-ang-E0001.313.1979                   1 1.14000E+02 1.34000E+02
t-H002-MT002-Kaoua-A1197003-ang-E0001.327.1979                   1 5.40000E+01 1.14000E+02
t-H002-MT002-Kaoua-A1197003-ang-E0001.331.1979                   1 5.40000E+01 9.40000E+01
t-H002-MT002-Kaoua-A1197003-ang-E0001.339.1979                   1 9.40000E+01 1.00000E+02
t-H002-MT002-Kaoua-A1197003-ang-E0001.341.1979                   1 7.40000E+01 1.00000E+02
t-H002-MT002-Kaoua-A1197003-ang-E0001.403.1979                   1 7.40000E+01 1.34000E+02
t-H002-MT002-Kaoua-A1197003-ang-E0001.416.1979                   1 5.88800E+01 1.34000E+02
t-H002-MT002-Kaoua-A1197003-ang-E0001.421.1979                   1 5.88800E+01 1.14000E+02
t-H002-MT002-Kaoua-A1197003-ang-E0001.424.1979                   1 5.40000E+01 1.14000E+02
t-H002-MT002-Kaoua-A1197003-ang-E0001.433.1979                   1 5.40000E+01 1.00000E+02
t-H002-MT002-Kaoua-A1197003-ang-E0001.438.1979                   1 9.40000E+01 1.00000E+02
t-H002-MT002-Kaoua-A1197003-ang-E0001.449.1979                   1 7.40000E+01 9.40000E+01
t-H002-MT002-Kaoua-A1197003-ang-E0001.452.1979                   1 7.40000E+01 7.40000E+01
t-H002-MT002-Kaoua-A1197004-ang-E0001.000.1979                  16 2.09000E+01 4.19000E+01
t-H002-MT002-Kaoua-A1197004-ang-E0001.500.1979                  16 2.11000E+01 4.19000E+01
