#              Filename                                         N    min         max
p-Be007-MT002-Angulo-A0495002-ang-E0000.422.2003                 1 1.58100E+02 1.64400E+02
p-Be007-MT002-Angulo-A0495002-ang-E0000.428.2003                 1 1.56100E+02 1.58100E+02
p-Be007-MT002-Angulo-A0495002-ang-E0000.430.2003                 1 1.16200E+02 1.56100E+02
p-Be007-MT002-Angulo-A0495002-ang-E0000.431.2003                 1 1.16200E+02 1.20200E+02
p-Be007-MT002-Angulo-A0495002-ang-E0000.432.2003                 2 1.20200E+02 1.54900E+02
p-Be007-MT002-Angulo-A0495002-ang-E0000.433.2003                 1 1.52800E+02 1.54000E+02
p-Be007-MT002-Angulo-A0495002-ang-E0000.435.2003                 1 1.52800E+02 1.68600E+02
p-Be007-MT002-Angulo-A0495002-ang-E0000.436.2003                 1 1.66500E+02 1.68600E+02
p-Be007-MT002-Angulo-A0495002-ang-E0000.437.2003                 2 1.64400E+02 1.67600E+02
p-Be007-MT002-Angulo-A0495002-ang-E0000.439.2003                 1 1.62300E+02 1.64400E+02
p-Be007-MT002-Angulo-A0495002-ang-E0000.440.2003                 1 1.61100E+02 1.62300E+02
p-Be007-MT002-Angulo-A0495002-ang-E0000.441.2003                 2 1.24300E+02 1.65500E+02
p-Be007-MT002-Angulo-A0495002-ang-E0000.444.2003                 1 1.24300E+02 1.58100E+02
p-Be007-MT002-Angulo-A0495002-ang-E0000.445.2003                 1 1.56100E+02 1.58100E+02
p-Be007-MT002-Angulo-A0495002-ang-E0000.447.2003                 1 1.54900E+02 1.56100E+02
p-Be007-MT002-Angulo-A0495002-ang-E0000.448.2003                 1 1.54000E+02 1.54900E+02
p-Be007-MT002-Angulo-A0495002-ang-E0000.449.2003                 1 1.16200E+02 1.54000E+02
p-Be007-MT002-Angulo-A0495002-ang-E0000.452.2003                 2 1.16200E+02 1.52800E+02
p-Be007-MT002-Angulo-A0495002-ang-E0000.453.2003                 4 1.20200E+02 1.68600E+02
p-Be007-MT002-Angulo-A0495002-ang-E0000.455.2003                 1 1.62300E+02 1.64400E+02
p-Be007-MT002-Angulo-A0495002-ang-E0000.457.2003                 1 1.61100E+02 1.62300E+02
p-Be007-MT002-Angulo-A0495002-ang-E0000.459.2003                 2 1.58100E+02 1.65500E+02
p-Be007-MT002-Angulo-A0495002-ang-E0000.462.2003                 1 1.24300E+02 1.58100E+02
p-Be007-MT002-Angulo-A0495002-ang-E0000.463.2003                 1 1.24300E+02 1.56100E+02
p-Be007-MT002-Angulo-A0495002-ang-E0000.464.2003                 1 1.54900E+02 1.56100E+02
p-Be007-MT002-Angulo-A0495002-ang-E0000.465.2003                 1 1.54000E+02 1.54900E+02
p-Be007-MT002-Angulo-A0495002-ang-E0000.467.2003                 1 1.12600E+02 1.54000E+02
p-Be007-MT002-Angulo-A0495002-ang-E0000.468.2003                 1 1.12600E+02 1.52800E+02
p-Be007-MT002-Angulo-A0495002-ang-E0000.469.2003                 2 1.52800E+02 1.68600E+02
p-Be007-MT002-Angulo-A0495002-ang-E0000.470.2003                 2 1.64400E+02 1.67600E+02
p-Be007-MT002-Angulo-A0495002-ang-E0000.472.2003                 1 1.16200E+02 1.64400E+02
p-Be007-MT002-Angulo-A0495002-ang-E0000.473.2003                 3 1.16200E+02 1.62300E+02
p-Be007-MT002-Angulo-A0495002-ang-E0000.475.2003                 2 1.58100E+02 1.65500E+02
p-Be007-MT002-Angulo-A0495002-ang-E0000.478.2003                 1 1.56100E+02 1.58100E+02
p-Be007-MT002-Angulo-A0495002-ang-E0000.481.2003                 1 1.24300E+02 1.56100E+02
p-Be007-MT002-Angulo-A0495002-ang-E0000.483.2003                 2 1.24300E+02 1.54900E+02
p-Be007-MT002-Angulo-A0495002-ang-E0000.484.2003                 1 1.52800E+02 1.54000E+02
p-Be007-MT002-Angulo-A0495002-ang-E0000.486.2003                 4 1.52800E+02 1.68600E+02
p-Be007-MT002-Angulo-A0495002-ang-E0000.488.2003                 1 1.12600E+02 1.64400E+02
p-Be007-MT002-Angulo-A0495002-ang-E0000.489.2003                 1 1.12600E+02 1.62300E+02
p-Be007-MT002-Angulo-A0495002-ang-E0000.491.2003                 1 1.61100E+02 1.62300E+02
p-Be007-MT002-Angulo-A0495002-ang-E0000.492.2003                 2 1.20200E+02 1.65500E+02
p-Be007-MT002-Angulo-A0495002-ang-E0000.493.2003                 1 1.16200E+02 1.20200E+02
p-Be007-MT002-Angulo-A0495002-ang-E0000.494.2003                 1 1.16200E+02 1.58100E+02
p-Be007-MT002-Angulo-A0495002-ang-E0000.495.2003                 1 1.56100E+02 1.58100E+02
p-Be007-MT002-Angulo-A0495002-ang-E0000.497.2003                 1 1.54900E+02 1.56100E+02
p-Be007-MT002-Angulo-A0495002-ang-E0000.500.2003                 1 1.54000E+02 1.54900E+02
p-Be007-MT002-Angulo-A0495002-ang-E0000.501.2003                 1 1.54000E+02 1.66500E+02
p-Be007-MT002-Angulo-A0495002-ang-E0000.502.2003                 3 1.24300E+02 1.68600E+02
p-Be007-MT002-Angulo-A0495002-ang-E0000.503.2003                 2 1.24300E+02 1.64400E+02
p-Be007-MT002-Angulo-A0495002-ang-E0000.505.2003                 1 1.62300E+02 1.64400E+02
p-Be007-MT002-Angulo-A0495002-ang-E0000.507.2003                 1 1.61100E+02 1.62300E+02
p-Be007-MT002-Angulo-A0495002-ang-E0000.509.2003                 2 1.12600E+02 1.65500E+02
p-Be007-MT002-Angulo-A0495002-ang-E0000.511.2003                 1 1.12600E+02 1.58100E+02
p-Be007-MT002-Angulo-A0495002-ang-E0000.512.2003                 1 1.20200E+02 1.58100E+02
p-Be007-MT002-Angulo-A0495002-ang-E0000.513.2003                 1 1.20200E+02 1.56100E+02
p-Be007-MT002-Angulo-A0495002-ang-E0000.515.2003                 1 1.16200E+02 1.56100E+02
p-Be007-MT002-Angulo-A0495002-ang-E0000.516.2003                 1 1.16200E+02 1.54900E+02
p-Be007-MT002-Angulo-A0495002-ang-E0000.517.2003                 1 1.54900E+02 1.68600E+02
p-Be007-MT002-Angulo-A0495002-ang-E0000.518.2003                 1 1.52800E+02 1.68600E+02
p-Be007-MT002-Angulo-A0495002-ang-E0000.519.2003                 3 1.52800E+02 1.67600E+02
p-Be007-MT002-Angulo-A0495002-ang-E0000.521.2003                 1 1.24300E+02 1.64400E+02
p-Be007-MT002-Angulo-A0495002-ang-E0000.523.2003                 1 1.24300E+02 1.62300E+02
p-Be007-MT002-Angulo-A0495002-ang-E0000.524.2003                 1 1.61100E+02 1.62300E+02
p-Be007-MT002-Angulo-A0495002-ang-E0000.525.2003                 2 1.54000E+02 1.65500E+02
p-Be007-MT002-Angulo-A0495002-ang-E0000.526.2003                 1 1.54000E+02 1.58100E+02
p-Be007-MT002-Angulo-A0495002-ang-E0000.528.2003                 1 1.56100E+02 1.58100E+02
p-Be007-MT002-Angulo-A0495002-ang-E0000.532.2003                 1 1.12600E+02 1.56100E+02
p-Be007-MT002-Angulo-A0495002-ang-E0000.533.2003                 2 1.12600E+02 1.67600E+02
p-Be007-MT002-Angulo-A0495002-ang-E0000.535.2003                 2 1.52800E+02 1.68600E+02
p-Be007-MT002-Angulo-A0495002-ang-E0000.536.2003                 1 1.52800E+02 1.64400E+02
p-Be007-MT002-Angulo-A0495002-ang-E0000.539.2003                 1 1.62300E+02 1.64400E+02
p-Be007-MT002-Angulo-A0495002-ang-E0000.541.2003                 1 1.61100E+02 1.62300E+02
p-Be007-MT002-Angulo-A0495002-ang-E0000.542.2003                 2 1.12600E+02 1.65500E+02
p-Be007-MT002-Angulo-A0495002-ang-E0000.555.2003                 1 1.12600E+02 1.64400E+02
p-Be007-MT002-Angulo-A0495002-ang-E0000.608.2003                 1 1.62300E+02 1.64400E+02
p-Be007-MT002-Angulo-A0495002-ang-E0000.612.2003                 1 1.61100E+02 1.62300E+02
p-Be007-MT002-Angulo-A0495002-ang-E0000.613.2003                 1 1.61100E+02 1.68600E+02
p-Be007-MT002-Angulo-A0495002-ang-E0000.615.2003                 1 1.64400E+02 1.68600E+02
p-Be007-MT002-Angulo-A0495002-ang-E0000.616.2003                 2 1.54000E+02 1.65500E+02
p-Be007-MT002-Angulo-A0495002-ang-E0000.618.2003                 1 1.54000E+02 1.62300E+02
p-Be007-MT002-Angulo-A0495002-ang-E0000.621.2003                 1 1.61100E+02 1.62300E+02
p-Be007-MT002-Angulo-A0495002-ang-E0000.622.2003                 1 1.61100E+02 1.66500E+02
p-Be007-MT002-Angulo-A0495002-ang-E0000.623.2003                 1 1.58100E+02 1.66500E+02
p-Be007-MT002-Angulo-A0495002-ang-E0000.624.2003                 2 1.24300E+02 1.68600E+02
p-Be007-MT002-Angulo-A0495002-ang-E0000.626.2003                 3 1.24300E+02 1.65500E+02
p-Be007-MT002-Angulo-A0495002-ang-E0000.627.2003                 2 1.54000E+02 1.67600E+02
p-Be007-MT002-Angulo-A0495002-ang-E0000.628.2003                 1 1.56100E+02 1.62300E+02
p-Be007-MT002-Angulo-A0495002-ang-E0000.629.2003                 1 1.54900E+02 1.62300E+02
p-Be007-MT002-Angulo-A0495002-ang-E0000.630.2003                 1 1.52800E+02 1.54900E+02
p-Be007-MT002-Angulo-A0495002-ang-E0000.631.2003                 2 1.52800E+02 1.61100E+02
p-Be007-MT002-Angulo-A0495002-ang-E0000.634.2003                 2 1.54000E+02 1.68600E+02
p-Be007-MT002-Angulo-A0495002-ang-E0000.635.2003                 4 1.16200E+02 1.67600E+02
p-Be007-MT002-Angulo-A0495002-ang-E0000.636.2003                 4 1.16200E+02 1.66500E+02
p-Be007-MT002-Angulo-A0495002-ang-E0000.638.2003                 2 1.20200E+02 1.62300E+02
p-Be007-MT002-Angulo-A0495002-ang-E0000.640.2003                 3 1.20200E+02 1.61100E+02
p-Be007-MT002-Angulo-A0495002-ang-E0000.642.2003                 2 1.54000E+02 1.68600E+02
p-Be007-MT002-Angulo-A0495002-ang-E0000.643.2003                 3 1.54000E+02 1.65500E+02
p-Be007-MT002-Angulo-A0495002-ang-E0000.644.2003                 2 1.24300E+02 1.67600E+02
p-Be007-MT002-Angulo-A0495002-ang-E0000.645.2003                 1 1.12600E+02 1.24300E+02
p-Be007-MT002-Angulo-A0495002-ang-E0000.646.2003                 3 1.12600E+02 1.62300E+02
p-Be007-MT002-Angulo-A0495002-ang-E0000.647.2003                 1 1.61100E+02 1.62300E+02
p-Be007-MT002-Angulo-A0495002-ang-E0000.648.2003                 1 1.52800E+02 1.61100E+02
p-Be007-MT002-Angulo-A0495002-ang-E0000.650.2003                 2 1.20200E+02 1.66500E+02
p-Be007-MT002-Angulo-A0495002-ang-E0000.651.2003                 4 1.20200E+02 1.68600E+02
p-Be007-MT002-Angulo-A0495002-ang-E0000.652.2003                 2 1.56100E+02 1.65500E+02
p-Be007-MT002-Angulo-A0495002-ang-E0000.653.2003                 2 1.24300E+02 1.67600E+02
p-Be007-MT002-Angulo-A0495002-ang-E0000.655.2003                 2 1.24300E+02 1.62300E+02
p-Be007-MT002-Angulo-A0495002-ang-E0000.656.2003                 1 1.12600E+02 1.62300E+02
p-Be007-MT002-Angulo-A0495002-ang-E0000.658.2003                 3 1.12600E+02 1.61100E+02
p-Be007-MT002-Angulo-A0495002-ang-E0000.659.2003                 2 1.20200E+02 1.66500E+02
p-Be007-MT002-Angulo-A0495002-ang-E0000.660.2003                 4 1.20200E+02 1.68600E+02
p-Be007-MT002-Angulo-A0495002-ang-E0000.661.2003                 4 1.54900E+02 1.67600E+02
p-Be007-MT002-Angulo-A0495002-ang-E0000.663.2003                 1 1.24300E+02 1.54900E+02
p-Be007-MT002-Angulo-A0495002-ang-E0000.666.2003                 2 1.24300E+02 1.62300E+02
p-Be007-MT002-Angulo-A0495002-ang-E0000.667.2003                 3 1.12600E+02 1.66500E+02
p-Be007-MT002-Angulo-A0495002-ang-E0000.668.2003                 4 1.12600E+02 1.68600E+02
p-Be007-MT002-Angulo-A0495002-ang-E0000.669.2003                 2 1.20200E+02 1.58100E+02
p-Be007-MT002-Angulo-A0495002-ang-E0000.670.2003                 4 1.20200E+02 1.67600E+02
p-Be007-MT002-Angulo-A0495002-ang-E0000.671.2003                 1 1.54900E+02 1.62300E+02
p-Be007-MT002-Angulo-A0495002-ang-E0000.674.2003                 1 1.24300E+02 1.62300E+02
p-Be007-MT002-Angulo-A0495002-ang-E0000.675.2003                 1 1.24300E+02 1.52800E+02
p-Be007-MT002-Angulo-A0495002-ang-E0000.676.2003                 4 1.52800E+02 1.66500E+02
p-Be007-MT002-Angulo-A0495002-ang-E0000.677.2003                 2 1.16200E+02 1.68600E+02
p-Be007-MT002-Angulo-A0495002-ang-E0000.678.2003                 4 1.12600E+02 1.65500E+02
p-Be007-MT002-Angulo-A0495002-ang-E0000.679.2003                 3 1.12600E+02 1.67600E+02
p-Be007-MT002-Angulo-A0495002-ang-E0000.680.2003                 1 1.54900E+02 1.62300E+02
p-Be007-MT002-Angulo-A0495002-ang-E0000.683.2003                 1 1.54000E+02 1.62300E+02
p-Be007-MT002-Angulo-A0495002-ang-E0000.684.2003                 1 1.24300E+02 1.54000E+02
p-Be007-MT002-Angulo-A0495002-ang-E0000.685.2003                 4 1.24300E+02 1.66500E+02
p-Be007-MT002-Angulo-A0495002-ang-E0000.686.2003                 2 1.56100E+02 1.68600E+02
p-Be007-MT002-Angulo-A0495002-ang-E0000.687.2003                 3 1.16200E+02 1.65500E+02
p-Be007-MT002-Angulo-A0495002-ang-E0000.688.2003                 3 1.12600E+02 1.67600E+02
p-Be007-MT002-Angulo-A0495002-ang-E0000.690.2003                 2 1.12600E+02 1.61100E+02
p-Be007-MT002-Angulo-A0495002-ang-E0000.692.2003                 2 1.54000E+02 1.62300E+02
p-Be007-MT002-Angulo-A0495002-ang-E0000.693.2003                 1 1.52800E+02 1.54000E+02
p-Be007-MT002-Angulo-A0495002-ang-E0000.694.2003                 3 1.24300E+02 1.66500E+02
p-Be007-MT002-Angulo-A0495002-ang-E0000.695.2003                 2 1.24300E+02 1.68600E+02
p-Be007-MT002-Angulo-A0495002-ang-E0000.696.2003                 5 1.16200E+02 1.67600E+02
p-Be007-MT002-Angulo-A0495002-ang-E0000.699.2003                 1 1.16200E+02 1.20200E+02
p-Be007-MT002-Angulo-A0495002-ang-E0000.700.2003                 2 1.12600E+02 1.61100E+02
p-Be007-MT002-Angulo-A0495002-ang-E0000.701.2003                 3 1.12600E+02 1.62300E+02
p-Be007-MT002-Angulo-A0495002-ang-E0000.702.2003                 2 1.24300E+02 1.66500E+02
p-Be007-MT002-Angulo-A0495002-ang-E0000.704.2003                 3 1.24300E+02 1.68600E+02
p-Be007-MT002-Angulo-A0495002-ang-E0000.706.2003                 6 1.20200E+02 1.67600E+02
p-Be007-MT002-Angulo-A0495002-ang-E0000.709.2003                 1 1.16200E+02 1.20200E+02
p-Be007-MT002-Angulo-A0495002-ang-E0000.710.2003                 3 1.12600E+02 1.62300E+02
p-Be007-MT002-Angulo-A0495002-ang-E0000.711.2003                 4 1.12600E+02 1.66500E+02
p-Be007-MT002-Angulo-A0495002-ang-E0000.712.2003                 2 1.52800E+02 1.68600E+02
p-Be007-MT002-Angulo-A0495002-ang-E0000.714.2003                 1 1.24300E+02 1.52800E+02
p-Be007-MT002-Angulo-A0495002-ang-E0000.715.2003                 4 1.24300E+02 1.67600E+02
p-Be007-MT002-Angulo-A0495002-ang-E0000.716.2003                 1 1.20200E+02 1.54900E+02
p-Be007-MT002-Angulo-A0495002-ang-E0000.717.2003                 2 1.20200E+02 1.56100E+02
p-Be007-MT002-Angulo-A0495002-ang-E0000.718.2003                 1 1.20200E+02 1.56100E+02
p-Be007-MT002-Angulo-A0495002-ang-E0000.719.2003                 3 1.16200E+02 1.62300E+02
p-Be007-MT002-Angulo-A0495002-ang-E0000.720.2003                 4 1.16200E+02 1.66500E+02
p-Be007-MT002-Angulo-A0495002-ang-E0000.722.2003                 3 1.12600E+02 1.68600E+02
p-Be007-MT002-Angulo-A0495002-ang-E0000.723.2003                 1 1.12600E+02 1.24300E+02
p-Be007-MT002-Angulo-A0495002-ang-E0000.724.2003                 2 1.24300E+02 1.58100E+02
p-Be007-MT002-Angulo-A0495002-ang-E0000.726.2003                 4 1.20200E+02 1.66500E+02
p-Be007-MT002-Angulo-A0495002-ang-E0000.727.2003                 1 1.20200E+02 1.52800E+02
p-Be007-MT002-Angulo-A0495002-ang-E0000.728.2003                 4 1.20200E+02 1.68600E+02
p-Be007-MT002-Angulo-A0495002-ang-E0000.730.2003                 3 1.16200E+02 1.66500E+02
p-Be007-MT002-Angulo-A0495002-ang-E0000.731.2003                 4 1.12600E+02 1.64400E+02
p-Be007-MT002-Angulo-A0495002-ang-E0000.733.2003                 2 1.12600E+02 1.54900E+02
p-Be007-MT002-Angulo-A0495002-ang-E0000.734.2003                 3 1.24300E+02 1.56100E+02
p-Be007-MT002-Angulo-A0495002-ang-E0000.736.2003                 3 1.20200E+02 1.61100E+02
p-Be007-MT002-Angulo-A0495002-ang-E0000.738.2003                 3 1.20200E+02 1.68600E+02
p-Be007-MT002-Angulo-A0495002-ang-E0000.739.2003                 1 1.64400E+02 1.66500E+02
p-Be007-MT002-Angulo-A0495002-ang-E0000.740.2003                 1 1.16200E+02 1.64400E+02
p-Be007-MT002-Angulo-A0495002-ang-E0000.741.2003                 4 1.16200E+02 1.65500E+02
p-Be007-MT002-Angulo-A0495002-ang-E0000.742.2003                 1 1.54000E+02 1.56100E+02
p-Be007-MT002-Angulo-A0495002-ang-E0000.743.2003                 1 1.12600E+02 1.56100E+02
p-Be007-MT002-Angulo-A0495002-ang-E0000.745.2003                 2 1.12600E+02 1.52800E+02
p-Be007-MT002-Angulo-A0495002-ang-E0000.746.2003                 6 1.52800E+02 1.67600E+02
p-Be007-MT002-Angulo-A0495002-ang-E0000.747.2003                 1 1.20200E+02 1.66500E+02
p-Be007-MT002-Angulo-A0495002-ang-E0000.748.2003                 2 1.20200E+02 1.58100E+02
p-Be007-MT002-Angulo-A0495002-ang-E0000.749.2003                 2 1.16200E+02 1.54900E+02
p-Be007-MT002-Angulo-A0495002-ang-E0000.751.2003                 3 1.16200E+02 1.68600E+02
p-Be007-MT002-Angulo-A0495002-ang-E0000.753.2003                 1 1.24300E+02 1.68600E+02
p-Be007-MT002-Angulo-A0495002-ang-E0000.754.2003                 3 1.12600E+02 1.67600E+02
p-Be007-MT002-Angulo-A0495002-ang-E0000.755.2003                 4 1.12600E+02 1.66500E+02
p-Be007-MT002-Angulo-A0495002-ang-E0000.757.2003                 1 1.20200E+02 1.65500E+02
p-Be007-MT002-Angulo-A0495002-ang-E0000.758.2003                 2 1.20200E+02 1.56100E+02
p-Be007-MT002-Angulo-A0495002-ang-E0000.761.2003                 3 1.56100E+02 1.62300E+02
p-Be007-MT002-Angulo-A0495002-ang-E0000.762.2003                 2 1.16200E+02 1.64400E+02
p-Be007-MT002-Angulo-A0495002-ang-E0000.763.2003                 3 1.16200E+02 1.66500E+02
p-Be007-MT002-Angulo-A0495002-ang-E0000.764.2003                 1 1.12600E+02 1.24300E+02
p-Be007-MT002-Angulo-A0495002-ang-E0000.766.2003                 2 1.12600E+02 1.68600E+02
p-Be007-MT002-Angulo-A0495002-ang-E0000.767.2003                 1 1.20200E+02 1.68600E+02
p-Be007-MT002-Angulo-A0495002-ang-E0000.769.2003                 3 1.20200E+02 1.67600E+02
p-Be007-MT002-Angulo-A0495002-ang-E0000.770.2003                 1 1.52800E+02 1.67600E+02
p-Be007-MT002-Angulo-A0495002-ang-E0000.771.2003                 1 1.52800E+02 1.58100E+02
p-Be007-MT002-Angulo-A0495002-ang-E0000.772.2003                 2 1.16200E+02 1.65500E+02
p-Be007-MT002-Angulo-A0495002-ang-E0000.773.2003                 2 1.16200E+02 1.54900E+02
p-Be007-MT002-Angulo-A0495002-ang-E0000.775.2003                 1 1.12600E+02 1.54900E+02
p-Be007-MT002-Angulo-A0495002-ang-E0000.777.2003                 5 1.12600E+02 1.64400E+02
p-Be007-MT002-Angulo-A0495002-ang-E0000.779.2003                 1 1.20200E+02 1.66500E+02
p-Be007-MT002-Angulo-A0495002-ang-E0000.780.2003                 1 1.54000E+02 1.66500E+02
p-Be007-MT002-Angulo-A0495002-ang-E0000.781.2003                 1 1.54000E+02 1.67600E+02
p-Be007-MT002-Angulo-A0495002-ang-E0000.782.2003                 2 1.16200E+02 1.68600E+02
p-Be007-MT002-Angulo-A0495002-ang-E0000.783.2003                 3 1.16200E+02 1.56100E+02
p-Be007-MT002-Angulo-A0495002-ang-E0000.786.2003                 1 1.52800E+02 1.56100E+02
p-Be007-MT002-Angulo-A0495002-ang-E0000.787.2003                 1 1.12600E+02 1.52800E+02
p-Be007-MT002-Angulo-A0495002-ang-E0000.788.2003                 3 1.12600E+02 1.65500E+02
p-Be007-MT002-Angulo-A0495002-ang-E0000.789.2003                 2 1.20200E+02 1.54900E+02
p-Be007-MT002-Angulo-A0495002-ang-E0000.791.2003                 2 1.54900E+02 1.62300E+02
p-Be007-MT002-Angulo-A0495002-ang-E0000.793.2003                 2 1.16200E+02 1.64400E+02
p-Be007-MT002-Angulo-A0495002-ang-E0000.794.2003                 3 1.16200E+02 1.67600E+02
p-Be007-MT002-Angulo-A0495002-ang-E0000.795.2003                 1 1.66500E+02 1.67600E+02
p-Be007-MT002-Angulo-A0495002-ang-E0000.796.2003                 1 1.54000E+02 1.66500E+02
p-Be007-MT002-Angulo-A0495002-ang-E0000.798.2003                 2 1.52800E+02 1.68600E+02
p-Be007-MT002-Angulo-A0495002-ang-E0000.801.2003                 2 1.24300E+02 1.54900E+02
p-Be007-MT002-Angulo-A0495002-ang-E0000.803.2003                 5 1.24300E+02 1.67600E+02
p-Be007-MT002-Angulo-A0495002-ang-E0000.804.2003                 1 1.54000E+02 1.66500E+02
p-Be007-MT002-Angulo-A0495002-ang-E0000.806.2003                 1 1.54000E+02 1.61100E+02
p-Be007-MT002-Angulo-A0495002-ang-E0000.807.2003                 3 1.54900E+02 1.64400E+02
p-Be007-MT002-Angulo-A0495002-ang-E0000.809.2003                 1 1.52800E+02 1.54900E+02
p-Be007-MT002-Angulo-A0495002-ang-E0000.810.2003                 1 1.52800E+02 1.56100E+02
p-Be007-MT002-Angulo-A0495002-ang-E0000.811.2003                 1 1.56100E+02 1.68600E+02
p-Be007-MT002-Angulo-A0495002-ang-E0000.813.2003                 1 1.54000E+02 1.68600E+02
p-Be007-MT002-Angulo-A0495002-ang-E0000.814.2003                 1 1.52800E+02 1.54000E+02
p-Be007-MT002-Angulo-A0495002-ang-E0000.818.2003                 2 1.52800E+02 1.65500E+02
p-Be007-MT002-Angulo-A0495002-ang-E0000.819.2003                 2 1.56100E+02 1.61100E+02
p-Be007-MT002-Angulo-A0495002-ang-E0000.822.2003                 1 1.54000E+02 1.61100E+02
p-Be007-MT002-Angulo-A0495002-ang-E0000.823.2003                 3 1.54000E+02 1.64400E+02
p-Be007-MT002-Goldberg-F1313002-ang-E0001.160.1998             105 1.80000E+02 1.80000E+02
p-Be007-MT002-Mitchell-C1809002-ang-E0001.750.2010              20 1.32000E+02 1.32000E+02
p-Be007-MT002-Mitchell-C1809003-ang-E0001.750.2010              20 1.40000E+02 1.40000E+02
p-Be007-MT002-Mitchell-C1809004-ang-E0001.750.2010              20 1.48000E+02 1.48000E+02
