#              Filename                                         N    min         max
h-B010-MT651-Almqvist-F0423003-E0002.000.1959                    1 9.00000E+01 9.00000E+01
h-B010-MT651-Bell-F0473003-E0011.220.1972                      232 1.50000E+02 1.50000E+02
h-B010-MT651-Bell-F0473004-E0012.090.1972                       48 1.50000E+02 1.50000E+02
h-B010-MT651-Bohne-F0281003-E0011.000.1970                     219 5.30001E+00 1.28400E+02
h-B010-MT651-Forsyth-F0262002-E0005.100.1960                    23 1.09000E+01 1.13200E+02
h-B010-MT651-Forsyth-F0262006-E0005.100.1960                     2 1.62000E+01 1.62000E+01
h-B010-MT651-Hinds-F0261002-E0009.840.1961                      68 6.20005E+00 1.24400E+02
h-B010-MT651-Patterson-F0407002-E0003.410.1965                   1 9.00000E+01 1.50000E+02
h-B010-MT651-Patterson-F0407002-E0003.420.1965                   1 4.50000E+01 1.50000E+02
h-B010-MT651-Patterson-F0407002-E0003.440.1965                   1 4.50000E+01 9.00000E+01
h-B010-MT651-Patterson-F0407002-E0003.530.1965                   1 9.00000E+01 1.50000E+02
h-B010-MT651-Patterson-F0407002-E0003.540.1965                   1 4.50000E+01 1.50000E+02
h-B010-MT651-Patterson-F0407002-E0003.560.1965                   1 4.50000E+01 9.00000E+01
h-B010-MT651-Patterson-F0407002-E0003.610.1965                   1 9.00000E+01 1.50000E+02
h-B010-MT651-Patterson-F0407002-E0003.660.1965                   1 4.50000E+01 1.50000E+02
h-B010-MT651-Patterson-F0407002-E0003.680.1965                   1 4.50000E+01 9.00000E+01
h-B010-MT651-Patterson-F0407002-E0003.730.1965                   1 9.00000E+01 1.50000E+02
h-B010-MT651-Patterson-F0407002-E0003.740.1965                   1 4.50000E+01 1.50000E+02
h-B010-MT651-Patterson-F0407002-E0003.760.1965                   1 4.50000E+01 9.00000E+01
h-B010-MT651-Patterson-F0407002-E0003.810.1965                   1 4.50000E+01 9.00000E+01
h-B010-MT651-Patterson-F0407002-E0003.840.1965                   1 4.50000E+01 1.50000E+02
h-B010-MT651-Patterson-F0407002-E0003.860.1965                   1 9.00000E+01 1.50000E+02
h-B010-MT651-Patterson-F0407002-E0003.930.1965                   1 4.50000E+01 9.00000E+01
h-B010-MT651-Patterson-F0407002-E0003.960.1965                   1 4.50000E+01 1.50000E+02
h-B010-MT651-Patterson-F0407002-E0004.020.1965                   1 9.00000E+01 1.50000E+02
h-B010-MT651-Patterson-F0407002-E0004.050.1965                   1 4.50000E+01 9.00000E+01
h-B010-MT651-Patterson-F0407002-E0004.070.1965                   1 4.50000E+01 9.00000E+01
h-B010-MT651-Patterson-F0407002-E0004.090.1965                   1 9.00000E+01 1.50000E+02
h-B010-MT651-Patterson-F0407002-E0004.100.1965                   1 4.50000E+01 1.50000E+02
h-B010-MT651-Patterson-F0407002-E0004.120.1965                   1 4.50000E+01 1.50000E+02
h-B010-MT651-Patterson-F0407002-E0004.180.1965                   1 9.00000E+01 1.50000E+02
h-B010-MT651-Patterson-F0407002-E0004.210.1965                   1 4.50000E+01 9.00000E+01
h-B010-MT651-Patterson-F0407002-E0004.230.1965                   1 4.50000E+01 1.50000E+02
h-B010-MT651-Patterson-F0407002-E0004.260.1965                   1 9.00000E+01 1.50000E+02
h-B010-MT651-Patterson-F0407002-E0004.290.1965                   1 4.50000E+01 9.00000E+01
h-B010-MT651-Patterson-F0407002-E0004.310.1965                   1 4.50000E+01 1.50000E+02
h-B010-MT651-Patterson-F0407002-E0004.340.1965                   1 9.00000E+01 1.50000E+02
h-B010-MT651-Patterson-F0407002-E0004.400.1965                   1 4.50000E+01 9.00000E+01
h-B010-MT651-Patterson-F0407002-E0004.430.1965                   1 4.50000E+01 1.50000E+02
h-B010-MT651-Patterson-F0407002-E0004.460.1965                   1 9.00000E+01 1.50000E+02
h-B010-MT651-Patterson-F0407002-E0004.530.1965                   1 9.00000E+01 1.50000E+02
h-B010-MT651-Patterson-F0407002-E0004.540.1965                   1 4.50000E+01 1.50000E+02
h-B010-MT651-Patterson-F0407002-E0004.550.1965                   1 4.50000E+01 9.00000E+01
h-B010-MT651-Patterson-F0407002-E0004.610.1965                   1 4.50000E+01 9.00000E+01
h-B010-MT651-Patterson-F0407002-E0004.630.1965                   1 4.50000E+01 1.50000E+02
h-B010-MT651-Patterson-F0407002-E0004.700.1965                   1 4.50000E+01 1.50000E+02
h-B010-MT651-Patterson-F0407002-E0004.710.1965                   1 4.50000E+01 9.00000E+01
h-B010-MT651-Patterson-F0407002-E0004.720.1965                   1 9.00000E+01 1.50000E+02
h-B010-MT651-Patterson-F0407002-E0004.740.1965                   1 9.00000E+01 1.50000E+02
h-B010-MT651-Patterson-F0407002-E0004.840.1965                   1 9.00000E+01 1.50000E+02
h-B010-MT651-Patterson-F0407002-E0004.860.1965                   1 4.50000E+01 1.50000E+02
h-B010-MT651-Patterson-F0407002-E0004.870.1965                   1 4.50000E+01 9.00000E+01
h-B010-MT651-Patterson-F0407002-E0004.880.1965                   1 9.00000E+01 1.50000E+02
h-B010-MT651-Patterson-F0407002-E0004.940.1965                   1 4.50000E+01 1.50000E+02
h-B010-MT651-Patterson-F0407002-E0005.030.1965                   1 4.50000E+01 9.00000E+01
h-B010-MT651-Patterson-F0407002-E0005.040.1965                   1 9.00000E+01 1.50000E+02
h-B010-MT651-Patterson-F0407002-E0005.100.1965                   1 4.50000E+01 1.50000E+02
h-B010-MT651-Patterson-F0407002-E0005.110.1965                   1 4.50000E+01 9.00000E+01
h-B010-MT651-Patterson-F0407002-E0005.120.1965                   1 9.00000E+01 1.50000E+02
h-B010-MT651-Patterson-F0407002-E0005.140.1965                   1 9.00000E+01 1.50000E+02
h-B010-MT651-Patterson-F0407002-E0005.200.1965                   1 4.50000E+01 9.00000E+01
h-B010-MT651-Patterson-F0407002-E0005.220.1965                   2 4.50000E+01 1.50000E+02
h-B010-MT651-Patterson-F0407002-E0005.320.1965                   1 4.50000E+01 9.00000E+01
h-B010-MT651-Patterson-F0407002-E0005.340.1965                   2 4.50000E+01 1.50000E+02
h-B010-MT651-Patterson-F0407002-E0005.400.1965                   1 4.50000E+01 9.00000E+01
h-B010-MT651-Patterson-F0407002-E0005.420.1965                   1 4.50000E+01 1.50000E+02
h-B010-MT651-Patterson-F0407002-E0005.460.1965                   1 9.00000E+01 1.50000E+02
h-B010-MT651-Patterson-F0407002-E0005.520.1965                   1 9.00000E+01 1.50000E+02
h-B010-MT651-Patterson-F0407002-E0005.580.1965                   1 9.00000E+01 1.50000E+02
h-B010-MT651-Patterson-F0407002-E0005.600.1965                   1 4.50000E+01 9.00000E+01
h-B010-MT651-Patterson-F0407002-E0005.620.1965                   2 4.50000E+01 1.50000E+02
h-B010-MT651-Patterson-F0407002-E0005.680.1965                   1 4.50000E+01 9.00000E+01
h-B010-MT651-Patterson-F0407002-E0005.740.1965                   1 4.50000E+01 1.50000E+02
