#              Filename                                         N    min         max
t-C012-MT002-Etoh-E2273002-ang-E0001.298.1969                  114 4.45000E+01 4.45000E+01
t-C012-MT002-Etoh-E2273003-ang-E0000.610.1969                  207 7.60000E+01 7.60000E+01
t-C012-MT002-Etoh-E2273004-ang-E0000.590.1969                  161 1.12500E+02 1.12500E+02
t-C012-MT002-Etoh-E2273005-ang-E0000.600.1969                  105 1.50000E+02 1.50000E+02
t-C012-MT002-Etoh-E2273006-ang-E0001.400.1969                   39 1.60000E+02 1.60000E+02
t-C012-MT002-Etoh-E2273007-ang-E0001.115.1969                  115 1.65000E+02 1.65000E+02
t-C012-MT002-Etoh-E2273008-ang-E0001.110.1969                   16 1.49000E+01 1.49000E+02
t-C012-MT002-Etoh-E2273009-ang-E0001.601.1969                    9 2.93000E+01 1.65900E+02
t-C012-MT002-Etoh-E2273010-ang-E0001.843.1969                    9 2.99000E+01 1.64400E+02
t-C012-MT002-Etoh-E2273011-ang-E0001.950.1969                   15 1.91000E+01 1.59300E+02
t-C012-MT002-Etoh-E2273012-ang-E0002.000.1969                    9 2.98000E+01 1.65600E+02
t-C012-MT002-Etoh-E2273013-ang-E0002.048.1969                    9 2.95000E+01 1.66300E+02
t-C012-MT002-Etoh-E2273014-ang-E0002.146.1969                    9 2.96000E+01 1.65400E+02
t-C012-MT002-Etoh-E2273015-ang-E0002.247.1969                    9 2.91000E+01 1.65200E+02
t-C012-MT002-Etoh-E2273016-ang-E0002.350.1969                    9 2.95000E+01 1.65400E+02
t-C012-MT002-Etoh-E2273017-ang-E0002.450.1969                   16 9.40003E+00 1.59400E+02
t-C012-MT002-Etoh-E2273018-ang-E0002.545.1969                    9 2.97000E+01 1.65000E+02
t-C012-MT002-Etoh-E2273019-ang-E0002.654.1969                    9 3.00000E+01 1.65200E+02
t-C012-MT002-Etoh-E2273020-ang-E0002.710.1969                    9 3.00000E+01 1.64400E+02
t-C012-MT002-Etoh-E2273021-ang-E0002.785.1969                    9 2.97000E+01 1.64800E+02
t-C012-MT002-Etoh-E2273022-ang-E0002.861.1969                    9 3.01000E+01 1.65400E+02
t-C012-MT002-Etoh-E2273023-ang-E0003.000.1969                   15 2.01000E+01 1.61300E+02
t-C012-MT002-Etoh-E2273024-ang-E0003.216.1969                    9 2.93000E+01 1.66700E+02
t-C012-MT002-Etoh-E2273025-ang-E0003.400.1969                   13 5.00000E+01 1.60600E+02
t-C012-MT002-Schmelzbach-T0093004-ang-E0015.000.1978            61 1.55000E+01 1.59200E+02
t-C012-MT002-Schmelzbach-T0093004-ang-E0017.000.1978            55 2.14000E+01 1.61500E+02
t-C012-MT002-YimingDuann-S0233002-ang-E0005.227.2020            31 3.00000E+01 3.00000E+01
