#              Filename                                         N    min         max
n-Mo000-MT001-Abfalterer-13753023.2001                         467 5.29300E+00 5.59100E+02
n-Mo000-MT001-Berlev-41510004.2007                               6 1.57500E-04 7.32500E-03
n-Mo000-MT001-Bollinger-11911002.1962                          472 4.41000E-06 2.19300E-03
n-Mo000-MT001-Bratenahl-11155019.1958                            5 7.09000E+00 1.45000E+01
n-Mo000-MT001-Bratenahl-11155019A001.1958                        5 7.09000E+00 1.45000E+01
n-Mo000-MT001-CORGE-20934006.1962                               39 6.70100E-04 7.65100E-04
n-Mo000-MT001-CORGE-20934007.1962                              762 2.75800E-04 1.47400E-03
n-Mo000-MT001-Coles-20456007.1970                                8 1.50000E+00 5.00000E+00
n-Mo000-MT001-Coon-12524034.1952                                 1 1.41200E+01 1.41200E+01
n-Mo000-MT001-Deconninck-20195014.1961                           1 2.84000E+01 2.84000E+01
n-Mo000-MT001-Egelstaff-21037002.1955                           49 1.44000E-04 2.86000E-01
n-Mo000-MT001-Egelstaff-21278015.1953                           21 1.18000E-09 5.67000E-09
n-Mo000-MT001-Egelstaff-21376005.1950                           78 2.45000E-09 8.00000E-06
n-Mo000-MT001-Filippov-40082017.1968                             5 4.40000E-02 3.40000E-01
n-Mo000-MT001-Fosterjr-10047047.1971                           247 2.25300E+00 1.48970E+01
n-Mo000-MT001-Fosterjr-10047047A001.1971                       247 2.25300E+00 1.48970E+01
n-Mo000-MT001-Goodman-11057016.1952                              1 1.40000E+01 1.40000E+01
n-Mo000-MT001-Goodman-11057016A001.1952                          1 1.40000E+01 1.40000E+01
n-Mo000-MT001-Grigoriev-41426007.2002                           10 1.57500E-04 1.50000E-01
n-Mo000-MT001-Grigoriev-41426011.2002                           10 1.57500E-04 1.50000E-01
n-Mo000-MT001-Grigoriev-41505004.2007                            6 1.57500E-04 7.32500E-03
n-Mo000-MT001-Grigoriev-41519002.2008                            8 7.32500E-06 1.57500E-03
n-Mo000-MT001-Harvey-11912002.1955                             166 3.38000E-05 7.34000E-04
n-Mo000-MT001-Hildebrand-11039023.1950                           1 4.20000E+01 4.20000E+01
n-Mo000-MT001-Hildebrand-11039023A001.1950                       1 4.20000E+01 4.20000E+01
n-Mo000-MT001-Hodgson-21281005.1952                             80 1.40000E-06 1.20000E-02
n-Mo000-MT001-Jain-11904003.1965                                10 1.00000E-02 1.00000E-01
n-Mo000-MT001-Kent-11617031.1962                                 1 3.66000E+00 3.66000E+00
n-Mo000-MT001-Lambropoulos-10277034.1973                       462 1.02840E-01 1.49850E+00
n-Mo000-MT001-Lambropoulos-10277034A001.1973                   462 1.02840E-01 1.49850E+00
n-Mo000-MT001-Larson-12882012.1980                             346 1.99340E+00 8.14830E+01
n-Mo000-MT001-Levin-11915002.1951                               16 1.08000E-07 9.70000E-07
n-Mo000-MT001-Mccallum-21122007.1960                            13 1.23700E+01 2.02000E+01
n-Mo000-MT001-Miller-11712010.1952                              44 2.00000E-02 3.21000E+00
n-Mo000-MT001-Nereson-11308014.1954                             30 2.80200E+00 1.30780E+01
n-Mo000-MT001-Newson-11834006.1956                              68 2.00000E-03 7.95000E-02
n-Mo000-MT001-Peterson-11108026.1960                             6 1.73000E+01 2.88000E+01
n-Mo000-MT001-Peterson-11108026A001.1960                         6 1.73000E+01 2.88000E+01
n-Mo000-MT001-Poenitz-12853020.1983                              8 4.70000E-02 1.97000E-01
n-Mo000-MT001-Poenitz-12853021.1983                             20 2.15000E-01 1.60000E+00
n-Mo000-MT001-Poenitz-12853022.1983                             68 1.82200E+00 2.02200E+01
n-Mo000-MT001-Poenitz-12853023.1983                             24 9.85000E-01 4.40000E+00
n-Mo000-MT001-Popov-40932003.1985                               18 2.40000E-02 1.10000E+00
n-Mo000-MT001-Seth-11781007.1965                                42 6.00000E-03 2.00000E-01
n-Mo000-MT001-Seth-11781008.1965                                45 2.00000E-01 6.40000E-01
n-Mo000-MT001-Seth-11788031.1958                                23 1.32000E-05 3.03000E-04
n-Mo000-MT001-Stubbins-11668004.1951                            49 1.20000E-02 1.25000E+00
n-Mo000-MT001-Tutubalin-40559005.1977                            1 1.47000E+01 1.47000E+01
n-Mo000-MT001-Vincent-11621008.1960                              1 4.10000E+00 4.10000E+00
n-Mo000-MT001-Wang-31603002.2008                               221 2.00000E-08 2.04320E-04
n-Mo000-MT001-Weil-11482007.1958                                38 4.00000E+00 8.05000E+00
n-Mo000-MT001-Wynchank-11913009.1968                          9568 5.45400E-05 6.59800E-02
n-Mo000-MT001-Zinn-11136021.1939                                 1 2.88000E+00 2.88000E+00
n-Mo000-MT001-Zinn-11136021A001.1939                             1 2.88000E+00 2.88000E+00
