#              Filename                                         N    min         max
p-N015-MT151-Barnett-D01110043.1968                             12 4.37000E+00 1.07000E+01
p-N015-MT151-Bashkin-C19880161.1959                              8 1.21000E+00 3.52000E+00
p-N015-MT151-Bashkin-C19880162.1959                              6 1.89000E+00 3.52000E+00
p-N015-MT151-Bashkin-C19920031.1957                              7 1.21000E+00 3.52000E+00
p-N015-MT151-Bashkin-C19920032.1957                              7 1.21000E+00 3.52000E+00
p-N015-MT151-Darden-C08270041.1984                              14 2.98000E+00 6.78500E+00
p-N015-MT151-Darden-C08270043.1984                              17 2.98000E+00 6.78500E+00
p-N015-MT151-Darden-C08270044.1984                              17 2.98000E+00 6.78500E+00
p-N015-MT151-Darden-C08270045.1984                              16 2.98000E+00 6.78500E+00
p-N015-MT151-Hagedorn-C09950041.1957                             2 1.64000E+00 1.97900E+00
p-N015-MT151-Hagedorn-C09950042.1957                             2 1.64000E+00 1.97900E+00
p-N015-MT151-Hagedorn-C19870221.1957                             5 7.10000E-01 1.64000E+00
p-N015-MT151-Hagedorn-C19870222.1957                             5 7.10000E-01 1.64000E+00
p-N015-MT151-Hagedorn-C19870224.1957                             5 7.10000E-01 1.64000E+00
p-N015-MT151-Hagedorn-C19870225.1957                             2 7.10000E-01 1.02800E+00
p-N015-MT151-Leavitt-T00820041.1983                              2 4.29000E-01 8.97000E-01
p-N015-MT151-Leavitt-T00820042.1983                              2 4.29000E-01 8.97000E-01
p-N015-MT151-Redder-A01420031.1982                               1 3.35000E-01 3.35000E-01
p-N015-MT151-Redder-A01420032.1982                               1 3.35000E-01 3.35000E-01
p-N015-MT151-Redder-A01420034.1982                               1 3.35000E-01 3.35000E-01
p-N015-MT151-Rolfs-C06470061.1974                                5 3.38000E-01 1.02800E+00
p-N015-MT151-Rolfs-C06470062.1974                                2 3.38000E-01 1.02800E+00
p-N015-MT151-Rolfs-C06470064.1974                                3 4.29000E-01 8.97000E-01
p-N015-MT151-Schardt-C06440061.1952                              5 3.38000E-01 1.21000E+00
p-N015-MT151-Schardt-C06440062.1952                              4 3.38000E-01 1.21000E+00
p-N015-MT151-Schardt-C06440071.1952                              4 4.29000E-01 1.21000E+00
p-N015-MT151-Snover-C19190091.1983                               3 1.62100E+01 1.88000E+01
p-N015-MT151-Snover-C19190092.1983                               3 1.62100E+01 1.88000E+01
p-N015-MT151-Snover-C19190095.1983                               2 1.62100E+01 1.71200E+01
p-N015-MT151-Snover-C19190101.1983                               3 1.62100E+01 1.88000E+01
p-N015-MT151-Snover-C19190111.1983                               2 1.62100E+01 1.71200E+01
p-N015-MT151-Snover-C19190121.1983                               2 1.62100E+01 1.71200E+01
p-N015-MT151-Snover-C19190131.1983                               2 1.80320E+01 1.89830E+01
p-N015-MT151-Snover-C19190132.1983                               2 1.80320E+01 1.89830E+01
p-N015-MT151-Snover-C19190134.1983                               2 1.80320E+01 1.89830E+01
p-N015-MT151-Snover-C19190141.1983                               8 1.49360E+01 2.04120E+01
p-N015-MT151-Snover-C19190142.1983                               8 1.49360E+01 2.04120E+01
p-N015-MT151-Snover-C19190144.1983                               8 1.49360E+01 2.04120E+01
