#              Filename                                         N    min         max
d-N015-MT800-Mansour-F0949002-E0001.201.1965                    64 9.00000E+01 9.00000E+01
d-N015-MT800-Mansour-F0949004-E0001.300.1965                     8 4.63200E+01 1.51400E+02
d-N015-MT800-Mansour-F0949004-E0001.500.1965                     8 4.67800E+01 1.51900E+02
d-N015-MT800-Mansour-F0949004-E0001.800.1965                     8 2.39100E+01 1.52200E+02
d-N015-MT800-Mansour-F0949004-E0002.000.1965                     9 2.39100E+01 1.52500E+02
d-N015-MT800-Mansour-F0949004-E0002.100.1965                     8 4.53200E+01 1.53800E+02
d-N015-MT800-Mansour-F0949004-E0002.200.1965                     8 4.53200E+01 1.50600E+02
d-N015-MT800-Mansour-F0949004-E0002.300.1965                     8 4.57900E+01 1.51300E+02
d-N015-MT800-Mansour-F0949004-E0002.400.1965                     8 4.68200E+01 1.52000E+02
d-N015-MT800-Mansour-F0949004-E0002.500.1965                     8 4.41600E+01 1.52300E+02
d-N015-MT800-Sawicki-C0190002-E0000.972.1986                     1 1.50000E+02 1.50000E+02
d-N015-MT800-Sawicki-C01900031-E0000.972.1986                    1 1.50000E+02 1.50000E+02
d-N015-MT800-Sawicki-C01900032-E0000.972.1986                    1 1.50000E+02 1.50000E+02
d-N015-MT800-Sawicki-C0190005-E0000.804.1986                    18 1.50000E+02 1.50000E+02
d-N015-MT800-Vickridge-O0823002-E0000.394.1996                  46 9.00000E+01 9.00000E+01
d-N015-MT800-Vickridge-O0823003-E0000.394.1996                  62 1.35000E+02 1.35000E+02
d-N015-MT800-Vickridge-O0823004-E0000.399.1996                  63 1.50000E+02 1.50000E+02
d-N015-MT800-Vickridge-O0823005-E0000.850.1996                  16 8.50000E+01 1.60000E+02
d-N015-MT800-Vickridge-O0823006-E0000.972.1996                  16 8.50000E+01 1.60000E+02
d-N015-MT800-Vickridge-O0823007-E0001.100.1996                  16 8.50000E+01 1.60000E+02
d-N015-MT800-Vickridge-O0823008-E0001.200.1996                  16 8.50000E+01 1.60000E+02
d-N015-MT800-Vickridge-O0823009-E0001.400.1996                  16 8.50000E+01 1.60000E+02
