#              Filename                                         N    min         max
p-Cr050-MT601-Antropov-F1144003-ang-E0006.000.1971              18 3.54000E+01 1.59500E+02
p-Cr050-MT601-Brenner-F0764003-ang-E0006.025.1984                2 1.05000E+02 1.55000E+02
p-Cr050-MT601-Brenner-F0764003-ang-E0006.026.1984                1 1.00000E+02 1.25000E+02
p-Cr050-MT601-Brenner-F0764003-ang-E0006.030.1984                6 8.00000E+01 1.55000E+02
p-Cr050-MT601-Brenner-F0764003-ang-E0006.031.1984                1 8.00000E+01 1.05000E+02
p-Cr050-MT601-Brenner-F0764003-ang-E0006.035.1984                5 8.00000E+01 1.55000E+02
p-Cr050-MT601-Brenner-F0764003-ang-E0006.036.1984                2 8.00000E+01 1.05000E+02
p-Cr050-MT601-Brenner-F0764003-ang-E0006.040.1984                5 8.00000E+01 1.55000E+02
p-Cr050-MT601-Brenner-F0764003-ang-E0006.041.1984                2 8.00000E+01 1.05000E+02
p-Cr050-MT601-Brenner-F0764003-ang-E0006.042.1984                2 8.00000E+01 1.25000E+02
p-Cr050-MT601-Brenner-F0764003-ang-E0006.043.1984                5 8.00000E+01 1.55000E+02
p-Cr050-MT601-Brenner-F0764003-ang-E0006.045.1984                5 8.00000E+01 1.55000E+02
p-Cr050-MT601-Brenner-F0764003-ang-E0006.046.1984                2 8.00000E+01 1.50000E+02
p-Cr050-MT601-Brenner-F0764003-ang-E0006.047.1984                1 8.00000E+01 1.50000E+02
p-Cr050-MT601-Brenner-F0764003-ang-E0006.048.1984                6 8.00000E+01 1.55000E+02
p-Cr050-MT601-Brenner-F0764003-ang-E0006.050.1984                6 8.00000E+01 1.55000E+02
p-Cr050-MT601-Brenner-F0764003-ang-E0006.051.1984                1 8.00000E+01 1.00000E+02
p-Cr050-MT601-Brenner-F0764003-ang-E0006.052.1984                4 8.00000E+01 1.55000E+02
p-Cr050-MT601-Brenner-F0764003-ang-E0006.053.1984                3 8.00000E+01 1.50000E+02
p-Cr050-MT601-Brenner-F0764003-ang-E0006.055.1984                5 8.00000E+01 1.55000E+02
p-Cr050-MT601-Brenner-F0764003-ang-E0006.056.1984                5 8.00000E+01 1.20000E+02
p-Cr050-MT601-Krivonosov-F0920005-ang-E0001.674.1976             7 5.60000E+01 5.60000E+01
p-Cr050-MT601-Moses-C2706004-ang-E3104.000.1971                246 1.60000E+02 1.60000E+02
p-Cr050-MT601-Ohnuma-E0120021-ang-E0051.930.1980                22 1.49000E+01 1.19400E+02
p-Cr050-MT601-Prokopenko-D5158002-ang-E0006.900.1963            23 5.06000E+01 1.60800E+02
p-Cr050-MT601-Romanovskii-F0978008-ang-E0006.300.1977            8 8.97000E+01 1.59500E+02
