#              Filename                                         N    min         max
n-Cr052-MT151-Agrawal-128300021.1984                            20 3.16460E-02 8.40500E-01
n-Cr052-MT151-Agrawal-128300022.1984                            20 3.16460E-02 8.40500E-01
n-Cr052-MT151-Agrawal-128300031.1984                           119 1.62600E-03 9.09400E-01
n-Cr052-MT151-Agrawal-128300032.1984                           119 1.62600E-03 9.09400E-01
n-Cr052-MT151-Agrawal-128300061.1984                             2 6.00000E-01 9.00000E-01
n-Cr052-MT151-Agrawal-128300062.1984                             2 6.00000E-01 9.00000E-01
n-Cr052-MT151-Allen-302880191.1975                               2 1.01250E-01 1.01250E-01
n-Cr052-MT151-Allen-302880192.1975                               1 1.01250E-01 1.01250E-01
n-Cr052-MT151-Allen-30288020.1975                                1 1.01250E-01 1.01250E-01
n-Cr052-MT151-Beer-203740061.1975                                7 3.16200E-02 2.49300E-01
n-Cr052-MT151-Beer-203740062.1975                                6 3.16200E-02 2.49300E-01
n-Cr052-MT151-Beer-203740063.1975                                5 3.16200E-02 1.40000E-01
n-Cr052-MT151-Beer-203740071.1975                               18 2.29200E-02 2.81900E-01
n-Cr052-MT151-Beer-203740072.1975                               10 5.76000E-02 2.81900E-01
n-Cr052-MT151-Beer-203740074.1975                                2 5.76000E-02 1.30100E-01
n-Cr052-MT151-Beer-20374036.1975                                 1 0.00000E+00 0.00000E+00
n-Cr052-MT151-Beer-20374041.1975                                 1 8.00000E-02 8.00000E-02
n-Cr052-MT151-Bilpuch-115990101.1961                             3 5.10000E-02 1.39500E-01
n-Cr052-MT151-Bilpuch-115990102.1961                             3 5.10000E-02 1.39500E-01
n-Cr052-MT151-Bilpuch-115990103.1961                             3 5.10000E-02 1.39500E-01
n-Cr052-MT151-Bowman-11600014.1962                              99 1.30000E-01 6.36000E-01
n-Cr052-MT151-Bowman-116000171.1962                             13 9.35000E-02 6.28500E-01
n-Cr052-MT151-Bowman-116000172.1962                             13 9.35000E-02 6.28500E-01
n-Cr052-MT151-Bowman-116000173.1962                             13 9.35000E-02 6.28500E-01
n-Cr052-MT151-Brusegan-220410051.1986                           64 2.29800E-02 4.93600E-01
n-Cr052-MT151-Brusegan-220410052.1986                           64 2.29800E-02 4.93600E-01
n-Cr052-MT151-Brusegan-220410061.1986                           50 2.29800E-02 4.90550E-01
n-Cr052-MT151-Brusegan-220410062.1986                           50 2.29800E-02 4.90550E-01
n-Cr052-MT151-Brusegan-220410071.1986                           90 1.62700E-03 4.90550E-01
n-Cr052-MT151-Brusegan-220410121.1986                            1 5.00000E-01 5.00000E-01
n-Cr052-MT151-Brusegan-220410122.1986                            1 5.00000E-01 5.00000E-01
n-Cr052-MT151-Brusegan-220410123.1986                            1 5.00000E-01 5.00000E-01
n-Cr052-MT151-Carlton-138400041.2000                           194 4.83500E-02 1.04545E+00
n-Cr052-MT151-Carlton-138400042.2000                           194 4.83500E-02 1.04545E+00
n-Cr052-MT151-Carlton-138400044.2000                           194 4.83500E-02 1.04545E+00
n-Cr052-MT151-Carlton-138400061.2000                             7 1.05000E+00 1.05000E+00
n-Cr052-MT151-Carlton-138400062.2000                             5 1.05000E+00 1.05000E+00
n-Cr052-MT151-Carlton-138400063.2000                             7 1.05000E+00 1.05000E+00
n-Cr052-MT151-Carlton-138400064.2000                             7 1.05000E+00 1.05000E+00
n-Cr052-MT151-Gritzay-322430041.2016                             3 4.99900E-02 5.01500E-02
n-Cr052-MT151-Gritzay-322430042.2016                             3 4.99900E-02 5.01500E-02
n-Cr052-MT151-Hibdon-116740031.1957                             11 5.10000E-02 4.06000E-01
n-Cr052-MT151-Hibdon-116740032.1957                             11 5.10000E-02 4.06000E-01
n-Cr052-MT151-Hibdon-116740033.1957                             11 5.10000E-02 4.06000E-01
n-Cr052-MT151-Kapchigashev-406840051.1964                        1 1.70000E-03 1.70000E-03
n-Cr052-MT151-Melkonian-116700031.1953                           1 3.80000E-03 3.80000E-03
n-Cr052-MT151-Rohr-221310021.1989                              200 1.62700E-03 9.94400E-01
n-Cr052-MT151-Rohr-221310022.1989                              168 1.62700E-03 9.94400E-01
n-Cr052-MT151-Rohr-221310023.1989                               49 1.62700E-03 4.90530E-01
n-Cr052-MT151-Rohr-22131003.1989                                 5 8.55000E-02 8.63000E-01
n-Cr052-MT151-Rohr-22131004.1989                                 3 1.00000E-01 5.00000E-01
n-Cr052-MT151-Stieglitz-100740061.1971                           7 5.02000E-02 3.31100E-01
n-Cr052-MT151-Stieglitz-100740061A001.1971                       7 5.02000E-02 3.31100E-01
n-Cr052-MT151-Stieglitz-100740062.1971                           7 5.02000E-02 3.31100E-01
n-Cr052-MT151-Stieglitz-100740062A001.1971                       7 5.02000E-02 3.31100E-01
n-Cr052-MT151-Stieglitz-100740063.1971                           3 5.02000E-02 1.41400E-01
n-Cr052-MT151-Stieglitz-100740063A001.1971                       3 5.02000E-02 1.41400E-01
n-Cr052-MT151-Stieglitz-10074031.1971                            1 1.65500E-01 1.65500E-01
n-Cr052-MT151-Stieglitz-10074031A001.1971                        1 1.65500E-01 1.65500E-01
n-Cr052-MT151-Stieglitz-10074037.1971                            1 6.60000E-02 6.60000E-02
n-Cr052-MT151-Stieglitz-10074037A001.1971                        1 6.60000E-02 6.60000E-02
