#              Filename                                         N    min         max
p-Fe054-MT002-Ahmed-O0460002-ang-E0010.000.1970                 27 3.62000E+01 1.66600E+02
p-Fe054-MT002-Arai-E0205003-ang-E0003.460.1979                 130 1.60000E+02 1.60000E+02
p-Fe054-MT002-Baugh-O12430031-ang-E0030.400.1967                18 2.00000E+01 9.99000E+01
p-Fe054-MT002-Bertrand-O0291002-ang-E0028.800.1970              33 1.50000E+01 1.25000E+02
p-Fe054-MT002-Boukharouba-C0471004-ang-E0003.730.1992          106 3.00000E+01 1.60000E+02
p-Fe054-MT002-Brussel-O0456002-ang-E0039.800.1959               55 7.19999E+00 1.19500E+02
p-Fe054-MT002-Fabrici-O1198020-ang-E0035.200.1980               30 2.00000E+01 1.70000E+02
p-Fe054-MT002-Greaves-O0473008-ang-E0030.400.1972               32 2.02000E+01 1.65200E+02
p-Fe054-MT002-Hausser-C1606002-ang-E0290.000.1991               49 6.10002E+00 4.47000E+01
p-Fe054-MT002-Hoffmann-C0258002-ang-E0796.000.1978             128 2.90009E+00 2.23000E+01
p-Fe054-MT002-Kossanyidemay-D0286015-ang-E0018.600.1967         25 2.68960E+01 1.46100E+02
p-Fe054-MT002-Leejr-C1024002-ang-E0012.000.1964                 29 3.00000E+01 1.69500E+02
p-Fe054-MT002-Lindstrom-F1076002-ang-E0002.740.1971            143 9.00000E+01 9.00000E+01
p-Fe054-MT002-Lindstrom-F1076003-ang-E0002.741.1971            134 1.20000E+02 1.20000E+02
p-Fe054-MT002-Lindstrom-F1076004-ang-E0002.745.1971            148 1.35000E+02 1.35000E+02
p-Fe054-MT002-Lindstrom-F1076005-ang-E0001.755.1971           1291 1.60000E+02 1.60000E+02
p-Fe054-MT002-Noro-E0249022-ang-E0065.000.1981                  34 1.50000E+01 7.01000E+01
p-Fe054-MT002-Perey-C2165005-ang-E0011.000.1968                 32 2.00000E+01 1.65000E+02
p-Fe054-MT002-Sakaguchi-E0166024-ang-E0065.000.1979             34 1.50000E+01 7.01000E+01
p-Fe054-MT002-Sakaguchi-O0032061S-ang-E0065.000.1983            34 1.50000E+01 7.01000E+01
p-Fe054-MT002-Tesmer-O0079006-ang-E0019.600.1972                30 2.58000E+01 1.69000E+02
p-Fe054-MT002-Varner-C0893008-ang-E0016.000.1986                30 2.50000E+01 1.70000E+02
