#              Filename                                         N    min         max
p-Cr050-MT002-Arai-E0900018-ang-E0003.157.1983                1704 9.00000E+01 9.00000E+01
p-Cr050-MT002-Arai-E0900019-ang-E0003.157.1983                1840 1.20000E+02 1.20000E+02
p-Cr050-MT002-Arai-E0900020-ang-E0003.158.1983                1850 1.35000E+02 1.35000E+02
p-Cr050-MT002-Arai-E0900021-ang-E0003.157.1983                1925 1.60000E+02 1.60000E+02
p-Cr050-MT002-Brenner-F0764002-ang-E0006.025.1984               91 1.05000E+02 1.55000E+02
p-Cr050-MT002-Moses-C2706003-ang-E0003.104.1971                260 1.60000E+02 1.60000E+02
p-Cr050-MT002-Noro-E0249016-ang-E0065.000.1981                  29 1.40000E+01 7.07000E+01
p-Cr050-MT002-Romanovskii-F0978002-ang-E0005.972.1977            1 9.00000E+01 1.10000E+02
p-Cr050-MT002-Romanovskii-F0978002-ang-E0005.976.1977            1 1.10000E+02 1.30000E+02
p-Cr050-MT002-Romanovskii-F0978002-ang-E0005.982.1977            2 1.20000E+02 1.41000E+02
p-Cr050-MT002-Romanovskii-F0978002-ang-E0005.984.1977            1 1.20000E+02 1.50000E+02
p-Cr050-MT002-Romanovskii-F0978002-ang-E0006.000.1977            1 9.00000E+01 1.50000E+02
p-Cr050-MT002-Romanovskii-F0978002-ang-E0006.001.1977            2 9.00000E+01 1.30000E+02
p-Cr050-MT002-Romanovskii-F0978002-ang-E0006.002.1977            1 1.10000E+02 1.30000E+02
p-Cr050-MT002-Romanovskii-F0978002-ang-E0006.009.1977            1 1.10000E+02 1.60000E+02
p-Cr050-MT002-Romanovskii-F0978002-ang-E0006.016.1977            1 1.41000E+02 1.60000E+02
p-Cr050-MT002-Romanovskii-F0978002-ang-E0006.017.1977            1 1.20000E+02 1.41000E+02
p-Cr050-MT002-Romanovskii-F0978002-ang-E0006.021.1977            1 9.00000E+01 1.20000E+02
p-Cr050-MT002-Romanovskii-F0978002-ang-E0006.031.1977            1 9.00000E+01 1.50000E+02
p-Cr050-MT002-Romanovskii-F0978002-ang-E0006.035.1977            1 1.00000E+02 1.50000E+02
p-Cr050-MT002-Romanovskii-F0978002-ang-E0006.038.1977            2 1.00000E+02 1.30000E+02
p-Cr050-MT002-Romanovskii-F0978002-ang-E0006.044.1977            1 1.10000E+02 1.60000E+02
p-Cr050-MT002-Romanovskii-F0978002-ang-E0006.049.1977            1 1.41000E+02 1.60000E+02
p-Cr050-MT002-Romanovskii-F0978002-ang-E0006.058.1977            1 1.20000E+02 1.41000E+02
p-Cr050-MT002-Romanovskii-F0978002-ang-E0006.059.1977            1 9.00000E+01 1.20000E+02
p-Cr050-MT002-Romanovskii-F0978002-ang-E0006.063.1977            1 9.00000E+01 1.00000E+02
p-Cr050-MT002-Romanovskii-F0978002-ang-E0006.073.1977            1 1.00000E+02 1.50000E+02
p-Cr050-MT002-Romanovskii-F0978002-ang-E0006.075.1977            1 1.30000E+02 1.50000E+02
p-Cr050-MT002-Romanovskii-F0978002-ang-E0006.076.1977            1 1.10000E+02 1.30000E+02
p-Cr050-MT002-Romanovskii-F0978002-ang-E0006.084.1977            1 1.10000E+02 1.60000E+02
p-Cr050-MT002-Romanovskii-F0978002-ang-E0006.091.1977            1 9.00000E+01 1.60000E+02
p-Cr050-MT002-Romanovskii-F0978002-ang-E0006.094.1977            1 9.00000E+01 1.20000E+02
p-Cr050-MT002-Romanovskii-F0978002-ang-E0006.095.1977            1 1.20000E+02 1.41000E+02
p-Cr050-MT002-Romanovskii-F0978002-ang-E0006.096.1977            1 1.00000E+02 1.41000E+02
p-Cr050-MT002-Romanovskii-F0978002-ang-E0006.104.1977            1 1.00000E+02 1.50000E+02
p-Cr050-MT002-Romanovskii-F0978002-ang-E0006.111.1977            1 1.30000E+02 1.50000E+02
p-Cr050-MT002-Romanovskii-F0978002-ang-E0006.114.1977            1 1.10000E+02 1.30000E+02
p-Cr050-MT002-Romanovskii-F0978002-ang-E0006.116.1977            1 9.00000E+01 1.10000E+02
p-Cr050-MT002-Romanovskii-F0978002-ang-E0006.126.1977            1 9.00000E+01 1.60000E+02
p-Cr050-MT002-Romanovskii-F0978002-ang-E0006.127.1977            1 1.20000E+02 1.60000E+02
p-Cr050-MT002-Romanovskii-F0978002-ang-E0006.131.1977            1 1.20000E+02 1.41000E+02
p-Cr050-MT002-Romanovskii-F0978002-ang-E0006.134.1977            1 1.00000E+02 1.41000E+02
p-Cr050-MT002-Romanovskii-F0978002-ang-E0006.138.1977            1 1.00000E+02 1.10000E+02
p-Cr050-MT002-Romanovskii-F0978002-ang-E0006.150.1977            2 1.10000E+02 1.50000E+02
p-Cr050-MT002-Romanovskii-F0978002-ang-E0006.151.1977            1 9.00000E+01 1.30000E+02
p-Cr050-MT002-Romanovskii-F0978002-ang-E0006.157.1977            1 9.00000E+01 1.60000E+02
p-Cr050-MT002-Romanovskii-F0978002-ang-E0006.163.1977            1 1.20000E+02 1.60000E+02
p-Cr050-MT002-Romanovskii-F0978002-ang-E0006.166.1977            1 1.00000E+02 1.20000E+02
p-Cr050-MT002-Romanovskii-F0978002-ang-E0006.168.1977            1 1.00000E+02 1.41000E+02
p-Cr050-MT002-Romanovskii-F0978002-ang-E0006.171.1977            1 1.10000E+02 1.41000E+02
p-Cr050-MT002-Romanovskii-F0978002-ang-E0006.182.1977            1 9.00000E+01 1.10000E+02
p-Cr050-MT002-Romanovskii-F0978002-ang-E0006.183.1977            1 9.00000E+01 1.50000E+02
p-Cr050-MT002-Romanovskii-F0978002-ang-E0006.186.1977            1 1.30000E+02 1.50000E+02
p-Cr050-MT002-Romanovskii-F0978002-ang-E0006.187.1977            1 1.00000E+02 1.30000E+02
p-Cr050-MT002-Romanovskii-F0978002-ang-E0006.201.1977            1 1.00000E+02 1.20000E+02
p-Cr050-MT002-Romanovskii-F0978002-ang-E0006.202.1977            1 1.20000E+02 1.41000E+02
p-Cr050-MT002-Romanovskii-F0978002-ang-E0006.208.1977            1 9.00000E+01 1.41000E+02
p-Cr050-MT002-Romanovskii-F0978002-ang-E0006.215.1977            1 9.00000E+01 1.60000E+02
p-Cr050-MT002-Romanovskii-F0978002-ang-E0006.218.1977            2 1.50000E+02 1.60000E+02
