#              Filename                                         N    min         max
n-Fe056-MT002-Boschung-10037024-ang-E0005.050.1971              19 2.50000E+01 1.48000E+02
n-Fe056-MT002-Cabe-20482005-ang-E0000.630.1967                  63 2.00004E+01 1.45000E+02
n-Fe056-MT002-Elkadi-10958004-ang-E0007.960.1982                26 2.96700E+01 1.55420E+02
n-Fe056-MT002-Elkadi-10958004-ang-E0007.960A001.1982            26 2.96700E+01 1.55420E+02
n-Fe056-MT002-Elkadi-10958004-ang-E0009.940.1982                26 2.95800E+01 1.54700E+02
n-Fe056-MT002-Elkadi-10958004-ang-E0009.940A001.1982            26 2.95800E+01 1.54700E+02
n-Fe056-MT002-Elkadi-10958004-ang-E0011.930.1982                26 2.91800E+01 1.55120E+02
n-Fe056-MT002-Elkadi-10958004-ang-E0011.930A001.1982            26 2.91800E+01 1.55120E+02
n-Fe056-MT002-Elkadi-10958004-ang-E0013.920.1982                26 2.91800E+01 1.54920E+02
n-Fe056-MT002-Elkadi-10958004-ang-E0013.920A001.1982            26 2.91800E+01 1.54920E+02
n-Fe056-MT002-Hata-22189004-ang-E0014.130.1990                   5 1.23000E+01 5.29000E+01
n-Fe056-MT002-Kinney-11708006-ang-E0004.600.1968                 9 2.46000E+01 1.31400E+02
n-Fe056-MT002-Kinney-11708006-ang-E0005.000.1968                15 2.46000E+01 1.39400E+02
n-Fe056-MT002-Kinney-11708006-ang-E0005.040.1968                15 2.96000E+01 1.29300E+02
n-Fe056-MT002-Mellema-12862003-ang-E0011.000.1983               31 1.00000E+01 1.59400E+02
n-Fe056-MT002-Mellema-12862003-ang-E0020.000.1983               19 1.00000E+01 1.45000E+02
n-Fe056-MT002-Mellema-12862003-ang-E0026.000.1983               32 1.00000E+01 1.60600E+02
n-Fe056-MT002-Morozov-400750021-ang-E0001.800.1972              17 1.20000E+01 1.68000E+02
n-Fe056-MT002-Oehrn-22987002-ang-E0096.000.2008                 36 9.30001E+00 6.96000E+01
n-Fe056-MT002-Perey-13511004-ang-E0000.035.1991              37362 3.90000E+01 1.60000E+02
n-Fe056-MT002-Ramirez-14462002-ang-E0001.300.2017              192 3.05200E+01 1.54450E+02
n-Fe056-MT002-Rodgers-11276009-ang-E0002.330.1967                5 3.00000E+01 1.20000E+02
n-Fe056-MT002-Sagradogarcia-23059003-ang-E0096.000.2011          4 1.50000E+01 5.50000E+01
n-Fe056-MT002-Schweitzer-30463020-ang-E0003.400.1978            12 1.49000E+01 1.50000E+02
n-Fe056-MT002-Tutubalin-40417003-ang-E0014.700.1973             16 1.50000E+01 1.30000E+02
