#              Filename                                         N    min         max
n-Cl037-MT151-Bilpuch-112660071.1959                            18 8.50000E-03 1.93000E-01
n-Cl037-MT151-Bilpuch-112660072.1959                            18 8.50000E-03 1.93000E-01
n-Cl037-MT151-Brugger-113170071.1956                             1 8.70000E-03 8.70000E-03
n-Cl037-MT151-Macklin-128570031.1984                            12 8.30300E-03 1.50700E-01
n-Cl037-MT151-Macklin-128570033.1984                             2 8.30300E-03 2.55300E-02
n-Cl037-MT151-Macklin-128570034.1984                             9 8.30300E-03 1.27300E-01
n-Cl037-MT151-Macklin-128570035.1984                             3 8.30300E-03 4.64900E-02
n-Cl037-MT151-Morgenstern-206840051.1969                         8 1.62720E-02 9.27000E-02
n-Cl037-MT151-Morgenstern-206840052.1969                         8 1.62720E-02 9.27000E-02
n-Cl037-MT151-Morgenstern-206840053.1969                         8 1.62720E-02 9.27000E-02
n-Cl037-MT151-Morgenstern-206840054.1969                         8 1.62720E-02 9.27000E-02
n-Cl037-MT151-Morgenstern-206840055.1969                         8 1.62720E-02 9.27000E-02
n-Cl037-MT151-Morgenstern-20684006.1969                          2 5.75000E-02 5.75000E-02
n-Cl037-MT151-Patterson-115890061.1957                           9 8.00000E-03 2.02000E-01
n-Cl037-MT151-Patterson-115890062.1957                           8 2.70000E-02 2.02000E-01
n-Cl037-MT151-Patterson-115890063.1957                           8 2.70000E-02 2.02000E-01
n-Cl037-MT151-Patterson-115890064.1957                           8 2.70000E-02 2.02000E-01
n-Cl037-MT151-Singh-105180031.1974                               6 8.31210E-03 9.30600E-02
n-Cl037-MT151-Singh-105180031A001.1974                           6 8.31210E-03 9.30600E-02
n-Cl037-MT151-Singh-105180032.1974                               6 8.31210E-03 9.30600E-02
n-Cl037-MT151-Singh-105180032A001.1974                           6 8.31210E-03 9.30600E-02
n-Cl037-MT151-Singh-105180033.1974                               6 8.31210E-03 9.30600E-02
n-Cl037-MT151-Singh-105180033A001.1974                           6 8.31210E-03 9.30600E-02
n-Cl037-MT151-Singh-105180034.1974                               6 8.31210E-03 9.30600E-02
n-Cl037-MT151-Singh-105180034A001.1974                           6 8.31210E-03 9.30600E-02
n-Cl037-MT151-Singh-10518006.1974                                1 5.07000E-02 5.07000E-02
n-Cl037-MT151-Singh-10518006A001.1974                            1 5.07000E-02 5.07000E-02
