#              Filename                                         N    min         max
p-Ni064-MT002-Benveniste-O04320031-ang-E0009.600.1963           41 2.00000E+01 1.70000E+02
p-Ni064-MT002-Beuzit-O0458004-ang-E0012.000.1969                23 3.45000E+01 1.59200E+02
p-Ni064-MT002-Fulmer-C1019018-ang-E0022.200.1962                 1 9.00000E+01 9.00000E+01
p-Ni064-MT002-Gubin-F1407006-ang-E0005.836.1974                  1 1.50000E+02 1.60000E+02
p-Ni064-MT002-Gubin-F1407006-ang-E0005.840.1974                  1 9.00000E+01 1.50000E+02
p-Ni064-MT002-Gubin-F1407006-ang-E0005.854.1974                  2 9.00000E+01 1.40000E+02
p-Ni064-MT002-Gubin-F1407006-ang-E0005.856.1974                  1 7.00000E+01 1.40000E+02
p-Ni064-MT002-Gubin-F1407006-ang-E0005.857.1974                  1 6.00000E+01 7.00000E+01
p-Ni064-MT002-Gubin-F1407006-ang-E0005.862.1974                  1 6.00000E+01 1.10000E+02
p-Ni064-MT002-Gubin-F1407006-ang-E0005.868.1974                  1 8.00000E+01 1.10000E+02
p-Ni064-MT002-Gubin-F1407006-ang-E0005.869.1974                  1 8.00000E+01 1.50000E+02
p-Ni064-MT002-Gubin-F1407006-ang-E0005.870.1974                  1 1.50000E+02 1.60000E+02
p-Ni064-MT002-Gubin-F1407006-ang-E0005.877.1974                  1 1.40000E+02 1.60000E+02
p-Ni064-MT002-Gubin-F1407006-ang-E0005.885.1974                  1 6.00000E+01 1.40000E+02
p-Ni064-MT002-Gubin-F1407006-ang-E0005.894.1974                  1 6.00000E+01 7.00000E+01
p-Ni064-MT002-Gubin-F1407006-ang-E0005.895.1974                  1 7.00000E+01 1.00000E+02
p-Ni064-MT002-Gubin-F1407006-ang-E0005.896.1974                  1 1.00000E+02 1.30000E+02
p-Ni064-MT002-Gubin-F1407006-ang-E0005.897.1974                  1 1.30000E+02 1.50000E+02
p-Ni064-MT002-Gubin-F1407006-ang-E0005.898.1974                  1 9.00000E+01 1.50000E+02
p-Ni064-MT002-Gubin-F1407006-ang-E0005.899.1974                  1 8.00000E+01 9.00000E+01
p-Ni064-MT002-Gubin-F1407006-ang-E0005.902.1974                  1 8.00000E+01 1.10000E+02
p-Ni064-MT002-Gubin-F1407006-ang-E0005.910.1974                  1 1.10000E+02 1.60000E+02
p-Ni064-MT002-Gubin-F1407006-ang-E0005.912.1974                  1 1.40000E+02 1.60000E+02
p-Ni064-MT002-Gubin-F1407006-ang-E0005.917.1974                  1 6.00000E+01 1.40000E+02
p-Ni064-MT002-Gubin-F1407006-ang-E0005.927.1974                  1 6.00000E+01 9.00000E+01
p-Ni064-MT002-Gubin-F1407006-ang-E0005.929.1974                  1 9.00000E+01 1.20000E+02
p-Ni064-MT002-Gubin-F1407006-ang-E0005.930.1974                  1 1.20000E+02 1.30000E+02
p-Ni064-MT002-Gubin-F1407006-ang-E0005.932.1974                  1 1.30000E+02 1.50000E+02
p-Ni064-MT002-Gubin-F1407006-ang-E0005.936.1974                  1 1.50000E+02 1.60000E+02
p-Ni064-MT002-Gubin-F1407006-ang-E0005.937.1974                  1 7.00000E+01 1.60000E+02
p-Ni064-MT002-Gubin-F1407006-ang-E0005.938.1974                  1 7.00000E+01 8.00000E+01
p-Ni064-MT002-Gubin-F1407006-ang-E0005.939.1974                  1 8.00000E+01 1.00000E+02
p-Ni064-MT002-Gubin-F1407006-ang-E0005.941.1974                  1 1.00000E+02 1.40000E+02
p-Ni064-MT002-Gubin-F1407006-ang-E0005.942.1974                  1 1.20000E+02 1.40000E+02
p-Ni064-MT002-Gubin-F1407006-ang-E0005.953.1974                  1 1.20000E+02 1.30000E+02
p-Ni064-MT002-Gubin-F1407006-ang-E0005.955.1974                  1 1.10000E+02 1.30000E+02
p-Ni064-MT002-Gubin-F1407006-ang-E0005.956.1974                  1 9.00000E+01 1.10000E+02
p-Ni064-MT002-Gubin-F1407006-ang-E0005.964.1974                  1 6.00000E+01 9.00000E+01
p-Ni064-MT002-Gubin-F1407006-ang-E0005.965.1974                  2 6.00000E+01 1.60000E+02
p-Ni064-MT002-Gubin-F1407006-ang-E0005.976.1974                  1 8.00000E+01 1.60000E+02
p-Ni064-MT002-Gubin-F1407006-ang-E0005.977.1974                  2 7.00000E+01 1.00000E+02
p-Ni064-MT002-Gubin-F1407006-ang-E0005.978.1974                  1 7.00000E+01 1.20000E+02
p-Ni064-MT002-Gubin-F1407006-ang-E0005.980.1974                  2 1.20000E+02 1.40000E+02
p-Ni064-MT002-Gubin-F1407006-ang-E0005.982.1974                  1 1.10000E+02 1.30000E+02
p-Ni064-MT002-Gubin-F1407006-ang-E0005.990.1974                  1 6.00000E+01 1.10000E+02
p-Ni064-MT002-Gubin-F1407006-ang-E0005.998.1974                  1 6.00000E+01 1.50000E+02
p-Ni064-MT002-Gubin-F1407006-ang-E0005.999.1974                  1 1.20000E+02 1.50000E+02
p-Ni064-MT002-Gubin-F1407006-ang-E0006.001.1974                  1 9.00000E+01 1.20000E+02
p-Ni064-MT002-Gubin-F1407006-ang-E0006.003.1974                  1 7.00000E+01 9.00000E+01
p-Ni064-MT002-Gubin-F1407006-ang-E0006.004.1974                  2 7.00000E+01 1.40000E+02
p-Ni064-MT002-Gubin-F1407006-ang-E0006.008.1974                  1 1.00000E+02 1.30000E+02
p-Ni064-MT002-Gubin-F1407006-ang-E0006.010.1974                  1 1.30000E+02 1.60000E+02
p-Ni064-MT002-Gubin-F1407006-ang-E0006.011.1974                  1 8.00000E+01 1.60000E+02
p-Ni064-MT002-Gubin-F1407006-ang-E0006.014.1974                  1 8.00000E+01 1.10000E+02
p-Ni064-MT002-Gubin-F1407006-ang-E0006.024.1974                  1 6.00000E+01 1.10000E+02
p-Ni064-MT002-Gubin-F1407006-ang-E0006.027.1974                  2 6.00000E+01 1.50000E+02
p-Ni064-MT002-Gubin-F1407006-ang-E0006.029.1974                  2 9.00000E+01 1.30000E+02
p-Ni064-MT002-Gubin-F1407006-ang-E0006.030.1974                  1 1.20000E+02 1.60000E+02
p-Ni064-MT002-Gubin-F1407006-ang-E0006.034.1974                  1 1.40000E+02 1.60000E+02
p-Ni064-MT002-Gubin-F1407006-ang-E0006.035.1974                  1 8.00000E+01 1.40000E+02
p-Ni064-MT002-Gubin-F1407006-ang-E0006.041.1974                  1 7.00000E+01 8.00000E+01
p-Ni064-MT002-Gubin-F1407006-ang-E0006.050.1974                  2 7.00000E+01 1.20000E+02
p-Ni064-MT002-Gubin-F1407006-ang-E0006.052.1974                  1 1.20000E+02 1.50000E+02
p-Ni064-MT002-Gubin-F1407006-ang-E0006.054.1974                  1 6.00000E+01 1.50000E+02
p-Ni064-MT002-Gubin-F1407006-ang-E0006.057.1974                  1 6.00000E+01 1.10000E+02
p-Ni064-MT002-Gubin-F1407006-ang-E0006.061.1974                  2 1.10000E+02 1.60000E+02
p-Ni064-MT002-Gubin-F1407006-ang-E0006.066.1974                  1 1.30000E+02 1.40000E+02
p-Ni064-MT002-Gubin-F1407006-ang-E0006.067.1974                  1 9.00000E+01 1.30000E+02
p-Ni064-MT002-Gubin-F1407006-ang-E0006.075.1974                  1 8.00000E+01 9.00000E+01
p-Ni064-MT002-Gubin-F1407006-ang-E0006.078.1974                  1 7.00000E+01 8.00000E+01
p-Ni064-MT002-Gubin-F1407006-ang-E0006.081.1974                  1 7.00000E+01 1.20000E+02
p-Ni064-MT002-Gubin-F1407006-ang-E0006.083.1974                  1 1.20000E+02 1.40000E+02
p-Ni064-MT002-Gubin-F1407006-ang-E0006.084.1974                  1 1.30000E+02 1.40000E+02
p-Ni064-MT002-Gubin-F1407006-ang-E0006.085.1974                  1 1.00000E+02 1.30000E+02
p-Ni064-MT002-Gubin-F1407006-ang-E0006.087.1974                  2 1.00000E+02 1.60000E+02
p-Ni064-MT002-Gubin-F1407006-ang-E0006.090.1974                  1 6.00000E+01 1.60000E+02
p-Ni064-MT002-Gubin-F1407006-ang-E0006.095.1974                  1 6.00000E+01 1.10000E+02
p-Ni064-MT002-Gubin-F1407006-ang-E0006.097.1974                  1 1.10000E+02 1.20000E+02
p-Ni064-MT002-Gubin-F1407006-ang-E0006.101.1974                  1 1.20000E+02 1.40000E+02
p-Ni064-MT002-Gubin-F1407006-ang-E0006.110.1974                  1 9.00000E+01 1.40000E+02
p-Ni064-MT002-Gubin-F1407006-ang-E0006.114.1974                  1 7.00000E+01 9.00000E+01
p-Ni064-MT002-Gubin-F1407006-ang-E0006.119.1974                  1 7.00000E+01 8.00000E+01
p-Ni064-MT002-Gubin-F1407006-ang-E0006.120.1974                  1 8.00000E+01 1.50000E+02
p-Ni064-MT002-Gubin-F1407006-ang-E0006.121.1974                  1 1.20000E+02 1.50000E+02
p-Ni064-MT002-Gubin-F1407006-ang-E0006.123.1974                  2 1.20000E+02 1.60000E+02
p-Ni064-MT002-Gubin-F1407006-ang-E0006.124.1974                  1 1.00000E+02 1.60000E+02
p-Ni064-MT002-Gubin-F1407006-ang-E0006.132.1974                  1 6.00000E+01 1.00000E+02
p-Ni064-MT002-Gubin-F1407006-ang-E0006.133.1974                  1 6.00000E+01 1.10000E+02
p-Ni064-MT002-Gubin-F1407006-ang-E0006.141.1974                  1 1.10000E+02 1.30000E+02
p-Ni064-MT002-Gubin-F1407006-ang-E0006.145.1974                  1 1.30000E+02 1.50000E+02
p-Ni064-MT002-Gubin-F1407006-ang-E0006.148.1974                  1 1.50000E+02 1.60000E+02
p-Ni064-MT002-Gubin-F1407006-ang-E0006.149.1974                  1 8.00000E+01 1.60000E+02
p-Ni064-MT002-Gubin-F1407006-ang-E0006.151.1974                  1 8.00000E+01 9.00000E+01
p-Ni064-MT002-Gubin-F1407006-ang-E0006.155.1974                  1 9.00000E+01 1.40000E+02
p-Ni064-MT002-Gubin-F1407006-ang-E0006.156.1974                  1 1.20000E+02 1.40000E+02
p-Ni064-MT002-Gubin-F1407006-ang-E0006.158.1974                  1 7.00000E+01 1.20000E+02
p-Ni064-MT002-Gubin-F1407006-ang-E0006.160.1974                  1 7.00000E+01 1.00000E+02
p-Ni064-MT002-Gubin-F1407006-ang-E0006.166.1974                  1 6.00000E+01 1.00000E+02
p-Ni064-MT002-Gubin-F1407006-ang-E0006.173.1974                  1 6.00000E+01 1.30000E+02
p-Ni064-MT002-Gubin-F1407006-ang-E0006.175.1974                  1 1.30000E+02 1.40000E+02
p-Ni064-MT002-Gubin-F1407006-ang-E0006.178.1974                  1 1.40000E+02 1.50000E+02
p-Ni064-MT002-Gubin-F1407006-ang-E0006.181.1974                  1 1.20000E+02 1.50000E+02
p-Ni064-MT002-Gubin-F1407006-ang-E0006.185.1974                  2 8.00000E+01 1.60000E+02
p-Ni064-MT002-Gubin-F1407006-ang-E0006.189.1974                  1 8.00000E+01 1.10000E+02
p-Ni064-MT002-Gubin-F1407006-ang-E0006.191.1974                  1 9.00000E+01 1.10000E+02
p-Ni064-MT002-Gubin-F1407006-ang-E0006.193.1974                  1 7.00000E+01 9.00000E+01
p-Ni064-MT002-Gubin-F1407006-ang-E0006.195.1974                  1 6.00000E+01 7.00000E+01
p-Ni064-MT002-Gubin-F1407006-ang-E0006.196.1974                  1 6.00000E+01 1.30000E+02
p-Ni064-MT002-Gubin-F1407006-ang-E0006.203.1974                  1 1.20000E+02 1.30000E+02
p-Ni064-MT002-Gubin-F1407006-ang-E0006.204.1974                  2 1.00000E+02 1.40000E+02
p-Ni064-MT002-Gubin-F1407006-ang-E0006.209.1974                  1 1.00000E+02 1.50000E+02
p-Ni064-MT002-Gubin-F1407006-ang-E0006.212.1974                  1 1.50000E+02 1.60000E+02
p-Ni064-MT002-Gubin-F1407006-ang-E0006.217.1974                  1 8.00000E+01 1.60000E+02
p-Ni064-MT002-Gubin-F1407006-ang-E0006.224.1974                  1 8.00000E+01 9.00000E+01
p-Ni064-MT002-Gubin-F1407006-ang-E0006.228.1974                  1 9.00000E+01 1.10000E+02
p-Ni064-MT002-Gubin-F1407006-ang-E0006.233.1974                  1 7.00000E+01 1.10000E+02
p-Ni064-MT002-Gubin-F1407006-ang-E0006.237.1974                  2 6.00000E+01 1.50000E+02
p-Ni064-MT002-Gubin-F1407006-ang-E0006.238.1974                  1 6.00000E+01 1.20000E+02
p-Ni064-MT002-Gubin-F1407006-ang-E0006.241.1974                  1 1.20000E+02 1.40000E+02
p-Ni064-MT002-Gubin-F1407006-ang-E0006.242.1974                  1 1.00000E+02 1.40000E+02
p-Ni064-MT002-Gubin-F1407006-ang-E0006.254.1974                  1 1.00000E+02 1.30000E+02
p-Ni064-MT002-Gubin-F1407006-ang-E0006.261.1974                  1 8.00000E+01 1.30000E+02
p-Ni064-MT002-Gubin-F1407006-ang-E0006.262.1974                  2 8.00000E+01 1.60000E+02
p-Ni064-MT002-Gubin-F1407006-ang-E0006.263.1974                  1 6.00000E+01 1.20000E+02
p-Ni064-MT002-Gubin-F1407006-ang-E0006.271.1974                  1 6.00000E+01 1.50000E+02
p-Ni064-MT002-Gubin-F1407006-ang-E0006.275.1974                  1 9.00000E+01 1.50000E+02
p-Ni064-MT002-Gubin-F1407006-ang-E0006.276.1974                  3 7.00000E+01 1.40000E+02
p-Ni064-MT002-Gubin-F1407006-ang-E0006.279.1974                  1 7.00000E+01 1.00000E+02
p-Ni064-MT002-Gubin-F1407006-ang-E0006.294.1974                  2 1.00000E+02 1.40000E+02
p-Ni064-MT002-Gubin-F1407006-ang-E0006.297.1974                  1 1.30000E+02 1.40000E+02
p-Ni064-MT002-Gubin-F1407006-ang-E0006.298.1974                  1 8.00000E+01 1.30000E+02
p-Ni064-MT002-Gubin-F1407006-ang-E0006.299.1974                  1 8.00000E+01 1.60000E+02
p-Ni064-MT002-Gubin-F1407006-ang-E0006.311.1974                  1 6.00000E+01 1.60000E+02
p-Ni064-MT002-Gubin-F1407006-ang-E0006.312.1974                  1 6.00000E+01 1.50000E+02
p-Ni064-MT002-Gubin-F1407006-ang-E0006.314.1974                  1 7.00000E+01 1.50000E+02
p-Ni064-MT002-Gubin-F1407006-ang-E0006.318.1974                  2 7.00000E+01 1.10000E+02
p-Ni064-MT002-Gubin-F1407006-ang-E0006.319.1974                  1 9.00000E+01 1.20000E+02
p-Ni064-MT002-Gubin-F1407006-ang-E0006.321.1974                  1 1.20000E+02 1.30000E+02
p-Ni064-MT002-Gubin-F1407006-ang-E0006.323.1974                  1 1.30000E+02 1.40000E+02
p-Ni064-MT002-Gubin-F1407006-ang-E0006.328.1974                  1 1.40000E+02 1.50000E+02
p-Ni064-MT002-Gubin-F1407006-ang-E0006.336.1974                  1 1.00000E+02 1.50000E+02
p-Ni064-MT002-Gubin-F1407006-ang-E0006.339.1974                  1 1.00000E+02 1.60000E+02
p-Ni064-MT002-Gubin-F1407006-ang-E0006.349.1974                  2 1.40000E+02 1.60000E+02
p-Ni064-MT002-Hoffmann-C0258006-ang-E0796.000.1978              83 3.20008E+00 2.42000E+01
p-Ni064-MT002-Kossanyidemay-D0286021-ang-E0018.600.1967         27 2.99790E+01 1.49250E+02
p-Ni064-MT002-Leejr-C1024006-ang-E0012.000.1964                 29 3.00000E+01 1.69500E+02
p-Ni064-MT002-Liers-O04360051-ang-E0039.600.1970                22 2.26000E+01 1.20000E+02
p-Ni064-MT002-Lombard-O0126005-ang-E1047.000.1981               48 3.50001E+00 1.54000E+01
p-Ni064-MT002-Moses-C2705006-ang-E0003.192.1971                  1 1.20000E+02 1.60000E+02
p-Ni064-MT002-Moses-C2705006-ang-E0003.192A001.1971              1 1.35000E+02 1.60000E+02
p-Ni064-MT002-Moses-C2705006-ang-E0003.192A002.1971              1 1.35000E+02 1.35000E+02
p-Ni064-MT002-Noro-E0249032-ang-E0065.000.1981                  34 1.31000E+01 7.01000E+01
p-Ni064-MT002-Perey-C2165010-ang-E0011.000.1968                 30 2.50000E+01 1.65000E+02
p-Ni064-MT002-Sakaguchi-E1201012-ang-E0065.000.1981             34 1.31000E+01 7.01000E+01
p-Ni064-MT002-Sakaguchi-O0032065S-ang-E0065.000.1983            34 1.31000E+01 7.01000E+01
