#              Filename                                         N    min         max
n-W186-MT151-Aleksandrov-415920031.1980                          1 1.88300E-05 1.88300E-05
n-W186-MT151-Aleksandrov-415920032.1980                          1 1.88300E-05 1.88300E-05
n-W186-MT151-Aleksandrov-415920051.1980                          1 1.88300E-05 1.88300E-05
n-W186-MT151-Aleksandrov-415920052.1980                          1 1.88300E-05 1.88300E-05
n-W186-MT151-Anufriev-406080021.1981                             4 1.88300E-05 2.86500E-04
n-W186-MT151-Anufriev-406080022.1981                             4 1.88300E-05 2.86500E-04
n-W186-MT151-Anufriev-406080023.1981                             4 1.88300E-05 2.86500E-04
n-W186-MT151-Bartolome-100020201.1969                           25 1.96000E-04 3.41700E-03
n-W186-MT151-Bartolome-100020201A001.1969                       25 1.96000E-04 3.41700E-03
n-W186-MT151-Bartolome-100020202.1969                           25 1.96000E-04 3.41700E-03
n-W186-MT151-Bartolome-100020202A001.1969                       25 1.96000E-04 3.41700E-03
n-W186-MT151-Bartolome-100020203.1969                           13 2.34400E-03 3.41700E-03
n-W186-MT151-Bartolome-100020203A001.1969                       13 2.34400E-03 3.41700E-03
n-W186-MT151-Bartolome-100020281.1969                            2 1.79350E-03 1.79350E-03
n-W186-MT151-Bartolome-100020281A001.1969                        2 1.79350E-03 1.79350E-03
n-W186-MT151-Block-114580051.1966                               27 1.88000E-05 2.12000E-03
n-W186-MT151-Block-114580052.1966                               26 1.11300E-04 2.12000E-03
n-W186-MT151-Block-114580053.1966                               26 1.11300E-04 2.12000E-03
n-W186-MT151-Block-114580054.1966                               17 1.71500E-04 2.12000E-03
n-W186-MT151-Block-114580121.1966                                1 2.20000E-03 2.20000E-03
n-W186-MT151-Bowey-21117015.1957                                 2 1.87000E-05 2.19700E-04
n-W186-MT151-Camarda-105070052.1973                              1 8.67100E-03 8.67100E-03
n-W186-MT151-Camarda-105070052A001.1973                          1 8.67100E-03 8.67100E-03
n-W186-MT151-Camarda-105070091.1973                            102 1.88000E-05 1.73420E-02
n-W186-MT151-Camarda-105070091A001.1973                        102 1.88000E-05 1.73420E-02
n-W186-MT151-Camarda-105070092.1973                            102 1.88000E-05 1.73420E-02
n-W186-MT151-Camarda-105070092A001.1973                        102 1.88000E-05 1.73420E-02
n-W186-MT151-Damle-20184004.1967                                 1 1.88350E-05 1.88350E-05
n-W186-MT151-Damle-20184005.1967                                 1 1.88350E-05 1.88350E-05
n-W186-MT151-Damle-20184006.1967                                 1 1.88350E-05 1.88350E-05
n-W186-MT151-Firk-213160101.1959                                 1 1.71000E-04 1.71000E-04
n-W186-MT151-Firk-213160102.1959                                 1 1.71000E-04 1.71000E-04
n-W186-MT151-Firk-213160103.1959                                 1 1.71000E-04 1.71000E-04
n-W186-MT151-Huynh-20677003.1959                                 1 1.88000E-05 1.88000E-05
n-W186-MT151-Kononov-40013005.1967                               1 1.46250E-01 1.46250E-01
n-W186-MT151-Kononov-40977017.1987                               2 2.02500E-01 2.02500E-01
n-W186-MT151-Macklin-109990051.1983                            106 2.65900E-03 8.42700E-03
n-W186-MT151-Macklin-109990051A001.1983                        106 2.65900E-03 8.42700E-03
n-W186-MT151-Macklin-109990052.1983                             17 2.65900E-03 7.47700E-03
n-W186-MT151-Macklin-109990052A001.1983                         17 2.65900E-03 7.47700E-03
n-W186-MT151-Macklin-109990053.1983                             42 2.65900E-03 8.35400E-03
n-W186-MT151-Macklin-109990053A001.1983                         42 2.65900E-03 8.35400E-03
n-W186-MT151-Paya-112380041.1964                                 1 1.88300E-05 1.88300E-05
n-W186-MT151-Paya-112380042.1964                                 1 1.88300E-05 1.88300E-05
n-W186-MT151-Paya-112380043.1964                                 1 1.88300E-05 1.88300E-05
n-W186-MT151-Paya-112380044.1964                                 1 1.88300E-05 1.88300E-05
n-W186-MT151-Paya-112380071.1964                                 1 1.88400E-05 1.88400E-05
n-W186-MT151-Paya-112380072.1964                                 1 1.88400E-05 1.88400E-05
n-W186-MT151-Paya-112380073.1964                                 1 1.88400E-05 1.88400E-05
n-W186-MT151-Paya-112380074.1964                                 1 1.88400E-05 1.88400E-05
n-W186-MT151-Schwartz-121520061.1956                             5 1.88000E-05 4.12000E-04
n-W186-MT151-Schwartz-121520062.1956                             1 1.88000E-05 1.88000E-05
n-W186-MT151-Schwartz-121520063.1956                             3 1.88000E-05 2.21000E-04
n-W186-MT151-Vorona-322220051.2008                               1 1.87800E-05 1.87800E-05
n-W186-MT151-Vorona-322220052.2008                               1 1.87800E-05 1.87800E-05
n-W186-MT151-Vorona-322220053.2008                               1 1.87800E-05 1.87800E-05
n-W186-MT151-Waters-213170041.1959                               1 1.88000E-05 1.88000E-05
n-W186-MT151-Waters-213170042.1959                               1 1.88000E-05 1.88000E-05
n-W186-MT151-Waters-213170043.1959                               1 1.88000E-05 1.88000E-05
