#              Filename                                         N    min         max     
p-Fe000-rp004007-Aleksandrov-A0501054.1990                       1 1.00000E+03 1.00000E+03
p-Fe000-rp004007-Honda-C0235021.1960                             1 7.30000E+02 7.30000E+02
p-Fe000-rp004007-Lafleur-C0401006.1966                           1 8.50000E+01 8.50000E+01
p-Fe000-rp004007-Rayudu-O0073008.1964                            4 1.30000E+02 3.96000E+02
p-Fe000-rp004007-Rayudu-O0077012.1968                            5 5.00000E+02 2.90000E+03
p-Fe000-rp004007-Michel-O00780167.1989                           1 6.00000E+02 6.00000E+02
p-Fe000-rp004007-Perron-O0085013.1976                            1 2.10000E+04 2.10000E+04
p-Fe000-rp004007-Raisbeck-O00940101.1975                         1 1.00000E+03 1.00000E+03
p-Fe000-rp004007-Raisbeck-O00940111.1975                         1 2.00000E+03 2.00000E+03
p-Fe000-rp004007-Raisbeck-O00940121.1975                         1 3.00000E+03 3.00000E+03
p-Fe000-rp004007-Raisbeck-O00940131.1975                         1 2.30000E+04 2.30000E+04
p-Fe000-rp004007-Michel-O0276058.1997                            7 7.52000E+01 1.77000E+02
p-Fe000-rp004007-Michel-O0277095.1995                            4 8.00000E+02 2.60000E+03
p-Fe000-rp004007-Lavrukhina-O0283002.1963                        1 1.50000E+02 1.50000E+02
p-Fe000-rp004007-Schiekel-O0284051.1996                          9 2.36000E+02 3.99000E+02
p-Fe000-rp004007-Lavrukhina-O0299002.1963                        1 6.60000E+02 6.60000E+02
p-Fe000-rp004007-Fassbender-O0729013.1998                       13 8.67000E+01 3.52800E+02
p-Fe000-rp004007-Gloris-O1881002.1998                           32 8.43000E+01 2.53000E+03
p-Fe000-rp004007-Neumann-O1882002.1999                           4 2.78000E+02 2.60000E+03
p-Fe000-rp004007-Regnier-O2037002.1975                           2 6.00000E+02 2.40000E+04
p-Fe000-rp004007-Orth-T0131020.1976                              1 5.90000E+02 5.90000E+02
