#              Filename                                         N    min         max
n-Mo000-MT151-Bollinger-119110031.1962                           1 1.20000E-05 1.20000E-05
n-Mo000-MT151-Bollinger-119110032.1962                           1 1.20000E-05 1.20000E-05
n-Mo000-MT151-Coceva-21114007.1968                              19 1.08780E-04 1.19360E-03
n-Mo000-MT151-Coceva-21114008.1968                               6 3.80700E-04 1.20400E-03
n-Mo000-MT151-Harvey-119120451.1955                              3 4.06000E-04 5.10000E-04
n-Mo000-MT151-Harvey-119120452.1955                              3 4.06000E-04 5.10000E-04
n-Mo000-MT151-Harvey-119120453.1955                              3 4.06000E-04 5.10000E-04
n-Mo000-MT151-Ignatev-41627010.1964                              6 4.46000E-05 3.62700E-04
n-Mo000-MT151-Julien-20687014.1969                              39 2.65000E-04 2.16200E-03
n-Mo000-MT151-Kompe-20358006.1969                                2 8.00000E-02 8.00000E-02
n-Mo000-MT151-Mitzel-213240041.1964                              1 1.20000E-05 1.20000E-05
n-Mo000-MT151-Mitzel-213240042.1964                              1 1.20000E-05 1.20000E-05
n-Mo000-MT151-Pevzner-40091016.1963                              5 9.67000E-04 3.76000E-03
n-Mo000-MT151-Popov-40934009.1985                                1 4.50000E-01 4.50000E-01
n-Mo000-MT151-Popov-40934038.1985                                1 1.27400E-04 1.27400E-04
n-Mo000-MT151-Popov-40934053.1985                                2 1.27400E-04 1.27400E-04
n-Mo000-MT151-Radkevich-40382006.1956                            8 1.62000E-04 8.42000E-04
n-Mo000-MT151-Radkevich-403820071.1956                           3 4.50000E-05 1.34000E-04
n-Mo000-MT151-Radkevich-403820072.1956                           3 4.50000E-05 1.34000E-04
n-Mo000-MT151-Radkevich-403820081.1956                           3 4.50000E-05 1.34000E-04
n-Mo000-MT151-Radkevich-403820082.1956                           3 4.50000E-05 1.34000E-04
n-Mo000-MT151-Radkevich-403820091.1956                           3 4.50000E-05 1.34000E-04
n-Mo000-MT151-Seth-11665014.1964                                 2 3.26500E-01 3.26500E-01
n-Mo000-MT151-Wynchank-11913002.1968                            59 4.67300E-03 3.12330E-02
n-Mo000-MT151-Wynchank-119130031.1968                          168 7.09300E-05 5.04300E-03
n-Mo000-MT151-Wynchank-11913004.1968                             2 5.00000E-04 2.50000E-03
