#              Filename                                         N    min         max
n-Be009-MT002-Arai-20265002-ang-E0014.500.1971                  10 1.62000E+01 1.54200E+02
n-Be009-MT002-Baba-20872005-ang-E0003.260.1978                  39 3.55000E+01 1.36400E+02
n-Be009-MT002-Baba-22157013-ang-E0014.100.1988                  11 2.50000E+01 1.50000E+02
n-Be009-MT002-Beyster-11220003-ang-E0007.000.1956                8 1.29000E+01 1.49100E+02
n-Be009-MT002-Beyster-11220003-ang-E0007.000A001.1956            8 1.29000E+01 1.49100E+02
n-Be009-MT002-Boerker-22113011-ang-E0010.131.1988               34 1.31000E+01 1.31000E+01
n-Be009-MT002-Dave-14189014-ang-E0009.000.1983                  23 3.01000E+01 1.60200E+02
n-Be009-MT002-Dave-14189015-ang-E0010.000.1983                  27 2.48000E+01 1.59200E+02
n-Be009-MT002-Dave-14189016-ang-E0011.000.1983                  28 2.52000E+01 1.58600E+02
n-Be009-MT002-Dave-14189017-ang-E0012.000.1983                  26 2.47000E+01 1.59400E+02
n-Be009-MT002-Dave-14189018-ang-E0013.000.1983                  24 3.90000E+01 1.59500E+02
n-Be009-MT002-Dave-14189019-ang-E0014.000.1983                  17 5.96000E+01 1.59500E+02
n-Be009-MT002-Dave-14189020-ang-E0015.000.1983                  24 3.08000E+01 1.60100E+02
n-Be009-MT002-Drake-10678002-ang-E0005.900.1977                 24 2.50000E+01 1.25000E+02
n-Be009-MT002-Fowler-11252003-ang-E0000.730.1959                10 2.56000E+01 1.37900E+02
n-Be009-MT002-Fowler-11252003-ang-E0001.000.1959                10 2.56000E+01 1.36900E+02
n-Be009-MT002-Fowler-11252003-ang-E0001.210.1959                10 2.87000E+01 1.36900E+02
n-Be009-MT002-Fowler-11252003-ang-E0001.500.1959                10 2.97000E+01 1.36900E+02
n-Be009-MT002-Gorlov-40221002-ang-E0004.000.1965                17 1.09167E+01 1.69750E+02
n-Be009-MT002-Hansen-12935002-ang-E0014.600.1985                15 1.02170E+01 1.61278E+02
n-Be009-MT002-Hogue-10550002-ang-E0006.970.1978                246 2.49000E+01 1.59300E+02
n-Be009-MT002-Hollandsworth-10319002-ang-E0007.550.1975          6 2.69994E+00 1.41000E+01
n-Be009-MT002-Hollandsworth-10319002-ang-E0007.550A001.1975      6 2.69994E+00 1.41000E+01
n-Be009-MT002-Hyakutake-20271002-ang-E0014.100.1969             17 1.00000E+01 1.65000E+02
n-Be009-MT002-Ibaraki-22359014-ang-E0011.500.1998               26 2.00000E+01 1.50000E+02
n-Be009-MT002-JinxiangChenn-31671005-ang-E0005.900.2009         20 2.50000E+01 1.50000E+02
n-Be009-MT002-Lane-10415006-ang-E0000.050.1961                 352 2.33000E+01 1.44200E+02
n-Be009-MT002-Lane-11237004-ang-E0000.200.1964                 135 1.98000E+01 1.49800E+02
n-Be009-MT002-Lane-11251002-ang-E0000.546.1956                 190 2.21000E+01 1.45700E+02
n-Be009-MT002-Langsdorfjr-11224003-ang-E0000.030.1957          100 2.70000E+01 1.44000E+02
n-Be009-MT002-Levin-11192002-ang-E0002.480.1960                 91 2.00000E+01 1.55000E+02
n-Be009-MT002-Marion-11232009-ang-E0004.100.1959                30 2.00000E+01 1.55000E+02
n-Be009-MT002-Merchez-21177010-ang-E0014.100.1966               18 2.00000E+01 1.40000E+02
n-Be009-MT002-Nakada-11228003-ang-E0014.000.1958                21 1.89000E+01 1.39100E+02
n-Be009-MT002-Nakada-11228003-ang-E0014.000A001.1958            21 1.89000E+01 1.39100E+02
n-Be009-MT002-Olsson-22127003-ang-E0021.600.1989                38 1.00000E+01 1.60000E+02
n-Be009-MT002-Phillips-11207003-ang-E0003.000.1960             109 2.00000E+01 1.50000E+02
n-Be009-MT002-Roturier-20599003-ang-E0014.070.1968              26 7.89998E+00 1.70000E+02
n-Be009-MT002-Ruan-31605002-ang-E0008.170.2007                  11 3.08000E+01 1.49700E+02
n-Be009-MT002-Ruan-31605002-ang-E0010.270.2007                   9 3.52000E+01 1.19700E+02
n-Be009-MT002-Salmon-21123005-ang-E0096.000.1960                 5 3.00003E+00 2.00000E+01
n-Be009-MT002-Schmidt-22973002-ang-E0007.100.2007               39 1.35000E+01 1.59800E+02
n-Be009-MT002-Schmidt-22973002-ang-E0008.090.2007               39 1.31000E+01 1.59800E+02
n-Be009-MT002-Schmidt-22973002-ang-E0009.090.2007               39 1.31000E+01 1.59400E+02
n-Be009-MT002-Schmidt-22973002-ang-E0009.970.2007               39 1.38000E+01 1.60000E+02
n-Be009-MT002-Sugimoto-13154002-ang-E0004.500.1989             563 1.82000E+01 1.57000E+02
n-Be009-MT002-Takahashi-22075210-ang-E0014.100.1987             16 1.50000E+01 1.60000E+02
n-Be009-MT002-Templon-12939004-ang-E0010.962.1985               72 2.02000E+01 1.60100E+02
n-Be009-MT002-Trykova-40338002-ang-E0004.370.1975                5 3.00000E+01 1.50000E+02
n-Be009-MT002-Vanzyl-21374003-ang-E0136.000.1956                 5 0.00000E+00 1.76000E+01
n-Be009-MT002-Walt-11215005-ang-E0004.100.1955                  11 1.41000E+01 1.54100E+02
n-Be009-MT002-Walt-11215005-ang-E0004.100A001.1955              11 1.41000E+01 1.54100E+02
n-Be009-MT002-WanDairongg-32516003-ang-E0014.700.1991            5 4.09997E+00 8.70998E+00
n-Be009-MT002-Willard-11214004-ang-E0000.540.1955                8 2.77000E+01 1.44600E+02
n-Be009-MT002-Willard-11214004-ang-E0000.540A001.1955            8 2.77000E+01 1.44600E+02
n-Be009-MT002-Willard-11214004-ang-E0000.620.1955               10 2.80000E+01 1.38900E+02
n-Be009-MT002-Willard-11214004-ang-E0000.620A001.1955           10 2.80000E+01 1.38900E+02
n-Be009-MT002-Willard-11214004-ang-E0000.700.1955                8 2.80000E+01 1.34900E+02
n-Be009-MT002-Willard-11214004-ang-E0000.700A001.1955            8 2.80000E+01 1.34900E+02
n-Be009-MT002-YalingZhangg-32774003-ang-E0021.940.2017          30 2.06000E+01 1.60000E+02
n-Be009-MT002-ZhangYalingg-32723002-ang-E0008.190.2011          26 1.98000E+01 1.59600E+02
