#              Filename                                         N    min         max
n-W182-MT051-Annand-13966004-ang-E0004.870.1985                 27 2.09500E+01 1.59890E+02
n-W182-MT051-Annand-13966004-ang-E0004.870A001.1985             27 2.08700E+01 1.59450E+02
n-W182-MT051-Annand-13966004-ang-E0004.870A002.1985             16 1.94000E+01 1.29800E+02
n-W182-MT051-Annand-13966004-ang-E0006.000.1985                 29 2.09500E+01 1.60140E+02
n-W182-MT051-Annand-13966004-ang-E0006.000A001.1985             31 1.94000E+01 1.60380E+02
n-W182-MT051-Annand-13966004-ang-E0006.000A002.1985             16 2.51300E+01 1.34500E+02
n-W182-MT051-Delaroche-22513003-ang-E0003.400.1981              33 4.00000E+01 1.60000E+02
n-W182-MT051-Guenther-10803011-ang-E0001.500.1982               10 2.36000E+01 1.58000E+02
n-W182-MT051-Guenther-10803011-ang-E0001.500A001.1982           10 2.36000E+01 1.58000E+02
n-W182-MT051-Guenther-10803011-ang-E0001.700.1982               10 2.52000E+01 1.57000E+02
n-W182-MT051-Guenther-10803011-ang-E0001.700A001.1982           10 2.52000E+01 1.57000E+02
n-W182-MT051-Guenther-10803011-ang-E0001.900.1982               12 3.52000E+01 1.57000E+02
n-W182-MT051-Guenther-10803011-ang-E0001.900A001.1982           12 3.52000E+01 1.57000E+02
n-W182-MT051-Guenther-10803011-ang-E0002.100.1982                7 2.52000E+01 1.63000E+02
n-W182-MT051-Guenther-10803011-ang-E0002.100A001.1982            7 2.52000E+01 1.63000E+02
n-W182-MT051-Guenther-10803011-ang-E0002.300.1982               10 2.28000E+01 1.57000E+02
n-W182-MT051-Guenther-10803011-ang-E0002.300A001.1982           10 2.28000E+01 1.57000E+02
n-W182-MT051-Guenther-10803011-ang-E0002.500.1982               10 2.28000E+01 1.57000E+02
n-W182-MT051-Guenther-10803011-ang-E0002.500A001.1982           10 2.28000E+01 1.57000E+02
n-W182-MT051-Guenther-10803011-ang-E0002.600.1982                8 2.77000E+01 1.57000E+02
n-W182-MT051-Guenther-10803011-ang-E0002.600A001.1982            8 2.77000E+01 1.57000E+02
n-W182-MT051-Guenther-10803011-ang-E0002.700.1982                8 3.02000E+01 1.57000E+02
