#              Filename                                         N    min         max
p-Cu063-MT002-Benveniste-C0962002-ang-E0007.340.1961            16 2.01000E+01 1.61000E+02
p-Cu063-MT002-Benveniste-C0962002-ang-E0008.800.1961            18 1.98000E+01 1.68000E+02
p-Cu063-MT002-Benveniste-C0962002-ang-E0010.200.1961            28 1.98000E+01 1.69200E+02
p-Cu063-MT002-Benveniste-C0962002-ang-E0011.030.1961            22 1.89000E+01 1.66600E+02
p-Cu063-MT002-Benveniste-C0962002-ang-E0012.290.1961            25 1.89000E+01 1.64900E+02
p-Cu063-MT002-Dickens-C2175003-ang-E0012.000.1965               18 2.00000E+01 1.10000E+02
p-Cu063-MT002-Koike-E1946002-ang-E0007.560.1965                 23 3.00000E+01 3.00000E+01
p-Cu063-MT002-Koike-E1946003-ang-E0007.560.1965                 23 6.00000E+01 6.00000E+01
p-Cu063-MT002-Koike-E1946004-ang-E0007.560.1965                 22 9.50000E+01 9.50000E+01
p-Cu063-MT002-Koike-E1946005-ang-E0007.560.1965                 23 1.65000E+02 1.65000E+02
p-Cu063-MT002-Koike-E1946010-ang-E0007.940.1965                 14 2.00000E+01 1.65000E+02
p-Cu063-MT002-Koike-E1946011-ang-E0008.730.1965                 14 2.00000E+01 1.65000E+02
p-Cu063-MT002-Koike-E1946012-ang-E0009.520.1965                 16 2.00000E+01 1.65000E+02
p-Cu063-MT002-Koike-E1946013-ang-E0010.520.1965                 15 2.00000E+01 1.65000E+02
p-Cu063-MT002-Koike-E1946014-ang-E0012.000.1965                 15 2.00000E+01 1.65000E+02
p-Cu063-MT002-Koike-E1946015-ang-E0012.800.1965                 15 2.00000E+01 1.65000E+02
p-Cu063-MT002-Koike-E1946016-ang-E0014.600.1965                 16 2.00000E+01 1.65000E+02
p-Cu063-MT002-Kossanyidemay-D0286020-ang-E0018.600.1967          8 3.60980E+01 1.07930E+02
p-Cu063-MT002-Leejr-C1024007-ang-E0007.000.1964                186 2.03100E+01 1.68190E+02
p-Cu063-MT002-Perey-C2165011-ang-E0011.000.1968                 28 2.11000E+01 1.61100E+02
p-Cu063-MT002-Tomas-O0546002-ang-E0030.000.1971                 70 1.00000E+01 1.49800E+02
p-Cu063-MT002-Tomas-O0546002-ang-E0050.000.1971                 67 1.00000E+01 1.47800E+02
p-Cu063-MT002-Varner-C0893016-ang-E0016.000.1986                30 2.50000E+01 1.70000E+02
