#              Filename                                         N    min         max
p-Cr050-MT651-Fujita-E0931002-E0055.000.1985                    10 7.79996E+00 4.03000E+01
p-Cr050-MT651-Fujita-E0931003-E0055.000.1985                     6 9.30001E+00 2.69000E+01
p-Cr050-MT651-Fujita-E0931004-E0055.000.1985                     9 7.10001E+00 3.50000E+01
p-Cr050-MT651-Fujita-E0931005-E0055.000.1985                     9 7.10001E+00 3.43000E+01
p-Cr050-MT651-Fujita-E0931006-E0055.000.1985                     8 9.09999E+00 3.57000E+01
p-Cr050-MT651-Fujita-E0931007-E0055.000.1985                     8 8.59999E+00 3.55000E+01
p-Cr050-MT651-Fujita-E0931008-E0055.000.1985                     8 8.09999E+00 3.47000E+01
p-Cr050-MT651-Fujita-E0931009-E0055.000.1985                     8 4.19997E+00 2.66000E+01
p-Cr050-MT651-Fujita-E0931010-E0055.000.1985                     8 1.80016E+00 2.43000E+01
p-Cr050-MT651-Fujita-E0931011-E0055.000.1985                     8 4.50002E+00 2.72000E+01
p-Cr050-MT651-Fujita-E0931012-E0055.000.1985                     8 6.90001E+00 3.35000E+01
p-Cr050-MT651-Fujita-E0931013-E0055.000.1985                     7 7.10001E+00 3.41000E+01
p-Cr050-MT651-Fujita-E0931014-E0055.000.1985                     9 6.40000E+00 3.91000E+01
p-Cr050-MT651-Fujita-E0931015-E0055.000.1985                    10 7.40003E+00 3.99000E+01
p-Cr050-MT651-Fujita-E0931016-E0055.000.1985                    10 7.70001E+00 4.04000E+01
p-Cr050-MT651-Fujita-E0931017-E0055.000.1985                     9 6.90001E+00 3.98000E+01
p-Cr050-MT651-Fujita-E0931018-E0055.000.1985                    10 7.00003E+00 3.94000E+01
p-Cr050-MT651-Fujita-E0931019-E0055.000.1985                     9 9.09999E+00 4.15000E+01
p-Cr050-MT651-Fujita-E0931020-E0055.000.1985                     8 5.30001E+00 3.83000E+01
p-Cr050-MT651-Fujita-E0931021-E0055.000.1985                     9 7.10001E+00 3.99000E+01
p-Cr050-MT651-Fujita-E0931022-E0055.000.1985                     9 7.49999E+00 3.50000E+01
p-Cr050-MT651-Fujita-E0931023-E0055.000.1985                     9 6.60004E+00 3.37000E+01
p-Cr050-MT651-Fujita-E0931024-E0055.000.1985                    18 3.99998E+00 5.47000E+01
p-Cr050-MT651-Fujita-E0931025-E0055.000.1985                    18 3.89998E+00 5.38000E+01
p-Cr050-MT651-Fujita-E0931026-E0055.000.1985                    18 3.30002E+00 5.45000E+01
p-Cr050-MT651-Fujita-E0931027-E0055.000.1985                    10 7.70001E+00 4.02000E+01
p-Cr050-MT651-Fujita-E0931028-E0055.000.1985                     9 7.60001E+00 3.98000E+01
p-Cr050-MT651-Fujita-E0931029-E0055.000.1985                    10 7.49999E+00 3.96000E+01
p-Cr050-MT651-Fujita-E0931030-E0055.000.1985                    10 9.30001E+00 4.11000E+01
p-Cr050-MT651-Fujita-E0931031-E0055.000.1985                    10 1.06000E+01 4.07000E+01
p-Cr050-MT651-Fujita-E0931032-E0055.000.1985                    10 1.26000E+01 4.42000E+01
p-Cr050-MT651-Fujita-E0931033-E0055.000.1985                     9 8.69999E+00 3.53000E+01
p-Cr050-MT651-Fujita-E0931034-E0055.000.1985                     7 9.60001E+00 3.17000E+01
p-Cr050-MT651-Fujita-E0931035-E0055.000.1985                     8 7.79996E+00 3.50000E+01
p-Cr050-MT651-Fujita-E0931036-E0055.000.1985                     8 8.99997E+00 3.54000E+01
p-Cr050-MT651-Fujita-E0931037-E0055.000.1985                    10 5.30001E+00 3.71000E+01
p-Cr050-MT651-Fujita-E0931038-E0055.000.1985                    10 1.59998E+00 3.47000E+01
p-Cr050-MT651-Fujita-E0931039-E0055.000.1985                    10 2.59993E+00 3.40000E+01
p-Cr050-MT651-Fujita-E0931040-E0055.000.1985                     9 5.99705E-01 2.79000E+01
p-Cr050-MT651-Fujita-E0931041-E0055.000.1985                    10 3.10009E+00 3.59000E+01
p-Cr050-MT651-Fujita-E0931042-E0055.000.1985                    10 6.60004E+00 3.78000E+01
p-Cr050-MT651-Fujita-E0931043-E0055.000.1985                    10 7.00003E+00 3.90000E+01
p-Cr050-MT651-Fujita-E0931044-E0055.000.1985                    10 6.29999E+00 3.81000E+01
p-Cr050-MT651-Fujita-E0931045-E0055.000.1985                    10 7.49999E+00 3.96000E+01
p-Cr050-MT651-Fujita-E0931046-E0055.000.1985                    10 7.60001E+00 3.94000E+01
p-Cr050-MT651-Fujita-E0931047-E0055.000.1985                     9 7.40003E+00 3.48000E+01
p-Cr050-MT651-Fujita-E0931048-E0055.000.1985                     8 6.29999E+00 3.29000E+01
p-Cr050-MT651-Fujita-E0931049-E0055.000.1985                     7 9.30001E+00 3.64000E+01
p-Cr050-MT651-Fujita-E0931050-E0055.000.1985                     8 8.69999E+00 3.51000E+01
p-Cr050-MT651-Fujita-E0931051-E0055.000.1985                     7 7.89998E+00 2.94000E+01
p-Cr050-MT651-Fujita-E0931052-E0055.000.1985                     8 9.60001E+00 3.61000E+01
p-Cr050-MT651-Fujita-E0931053-E0055.000.1985                     8 7.60001E+00 3.39000E+01
p-Cr050-MT651-Fujita-E0931054-E0055.000.1985                     7 6.20005E+00 3.34000E+01
p-Cr050-MT651-Fujita-E0931055-E0055.000.1985                     8 7.00003E+00 3.39000E+01
p-Cr050-MT651-Fujita-E0931056-E0055.000.1985                     8 7.79996E+00 3.03000E+01
p-Cr050-MT651-Fujita-E0931057-E0055.000.1985                     9 4.99999E+00 3.70000E+01
p-Cr050-MT651-Fujita-E0931058-E0055.000.1985                    10 6.10002E+00 3.74000E+01
p-Cr050-MT651-Fujita-E0931059-E0055.000.1985                    10 5.90000E+00 3.80000E+01
p-Cr050-MT651-Fujita-E0931060-E0055.000.1985                    10 5.19999E+00 3.88000E+01
p-Cr050-MT651-Fujita-E0931061-E0055.000.1985                     9 6.40000E+00 3.86000E+01
p-Cr050-MT651-Fujita-E0931062-E0055.000.1985                     9 6.49999E+00 3.84000E+01
p-Cr050-MT651-Fujita-E0931063-E0055.000.1985                     9 6.69999E+00 3.90000E+01
p-Cr050-MT651-Fujita-E0931064-E0055.000.1985                     9 5.99999E+00 3.84000E+01
p-Cr050-MT651-Fujita-E0931065-E0055.000.1985                     9 6.69999E+00 3.35000E+01
p-Cr050-MT651-Fujita-E0931066-E0055.000.1985                     9 7.10001E+00 3.47000E+01
p-Cr050-MT651-Fujita-E0931067-E0055.000.1985                    10 6.20005E+00 3.84000E+01
p-Cr050-MT651-Fujita-E0931068-E0055.000.1985                    10 9.49999E+00 4.06000E+01
p-Cr050-MT651-Fujita-E0931069-E0055.000.1985                     9 9.49999E+00 4.00000E+01
p-Cr050-MT651-Fujita-E0931070-E0055.000.1985                    10 7.30001E+00 3.90000E+01
p-Cr050-MT651-Fujita-E0931071-E0055.000.1985                    10 6.79999E+00 3.90000E+01
p-Cr050-MT651-Fujita-E0931072-E0055.000.1985                     9 8.59999E+00 3.56000E+01
p-Cr050-MT651-Fujita-E0931073-E0055.000.1985                     9 8.59999E+00 4.09000E+01
p-Cr050-MT651-Fujita-E0931074-E0055.000.1985                    10 7.30001E+00 4.00000E+01
p-Cr050-MT651-Fujita-E0931075-E0055.000.1985                    10 7.89998E+00 3.97000E+01
p-Cr050-MT651-Fujita-E0931076-E0055.000.1985                    10 7.70001E+00 4.01000E+01
p-Cr050-MT651-Fujita-E0931077-E0055.000.1985                    10 7.00003E+00 3.85000E+01
p-Cr050-MT651-Fujita-E0931078-E0055.000.1985                     9 5.60000E+00 3.27000E+01
p-Cr050-MT651-Fujita-E0931079-E0055.000.1985                     8 4.50002E+00 3.07000E+01
p-Cr050-MT651-Fujita-E0931080-E0055.000.1985                     8 5.19999E+00 3.25000E+01
p-Cr050-MT651-Fujita-E0931081-E0055.000.1985                     9 4.79996E+00 3.20000E+01
p-Cr050-MT651-Fujita-E0931082-E0055.000.1985                     9 5.80002E+00 3.31000E+01
p-Cr050-MT651-Fujita-E0931083-E0055.000.1985                     8 5.99999E+00 2.86000E+01
p-Cr050-MT651-Fujita-E0931084-E0055.000.1985                     8 7.00003E+00 2.94000E+01
p-Cr050-MT651-Fujita-E0931085-E0055.000.1985                     7 9.80000E+00 3.45000E+01
p-Cr050-MT651-Fujita-E0931086-E0055.000.1985                    10 6.20005E+00 3.82000E+01
p-Cr050-MT651-Fujita-E0931087-E0055.000.1985                    10 1.03000E+01 4.25000E+01
p-Cr050-MT651-Fujita-E0931088-E0055.000.1985                    10 8.89998E+00 4.04000E+01
p-Cr050-MT651-Fujita-E0931089-E0055.000.1985                    10 6.60004E+00 3.80000E+01
p-Cr050-MT651-Fujita-E0931090-E0055.000.1985                     9 5.69997E+00 3.67000E+01
p-Cr050-MT651-Fujita-E0931091-E0055.000.1985                    10 9.40003E+00 4.21000E+01
p-Cr050-MT651-Fujita-E0931092-E0055.000.1985                     9 8.49999E+00 3.51000E+01
p-Cr050-MT651-Fujita-E0931093-E0055.000.1985                     8 8.59999E+00 4.01000E+01
p-Cr050-MT651-Fujita-E0931094-E0055.000.1985                    10 8.09999E+00 3.89000E+01
p-Cr050-MT651-Fujita-E0931095-E0055.000.1985                    10 8.49999E+00 4.12000E+01
p-Cr050-MT651-Fujita-E0931096-E0055.000.1985                    10 1.24000E+01 4.39000E+01
p-Cr050-MT651-Fujita-E0931097-E0055.000.1985                     6 1.06000E+01 3.33000E+01
p-Cr050-MT651-Fujita-E0931098-E0055.000.1985                    10 5.80002E+00 3.84000E+01
p-Cr050-MT651-Fujita-E0931099-E0055.000.1985                     8 1.26000E+01 3.69000E+01
p-Cr050-MT651-Fujita-E0931100-E0055.000.1985                     7 7.19999E+00 3.30000E+01
p-Cr050-MT651-Fujita-E0931101-E0055.000.1985                     6 6.90001E+00 2.90000E+01
p-Cr050-MT651-Fujita-E0931102-E0055.000.1985                     7 7.30001E+00 2.97000E+01
p-Cr050-MT651-Fujita-E0931103-E0055.000.1985                     7 8.69999E+00 3.06000E+01
p-Cr050-MT651-Fujita-E0931104-E0055.000.1985                     6 8.59999E+00 2.64000E+01
p-Cr050-MT651-Fujita-E0931105-E0055.000.1985                     8 5.60000E+00 3.20000E+01
p-Cr050-MT651-Fujita-E0931106-E0055.000.1985                     8 8.59999E+00 3.53000E+01
p-Cr050-MT651-Fujita-E0931107-E0055.000.1985                     9 5.39997E+00 3.28000E+01
p-Cr050-MT651-Fujita-E0931108-E0055.000.1985                     8 1.06000E+01 3.24000E+01
p-Cr050-MT651-Fujita-E0931109-E0055.000.1985                     8 8.69999E+00 3.12000E+01
p-Cr050-MT651-Fujita-E0931110-E0055.000.1985                     8 8.30000E+00 3.05000E+01
p-Cr050-MT651-Fujita-E0931111-E0055.000.1985                    10 7.79996E+00 3.98000E+01
p-Cr050-MT651-Fujita-E0931112-E0055.000.1985                     9 7.89998E+00 4.03000E+01
p-Cr050-MT651-Ohnuma-E0120022-E0051.930.1980                    34 5.60000E+00 9.45000E+01
p-Cr050-MT651-Ohnuma-E0120023-E0051.930.1980                    29 1.80000E+01 9.53000E+01
p-Cr050-MT651-Ohnuma-E0120024-E0051.930.1980                    31 1.26000E+01 9.50000E+01
