#              Filename                                         N    min         max
h-H003-MT002-Batten-O1769002-ang-E0027.680.1970                 28 2.50000E+01 8.73000E+01
h-H003-MT002-Batten-O1769003-ang-E0032.310.1970                 31 2.25000E+01 1.80000E+02
h-H003-MT002-Batten-O1769004-ang-E0024.690.1970                 44 3.00000E+01 7.50000E+01
h-H003-MT002-Vlastou-O1781002-ang-E0023.500.1977                21 2.05000E+01 7.48000E+01
h-H003-MT002-Vlastou-O1781002-ang-E0025.300.1977                22 2.05000E+01 7.56000E+01
h-H003-MT002-Vlastou-O1781002-ang-E0029.900.1977                22 2.21000E+01 7.49000E+01
h-H003-MT002-Vlastou-O1781002-ang-E0033.300.1977                25 2.25000E+01 8.18000E+01
h-H003-MT002-Vlastou-O1781004-ang-E0005.520.1977                 1 3.25000E+01 7.25000E+01
h-H003-MT002-Vlastou-O1781004-ang-E0005.590.1977                 1 6.75000E+01 7.25000E+01
h-H003-MT002-Vlastou-O1781004-ang-E0005.730.1977                 1 6.25000E+01 6.75000E+01
h-H003-MT002-Vlastou-O1781004-ang-E0005.780.1977                 1 5.25000E+01 6.25000E+01
h-H003-MT002-Vlastou-O1781004-ang-E0005.800.1977                 1 2.75000E+01 5.25000E+01
h-H003-MT002-Vlastou-O1781004-ang-E0005.860.1977                 1 2.75000E+01 5.75000E+01
h-H003-MT002-Vlastou-O1781004-ang-E0005.870.1977                 1 3.75000E+01 5.75000E+01
h-H003-MT002-Vlastou-O1781004-ang-E0005.940.1977                 1 3.75000E+01 6.75000E+01
h-H003-MT002-Vlastou-O1781004-ang-E0006.000.1977                 1 2.75000E+01 6.75000E+01
h-H003-MT002-Vlastou-O1781004-ang-E0007.000.1977                 1 2.75000E+01 7.25000E+01
h-H003-MT002-Vlastou-O1781004-ang-E0007.690.1977                 1 6.75000E+01 7.25000E+01
h-H003-MT002-Vlastou-O1781004-ang-E0007.700.1977                 1 3.25000E+01 6.75000E+01
h-H003-MT002-Vlastou-O1781004-ang-E0007.760.1977                 1 3.25000E+01 5.25000E+01
h-H003-MT002-Vlastou-O1781004-ang-E0007.770.1977                 1 5.25000E+01 5.75000E+01
h-H003-MT002-Vlastou-O1781004-ang-E0007.910.1977                 1 2.75000E+01 5.75000E+01
h-H003-MT002-Vlastou-O1781004-ang-E0007.940.1977                 2 2.75000E+01 6.25000E+01
h-H003-MT002-Vlastou-O1781004-ang-E0007.980.1977                 1 3.75000E+01 7.25000E+01
h-H003-MT002-Vlastou-O1781004-ang-E0008.850.1977                 1 5.25000E+01 7.25000E+01
h-H003-MT002-Vlastou-O1781004-ang-E0008.860.1977                 1 3.25000E+01 5.25000E+01
h-H003-MT002-Vlastou-O1781004-ang-E0008.920.1977                 1 3.25000E+01 6.75000E+01
h-H003-MT002-Vlastou-O1781004-ang-E0008.990.1977                 1 3.75000E+01 6.75000E+01
h-H003-MT002-Vlastou-O1781004-ang-E0009.000.1977                 2 3.75000E+01 6.25000E+01
h-H003-MT002-Vlastou-O1781004-ang-E0009.010.1977                 1 2.75000E+01 6.25000E+01
h-H003-MT002-Vlastou-O1781004-ang-E0009.020.1977                 1 2.75000E+01 5.25000E+01
h-H003-MT002-Vlastou-O1781004-ang-E0009.670.1977                 2 3.25000E+01 7.25000E+01
h-H003-MT002-Vlastou-O1781004-ang-E0009.740.1977                 1 3.25000E+01 5.75000E+01
h-H003-MT002-Vlastou-O1781004-ang-E0009.820.1977                 1 2.75000E+01 5.75000E+01
h-H003-MT002-Vlastou-O1781004-ang-E0009.900.1977                 1 2.75000E+01 6.25000E+01
h-H003-MT002-Vlastou-O1781004-ang-E0009.960.1977                 1 3.25000E+01 6.25000E+01
h-H003-MT002-Vlastou-O1781004-ang-E0010.960.1977                 2 3.25000E+01 7.25000E+01
h-H003-MT002-Vlastou-O1781004-ang-E0010.970.1977                 1 2.75000E+01 6.75000E+01
h-H003-MT002-Vlastou-O1781004-ang-E0010.980.1977                 2 2.75000E+01 5.25000E+01
h-H003-MT002-Vlastou-O1781004-ang-E0011.030.1977                 1 5.25000E+01 5.75000E+01
h-H003-MT002-Vlastou-O1781004-ang-E0011.040.1977                 1 5.75000E+01 6.25000E+01
h-H003-MT002-Vlastou-O1781004-ang-E0011.110.1977                 1 6.25000E+01 7.25000E+01
h-H003-MT002-Vlastou-O1781004-ang-E0011.710.1977                 1 6.75000E+01 7.25000E+01
h-H003-MT002-Vlastou-O1781004-ang-E0011.780.1977                 1 3.25000E+01 6.75000E+01
h-H003-MT002-Vlastou-O1781004-ang-E0011.840.1977                 1 3.25000E+01 5.25000E+01
h-H003-MT002-Vlastou-O1781004-ang-E0011.850.1977                 1 2.75000E+01 5.25000E+01
h-H003-MT002-Vlastou-O1781004-ang-E0011.920.1977                 1 2.75000E+01 5.75000E+01
h-H003-MT002-Vlastou-O1781004-ang-E0011.990.1977                 1 3.75000E+01 5.75000E+01
h-H003-MT002-Vlastou-O1781004-ang-E0012.000.1977                 1 3.75000E+01 7.25000E+01
h-H003-MT002-Vlastou-O1781004-ang-E0012.860.1977                 1 5.25000E+01 7.25000E+01
h-H003-MT002-Vlastou-O1781004-ang-E0012.870.1977                 1 2.75000E+01 5.25000E+01
h-H003-MT002-Vlastou-O1781004-ang-E0013.000.1977                 1 2.75000E+01 6.25000E+01
h-H003-MT002-Vlastou-O1781004-ang-E0013.010.1977                 2 3.25000E+01 6.75000E+01
h-H003-MT002-Vlastou-O1781004-ang-E0013.070.1977                 1 3.25000E+01 3.75000E+01
h-H003-MT002-Vlastou-O1781004-ang-E0013.080.1977                 2 3.75000E+01 5.75000E+01
h-H003-MT002-Vlastou-O1781004-ang-E0013.820.1977                 1 3.75000E+01 5.25000E+01
h-H003-MT002-Vlastou-O1781004-ang-E0013.830.1977                 1 3.75000E+01 7.25000E+01
h-H003-MT002-Vlastou-O1781004-ang-E0013.880.1977                 1 3.25000E+01 7.25000E+01
h-H003-MT002-Vlastou-O1781004-ang-E0013.890.1977                 2 3.25000E+01 6.75000E+01
h-H003-MT002-Vlastou-O1781004-ang-E0013.900.1977                 1 5.75000E+01 6.25000E+01
h-H003-MT002-Vlastou-O1781004-ang-E0014.030.1977                 1 3.25000E+01 6.25000E+01
h-H003-MT002-Vlastou-O1781004-ang-E0014.910.1977                 2 2.75000E+01 6.75000E+01
h-H003-MT002-Vlastou-O1781004-ang-E0014.960.1977                 1 2.75000E+01 7.25000E+01
h-H003-MT002-Vlastou-O1781004-ang-E0014.970.1977                 1 5.25000E+01 7.25000E+01
h-H003-MT002-Vlastou-O1781004-ang-E0014.980.1977                 1 5.25000E+01 5.75000E+01
h-H003-MT002-Vlastou-O1781004-ang-E0015.050.1977                 1 5.75000E+01 6.25000E+01
h-H003-MT002-Vlastou-O1781004-ang-E0015.110.1977                 1 3.25000E+01 6.25000E+01
h-H003-MT002-Vlastou-O1781004-ang-E0015.930.1977                 2 3.25000E+01 5.25000E+01
h-H003-MT002-Vlastou-O1781004-ang-E0015.940.1977                 2 3.75000E+01 6.75000E+01
h-H003-MT002-Vlastou-O1781004-ang-E0016.000.1977                 1 2.75000E+01 6.75000E+01
h-H003-MT002-Vlastou-O1781004-ang-E0016.040.1977                 1 2.75000E+01 7.25000E+01
h-H003-MT002-Vlastou-O1781004-ang-E0016.060.1977                 1 6.25000E+01 7.25000E+01
h-H003-MT002-Vlastou-O1781004-ang-E0016.130.1977                 1 3.25000E+01 6.25000E+01
h-H003-MT002-Vlastou-O1781004-ang-E0016.540.1977                 1 3.25000E+01 6.75000E+01
h-H003-MT002-Vlastou-O1781004-ang-E0016.880.1977                 1 6.75000E+01 7.25000E+01
h-H003-MT002-Vlastou-O1781004-ang-E0016.950.1977                 1 3.75000E+01 7.25000E+01
h-H003-MT002-Vlastou-O1781004-ang-E0016.960.1977                 1 3.75000E+01 5.25000E+01
h-H003-MT002-Vlastou-O1781004-ang-E0017.020.1977                 3 2.75000E+01 6.25000E+01
h-H003-MT002-Vlastou-O1781004-ang-E0017.120.1977                 1 2.75000E+01 3.25000E+01
h-H003-MT002-Vlastou-O1781004-ang-E0017.220.1977                 1 3.25000E+01 6.75000E+01
h-H003-MT002-Vlastou-O1781004-ang-E0017.630.1977                 1 3.25000E+01 6.75000E+01
h-H003-MT002-Vlastou-O1781004-ang-E0017.760.1977                 1 3.25000E+01 7.25000E+01
h-H003-MT002-Vlastou-O1781004-ang-E0017.830.1977                 1 2.75000E+01 7.25000E+01
h-H003-MT002-Vlastou-O1781004-ang-E0017.870.1977                 1 2.75000E+01 5.25000E+01
h-H003-MT002-Vlastou-O1781004-ang-E0017.900.1977                 2 5.25000E+01 6.75000E+01
h-H003-MT002-Vlastou-O1781004-ang-E0017.970.1977                 1 3.75000E+01 5.75000E+01
h-H003-MT002-Vlastou-O1781004-ang-E0017.980.1977                 1 3.75000E+01 7.25000E+01
h-H003-MT002-Vlastou-O1781004-ang-E0019.190.1977                 1 3.25000E+01 7.25000E+01
h-H003-MT002-Vlastou-O1781004-ang-E0019.260.1977                 1 3.25000E+01 5.25000E+01
h-H003-MT002-Vlastou-O1781004-ang-E0019.330.1977                 3 3.75000E+01 6.75000E+01
h-H003-MT002-Vlastou-O1781004-ang-E0019.340.1977                 1 3.75000E+01 6.25000E+01
h-H003-MT002-Vlastou-O1781004-ang-E0019.460.1977                 1 6.25000E+01 7.25000E+01
h-H003-MT002-Vlastou-O1781004-ang-E0019.670.1977                 1 5.25000E+01 7.25000E+01
h-H003-MT002-Vlastou-O1781004-ang-E0019.730.1977                 1 5.25000E+01 6.25000E+01
h-H003-MT002-Vlastou-O1781004-ang-E0019.790.1977                 1 6.25000E+01 6.75000E+01
h-H003-MT002-Vlastou-O1781004-ang-E0019.810.1977                 1 2.75000E+01 6.75000E+01
h-H003-MT002-Vlastou-O1781004-ang-E0019.830.1977                 1 2.75000E+01 3.25000E+01
h-H003-MT002-Vlastou-O1781004-ang-E0019.870.1977                 1 3.25000E+01 5.75000E+01
h-H003-MT002-Vlastou-O1781004-ang-E0019.950.1977                 1 5.25000E+01 5.75000E+01
h-H003-MT002-Vlastou-O1781004-ang-E0020.210.1977                 2 3.75000E+01 7.25000E+01
h-H003-MT002-Vlastou-O1781004-ang-E0020.360.1977                 1 3.25000E+01 3.75000E+01
h-H003-MT002-Vlastou-O1781004-ang-E0020.410.1977                 2 3.25000E+01 6.25000E+01
h-H003-MT002-Vlastou-O1781004-ang-E0020.490.1977                 2 3.25000E+01 6.75000E+01
h-H003-MT002-Vlastou-O1781004-ang-E0020.680.1977                 1 3.25000E+01 5.25000E+01
h-H003-MT002-Vlastou-O1781004-ang-E0020.750.1977                 2 5.25000E+01 7.25000E+01
h-H003-MT002-Vlastou-O1781004-ang-E0020.810.1977                 1 5.75000E+01 6.25000E+01
h-H003-MT002-Vlastou-O1781004-ang-E0020.830.1977                 2 3.75000E+01 6.75000E+01
h-H003-MT002-Vlastou-O1781004-ang-E0020.840.1977                 1 3.75000E+01 7.25000E+01
h-H003-MT002-Vlastou-O1781004-ang-E0021.230.1977                 1 6.25000E+01 7.25000E+01
h-H003-MT002-Vlastou-O1781004-ang-E0021.290.1977                 1 6.25000E+01 6.75000E+01
h-H003-MT002-Vlastou-O1781004-ang-E0021.300.1977                 1 2.75000E+01 6.75000E+01
h-H003-MT002-Vlastou-O1781004-ang-E0021.320.1977                 1 2.75000E+01 3.25000E+01
h-H003-MT002-Vlastou-O1781004-ang-E0021.360.1977                 1 3.25000E+01 5.75000E+01
h-H003-MT002-Vlastou-O1781004-ang-E0021.370.1977                 1 3.75000E+01 5.75000E+01
h-H003-MT002-Vlastou-O1781004-ang-E0021.380.1977                 1 3.25000E+01 3.75000E+01
h-H003-MT002-Vlastou-O1781004-ang-E0021.700.1977                 1 3.25000E+01 7.25000E+01
h-H003-MT002-Vlastou-O1781004-ang-E0021.710.1977                 1 6.75000E+01 7.25000E+01
h-H003-MT002-Vlastou-O1781004-ang-E0021.780.1977                 1 2.75000E+01 6.75000E+01
h-H003-MT002-Vlastou-O1781004-ang-E0021.800.1977                 1 2.75000E+01 6.25000E+01
h-H003-MT002-Vlastou-O1781004-ang-E0021.830.1977                 1 5.75000E+01 6.25000E+01
h-H003-MT002-Vlastou-O1781004-ang-E0021.850.1977                 1 3.75000E+01 5.75000E+01
h-H003-MT002-Vlastou-O1781004-ang-E0021.860.1977                 1 3.75000E+01 5.25000E+01
h-H003-MT002-Vlastou-O1781004-ang-E0021.910.1977                 1 5.25000E+01 6.75000E+01
h-H003-MT002-Vlastou-O1781004-ang-E0022.250.1977                 2 5.75000E+01 7.25000E+01
h-H003-MT002-Vlastou-O1781004-ang-E0022.260.1977                 1 3.75000E+01 5.75000E+01
h-H003-MT002-Vlastou-O1781004-ang-E0022.330.1977                 1 2.75000E+01 3.75000E+01
h-H003-MT002-Vlastou-O1781004-ang-E0022.350.1977                 1 2.75000E+01 6.25000E+01
h-H003-MT002-Vlastou-O1781004-ang-E0022.370.1977                 1 3.25000E+01 6.25000E+01
h-H003-MT002-Vlastou-O1781004-ang-E0022.380.1977                 1 3.25000E+01 5.25000E+01
h-H003-MT002-Vlastou-O1781004-ang-E0022.390.1977                 1 3.25000E+01 5.25000E+01
h-H003-MT002-Vlastou-O1781004-ang-E0022.720.1977                 1 3.25000E+01 5.25000E+01
h-H003-MT002-Vlastou-O1781004-ang-E0022.730.1977                 3 3.75000E+01 7.25000E+01
h-H003-MT002-Vlastou-O1781004-ang-E0022.740.1977                 1 2.75000E+01 3.75000E+01
h-H003-MT002-Vlastou-O1781004-ang-E0022.760.1977                 1 2.75000E+01 6.25000E+01
h-H003-MT002-Vlastou-O1781004-ang-E0022.840.1977                 1 5.75000E+01 6.25000E+01
h-H003-MT002-Vlastou-O1781004-ang-E0022.870.1977                 1 5.75000E+01 7.25000E+01
h-H003-MT002-Vlastou-O1781004-ang-E0023.130.1977                 1 3.25000E+01 7.25000E+01
h-H003-MT002-Vlastou-O1781004-ang-E0023.200.1977                 1 2.75000E+01 3.25000E+01
h-H003-MT002-Vlastou-O1781004-ang-E0023.230.1977                 1 2.75000E+01 6.75000E+01
h-H003-MT002-Vlastou-O1781004-ang-E0023.270.1977                 1 5.75000E+01 6.75000E+01
h-H003-MT002-Vlastou-O1781004-ang-E0023.350.1977                 1 5.75000E+01 6.25000E+01
h-H003-MT002-Vlastou-O1781004-ang-E0023.380.1977                 1 5.25000E+01 6.25000E+01
h-H003-MT002-Vlastou-O1781004-ang-E0023.410.1977                 1 3.75000E+01 5.25000E+01
h-H003-MT002-Vlastou-O1781004-ang-E0023.420.1977                 1 3.25000E+01 3.75000E+01
h-H003-MT002-Vlastou-O1781004-ang-E0023.670.1977                 1 3.25000E+01 7.25000E+01
h-H003-MT002-Vlastou-O1781004-ang-E0023.680.1977                 1 2.75000E+01 7.25000E+01
h-H003-MT002-Vlastou-O1781004-ang-E0023.710.1977                 1 2.75000E+01 6.75000E+01
h-H003-MT002-Vlastou-O1781004-ang-E0023.750.1977                 1 5.75000E+01 6.75000E+01
h-H003-MT002-Vlastou-O1781004-ang-E0023.820.1977                 1 5.75000E+01 6.25000E+01
h-H003-MT002-Vlastou-O1781004-ang-E0023.850.1977                 1 3.75000E+01 6.25000E+01
h-H003-MT002-Vlastou-O1781004-ang-E0023.890.1977                 1 3.75000E+01 5.25000E+01
h-H003-MT002-Vlastou-O1781004-ang-E0023.950.1977                 1 3.25000E+01 5.25000E+01
h-H003-MT002-Vlastou-O1781004-ang-E0024.830.1977                 1 3.25000E+01 3.25000E+01
