#              Filename                                         N    min         max
d-Si028-MT601-Kokkoris-D0559003-E0001.502.2009                   3 1.45000E+02 1.70000E+02
d-Si028-MT601-Kokkoris-D0559003-E0001.503.2009                   1 1.45000E+02 1.50000E+02
d-Si028-MT601-Kokkoris-D0559003-E0001.603.2009                   2 1.45000E+02 1.70000E+02
d-Si028-MT601-Kokkoris-D0559003-E0001.604.2009                   3 1.45000E+02 1.65000E+02
d-Si028-MT601-Kokkoris-D0559003-E0001.653.2009                   3 1.45000E+02 1.70000E+02
d-Si028-MT601-Kokkoris-D0559003-E0001.654.2009                   3 1.45000E+02 1.65000E+02
d-Si028-MT601-Kokkoris-D0559003-E0001.703.2009                   3 1.45000E+02 1.70000E+02
d-Si028-MT601-Kokkoris-D0559003-E0001.704.2009                   3 1.45000E+02 1.65000E+02
d-Si028-MT601-Kokkoris-D0559003-E0001.753.2009                   3 1.45000E+02 1.70000E+02
d-Si028-MT601-Kokkoris-D0559003-E0001.754.2009                   3 1.45000E+02 1.65000E+02
d-Si028-MT601-Kokkoris-D0559003-E0001.803.2009                   2 1.45000E+02 1.70000E+02
d-Si028-MT601-Kokkoris-D0559003-E0001.804.2009                   3 1.45000E+02 1.65000E+02
d-Si028-MT601-Kokkoris-D0559003-E0001.853.2009                   3 1.45000E+02 1.70000E+02
d-Si028-MT601-Kokkoris-D0559003-E0001.854.2009                   3 1.45000E+02 1.65000E+02
d-Si028-MT601-Kokkoris-D0559003-E0001.903.2009                   3 1.45000E+02 1.70000E+02
d-Si028-MT601-Kokkoris-D0559003-E0001.904.2009                   3 1.45000E+02 1.65000E+02
d-Si028-MT601-Kokkoris-D0559003-E0001.953.2009                   3 1.45000E+02 1.70000E+02
d-Si028-MT601-Kokkoris-D0559003-E0001.954.2009                   3 1.45000E+02 1.65000E+02
d-Si028-MT601-Kokkoris-D0559003-E0002.003.2009                   3 1.45000E+02 1.70000E+02
d-Si028-MT601-Kokkoris-D0559003-E0002.004.2009                   3 1.45000E+02 1.65000E+02
d-Si028-MT601-Peterson-C1171004-E0017.850.1983                 801 6.20005E+00 8.44000E+01
d-Si028-MT601-Wildenthal-F0963005-E0002.440.1964                17 8.89998E+00 1.68900E+02
d-Si028-MT601-Wildenthal-F0963005-E0002.750.1964                17 8.89998E+00 1.70300E+02
d-Si028-MT601-Wildenthal-F0963005-E0002.938.1964                17 9.30001E+00 1.70600E+02
