#              Filename                                         N    min         max     
p-Si000-rp004007-Barchuk-A03390021.1987                         43 3.75000E+01 6.64000E+01
p-Si000-rp004007-Aleksandrov-A03400033.1988                     15 3.00000E+01 9.90000E+01
p-Si000-rp004007-Sheffey-C0267008.1968                           4 3.15000E+01 5.95000E+01
p-Si000-rp004007-Sisterson-C0507002.1997                         4 5.24000E+01 6.74000E+01
p-Si000-rp004007-Sisterson-C0507003.1997                         9 5.65000E+01 1.57300E+02
p-Si000-rp004007-Sisterson-C0507004.1997                         4 2.00000E+02 5.00000E+02
p-Si000-rp004007-Leya-D0640007.1997                              1 1.60000E+03 1.60000E+03
p-Si000-rp004007-Rayudu-O0073018.1964                            4 1.30000E+02 3.96000E+02
p-Si000-rp004007-Rayudu-O0077023.1968                            5 5.00000E+02 2.90000E+03
p-Si000-rp004007-Michel-O00780057.1989                           1 6.00000E+02 6.00000E+02
p-Si000-rp004007-Weigel-O0088004.1975                            1 6.00000E+02 6.00000E+02
p-Si000-rp004007-Raisbeck-O00940021.1975                         1 1.00000E+03 1.00000E+03
p-Si000-rp004007-Raisbeck-O00940031.1975                         1 2.00000E+03 2.00000E+03
p-Si000-rp004007-Raisbeck-O00940041.1975                         1 3.00000E+03 3.00000E+03
p-Si000-rp004007-Raisbeck-O00940051.1975                         1 2.30000E+04 2.30000E+04
p-Si000-rp004007-Michel-O0276014.1997                           59 2.27000E+01 2.95000E+02
p-Si000-rp004007-Michel-O0277031.1995                            4 8.00000E+02 2.60000E+03
p-Si000-rp004007-Bodemann-O0282011.1993                         24 4.56000E+01 9.77000E+01
p-Si000-rp004007-Schiekel-O0284019.1996                          7 2.52000E+02 3.95000E+02
p-Si000-rp004007-Heydegger-O05010043.1976                        4 1.21000E+02 4.35000E+02
p-Si000-rp004007-Izosimova-O0554008.1978                         2 6.60000E+02 1.00000E+03
p-Si000-rp004007-Fassbender-O0729008.1998                        8 1.44200E+02 3.55000E+02
p-Si000-rp004007-Regnier-O2037003.1975                           2 6.00000E+02 2.40000E+04
p-Si000-rp004007-Raisbeck-O2056003.1974                          1 6.00000E+02 6.00000E+02
p-Si000-rp004007-Bimbot-O2134024.1971                            1 1.53000E+02 1.53000E+02
