#              Filename                                         N    min         max
p-Li007-MT601-Bashkin-A1454005-ang-E0001.456.1951               70 1.64000E+02 1.64000E+02
p-Li007-MT601-Cybulska-F0058002-ang-E0012.000.1982              19 2.50000E+01 1.71200E+02
p-Li007-MT601-Fasoli-D0509004-ang-E0002.305.1964                 1 6.36000E+01 1.35200E+02
p-Li007-MT601-Fasoli-D0509004-ang-E0002.308.1964                 1 1.35200E+02 1.66000E+02
p-Li007-MT601-Fasoli-D0509004-ang-E0002.313.1964                 1 1.18800E+02 1.66000E+02
p-Li007-MT601-Fasoli-D0509004-ang-E0002.314.1964                 1 1.01900E+02 1.18800E+02
p-Li007-MT601-Fasoli-D0509004-ang-E0002.320.1964                 1 1.01900E+02 1.44200E+02
p-Li007-MT601-Fasoli-D0509004-ang-E0002.323.1964                 1 6.36000E+01 1.44200E+02
p-Li007-MT601-Fasoli-D0509004-ang-E0002.404.1964                 1 6.36000E+01 1.35200E+02
p-Li007-MT601-Fasoli-D0509004-ang-E0002.407.1964                 1 1.35200E+02 1.66000E+02
p-Li007-MT601-Fasoli-D0509004-ang-E0002.412.1964                 1 1.18800E+02 1.66000E+02
p-Li007-MT601-Fasoli-D0509004-ang-E0002.413.1964                 1 1.18800E+02 1.44200E+02
p-Li007-MT601-Fasoli-D0509004-ang-E0002.418.1964                 1 1.01900E+02 1.44200E+02
p-Li007-MT601-Fasoli-D0509004-ang-E0002.419.1964                 1 6.36000E+01 1.01900E+02
p-Li007-MT601-Fasoli-D0509004-ang-E0002.503.1964                 1 6.36000E+01 1.18800E+02
p-Li007-MT601-Fasoli-D0509004-ang-E0002.509.1964                 2 1.18800E+02 1.66000E+02
p-Li007-MT601-Fasoli-D0509004-ang-E0002.511.1964                 1 1.44200E+02 1.66000E+02
p-Li007-MT601-Fasoli-D0509004-ang-E0002.517.1964                 1 1.01900E+02 1.44200E+02
p-Li007-MT601-Fasoli-D0509004-ang-E0002.522.1964                 1 6.36000E+01 1.01900E+02
p-Li007-MT601-Fasoli-D0509004-ang-E0002.605.1964                 1 6.36000E+01 1.35200E+02
p-Li007-MT601-Fasoli-D0509004-ang-E0002.608.1964                 1 1.18800E+02 1.35200E+02
p-Li007-MT601-Fasoli-D0509004-ang-E0002.611.1964                 2 1.18800E+02 1.66000E+02
p-Li007-MT601-Fasoli-D0509004-ang-E0002.620.1964                 1 1.01900E+02 1.44200E+02
p-Li007-MT601-Fasoli-D0509004-ang-E0002.621.1964                 1 6.36000E+01 1.01900E+02
p-Li007-MT601-Fasoli-D0509004-ang-E0002.704.1964                 1 6.36000E+01 1.66000E+02
p-Li007-MT601-Fasoli-D0509004-ang-E0002.709.1964                 1 1.18800E+02 1.66000E+02
p-Li007-MT601-Fasoli-D0509004-ang-E0002.710.1964                 1 1.18800E+02 1.35200E+02
p-Li007-MT601-Fasoli-D0509004-ang-E0002.711.1964                 1 8.18000E+01 1.35200E+02
p-Li007-MT601-Fasoli-D0509004-ang-E0002.716.1964                 1 8.18000E+01 1.44200E+02
p-Li007-MT601-Fasoli-D0509004-ang-E0002.719.1964                 1 1.01900E+02 1.44200E+02
p-Li007-MT601-Fasoli-D0509004-ang-E0002.723.1964                 1 6.36000E+01 1.01900E+02
p-Li007-MT601-Fasoli-D0509004-ang-E0002.803.1964                 1 6.36000E+01 1.35200E+02
p-Li007-MT601-Fasoli-D0509004-ang-E0002.806.1964                 1 8.18000E+01 1.35200E+02
p-Li007-MT601-Fasoli-D0509004-ang-E0002.808.1964                 2 8.18000E+01 1.66000E+02
p-Li007-MT601-Fasoli-D0509004-ang-E0002.809.1964                 1 1.18800E+02 1.44200E+02
p-Li007-MT601-Fasoli-D0509004-ang-E0002.818.1964                 1 1.01900E+02 1.44200E+02
p-Li007-MT601-Fasoli-D0509004-ang-E0002.822.1964                 1 6.36000E+01 1.01900E+02
p-Li007-MT601-Fasoli-D0509004-ang-E0002.906.1964                 1 6.36000E+01 1.66000E+02
p-Li007-MT601-Fasoli-D0509004-ang-E0002.907.1964                 1 8.18000E+01 1.66000E+02
p-Li007-MT601-Fasoli-D0509004-ang-E0002.910.1964                 1 8.18000E+01 1.18800E+02
p-Li007-MT601-Fasoli-D0509004-ang-E0002.912.1964                 2 1.18800E+02 1.44200E+02
p-Li007-MT601-Fasoli-D0509004-ang-E0002.920.1964                 1 1.01900E+02 1.44200E+02
p-Li007-MT601-Fasoli-D0509004-ang-E0002.921.1964                 1 6.36000E+01 1.01900E+02
p-Li007-MT601-Fasoli-D0509004-ang-E0003.005.1964                 1 6.36000E+01 1.35200E+02
p-Li007-MT601-Fasoli-D0509004-ang-E0003.008.1964                 1 8.18000E+01 1.35200E+02
p-Li007-MT601-Fasoli-D0509004-ang-E0003.009.1964                 1 8.18000E+01 1.18800E+02
p-Li007-MT601-Fasoli-D0509004-ang-E0003.010.1964                 1 1.18800E+02 1.66000E+02
p-Li007-MT601-Fasoli-D0509004-ang-E0003.013.1964                 1 1.44200E+02 1.66000E+02
p-Li007-MT601-Fasoli-D0509004-ang-E0003.019.1964                 1 1.01900E+02 1.44200E+02
p-Li007-MT601-Fasoli-D0509004-ang-E0003.027.1964                 1 1.01900E+02 1.35200E+02
p-Li007-MT601-Fasoli-D0509004-ang-E0003.107.1964                 1 6.36000E+01 1.35200E+02
p-Li007-MT601-Fasoli-D0509004-ang-E0003.108.1964                 2 6.36000E+01 1.18800E+02
p-Li007-MT601-Fasoli-D0509004-ang-E0003.109.1964                 1 1.18800E+02 1.66000E+02
p-Li007-MT601-Fasoli-D0509004-ang-E0003.112.1964                 1 1.01900E+02 1.66000E+02
p-Li007-MT601-Fasoli-D0509004-ang-E0003.119.1964                 1 1.01900E+02 1.44200E+02
p-Li007-MT601-Fasoli-D0509004-ang-E0003.125.1964                 1 6.36000E+01 1.44200E+02
p-Li007-MT601-Fasoli-D0509004-ang-E0003.203.1964                 1 6.36000E+01 1.66000E+02
p-Li007-MT601-Fasoli-D0509004-ang-E0003.204.1964                 1 8.18000E+01 1.66000E+02
p-Li007-MT601-Fasoli-D0509004-ang-E0003.207.1964                 1 8.18000E+01 1.18800E+02
p-Li007-MT601-Fasoli-D0509004-ang-E0003.209.1964                 2 1.01900E+02 1.35200E+02
p-Li007-MT601-Fasoli-D0509004-ang-E0003.218.1964                 1 1.01900E+02 1.44200E+02
p-Li007-MT601-Fasoli-D0509004-ang-E0003.224.1964                 1 6.36000E+01 1.44200E+02
p-Li007-MT601-Fasoli-D0509004-ang-E0003.306.1964                 2 6.36000E+01 1.66000E+02
p-Li007-MT601-Fasoli-D0509004-ang-E0003.308.1964                 1 8.18000E+01 1.35200E+02
p-Li007-MT601-Fasoli-D0509004-ang-E0003.310.1964                 1 8.18000E+01 1.18800E+02
p-Li007-MT601-Fasoli-D0509004-ang-E0003.311.1964                 1 1.01900E+02 1.18800E+02
p-Li007-MT601-Fasoli-D0509004-ang-E0003.317.1964                 1 1.01900E+02 1.44200E+02
p-Li007-MT601-Fasoli-D0509004-ang-E0003.320.1964                 1 6.36000E+01 1.44200E+02
p-Li007-MT601-Fasoli-D0509004-ang-E0003.405.1964                 1 6.36000E+01 8.18000E+01
p-Li007-MT601-Fasoli-D0509004-ang-E0003.406.1964                 3 8.18000E+01 1.66000E+02
p-Li007-MT601-Fasoli-D0509004-ang-E0003.407.1964                 1 1.35200E+02 1.44200E+02
p-Li007-MT601-Fasoli-D0509004-ang-E0003.415.1964                 1 1.01900E+02 1.44200E+02
p-Li007-MT601-Fasoli-D0509004-ang-E0003.416.1964                 1 8.18000E+01 1.01900E+02
p-Li007-MT601-Fasoli-D0509004-ang-E0003.501.1964                 1 6.36000E+01 8.18000E+01
p-Li007-MT601-Fasoli-D0509004-ang-E0003.504.1964                 1 6.36000E+01 1.35200E+02
p-Li007-MT601-Fasoli-D0509004-ang-E0003.506.1964                 1 1.35200E+02 1.66000E+02
p-Li007-MT601-Fasoli-D0509004-ang-E0003.508.1964                 1 1.18800E+02 1.66000E+02
p-Li007-MT601-Fasoli-D0509004-ang-E0003.509.1964                 1 1.01900E+02 1.18800E+02
p-Li007-MT601-Fasoli-D0509004-ang-E0003.519.1964                 1 1.01900E+02 1.44200E+02
p-Li007-MT601-Fasoli-D0509004-ang-E0003.522.1964                 1 6.36000E+01 1.44200E+02
p-Li007-MT601-Fasoli-D0509004-ang-E0003.603.1964                 1 6.36000E+01 8.18000E+01
p-Li007-MT601-Fasoli-D0509004-ang-E0003.604.1964                 1 8.18000E+01 1.35200E+02
p-Li007-MT601-Fasoli-D0509004-ang-E0003.609.1964                 1 1.35200E+02 1.66000E+02
p-Li007-MT601-Fasoli-D0509004-ang-E0003.611.1964                 1 1.18800E+02 1.66000E+02
p-Li007-MT601-Fasoli-D0509004-ang-E0003.612.1964                 1 1.01900E+02 1.18800E+02
p-Li007-MT601-Fasoli-D0509004-ang-E0003.615.1964                 1 1.01900E+02 1.44200E+02
p-Li007-MT601-Fasoli-D0509004-ang-E0003.621.1964                 1 6.36000E+01 1.44200E+02
p-Li007-MT601-Fasoli-D0509004-ang-E0003.705.1964                 1 6.36000E+01 8.18000E+01
p-Li007-MT601-Fasoli-D0509004-ang-E0003.706.1964                 1 8.18000E+01 1.18800E+02
p-Li007-MT601-Fasoli-D0509004-ang-E0003.708.1964                 2 1.18800E+02 1.66000E+02
p-Li007-MT601-Fasoli-D0509004-ang-E0003.713.1964                 1 1.44200E+02 1.66000E+02
p-Li007-MT601-Fasoli-D0509004-ang-E0003.716.1964                 1 1.01900E+02 1.44200E+02
p-Li007-MT601-Fasoli-D0509004-ang-E0003.721.1964                 1 8.18000E+01 1.01900E+02
p-Li007-MT601-Fasoli-D0509004-ang-E0003.805.1964                 1 8.18000E+01 1.18800E+02
p-Li007-MT601-Fasoli-D0509004-ang-E0003.807.1964                 2 6.36000E+01 1.35200E+02
p-Li007-MT601-Fasoli-D0509004-ang-E0003.808.1964                 1 6.36000E+01 1.66000E+02
p-Li007-MT601-Fasoli-D0509004-ang-E0003.809.1964                 1 1.01900E+02 1.66000E+02
p-Li007-MT601-Fasoli-D0509004-ang-E0003.816.1964                 1 1.01900E+02 1.44200E+02
p-Li007-MT601-Fasoli-D0509004-ang-E0003.819.1964                 1 6.36000E+01 1.44200E+02
p-Li007-MT601-Fasoli-D0509004-ang-E0003.900.1964                 1 6.36000E+01 8.18000E+01
p-Li007-MT601-Fasoli-D0509004-ang-E0003.908.1964                 1 8.18000E+01 1.18800E+02
p-Li007-MT601-Fasoli-D0509004-ang-E0003.909.1964                 1 1.18800E+02 1.35200E+02
p-Li007-MT601-Fasoli-D0509004-ang-E0003.910.1964                 1 1.35200E+02 1.66000E+02
p-Li007-MT601-Fasoli-D0509004-ang-E0003.915.1964                 1 1.44200E+02 1.66000E+02
p-Li007-MT601-Fasoli-D0509004-ang-E0003.921.1964                 1 1.01900E+02 1.44200E+02
p-Li007-MT601-Fasoli-D0509004-ang-E0003.923.1964                 1 6.36000E+01 1.01900E+02
p-Li007-MT601-Fasoli-D0509004-ang-E0004.006.1964                 1 6.36000E+01 8.18000E+01
p-Li007-MT601-Fasoli-D0509004-ang-E0004.007.1964                 2 8.18000E+01 1.66000E+02
p-Li007-MT601-Fasoli-D0509004-ang-E0004.008.1964                 1 1.18800E+02 1.35200E+02
p-Li007-MT601-Fasoli-D0509004-ang-E0004.009.1964                 1 1.01900E+02 1.35200E+02
p-Li007-MT601-Fasoli-D0509004-ang-E0004.018.1964                 1 1.01900E+02 1.44200E+02
p-Li007-MT601-Fasoli-D0509004-ang-E0004.020.1964                 1 1.35200E+02 1.44200E+02
p-Li007-MT601-Fasoli-D0509004-ang-E0004.104.1964                 1 8.18000E+01 1.35200E+02
p-Li007-MT601-Fasoli-D0509004-ang-E0004.106.1964                 1 8.18000E+01 1.18800E+02
p-Li007-MT601-Fasoli-D0509004-ang-E0004.107.1964                 1 6.36000E+01 1.18800E+02
p-Li007-MT601-Fasoli-D0509004-ang-E0004.109.1964                 1 6.36000E+01 1.66000E+02
p-Li007-MT601-Fasoli-D0509004-ang-E0004.113.1964                 1 1.44200E+02 1.66000E+02
p-Li007-MT601-Fasoli-D0509004-ang-E0004.120.1964                 1 1.01900E+02 1.44200E+02
p-Li007-MT601-Fasoli-D0509004-ang-E0004.121.1964                 1 6.36000E+01 1.01900E+02
p-Li007-MT601-Fasoli-D0509004-ang-E0004.204.1964                 1 6.36000E+01 8.18000E+01
p-Li007-MT601-Fasoli-D0509004-ang-E0004.205.1964                 1 8.18000E+01 1.35200E+02
p-Li007-MT601-Fasoli-D0509004-ang-E0004.207.1964                 1 1.35200E+02 1.66000E+02
p-Li007-MT601-Fasoli-D0509004-ang-E0004.209.1964                 1 1.18800E+02 1.66000E+02
p-Li007-MT601-Fasoli-D0509004-ang-E0004.214.1964                 1 1.18800E+02 1.44200E+02
p-Li007-MT601-Fasoli-D0509004-ang-E0004.219.1964                 1 1.01900E+02 1.44200E+02
p-Li007-MT601-Fasoli-D0509004-ang-E0004.220.1964                 1 6.36000E+01 1.01900E+02
p-Li007-MT601-Fasoli-D0509004-ang-E0004.300.1964                 1 6.36000E+01 8.18000E+01
p-Li007-MT601-Fasoli-D0509004-ang-E0004.304.1964                 1 8.18000E+01 1.35200E+02
p-Li007-MT601-Fasoli-D0509004-ang-E0004.306.1964                 1 1.35200E+02 1.66000E+02
p-Li007-MT601-Fasoli-D0509004-ang-E0004.308.1964                 1 1.18800E+02 1.66000E+02
p-Li007-MT601-Fasoli-D0509004-ang-E0004.309.1964                 1 1.01900E+02 1.18800E+02
p-Li007-MT601-Fasoli-D0509004-ang-E0004.319.1964                 1 1.01900E+02 1.44200E+02
p-Li007-MT601-Fasoli-D0509004-ang-E0004.321.1964                 1 8.18000E+01 1.44200E+02
p-Li007-MT601-Fasoli-D0509004-ang-E0004.403.1964                 1 8.18000E+01 1.35200E+02
p-Li007-MT601-Fasoli-D0509004-ang-E0004.405.1964                 1 6.36000E+01 1.35200E+02
p-Li007-MT601-Fasoli-D0509004-ang-E0004.406.1964                 1 6.36000E+01 1.18800E+02
p-Li007-MT601-Fasoli-D0509004-ang-E0004.408.1964                 1 1.18800E+02 1.66000E+02
p-Li007-MT601-Fasoli-D0509004-ang-E0004.410.1964                 1 1.44200E+02 1.66000E+02
p-Li007-MT601-Fasoli-D0509004-ang-E0004.420.1964                 1 1.01900E+02 1.44200E+02
p-Li007-MT601-Fasoli-D0509004-ang-E0004.421.1964                 1 1.01900E+02 1.66000E+02
p-Li007-MT601-Fasoli-D0509004-ang-E0004.502.1964                 1 1.18800E+02 1.66000E+02
p-Li007-MT601-Fasoli-D0509004-ang-E0004.504.1964                 1 6.36000E+01 1.18800E+02
p-Li007-MT601-Fasoli-D0509004-ang-E0004.505.1964                 1 6.36000E+01 8.18000E+01
p-Li007-MT601-Fasoli-D0509004-ang-E0004.506.1964                 1 8.18000E+01 1.35200E+02
p-Li007-MT601-Fasoli-D0509004-ang-E0004.508.1964                 1 1.01900E+02 1.35200E+02
p-Li007-MT601-Fasoli-D0509004-ang-E0004.517.1964                 1 1.01900E+02 1.44200E+02
p-Li007-MT601-Fasoli-D0509004-ang-E0004.519.1964                 1 1.35200E+02 1.44200E+02
p-Li007-MT601-Fasoli-D0509004-ang-E0004.600.1964                 1 1.35200E+02 1.66000E+02
p-Li007-MT601-Fasoli-D0509004-ang-E0004.601.1964                 1 6.36000E+01 1.66000E+02
p-Li007-MT601-Fasoli-D0509004-ang-E0004.604.1964                 2 6.36000E+01 1.18800E+02
p-Li007-MT601-Fasoli-D0509004-ang-E0004.610.1964                 1 1.01900E+02 1.18800E+02
p-Li007-MT601-Fasoli-D0509004-ang-E0004.619.1964                 1 1.01900E+02 1.44200E+02
p-Li007-MT601-Fasoli-D0509004-ang-E0004.622.1964                 1 1.35200E+02 1.44200E+02
p-Li007-MT601-Fasoli-D0509004-ang-E0004.702.1964                 1 6.36000E+01 1.35200E+02
p-Li007-MT601-Fasoli-D0509004-ang-E0004.703.1964                 2 6.36000E+01 1.66000E+02
p-Li007-MT601-Fasoli-D0509004-ang-E0004.704.1964                 1 1.18800E+02 1.66000E+02
p-Li007-MT601-Fasoli-D0509004-ang-E0004.709.1964                 1 1.01900E+02 1.18800E+02
p-Li007-MT601-Fasoli-D0509004-ang-E0004.715.1964                 1 1.01900E+02 1.44200E+02
p-Li007-MT601-Fasoli-D0509004-ang-E0004.717.1964                 1 1.35200E+02 1.44200E+02
p-Li007-MT601-Fasoli-D0509004-ang-E0004.801.1964                 1 6.36000E+01 1.35200E+02
p-Li007-MT601-Fasoli-D0509004-ang-E0004.805.1964                 1 6.36000E+01 8.18000E+01
p-Li007-MT601-Fasoli-D0509004-ang-E0004.806.1964                 1 8.18000E+01 1.66000E+02
p-Li007-MT601-Fasoli-D0509004-ang-E0004.807.1964                 1 1.18800E+02 1.66000E+02
p-Li007-MT601-Fasoli-D0509004-ang-E0004.808.1964                 1 1.18800E+02 1.44200E+02
p-Li007-MT601-Fasoli-D0509004-ang-E0004.816.1964                 1 1.01900E+02 1.44200E+02
p-Li007-MT601-Fasoli-D0509004-ang-E0004.817.1964                 1 1.01900E+02 1.35200E+02
p-Li007-MT601-Fasoli-D0509004-ang-E0004.900.1964                 1 8.18000E+01 1.35200E+02
p-Li007-MT601-Fasoli-D0509004-ang-E0004.902.1964                 1 6.36000E+01 8.18000E+01
p-Li007-MT601-Fasoli-D0509004-ang-E0004.904.1964                 1 6.36000E+01 1.66000E+02
p-Li007-MT601-Fasoli-D0509004-ang-E0004.906.1964                 1 1.18800E+02 1.66000E+02
p-Li007-MT601-Fasoli-D0509004-ang-E0004.907.1964                 1 1.01900E+02 1.18800E+02
p-Li007-MT601-Fasoli-D0509004-ang-E0004.916.1964                 2 1.01900E+02 1.44200E+02
p-Li007-MT601-Fasoli-D0509004-ang-E0004.999.1964                 1 6.36000E+01 1.35200E+02
p-Li007-MT601-Fasoli-D0509004-ang-E0005.000.1964                 1 6.36000E+01 1.18800E+02
p-Li007-MT601-Fasoli-D0509004-ang-E0005.006.1964                 1 8.18000E+01 1.18800E+02
p-Li007-MT601-Fasoli-D0509004-ang-E0005.008.1964                 2 8.18000E+01 1.66000E+02
p-Li007-MT601-Fasoli-D0509004-ang-E0005.015.1964                 1 1.01900E+02 1.44200E+02
p-Li007-MT601-Fasoli-D0509004-ang-E0005.019.1964                 1 1.01900E+02 1.35200E+02
p-Li007-MT601-Fasoli-D0509004-ang-E0005.098.1964                 1 1.18800E+02 1.35200E+02
p-Li007-MT601-Fasoli-D0509004-ang-E0005.101.1964                 1 6.36000E+01 1.18800E+02
p-Li007-MT601-Fasoli-D0509004-ang-E0005.102.1964                 1 6.36000E+01 8.18000E+01
p-Li007-MT601-Fasoli-D0509004-ang-E0005.107.1964                 2 8.18000E+01 1.66000E+02
p-Li007-MT601-Fasoli-D0509004-ang-E0005.114.1964                 1 1.01900E+02 1.44200E+02
p-Li007-MT601-Fasoli-D0509004-ang-E0005.117.1964                 1 1.35200E+02 1.44200E+02
p-Li007-MT601-Fasoli-D0509004-ang-E0005.197.1964                 1 6.36000E+01 1.35200E+02
p-Li007-MT601-Fasoli-D0509004-ang-E0005.201.1964                 1 6.36000E+01 8.18000E+01
p-Li007-MT601-Fasoli-D0509004-ang-E0005.202.1964                 1 8.18000E+01 1.18800E+02
p-Li007-MT601-Fasoli-D0509004-ang-E0005.204.1964                 1 1.18800E+02 1.66000E+02
p-Li007-MT601-Fasoli-D0509004-ang-E0005.206.1964                 1 1.01900E+02 1.66000E+02
p-Li007-MT601-Fasoli-D0509004-ang-E0005.213.1964                 1 1.01900E+02 1.44200E+02
p-Li007-MT601-Fasoli-D0509004-ang-E0005.216.1964                 1 6.36000E+01 1.44200E+02
p-Li007-MT601-Fasoli-D0509004-ang-E0005.297.1964                 1 6.36000E+01 1.35200E+02
p-Li007-MT601-Fasoli-D0509004-ang-E0005.300.1964                 1 8.18000E+01 1.35200E+02
p-Li007-MT601-Fasoli-D0509004-ang-E0005.301.1964                 1 8.18000E+01 1.66000E+02
p-Li007-MT601-Fasoli-D0509004-ang-E0005.302.1964                 1 1.18800E+02 1.66000E+02
p-Li007-MT601-Fasoli-D0509004-ang-E0005.306.1964                 1 1.01900E+02 1.18800E+02
p-Li007-MT601-Fasoli-D0509004-ang-E0005.312.1964                 1 1.01900E+02 1.44200E+02
p-Li007-MT601-Fasoli-D0509004-ang-E0005.315.1964                 1 1.35200E+02 1.44200E+02
p-Li007-MT601-Fasoli-D0509004-ang-E0005.395.1964                 1 6.36000E+01 1.35200E+02
p-Li007-MT601-Fasoli-D0509004-ang-E0005.399.1964                 1 6.36000E+01 8.18000E+01
p-Li007-MT601-Fasoli-D0509004-ang-E0005.403.1964                 1 8.18000E+01 1.66000E+02
p-Li007-MT601-Fasoli-D0509004-ang-E0005.404.1964                 1 1.18800E+02 1.66000E+02
p-Li007-MT601-Fasoli-D0509004-ang-E0005.409.1964                 1 1.18800E+02 1.44200E+02
p-Li007-MT601-Fasoli-D0509004-ang-E0005.414.1964                 1 1.01900E+02 1.44200E+02
p-Li007-MT601-Fasoli-D0509004-ang-E0005.415.1964                 1 6.36000E+01 1.01900E+02
p-Li007-MT601-Fasoli-D0509004-ang-E0005.498.1964                 2 6.36000E+01 1.35200E+02
p-Li007-MT601-Fasoli-D0509004-ang-E0005.502.1964                 1 8.18000E+01 1.66000E+02
p-Li007-MT601-Fasoli-D0509004-ang-E0005.503.1964                 1 1.18800E+02 1.66000E+02
p-Li007-MT601-Fasoli-D0509004-ang-E0005.504.1964                 1 1.01900E+02 1.18800E+02
p-Li007-MT601-Fasoli-D0509004-ang-E0005.514.1964                 2 1.01900E+02 1.44200E+02
p-Li007-MT601-Fasoli-D0509006-ang-E0002.200.1964                 6 7.12336E+01 1.71096E+02
p-Li007-MT601-Fasoli-D0509006-ang-E0003.000.1964                 7 7.10998E+01 1.72117E+02
p-Li007-MT601-Fasoli-D0509006-ang-E0003.800.1964                 7 7.09587E+01 1.71193E+02
p-Li007-MT601-Fasoli-D0509006-ang-E0004.600.1964                 7 7.09587E+01 1.70357E+02
p-Li007-MT601-Fasoli-D0509006-ang-E0005.400.1964                 7 7.12639E+01 1.69590E+02
p-Li007-MT601-Glover-C0581004-ang-E0200.400.1991                17 8.19997E+00 5.10000E+01
p-Li007-MT601-Kilian-A1443003-ang-E0002.700.1969                12 4.02000E+01 1.70500E+02
p-Li007-MT601-Kilian-A1443003-ang-E0004.000.1969                 7 3.97000E+01 1.52300E+02
p-Li007-MT601-Kilian-A1443003-ang-E0005.000.1969                11 3.92000E+01 1.70300E+02
p-Li007-MT601-Kilian-A1443003-ang-E0007.400.1969                12 3.88000E+01 1.71000E+02
p-Li007-MT601-Kilian-A1443003-ang-E0010.300.1969                12 3.88000E+01 1.70400E+02
p-Li007-MT601-Kilian-A1443005-ang-E0002.642.1969                 1 6.00000E+01 1.20000E+02
p-Li007-MT601-Kilian-A1443005-ang-E0002.680.1969                 1 9.00000E+01 1.20000E+02
p-Li007-MT601-Kilian-A1443005-ang-E0002.684.1969                 1 9.00000E+01 1.40000E+02
p-Li007-MT601-Kilian-A1443005-ang-E0002.724.1969                 1 6.00000E+01 1.40000E+02
p-Li007-MT601-Kilian-A1443005-ang-E0003.069.1969                 1 6.00000E+01 1.20000E+02
p-Li007-MT601-Kilian-A1443005-ang-E0003.092.1969                 1 9.00000E+01 1.20000E+02
p-Li007-MT601-Kilian-A1443005-ang-E0003.101.1969                 1 9.00000E+01 1.40000E+02
p-Li007-MT601-Kilian-A1443005-ang-E0003.136.1969                 1 1.40000E+02 1.40000E+02
p-Li007-MT601-Laurat-A1508009-ang-E0001.680.1969                 1 4.00000E+01 5.50000E+01
p-Li007-MT601-Laurat-A1508009-ang-E0001.710.1969                 1 4.00000E+01 1.55000E+02
p-Li007-MT601-Laurat-A1508009-ang-E0001.740.1969                 1 1.55000E+02 1.55000E+02
p-Li007-MT601-Paneta-O2061004-ang-E0001.498.2012               189 1.40000E+02 1.70000E+02
p-Li007-MT601-Yamagata-E1897007-ang-E0300.000.2004              10 4.69999E+00 2.69000E+01
