#              Filename                                         N    min         max
n-Th232-MT102-Alian-20644018.1973                                1 5.00000E-07 5.00000E-07
n-Th232-MT102-Breitenhuber-200290051.1970                        1 4.00000E-07 4.00000E-07
n-Th232-MT102-Breitenhuber-200290052.1970                        1 4.00000E-07 4.00000E-07
n-Th232-MT102-Brose-20650002.1964                                1 5.00000E-07 5.00000E-07
n-Th232-MT102-Foell-12266002.1965                                1 5.00000E-07 5.00000E-07
n-Th232-MT102-Hardyjr-12283002.1965                              1 5.00000E-07 5.00000E-07
n-Th232-MT102-Heft-12866207.1978                                 1 5.00000E-07 5.00000E-07
n-Th232-MT102-Johnston-11739003.1960                             1 5.00000E-07 5.00000E-07
n-Th232-MT102-Kimura-23491015.1989                               1 5.00000E-07 5.00000E-07
n-Th232-MT102-Macklin-12261002.1956                              1 5.00000E-07 5.00000E-07
n-Th232-MT102-Myasishcheva-403570021.1957                        1 5.00000E-07 5.00000E-07
n-Th232-MT102-Myasishcheva-403570022.1957                        1 5.00000E-07 5.00000E-07
n-Th232-MT102-Myasishcheva-403570023.1957                        1 5.00000E-07 5.00000E-07
n-Th232-MT102-Myasishcheva-403570041.1957                        1 5.00000E-07 5.00000E-07
n-Th232-MT102-Myasishcheva-403570042.1957                        1 5.00000E-07 5.00000E-07
n-Th232-MT102-Myasishcheva-403570043.1957                        1 5.00000E-07 5.00000E-07
n-Th232-MT102-Sampson-11655004.1962                              1 5.00000E-07 5.00000E-07
n-Th232-MT102-Sampson-11655005.1962                              1 5.00000E-07 5.00000E-07
n-Th232-MT102-Steinnes-20188030.1972                             1 5.00000E-07 5.00000E-07
n-Th232-MT102-Tattersall-20638068.1960                           1 6.70000E-07 6.70000E-07
n-Th232-MT102-Tiren-20622002.1962                                1 5.00000E-07 5.00000E-07
n-Th232-MT102-Vanderlinden-20645062.1974                         1 5.50000E-07 5.50000E-07
