#              Filename                                         N    min         max
n-Yb171-MT151-Antonov-407330021.1983                            13 7.91000E-06 1.64600E-04
n-Yb171-MT151-Becvar-41671002.1981                              29 7.91000E-06 2.55260E-04
n-Yb171-MT151-Bokhovko-41177041.1991                             2 2.27500E-01 2.27500E-01
n-Yb171-MT151-Carpenter-120480071.1962                          16 8.10000E-06 2.05000E-04
n-Yb171-MT151-Carpenter-120480072.1962                           7 2.96000E-05 1.34000E-04
n-Yb171-MT151-Carpenter-120480081.1962                           1 1.35000E-05 1.35000E-05
n-Yb171-MT151-Carpenter-120480082.1962                           1 1.35000E-05 1.35000E-05
n-Yb171-MT151-Carpenter-120480085.1962                           1 1.35000E-05 1.35000E-05
n-Yb171-MT151-Liou-100810071.1973                              168 7.91000E-06 1.68470E-03
n-Yb171-MT151-Liou-100810071A001.1973                          168 7.91000E-06 1.68470E-03
n-Yb171-MT151-Liou-100810072.1973                              168 7.91000E-06 1.68470E-03
n-Yb171-MT151-Liou-100810072A001.1973                          168 7.91000E-06 1.68470E-03
n-Yb171-MT151-Liou-100810081.1973                               37 7.91000E-06 6.28580E-04
n-Yb171-MT151-Liou-100810081A001.1973                           37 7.91000E-06 6.28580E-04
n-Yb171-MT151-Liou-100810082.1973                               34 3.45400E-05 6.28580E-04
n-Yb171-MT151-Liou-100810082A001.1973                           34 3.45400E-05 6.28580E-04
n-Yb171-MT151-Liou-100810372.1973                                1 8.46450E-04 8.46450E-04
n-Yb171-MT151-Liou-100810372A001.1973                            1 8.46450E-04 8.46450E-04
n-Yb171-MT151-Mughabghab-121300141.1968                         27 7.93000E-06 2.25200E-04
n-Yb171-MT151-Mughabghab-121300143.1968                          3 7.93000E-06 2.80000E-05
n-Yb171-MT151-Mughabghab-121300144.1968                         27 7.93000E-06 2.25200E-04
n-Yb171-MT151-WangNaiyanggg-40030002.1966                       22 7.93000E-06 1.47000E-04
n-Yb171-MT151-WangNaiyanggg-40030003.1966                       22 7.93000E-06 1.47000E-04
n-Yb171-MT151-WangNaiyanggg-40030004.1966                        4 1.31300E-05 6.04000E-05
n-Yb171-MT151-WangNaiyanggg-40030008.1966                        1 7.74650E-05 7.74650E-05
