#              Filename                                         N    min         max
n-Pb206-MT151-Allen-101550081.1973                              29 3.36500E-03 1.99200E-01
n-Pb206-MT151-Allen-101550081A001.1973                          29 3.36500E-03 1.99200E-01
n-Pb206-MT151-Allen-101550082.1973                              11 2.54900E-02 1.99200E-01
n-Pb206-MT151-Allen-101550082A001.1973                          11 2.54900E-02 1.99200E-01
n-Pb206-MT151-Allen-101550083.1973                               6 2.54900E-02 1.46800E-01
n-Pb206-MT151-Allen-101550083A001.1973                           6 2.54900E-02 1.46800E-01
n-Pb206-MT151-Allen-101550084.1973                              29 3.36500E-03 1.99200E-01
n-Pb206-MT151-Allen-101550084A001.1973                          29 3.36500E-03 1.99200E-01
n-Pb206-MT151-Bilpuch-115990501.1961                             5 8.50000E-02 1.97000E-01
n-Pb206-MT151-Bilpuch-115990502.1961                             5 8.50000E-02 1.97000E-01
n-Pb206-MT151-Bilpuch-115990503.1961                             5 8.50000E-02 1.97000E-01
n-Pb206-MT151-Bilpuch-115990504.1961                             5 8.50000E-02 1.97000E-01
n-Pb206-MT151-Block-213920031.1964                               1 2.54000E-02 2.54000E-02
n-Pb206-MT151-Block-213920032.1964                               3 3.35000E-03 2.54000E-02
n-Pb206-MT151-Borella-229210021.2007                            28 1.08637E-02 8.08878E-02
n-Pb206-MT151-Borella-229210022.2007                            23 1.08637E-02 8.03667E-02
n-Pb206-MT151-Borella-229210023.2007                            17 1.42180E-02 8.03667E-02
n-Pb206-MT151-Borella-229210031.2007                           276 8.27140E-02 6.18541E-01
n-Pb206-MT151-Borella-229210033.2007                           191 8.29132E-02 6.18541E-01
n-Pb206-MT151-Borella-229210061.2007                             4-1.00000E-02 6.23900E-01
n-Pb206-MT151-Borella-229210062.2007                             4-1.00000E-02 6.23900E-01
n-Pb206-MT151-Borella-229210063.2007                             4-1.00000E-02 6.23900E-01
n-Pb206-MT151-Domingopardo-229840021.2007                       61 3.35793E-03 5.72245E-01
n-Pb206-MT151-Horen-108960041.1979                             220 3.35000E-03 6.03240E-01
n-Pb206-MT151-Horen-108960041A001.1979                         220 3.35000E-03 6.03240E-01
n-Pb206-MT151-Horen-108960042.1979                             199 3.35000E-03 6.03240E-01
n-Pb206-MT151-Horen-108960042A001.1979                         199 3.35000E-03 6.03240E-01
n-Pb206-MT151-Horen-108960043.1979                             197 3.35000E-03 6.03240E-01
n-Pb206-MT151-Horen-108960043A001.1979                         197 3.35000E-03 6.03240E-01
n-Pb206-MT151-Horen-108960044.1979                             195 3.35000E-03 6.03240E-01
n-Pb206-MT151-Horen-108960044A001.1979                         195 3.35000E-03 6.03240E-01
n-Pb206-MT151-Horen-108960045.1979                             196 3.35000E-03 6.03240E-01
n-Pb206-MT151-Horen-108960045A001.1979                         196 3.35000E-03 6.03240E-01
n-Pb206-MT151-Horen-108960051.1979                               3 6.39500E-02 8.29200E-02
n-Pb206-MT151-Horen-108960051A001.1979                           3 6.39500E-02 8.29200E-02
n-Pb206-MT151-Horen-108960052.1979                               3 6.39500E-02 8.29200E-02
n-Pb206-MT151-Horen-108960052A001.1979                           3 6.39500E-02 8.29200E-02
n-Pb206-MT151-Horen-108960053.1979                               1 8.03600E-02 8.03600E-02
n-Pb206-MT151-Horen-108960053A001.1979                           1 8.03600E-02 8.03600E-02
n-Pb206-MT151-Horen-108960054.1979                               3 6.39500E-02 8.29200E-02
n-Pb206-MT151-Horen-108960054A001.1979                           3 6.39500E-02 8.29200E-02
n-Pb206-MT151-Horen-127210041.1981                             161 6.05800E-01 8.97200E-01
n-Pb206-MT151-Horen-127210042.1981                             161 6.05800E-01 8.97200E-01
n-Pb206-MT151-Horen-127210043.1981                             161 6.05800E-01 8.97200E-01
n-Pb206-MT151-Horen-127210044.1981                             161 6.05800E-01 8.97200E-01
n-Pb206-MT151-Macklin-115750181.1964                             8 1.22000E-02 7.50000E-02
n-Pb206-MT151-Macklin-115750182.1964                             1 6.60000E-02 6.60000E-02
n-Pb206-MT151-Macklin-115750183.1964                             6 1.22000E-02 6.60000E-02
n-Pb206-MT151-Macklin-115750184.1964                             4 1.65000E-02 4.60000E-02
n-Pb206-MT151-Macklin-11575019.1964                              9 2.51000E-02 7.50000E-02
n-Pb206-MT151-Mizumoto-108420021.1979                           22 3.35600E-03 4.74730E-02
n-Pb206-MT151-Mizumoto-108420021A001.1979                       22 3.35600E-03 4.74730E-02
n-Pb206-MT151-Mizumoto-108420022.1979                           17 3.35600E-03 4.74730E-02
n-Pb206-MT151-Mizumoto-108420022A001.1979                       17 3.35600E-03 4.74730E-02
n-Pb206-MT151-Mizumoto-108420023.1979                           16 3.35600E-03 4.74730E-02
n-Pb206-MT151-Mizumoto-108420023A001.1979                       16 3.35600E-03 4.74730E-02
n-Pb206-MT151-Mizumoto-108420025.1979                           20 3.35600E-03 4.74730E-02
n-Pb206-MT151-Mizumoto-108420025A001.1979                       20 3.35600E-03 4.74730E-02
n-Pb206-MT151-Mizumoto-108420026.1979                           16 3.35600E-03 4.74730E-02
n-Pb206-MT151-Mizumoto-108420026A001.1979                       16 3.35600E-03 4.74730E-02
n-Pb206-MT151-Mizumoto-10842003.1979                             3 2.52000E-02 4.76000E-02
n-Pb206-MT151-Mizumoto-10842003A001.1979                         3 2.52000E-02 4.76000E-02
n-Pb206-MT151-Mizumoto-108420041.1979                           16 5.39000E-02 1.14450E-01
n-Pb206-MT151-Mizumoto-108420041A001.1979                       16 5.39000E-02 1.14450E-01
n-Pb206-MT151-Mizumoto-108420042.1979                           14 5.39000E-02 1.14450E-01
n-Pb206-MT151-Mizumoto-108420042A001.1979                       14 5.39000E-02 1.14450E-01
n-Pb206-MT151-Mizumoto-108420043.1979                            2 6.59700E-02 9.26300E-02
n-Pb206-MT151-Mizumoto-108420043A001.1979                        2 6.59700E-02 9.26300E-02
n-Pb206-MT151-Schmiedmayer-221010051.1988                        5 3.35710E-03 6.59540E-02
n-Pb206-MT151-Schmiedmayer-221010052.1988                        5 3.35710E-03 6.59540E-02
