#              Filename                                         N    min         max
d-Be009-MT801-Antufyev-F0154004-E0002.300.1984                   8 3.16000E+01 1.40900E+02
d-Be009-MT801-Antufyev-F0154004-E0002.500.1984                   7 3.38000E+01 1.40900E+02
d-Be009-MT801-Antufyev-F0154004-E0002.800.1984                   9 3.58000E+01 1.56500E+02
d-Be009-MT801-Bertrand-F0114002-E0000.300.1968                  14 1.50000E+01 1.61200E+02
d-Be009-MT801-Bertrand-F0114002-E0000.400.1968                  14 2.48000E+01 1.60800E+02
d-Be009-MT801-Bertrand-F0114002-E0000.500.1968                  14 2.93000E+01 1.60200E+02
d-Be009-MT801-Bertrand-F0114002-E0000.600.1968                  14 2.96000E+01 1.60500E+02
d-Be009-MT801-Bertrand-F0114002-E0000.700.1968                  14 2.01000E+01 1.59000E+02
d-Be009-MT801-Bertrand-F0114002-E0000.800.1968                  15 1.94000E+01 1.59200E+02
d-Be009-MT801-Bertrand-F0114002-E0000.900.1968                  15 1.94000E+01 1.58800E+02
d-Be009-MT801-Bertrand-F0114002-E0001.000.1968                  12 2.97000E+01 1.40100E+02
d-Be009-MT801-Biggerstaff-F0095005-E0000.750.1962               10 2.97000E+01 1.65800E+02
d-Be009-MT801-Dolinov-F0094002-E0011.400.1966                   15 8.80000E+00 1.58800E+02
d-Be009-MT801-Dolinov-F0094002-E0012.400.1966                   16 8.80000E+00 1.57600E+02
d-Be009-MT801-Ivanitskiy-F0174002-E0013.600.1962                48 6.20005E+00 1.30700E+02
d-Be009-MT801-Saganek-F0451002-E0000.900.1971                   17 2.23000E+01 1.65200E+02
d-Be009-MT801-Saganek-F0451002-E0001.000.1971                   17 2.28000E+01 1.62300E+02
d-Be009-MT801-Saganek-F0451002-E0001.100.1971                   16 1.51000E+01 1.61000E+02
d-Be009-MT801-Saganek-F0451002-E0001.200.1971                   18 1.51000E+01 1.60900E+02
d-Be009-MT801-Saganek-F0451002-E0001.300.1971                   16 2.04000E+01 1.62100E+02
d-Be009-MT801-Saganek-F0451002-E0001.400.1971                   16 2.04000E+01 1.61500E+02
d-Be009-MT801-Saganek-F0451002-E0001.500.1971                   16 1.91000E+01 1.63000E+02
d-Be009-MT801-Saganek-F0451002-E0001.600.1971                   18 1.91000E+01 1.65300E+02
d-Be009-MT801-Saganek-F0451002-E0001.700.1971                   17 2.02000E+01 1.65300E+02
d-Be009-MT801-Saganek-F0451002-E0001.800.1971                   17 1.56000E+01 1.63500E+02
d-Be009-MT801-Saganek-F0451002-E0001.900.1971                   18 1.40000E+01 1.62300E+02
d-Be009-MT801-Saganek-F0451002-E0002.000.1971                   19 1.40000E+01 1.63600E+02
d-Be009-MT801-Saganek-F0451002-E0002.100.1971                   18 1.41000E+01 1.62300E+02
d-Be009-MT801-Saganek-F0451002-E0002.160.1971                   18 1.41000E+01 1.60300E+02
d-Be009-MT801-Sledzinska-F0452002-E0002.250.1977                19 1.51000E+01 1.62800E+02
d-Be009-MT801-Sledzinska-F0452002-E0002.400.1977                27 1.51000E+01 1.63300E+02
d-Be009-MT801-Sledzinska-F0452002-E0002.500.1977                23 1.46000E+01 1.61900E+02
d-Be009-MT801-Sledzinska-F0452002-E0002.650.1977                24 1.46000E+01 1.62700E+02
d-Be009-MT801-Sledzinska-F0452002-E0002.800.1977                28 1.37000E+01 1.65400E+02
d-Be009-MT801-Sledzinska-F0452002-E0002.950.1977                22 1.37000E+01 1.61200E+02
d-Be009-MT801-Sledzinska-F0452002-E0003.100.1977                21 1.44000E+01 1.64000E+02
d-Be009-MT801-Tanaka-F0170003-E0012.350.1978                    16 1.50000E+01 1.63300E+02
d-Be009-MT801-Tanaka-F0170003-E0014.060.1978                    18 1.49000E+01 1.64800E+02
d-Be009-MT801-Urazbekov-D0962006-E0019.500.2019                 51 1.60000E+01 1.33100E+02
d-Be009-MT801-Urazbekov-D0962006-E0035.000.2019                109 1.60000E+01 1.65100E+02
