#              Filename                                         N    min         max
p-C012-MT614-Clough-F0789005-ang-E0030.200.1970                 12 1.27000E+01 1.26100E+02
p-C012-MT614-Clough-F0789005-ang-E0045.500.1970                 24 1.27000E+01 9.15000E+01
p-C012-MT614-Geramb-F0740003-ang-E0022.500.1975                 27 2.22000E+01 1.20200E+02
p-C012-MT614-Goulding-C2624004-ang-E0061.800.1979               38 5.50000E+00 4.25000E+01
p-C012-MT614-Horowitz-C2389009-ang-E0100.000.1970               10 1.08000E+01 5.93000E+01
p-C012-MT614-Hosono-E0013003-ang-E0050.000.1978                  8 1.63000E+01 7.14000E+01
p-C012-MT614-Hosono-E0013003-ang-E0065.000.1978                 47 1.63000E+01 9.53000E+01
p-C012-MT614-Ieki-E1316003-ang-E0035.000.1990                   16 1.14000E+01 1.22100E+02
p-C012-MT614-Jones-T0169002-ang-E0318.000.1994                   7 3.03532E+00 1.95150E+01
p-C012-MT614-Jones-T0169002-ang-E0398.000.1994                  35 3.03532E+00 2.82543E+01
p-C012-MT614-Jones-T0169002-ang-E0597.000.1994                  15 3.33941E+00 1.93501E+01
p-C012-MT614-Jones-T0169002-ang-E0698.000.1994                  19 3.33941E+00 1.88437E+01
p-C012-MT614-Measday-F1018003-ang-E0016.784.1963                66 9.00000E+01 9.00000E+01
p-C012-MT614-Reen-E2639004-ang-E0392.000.2019                    6 4.00074E-01 2.80002E+00
p-C012-MT614-Scott-O1246003-ang-E0020.500.1967                  17 8.99997E+00 1.62100E+02
p-C012-MT614-Scott-O1246003-ang-E0021.000.1967                  11 9.20003E+00 1.69300E+02
p-C012-MT614-Scott-O1246003-ang-E0022.080.1967                  22 9.20003E+00 1.72800E+02
p-C012-MT614-Scott-O1246003-ang-E0022.250.1967                  12 1.64000E+01 1.66300E+02
p-C012-MT614-Scott-O1246003-ang-E0022.500.1967                  19 1.64000E+01 1.73600E+02
p-C012-MT614-Scott-O1246003-ang-E0024.500.1967                  12 2.17000E+01 1.52600E+02
p-C012-MT614-Scott-O1246003-ang-E0025.400.1967                  17 3.03000E+01 1.71600E+02
p-C012-MT614-Scott-O1246003-ang-E0025.500.1967                  11 2.02000E+01 1.70900E+02
p-C012-MT614-Scott-O1246003-ang-E0030.300.1967                  16 2.02000E+01 1.59300E+02
p-C012-MT614-Tamii-E2150003-ang-E0295.000.2009                  27 2.54878E-01 2.09400E+01
