#              Filename                                         N    min         max
p-Mg000-MT002-Maragkos-O2562002-ang-E0002.688.2023             750 1.20000E+02 1.70000E+02
p-Mg000-MT002-Matsuda-E1941004-ang-E0007.320.1961               16 1.98000E+01 1.65000E+02
p-Mg000-MT002-Matsuda-E1941005-ang-E0007.630.1961               15 1.98000E+01 1.65000E+02
p-Mg000-MT002-Matsuda-E1941006-ang-E0007.700.1961               16 1.98000E+01 1.65000E+02
p-Mg000-MT002-Matsuda-E1941007-ang-E0007.790.1961               16 1.98000E+01 1.65000E+02
p-Mg000-MT002-Matsuda-E1941008-ang-E0008.300.1961               14 1.98000E+01 1.65000E+02
p-Mg000-MT002-Matsuda-E1941009-ang-E0008.790.1961               15 1.98000E+01 1.65000E+02
p-Mg000-MT002-Matsuda-E1941010-ang-E0008.920.1961               15 1.98000E+01 1.65000E+02
p-Mg000-MT002-Matsuda-E1941011-ang-E0009.090.1961               15 1.98000E+01 1.65000E+02
p-Mg000-MT002-Matsuda-E1941012-ang-E0009.260.1961               15 1.98000E+01 1.65000E+02
p-Mg000-MT002-Matsuda-E1941013-ang-E0009.390.1961               15 1.98000E+01 1.65000E+02
p-Mg000-MT002-Matsuda-E1941014-ang-E0009.560.1961               15 1.98000E+01 1.65000E+02
p-Mg000-MT002-Matsuda-E1941015-ang-E0009.720.1961               15 1.98000E+01 1.65000E+02
p-Mg000-MT002-Matsuda-E1941016-ang-E0009.860.1961               15 1.98000E+01 1.65000E+02
p-Mg000-MT002-Matsuda-E1941017-ang-E0010.030.1961               15 1.98000E+01 1.65000E+02
p-Mg000-MT002-Matsuda-E1941018-ang-E0010.200.1961               15 1.98000E+01 1.65000E+02
p-Mg000-MT002-Matsuda-E1941019-ang-E0010.640.1961               15 2.50000E+01 1.65000E+02
p-Mg000-MT002-Matsuda-E1941020-ang-E0011.150.1961               15 2.50000E+01 1.65000E+02
p-Mg000-MT002-Matsuda-E1941021-ang-E0011.620.1961               15 2.50000E+01 1.65000E+02
p-Mg000-MT002-Matsuda-E1941022-ang-E0012.100.1961               15 2.50000E+01 1.65000E+02
p-Mg000-MT002-Matsuda-E1941023-ang-E0012.620.1961               14 2.50000E+01 1.65000E+02
p-Mg000-MT002-Matsuda-E1941024-ang-E0013.150.1961               15 2.50000E+01 1.65000E+02
p-Mg000-MT002-Matsuda-E1941025-ang-E0013.590.1961               15 2.50000E+01 1.65000E+02
p-Mg000-MT002-Matsuda-E1941026-ang-E0014.060.1961               15 2.50000E+01 1.65000E+02
p-Mg000-MT002-Matsuda-E1941027-ang-E0014.450.1961               15 3.00000E+01 1.65000E+02
p-Mg000-MT002-Matsuda-E1941028-ang-E0014.870.1961               15 3.00000E+01 1.65000E+02
p-Mg000-MT002-Matsuda-E1941029-ang-E0015.330.1961               15 3.00000E+01 1.65000E+02
p-Mg000-MT002-Matsuda-E1941030-ang-E0015.850.1961               15 3.00000E+01 1.65000E+02
p-Mg000-MT002-Matsuda-E1941059-ang-E0007.910.1961               13 3.00000E+01 3.00000E+01
p-Mg000-MT002-Matsuda-E1941060-ang-E0007.830.1961               15 6.00000E+01 6.00000E+01
p-Mg000-MT002-Matsuda-E1941061-ang-E0007.830.1961               13 9.00000E+01 9.00000E+01
p-Mg000-MT002-Matsuda-E1941062-ang-E0007.830.1961               15 1.25000E+02 1.25000E+02
p-Mg000-MT002-Matsuda-E1941063-ang-E0007.830.1961                6 1.55000E+02 1.55000E+02
p-Mg000-MT002-Matsuda-E1941064-ang-E0008.860.1961                9 1.64400E+02 1.64400E+02
p-Mg000-MT002-Rauhala-O0878002-ang-E0000.700.1988               59 1.70000E+02 1.70000E+02
