#              Filename                                         N    min         max
n-Mo098-MT151-Babich-410620021.1989                              9 1.21200E-05 2.54000E-03
n-Mo098-MT151-Babich-410620022.1989                              9 1.21200E-05 2.54000E-03
n-Mo098-MT151-Chrien-108850021.1976                            110 1.21000E-05 5.26000E-02
n-Mo098-MT151-Chrien-108850021A001.1976                        110 1.21000E-05 5.26000E-02
n-Mo098-MT151-Chrien-108850022.1976                             30 1.21000E-05 1.00250E-02
n-Mo098-MT151-Chrien-108850022A001.1976                         30 1.21000E-05 1.00250E-02
n-Mo098-MT151-Chrien-108850023.1976                            110 1.21000E-05 5.26000E-02
n-Mo098-MT151-Chrien-108850023A001.1976                        110 1.21000E-05 5.26000E-02
n-Mo098-MT151-Chrien-108850031.1976                             10 4.67000E-04 1.05760E-02
n-Mo098-MT151-Chrien-108850031A001.1976                         10 4.67000E-04 1.05760E-02
n-Mo098-MT151-Chrien-108850032.1976                             10 4.67000E-04 1.05760E-02
n-Mo098-MT151-Chrien-108850032A001.1976                         10 4.67000E-04 1.05760E-02
n-Mo098-MT151-Chrien-108850033.1976                             10 4.67000E-04 1.05760E-02
n-Mo098-MT151-Chrien-108850033A001.1976                         10 4.67000E-04 1.05760E-02
n-Mo098-MT151-Harvey-119120491.1955                              1 4.80000E-04 4.80000E-04
n-Mo098-MT151-Harvey-119120492.1955                              1 4.80000E-04 4.80000E-04
n-Mo098-MT151-Harvey-119120493.1955                              1 4.80000E-04 4.80000E-04
n-Mo098-MT151-Kapchigashev-406630221.1963                        1 1.20000E-05 1.20000E-05
n-Mo098-MT151-Kapchigashev-40663023.1963                         1 3.67000E-04 3.67000E-04
n-Mo098-MT151-Kapchigashev-40778032.1966                         1 2.50000E-02 2.50000E-02
n-Mo098-MT151-KimKhiSannn-412110101.1965                         1 1.21500E-05 1.21500E-05
n-Mo098-MT151-KimKhiSannn-412110102.1965                         1 1.21500E-05 1.21500E-05
n-Mo098-MT151-Leinweber-142630021.2010                          10 1.20700E-05 1.92750E-03
n-Mo098-MT151-Leinweber-142630022.2010                           9 1.20700E-05 1.92750E-03
n-Mo098-MT151-Leinweber-142630023.2010                          10 1.20700E-05 1.92750E-03
n-Mo098-MT151-Mughabghab-102290021.1971                          5 1.20000E-05 1.10800E-03
n-Mo098-MT151-Mughabghab-102290021A001.1971                      5 1.20000E-05 1.10800E-03
n-Mo098-MT151-Mughabghab-107800021.1976                         23 1.20000E-05 5.61700E-03
n-Mo098-MT151-Mughabghab-107800021A001.1976                     23 1.20000E-05 5.61700E-03
n-Mo098-MT151-Mughabghab-107800022.1976                         13 1.20000E-05 5.28800E-03
n-Mo098-MT151-Mughabghab-107800022A001.1976                     13 1.20000E-05 5.28800E-03
n-Mo098-MT151-Pevzner-400910071.1963                            10 1.20000E-05 9.00000E-03
n-Mo098-MT151-Pevzner-400910072.1963                             9 1.20000E-05 9.00000E-03
n-Mo098-MT151-Pevzner-400910073.1963                             9 1.20000E-05 9.00000E-03
n-Mo098-MT151-Pevzner-400910074.1963                             2 1.20000E-05 4.67000E-04
n-Mo098-MT151-Pevzner-400910151.1963                             1 7.50350E-03 7.50350E-03
n-Mo098-MT151-Remley-146760051.2018                            158-9.80000E-04 5.21650E-02
n-Mo098-MT151-Remley-146760052.2018                            158-9.80000E-04 5.21650E-02
n-Mo098-MT151-Remley-146760054.2018                            158-9.80000E-04 5.21650E-02
n-Mo098-MT151-Remley-146760055.2018                            158-9.80000E-04 5.21650E-02
n-Mo098-MT151-Remley-146760056.2018                            158-9.80000E-04 5.21650E-02
n-Mo098-MT151-Remley-14676009.2018                               4 5.00000E-03 2.65000E-02
n-Mo098-MT151-Shwe-119140131.1969                                6 1.21000E-05 1.10900E-03
n-Mo098-MT151-Shwe-119140132.1969                                6 1.21000E-05 1.10900E-03
n-Mo098-MT151-Shwe-119140133.1969                                2 1.21000E-05 4.28900E-04
n-Mo098-MT151-Shwe-11914014.1969                                 1 7.70000E-04 7.70000E-04
n-Mo098-MT151-Uttley-21088010.1966                               3 5.00050E-01 5.00050E-01
n-Mo098-MT151-Wang-316030071.2008                                1 1.22000E-05 1.22000E-05
n-Mo098-MT151-Wang-316030072.2008                                1 1.22000E-05 1.22000E-05
n-Mo098-MT151-Wang-316030073.2008                                1 1.22000E-05 1.22000E-05
n-Mo098-MT151-Wang-316030074.2008                                1 1.22000E-05 1.22000E-05
n-Mo098-MT151-Wang-316030075.2008                                1 1.22000E-05 1.22000E-05
n-Mo098-MT151-Weigmann-20398031.1971                            10 4.29680E-04 4.84230E-03
n-Mo098-MT151-Weigmann-20398032.1971                            23 1.20800E-05 5.26100E-03
n-Mo098-MT151-Weigmann-20398033.1971                             1 2.61500E-03 2.61500E-03
n-Mo098-MT151-Weigmann-20398034.1971                            10 1.20800E-05 2.02130E-03
n-Mo098-MT151-Weigmann-20398035.1971                             3 1.20800E-05 6.12480E-04
n-Mo098-MT151-Wynchank-11913007.1968                             1 1.46000E-04 1.46000E-04
