#              Filename                                         N    min         max
n-Hg201-MT151-Beer-128790111.1985                               78 3.23500E-03 1.10490E-02
n-Hg201-MT151-Beer-128790113.1985                               17 3.23500E-03 9.59100E-03
n-Hg201-MT151-Beer-128790114.1985                               33 3.23500E-03 1.10490E-02
n-Hg201-MT151-Beer-12879017.1985                                 3 2.51300E-01 2.51300E-01
n-Hg201-MT151-Bird-210140122.1959                                3 4.30000E-05 2.09000E-04
n-Hg201-MT151-Bird-210140123.1959                                3 4.30000E-05 2.09000E-04
n-Hg201-MT151-Bird-210140124.1959                                3 4.30000E-05 2.09000E-04
n-Hg201-MT151-Bolotin-119220121.1963                             2 4.33000E-05 7.18000E-05
n-Hg201-MT151-Bolotin-119220122.1963                             2 4.33000E-05 7.18000E-05
n-Hg201-MT151-Brussel-12209004.1959                              3 4.30000E-05 4.41000E-04
n-Hg201-MT151-Carpenter-122360071.1960                           7 4.30000E-05 6.85000E-04
n-Hg201-MT151-Carpenter-122360073.1960                           7 4.30000E-05 6.85000E-04
n-Hg201-MT151-Carpenter-122360074.1960                           7 4.30000E-05 6.85000E-04
n-Hg201-MT151-Carpenter-122360075.1960                           3 2.10400E-04 6.85000E-04
n-Hg201-MT151-Carpenter-122360076.1960                           5 4.30000E-05 6.85000E-04
n-Hg201-MT151-Julien-20687046.1969                               2 3.50000E-04 3.50000E-04
n-Hg201-MT151-Julien-206870471.1969                              7 4.30000E-05 6.85000E-04
n-Hg201-MT151-Julien-206870472.1969                              7 4.30000E-05 6.85000E-04
n-Hg201-MT151-Julien-206870473.1969                              7 4.30000E-05 6.85000E-04
n-Hg201-MT151-Julien-206870474.1969                              7 4.30000E-05 6.85000E-04
n-Hg201-MT151-Julien-206870475.1969                              7 4.30000E-05 6.85000E-04
n-Hg201-MT151-Julien-206870476.1969                              7 4.30000E-05 6.85000E-04
n-Hg201-MT151-Julien-20687049.1969                               1 3.50000E-04 3.50000E-04
n-Hg201-MT151-Palmer-11804022.1956                               1 4.30000E-05 4.30000E-05
