#              Filename                                         N    min         max
p-Pb208-MT601-Barlett-C0785008-ang-E0500.000.1987              472 5.60000E+00 3.19000E+01
p-Pb208-MT601-Blanpied-C0071007-ang-E0800.000.1978             186 4.09997E+00 3.10000E+01
p-Pb208-MT601-Comparat-O0049011-ang-E0156.000.1974              25 8.99997E+00 3.91000E+01
p-Pb208-MT601-Fujita-E0933010-ang-E0065.000.1985                13 1.30000E+01 4.81000E+01
p-Pb208-MT601-Fujiwara-E0932002-ang-E0065.000.1984              15 5.69997E+00 5.19000E+01
p-Pb208-MT601-Fujiwara-E0932003-ang-E0065.000.1984               6 1.09000E+01 2.89000E+01
p-Pb208-MT601-Fujiwara-E0932004-ang-E0065.000.1984               6 8.49999E+00 3.05000E+01
p-Pb208-MT601-Fujiwara-E0932005-ang-E0065.000.1984               9 9.30001E+00 3.78000E+01
p-Pb208-MT601-Fujiwara-E0932006-ang-E0065.000.1984              10 9.40003E+00 3.82000E+01
p-Pb208-MT601-Fujiwara-E0932007-ang-E0065.000.1984               7 8.59999E+00 2.90000E+01
p-Pb208-MT601-Fujiwara-E0932008-ang-E0065.000.1984               8 9.20003E+00 3.74000E+01
p-Pb208-MT601-Hayakawa-E0803002-ang-E0065.000.1982              15 6.10002E+00 5.14000E+01
p-Pb208-MT601-Hayakawa-E0803003-ang-E0065.000.1982              14 9.49999E+00 4.85000E+01
p-Pb208-MT601-Hayakawa-E0803004-ang-E0065.000.1982              18 6.69999E+00 5.69000E+01
p-Pb208-MT601-Heusler-O2171002-ang-E0014.990.2014               19 1.05000E+02 1.05000E+02
p-Pb208-MT601-Heusler-O2171004-ang-E0016.450.2014               56 1.05000E+02 1.05000E+02
p-Pb208-MT601-Hintz-C1292003-ang-E0318.000.1988                 47 5.39986E+00 4.22197E+01
p-Pb208-MT601-Hintz-C1292003-ang-E0318.000A001.1988             52 5.26127E+00 4.22197E+01
p-Pb208-MT601-Hintz-C1292003-ang-E0318.000A002.1988             50 5.26127E+00 4.22197E+01
p-Pb208-MT601-Hintz-C1292003-ang-E0318.000A003.1988             73 5.39986E+00 4.20629E+01
p-Pb208-MT601-Hintz-C1292003-ang-E0318.000A004.1988             48 5.39986E+00 4.22197E+01
p-Pb208-MT601-Hintz-C1292003-ang-E0318.000A005.1988             44 5.67699E+00 4.20629E+01
p-Pb208-MT601-Hintz-C1292003-ang-E0318.000A006.1988             44 7.46918E+00 4.25336E+01
p-Pb208-MT601-Hintz-C1292003-ang-E0800.000.1988                 51 5.39986E+00 2.50192E+01
p-Pb208-MT601-Hintz-C1292003-ang-E0800.000A001.1988             54 5.26127E+00 2.50192E+01
p-Pb208-MT601-Hintz-C1292003-ang-E0800.000A002.1988             55 5.26127E+00 2.48302E+01
p-Pb208-MT601-Hintz-C1292003-ang-E0800.000A003.1988             49 5.39986E+00 2.50192E+01
p-Pb208-MT601-Hintz-C1292003-ang-E0800.000A004.1988             51 5.39986E+00 2.50192E+01
p-Pb208-MT601-Hintz-C1292003-ang-E0800.000A005.1988             52 5.67699E+00 2.48302E+01
p-Pb208-MT601-Hintz-C1292003-ang-E0800.000A006.1988             38 9.88523E+00 2.50192E+01
p-Pb208-MT601-Ingemarsson-D0187002-ang-E0185.000.1976           71 5.99999E+00 3.60000E+01
p-Pb208-MT601-Kailas-T0152014-ang-E0103.500.1984                11 1.17000E+01 2.17000E+01
p-Pb208-MT601-Kulleck-C2700002-ang-E0014.950.1970              483 9.00000E+01 9.00000E+01
p-Pb208-MT601-Kulleck-C2700004-ang-E0014.214.1970                1 9.00000E+01 1.25000E+02
p-Pb208-MT601-Kulleck-C2700004-ang-E0014.220.1970                1 1.25000E+02 1.50000E+02
p-Pb208-MT601-Kulleck-C2700004-ang-E0014.224.1970                1 1.50000E+02 1.70000E+02
p-Pb208-MT601-Kulleck-C2700004-ang-E0014.226.1970                1 1.70000E+02 1.70000E+02
p-Pb208-MT601-Kulleck-C2700012-ang-E0016.490.1970              121 5.91120E+01 1.69341E+02
p-Pb208-MT601-Kulleck-C2700013-ang-E0016.490.1970              205 6.03480E+01 1.68675E+02
p-Pb208-MT601-Mack-C1033014-ang-E0650.000.1995                 396 3.17398E+00 2.60710E+01
p-Pb208-MT601-Stovall-O0166022-ang-E0039.700.1964               11 1.15000E+01 6.67000E+01
p-Pb208-MT601-Tinsley-C1425002-ang-E0200.000.1983                9 5.99999E+00 1.99000E+01
p-Pb208-MT601-Willis-O0285004-ang-E0155.000.1969                13 7.49999E+00 4.00000E+01
