#              Filename                                         N    min         max
n-Pb000-MT001-Abfalterer-13753028.2001                         467 5.29300E+00 5.59100E+02
n-Pb000-MT001-Ageno-21263008.1953                                1 1.40000E+01 1.40000E+01
n-Pb000-MT001-Alfimenkov-41167003.1994                           1 5.25000E-06 5.25000E-06
n-Pb000-MT001-Angeli-30141015.1971                               1 1.47000E+01 1.47000E+01
n-Pb000-MT001-Artemov-31807007.2020                              1 1.41000E+01 1.41000E+01
n-Pb000-MT001-Ashmore-21680009.1957                              1 3.51200E+02 3.51200E+02
n-Pb000-MT001-Atkinson-11112018.1961                             1 5.00000E+03 5.00000E+03
n-Pb000-MT001-Atkinson-11112018A001.1961                         1 5.00000E+03 5.00000E+03
n-Pb000-MT001-Barschall-12228002.1949                          105 1.80000E-02 7.61000E-01
n-Pb000-MT001-Bennett-11265008.1957                             14 2.25000E+00 2.74500E+00
n-Pb000-MT001-Biel-10603005.1976                                 8 5.40710E+04 2.79060E+05
n-Pb000-MT001-Biel-10603005A001.1976                             8 5.40710E+04 2.79060E+05
n-Pb000-MT001-Bilpuch-11599047.1961                            588 4.79970E-02 3.62087E-01
n-Pb000-MT001-Bockelman-11881008.1949                           15 7.87000E-01 1.47500E+00
n-Pb000-MT001-Bowen-21103007.1961                               64 1.58000E+01 1.17500E+02
n-Pb000-MT001-Bowen-21103009.1961                                1 8.00000E+01 8.00000E+01
n-Pb000-MT001-Bratenahl-11155031.1958                            5 7.17000E+00 1.42500E+01
n-Pb000-MT001-Bratenahl-11155031A001.1958                        5 7.17000E+00 1.42500E+01
n-Pb000-MT001-Bratenahl-11472007.1950                            1 8.40000E+01 8.40000E+01
n-Pb000-MT001-Bretscher-21251006.1950                           11 2.60000E-01 2.35000E+00
n-Pb000-MT001-Cabe-20479004.1967                               175 6.00000E-01 1.20700E+00
n-Pb000-MT001-Carlson-11497028.1967                            167 2.46300E+00 7.54300E+00
n-Pb000-MT001-Carpenter-13850010.1959                            1 1.11000E+02 1.11000E+02
n-Pb000-MT001-Carter-11897008.1955                              17 1.10000E-05 1.71000E-04
n-Pb000-MT001-Conner-11320014.1958                               6 1.31400E+01 1.56000E+01
n-Pb000-MT001-Cook-11146014.1949                                 1 8.30000E+01 8.30000E+01
n-Pb000-MT001-Cook-11146014A001.1949                             1 8.30000E+01 8.30000E+01
n-Pb000-MT001-Coon-12524052.1952                                 1 1.41200E+01 1.41200E+01
n-Pb000-MT001-Coor-11087015.1955                                 1 1.40000E+03 1.40000E+03
n-Pb000-MT001-Coor-11087015A001.1955                             1 1.40000E+03 1.40000E+03
n-Pb000-MT001-Culler-11088013.1955                              12 6.10000E+01 1.06800E+02
n-Pb000-MT001-Culler-11088013A001.1955                          12 6.10000E+01 1.06800E+02
n-Pb000-MT001-Day-11068012.1953                                  1 1.90000E+01 1.90000E+01
n-Pb000-MT001-Day-11068012A001.1953                              1 1.90000E+01 1.90000E+01
n-Pb000-MT001-Deconninck-20172005.1958                           9 2.10000E+00 3.01000E+00
n-Pb000-MT001-Dejuren-11174014.1950                              1 9.50000E+01 9.50000E+01
n-Pb000-MT001-Dejuren-11174014A001.1950                          1 9.50000E+01 9.50000E+01
n-Pb000-MT001-Dejuren-11176010.1950                              1 2.70000E+02 2.70000E+02
n-Pb000-MT001-Dejuren-11176010A001.1950                          1 2.70000E+02 2.70000E+02
n-Pb000-MT001-Dejuren-11177007.1951                              4 1.80000E+02 2.40000E+02
n-Pb000-MT001-Dejuren-11177007A001.1951                          4 1.80000E+02 2.40000E+02
n-Pb000-MT001-Dilg-21353006.1971                                 1 1.30000E-04 1.30000E-04
n-Pb000-MT001-Divadeenam-10523023.1968                          30 1.00000E-01 6.60000E-01
n-Pb000-MT001-Divadeenam-10523023A001.1968                      30 1.00000E-01 6.60000E-01
n-Pb000-MT001-Drigo-20664004.1973                                1 2.45000E+00 2.45000E+00
n-Pb000-MT001-Dukarevich-40813050.1967                           1 1.42000E+01 1.42000E+01
n-Pb000-MT001-Dzhelepov-41261012.1955                            1 5.90000E+02 5.90000E+02
n-Pb000-MT001-Fermi-146900041.1947                               1 2.52469E-08 2.52469E-08
n-Pb000-MT001-Fermi-146900042.1947                               1 2.52469E-08 2.52469E-08
n-Pb000-MT001-Fermi-146900043.1947                               1 2.52469E-08 2.52469E-08
n-Pb000-MT001-Fields-11260022.1947                               6 2.40000E-02 8.30000E-01
n-Pb000-MT001-Filippov-40082020.1968                            11 4.60000E-01 2.99000E+00
n-Pb000-MT001-Fosterjr-10047089.1971                           231 2.49100E+00 1.49110E+01
n-Pb000-MT001-Fosterjr-10047089A001.1971                       231 2.49100E+00 1.49110E+01
n-Pb000-MT001-Fox-11175012.1950                                  1 2.70000E+02 2.70000E+02
n-Pb000-MT001-Fox-11175012A001.1950                              1 2.70000E+02 2.70000E+02
n-Pb000-MT001-Franz-22117013.1988                               22 1.60000E+02 5.75000E+02
n-Pb000-MT001-Galloway-11522009.1966                           347 1.99500E+00 1.00500E+01
n-Pb000-MT001-Galloway-20359007.1973                             1 3.00000E+00 3.00000E+00
n-Pb000-MT001-Good-11178007.1941                                 1 9.00000E-01 9.00000E-01
n-Pb000-MT001-Good-11178007A001.1941                             1 9.00000E-01 9.00000E-01
n-Pb000-MT001-Goodman-11057020.1952                              1 1.40000E+01 1.40000E+01
n-Pb000-MT001-Goodman-11057020A001.1952                          1 1.40000E+01 1.40000E+01
n-Pb000-MT001-Gordon-12839007.1983                               4 2.71450E+01 4.53670E+01
n-Pb000-MT001-Gorlov-403070211.1968                              1 4.00000E+00 4.00000E+00
n-Pb000-MT001-Gorlov-41311012.1967                               1 4.00000E+00 4.00000E+00
n-Pb000-MT001-Green-10225007.1973                              218 1.00100E+00 8.09600E+00
n-Pb000-MT001-Green-10225007A001.1973                          218 1.00100E+00 8.09600E+00
n-Pb000-MT001-Green-10225008.1973                              216 1.00800E+00 7.88200E+00
n-Pb000-MT001-Green-10225008A001.1973                          216 1.00800E+00 7.88200E+00
n-Pb000-MT001-Grigoriev-41426009.2002                           10 1.57500E-04 1.50000E-01
n-Pb000-MT001-Haas-11794004.1963                                 1 1.39800E+01 1.39800E+01
n-Pb000-MT001-Hanstein-12589011.1941                             1 9.00000E-07 9.00000E-07
n-Pb000-MT001-Harvey-13761010.1977                            8660 6.01120E-09 2.58950E-02
n-Pb000-MT001-Haugsnes-11733013.1967                             1 1.41000E+01 1.41000E+01
n-Pb000-MT001-Havensjr-11361009.1952                            55 3.10000E-09 3.02000E-04
n-Pb000-MT001-Havensjr-14692003.1947                            45 3.01120E-09 7.07612E-05
n-Pb000-MT001-Havensjr-14692004.1947                            16 1.27291E-08 8.18000E-04
n-Pb000-MT001-Havensjr-14692005.1947                            12 1.27694E-08 2.04500E-02
n-Pb000-MT001-Hibdon-11261036.1949                               2 1.20000E-04 3.45000E-04
n-Pb000-MT001-Hildebrand-11039031.1950                           1 4.20000E+01 4.20000E+01
n-Pb000-MT001-Hildebrand-11039031A001.1950                       1 4.20000E+01 4.20000E+01
n-Pb000-MT001-Hillman-11081011.1954                              2 4.75000E+01 8.80000E+01
n-Pb000-MT001-Hillman-11081011A001.1954                          2 4.75000E+01 8.80000E+01
n-Pb000-MT001-Jones-10194010.1971                                4 1.10970E+04 2.55770E+04
n-Pb000-MT001-Jones-10194010A001.1971                            4 1.10970E+04 2.55770E+04
n-Pb000-MT001-Jones-11206007.1968                                1 2.47780E+04 2.47780E+04
n-Pb000-MT001-Jones-11206007A001.1968                            1 2.47780E+04 2.47780E+04
n-Pb000-MT001-Kanda-20756002.1976                               83 2.00000E-09 5.00000E-07
n-Pb000-MT001-Kanda-20756006.1976                               83 2.00000E-09 5.00000E-07
n-Pb000-MT001-Khaletskij-40709009.1956                           1 1.48000E+01 1.48000E+01
n-Pb000-MT001-Kobayashi-22153002.1990                            6 4.28000E-06 3.91000E-05
n-Pb000-MT001-Koester-22104002.1988                              6 1.26000E-06 1.43000E-01
n-Pb000-MT001-Koester-22217022.1990                              1 1.97000E-03 1.97000E-03
n-Pb000-MT001-Koester-22716005.1995                              5 1.26000E-06 1.97000E-03
n-Pb000-MT001-Lakin-10196005.1970                                1 2.97490E+03 2.97490E+03
n-Pb000-MT001-Lakin-10196005A001.1970                            1 2.97490E+03 2.97490E+03
n-Pb000-MT001-Laptev-41518002.2004                             434 5.66000E-01 1.96150E+02
n-Pb000-MT001-Larson-12882015.1980                             685 1.99650E+00 7.98280E+01
n-Pb000-MT001-Lasday-11041008.1951                               1 1.39000E+01 1.39000E+01
n-Pb000-MT001-Lasday-11041008A001.1951                           1 1.39000E+01 1.39000E+01
n-Pb000-MT001-Mazari-30037014.1955                              10 1.30000E+01 1.62000E+01
n-Pb000-MT001-Miller-11712022.1952                              16 1.00500E+00 3.21000E+00
n-Pb000-MT001-Minor-11505006.1969                                1 8.94000E+00 8.94000E+00
n-Pb000-MT001-Mitra-31318003.1962                                1 1.40000E+01 1.40000E+01
n-Pb000-MT001-Morales-30764007.1991                              2 1.76000E+01 1.98000E+01
n-Pb000-MT001-Muhrer-14141002.2007                            5789 1.62740E-10 9.98850E-05
n-Pb000-MT001-Muradyan-40167002.1971                            10 2.14000E-05 3.95900E-04
n-Pb000-MT001-Murthy-10403010.1975                               7 3.30730E+04 2.72060E+05
n-Pb000-MT001-Murthy-10403010A001.1975                           7 3.30730E+04 2.72060E+05
n-Pb000-MT001-Nedzel-13568013.1954                               1 4.10000E+02 4.10000E+02
n-Pb000-MT001-Nereson-11060011.1953                             32 2.91300E+00 1.31590E+01
n-Pb000-MT001-Nereson-11060011A001.1953                         32 2.91300E+00 1.31590E+01
n-Pb000-MT001-Newson-11834009.1956                             130 4.51740E-03 8.17380E-02
n-Pb000-MT001-Pantuev-41208010.1962                              1 8.30000E+03 8.30000E+03
n-Pb000-MT001-Parker-13026010.1970                               1 4.83740E+03 4.83740E+03
n-Pb000-MT001-Peterson-11108039.1960                             4 1.73000E+01 2.88000E+01
n-Pb000-MT001-Peterson-11108039A001.1960                         4 1.73000E+01 2.88000E+01
n-Pb000-MT001-Peterson-12200002.1950                            26 6.91000E-01 7.50000E-01
n-Pb000-MT001-Peterson-12200003.1950                            86 2.91500E-01 5.60000E-01
n-Pb000-MT001-Pruitt-14661015.2020                             500 2.50475E+00 5.75160E+02
n-Pb000-MT001-Rayburn-11026031.1965                              1 1.44000E-06 1.44000E-06
n-Pb000-MT001-Rayburn-11026031A001.1965                          1 1.44000E-06 1.44000E-06
n-Pb000-MT001-Robinson-10020005.1969                             1 1.49700E+01 1.49700E+01
n-Pb000-MT001-Robinson-10020005A001.1969                         1 1.49700E+01 1.49700E+01
n-Pb000-MT001-Royer-12661006.1977                                1 1.86000E-04 1.86000E-04
n-Pb000-MT001-Schimmerling-10082011.1973                        15 3.79000E+02 1.73100E+03
n-Pb000-MT001-Schimmerling-10082011A001.1973                    15 3.79000E+02 1.73100E+03
n-Pb000-MT001-Schneider-11514005.1968                            6 9.94000E+01 1.51900E+02
n-Pb000-MT001-Schwartz-10069002.1974                          3454 4.72600E-01 1.49700E+01
n-Pb000-MT001-Schwartz-10069002A001.1974                      3454 4.72600E-01 1.49700E+01
n-Pb000-MT001-Seth-11788035.1958                                89 2.09700E-04 2.05640E-02
n-Pb000-MT001-Stafford-22559006.1951                            15 2.00000E+00 5.88000E+00
n-Pb000-MT001-Taylor-21378007.1953                              14 3.70000E+01 1.53000E+02
n-Pb000-MT001-Tsukada-22628015.1966                              2 3.95000E+00 4.70000E+00
n-Pb000-MT001-Vertebnij-40729003.1980                            1 2.00000E-03 2.00000E-03
n-Pb000-MT001-Vervier-20204007.1958                             19 1.37700E+01 1.47600E+01
n-Pb000-MT001-Walt-11215052.1955                                 1 4.10000E+00 4.10000E+00
n-Pb000-MT001-Walt-11215052A001.1955                             1 4.10000E+00 4.10000E+00
n-Pb000-MT001-Waschkowski-20603006.1976                          2 1.26000E-06 5.19000E-06
n-Pb000-MT001-Weil-11482008.1958                                40 4.03000E+00 8.08000E+00
n-Pb000-MT001-Whitehead-11475006.1953                            1 3.70000E+00 3.70000E+00
n-Pb000-MT001-Wilenzick-11327006.1961                          153 3.00000E-01 7.45000E-01
n-Pb000-MT001-Willard-12239002.1950                             31 6.10000E-01 2.35000E+00
n-Pb000-MT001-Wood-11947005.1956                                20 1.26400E-06 4.55400E-06
n-Pb000-MT001-Yang-30049003.1968                                21 5.36000E+00 6.20000E+00
n-Pb000-MT001-Zinn-11136024.1939                                 1 2.88000E+00 2.88000E+00
n-Pb000-MT001-Zinn-11136024A001.1939                             1 2.88000E+00 2.88000E+00
