#              Filename                                         N    min         max
p-B011-MT800-Buck-F0293002-E0006.000.1983                       31 1.98000E+01 1.71900E+02
p-B011-MT800-Buck-F0293002-E0006.750.1983                       31 2.04000E+01 1.73400E+02
p-B011-MT800-Buck-F0293002-E0007.500.1983                       40 1.99000E+01 1.72800E+02
p-B011-MT800-Buck-F0293002-E0008.250.1983                       31 1.99000E+01 1.73000E+02
p-B011-MT800-Buck-F0293002-E0009.000.1983                       30 2.02000E+01 1.71200E+02
p-B011-MT800-Buck-F0293002-E0009.500.1983                       29 1.94000E+01 1.71500E+02
p-B011-MT800-Buck-F0293002-E0010.000.1983                       31 1.94000E+01 1.70700E+02
p-B011-MT800-Buck-F0293002-E0011.000.1983                       32 2.00000E+01 1.74800E+02
p-B011-MT800-Buck-F0293002-E0012.000.1983                       31 1.22000E+01 1.56800E+02
p-B011-MT800-Buck-F0293002-E0012.400.1983                       30 1.22000E+01 1.73400E+02
p-B011-MT800-Buck-F0293002-E0012.600.1983                       36 1.27000E+01 1.73600E+02
p-B011-MT800-Buck-F0293002-E0013.500.1983                       33 2.07000E+01 1.66600E+02
p-B011-MT800-Buck-F0293002-E0015.000.1983                       38 1.76000E+01 1.67600E+02
p-B011-MT800-Buck-F0293002-E0017.000.1983                       37 1.76000E+01 1.67600E+02
p-B011-MT800-Buck-F0320002-E0014.000.1977                       40 1.83000E+01 1.68700E+02
p-B011-MT800-Buck-F0320002-E0016.000.1977                       38 7.79996E+00 1.69800E+02
p-B011-MT800-Buck-F0320002-E0018.000.1977                       40 7.79996E+00 1.70200E+02
p-B011-MT800-Buck-F0320003-E0021.440.1977                        2 8.97000E+01 1.67800E+02
p-B011-MT800-Buck-F0320003-E0021.460.1977                        2 1.32400E+02 1.32400E+02
p-B011-MT800-Cavaignac-F0350002-E0012.000.1971                 139 2.76000E+01 2.76000E+01
p-B011-MT800-Gambarini-F0303008-E0038.000.1969                  31 1.57000E+01 1.65800E+02
p-B011-MT800-Hoehn-F0288005-E0005.398.1981                      71 1.50000E+02 1.50000E+02
p-B011-MT800-Kakigi-F0273002-E0007.300.1974                     15 2.02000E+01 1.60500E+02
p-B011-MT800-Kokkoris-O1876003-E0002.177.2010                  246 1.35000E+02 1.60000E+02
p-B011-MT800-Mashkarov-F0349002-E0001.798.1975                   1 1.20000E+02 1.50000E+02
p-B011-MT800-Mashkarov-F0349002-E0001.802.1975                   1 1.20000E+02 1.50000E+02
p-B011-MT800-Mashkarov-F0349002-E0001.823.1975                   1 1.20000E+02 1.50000E+02
p-B011-MT800-Mashkarov-F0349002-E0001.824.1975                   1 1.20000E+02 1.50000E+02
p-B011-MT800-Mashkarov-F0349002-E0001.841.1975                   1 1.20000E+02 1.50000E+02
p-B011-MT800-Mashkarov-F0349002-E0001.844.1975                   1 1.20000E+02 1.50000E+02
p-B011-MT800-Mashkarov-F0349002-E0001.864.1975                   1 1.20000E+02 1.50000E+02
p-B011-MT800-Mayer-O0864002-E0001.692.1998                      21 1.65000E+02 1.65000E+02
p-B011-MT800-Munch-O2472002-E0000.900.2020                      18 2.82000E+01 1.66700E+02
p-B011-MT800-Munch-O2472002-E0000.950.2020                      19 2.81000E+01 1.66600E+02
p-B011-MT800-Munch-O2472002-E0001.100.2020                      17 2.80000E+01 1.66600E+02
p-B011-MT800-Munch-O2472002-E0001.300.2020                      17 2.79000E+01 1.66500E+02
p-B011-MT800-Munch-O2472002-E0001.500.2020                      17 2.78000E+01 1.66400E+02
p-B011-MT800-Munch-O2472002-E0001.700.2020                      17 2.77000E+01 1.66400E+02
p-B011-MT800-Munch-O2472002-E0001.900.2020                      17 2.76000E+01 1.66300E+02
p-B011-MT800-Munch-O2472002-E0001.935.2020                      17 2.76000E+01 1.66300E+02
p-B011-MT800-Yanabu-F0185009-E0006.900.1964                     13 1.94000E+01 1.43200E+02
