#              Filename                                         N    min         max
a-H002-MT002-Borzakovskiy-A1122003-ang-E0027.200.1977            7 1.51000E+01 2.92000E+01
a-H002-MT002-Bruno-A1204002-ang-E0005.489.1981                  43 2.40000E+01 2.40000E+01
a-H002-MT002-Ishigami-E1908003-ang-E0004.920.2004               17 0.00000E+00 0.00000E+00
a-H002-MT002-Kellock-C1345002-ang-E0000.978.1993                 1 2.50000E+01 3.50000E+01
a-H002-MT002-Kellock-C1345002-ang-E0000.981.1993                 2 3.00000E+01 4.00000E+01
a-H002-MT002-Kellock-C1345002-ang-E0000.982.1993                 1 2.00000E+01 3.00000E+01
a-H002-MT002-Kellock-C1345002-ang-E0000.985.1993                 1 2.00000E+01 2.50000E+01
a-H002-MT002-Kellock-C1345002-ang-E0001.070.1993                 2 2.00000E+01 3.50000E+01
a-H002-MT002-Kellock-C1345002-ang-E0001.080.1993                 3 2.00000E+01 4.00000E+01
a-H002-MT002-Kellock-C1345002-ang-E0001.170.1993                 3 2.00000E+01 4.00000E+01
a-H002-MT002-Kellock-C1345002-ang-E0001.180.1993                 2 2.00000E+01 3.00000E+01
a-H002-MT002-Kellock-C1345002-ang-E0001.270.1993                 2 2.00000E+01 3.50000E+01
a-H002-MT002-Kellock-C1345002-ang-E0001.280.1993                 2 2.00000E+01 4.00000E+01
a-H002-MT002-Nagata-E1862006-ang-E0002.000.1985                 11 2.15000E+01 2.15000E+01
a-H002-MT002-Nagata-E1862007-ang-E0001.956.1985                 12 3.13000E+01 3.13000E+01
a-H002-MT002-Nagata-E1862008-ang-E0002.149.1985                  7 4.15000E+01 4.15000E+01
a-H002-MT002-Paszti-D4381004-ang-E0001.599.1986                 23 3.00000E+01 3.00000E+01
a-H002-MT002-Quillet-O0817003-ang-E0000.962.1993                 1 1.00000E+01 2.00000E+01
a-H002-MT002-Quillet-O0817003-ang-E0000.990.1993                 1 2.00000E+01 3.00000E+01
a-H002-MT002-Quillet-O0817003-ang-E0000.992.1993                 1 3.00000E+01 3.00000E+01
a-H002-MT002-Quillet-O0817004-ang-E0001.687.1993                 1 1.00000E+01 2.00000E+01
a-H002-MT002-Quillet-O0817004-ang-E0001.739.1993                 2 2.00000E+01 3.00000E+01
a-H002-MT002-ZhibinHann-S0184002-ang-E0002.588.2016             25 3.00000E+01 3.00000E+01
