#              Filename                                         N    min         max
n-Sn000-MT003-Ball-11257008.1958                                 6 7.40000E+00 1.45000E+01
n-Sn000-MT003-Beyster-11216013.1955                              3 1.00000E+00 4.50000E+00
n-Sn000-MT003-Beyster-11216013A001.1955                          3 1.00000E+00 4.50000E+00
n-Sn000-MT003-Beyster-11220023.1956                              4 1.77000E+00 7.00000E+00
n-Sn000-MT003-Beyster-11220023A001.1956                          4 1.77000E+00 7.00000E+00
n-Sn000-MT003-Bonner-11793004.1959                               5 8.20000E+00 1.85000E+01
n-Sn000-MT003-Chatterjee-30337007.1967                           1 1.48000E+01 1.48000E+01
n-Sn000-MT003-Flerov-40369018.1956                               1 1.45000E+01 1.45000E+01
n-Sn000-MT003-Graves-11304009.1953                               1 1.41000E+01 1.41000E+01
n-Sn000-MT003-Graves-11310009.1955                               1 1.41000E+01 1.41000E+01
n-Sn000-MT003-Lebedev-40415010.1958                              1 1.40000E+01 1.40000E+01
n-Sn000-MT003-Macgregor-11226018.1957                            1 1.42000E+01 1.42000E+01
n-Sn000-MT003-Macgregor-11226018A001.1957                        1 1.42000E+01 1.42000E+01
n-Sn000-MT003-Macgregor-11230010.1958                            3 2.10000E+01 2.92000E+01
n-Sn000-MT003-Macgregor-11230010A001.1958                        3 2.10000E+01 2.92000E+01
n-Sn000-MT003-Pal-30335007.1980                                  1 1.42000E+01 1.42000E+01
n-Sn000-MT003-Pantuev-41208007.1962                              1 8.30000E+03 8.30000E+03
n-Sn000-MT003-Pasechnik-40381012.1955                            3 2.50000E+00 4.10000E+00
n-Sn000-MT003-Poze-40781008.1956                                 1 1.00000E+00 1.00000E+00
n-Sn000-MT003-Schimmerling-10082022.1973                        15 3.79000E+02 1.73100E+03
n-Sn000-MT003-Schimmerling-10082022A001.1973                    15 3.79000E+02 1.73100E+03
n-Sn000-MT003-Strizhak-32239008.1958                             1 1.40000E+01 1.40000E+01
n-Sn000-MT003-Strizhak-40360012.1957                             1 1.40000E+01 1.40000E+01
n-Sn000-MT003-Strizhak-40782015.1956                             1 2.50000E+00 2.50000E+00
n-Sn000-MT003-Taylor-11217011.1955                               5 3.50000E+00 1.41000E+01
n-Sn000-MT003-Taylor-11217011A001.1955                           5 3.50000E+00 1.41000E+01
n-Sn000-MT003-Walt-11215035.1955                                 1 4.10000E+00 4.10000E+00
n-Sn000-MT003-Walt-11215035A001.1955                             1 4.10000E+00 4.10000E+00
