#              Filename                                         N    min         max
n-Hg000-MT002-Annand-22029003-ang-E0003.000.1985                22 1.99000E+01 1.66900E+02
n-Hg000-MT002-Becker-11511034-ang-E0003.200.1966                12 2.00990E+01 1.30203E+02
n-Hg000-MT002-Begum-21664014-ang-E0016.100.1979                 11 2.00000E+01 1.60000E+02
n-Hg000-MT002-Benenson-10370004-ang-E0014.800.1973              11 1.69996E+00 1.02000E+01
n-Hg000-MT002-Benenson-10370004-ang-E0014.800A001.1973          11 1.69996E+00 1.02000E+01
n-Hg000-MT002-Cox-10332031-ang-E0000.882.1972                    8 2.10000E+01 1.57000E+02
n-Hg000-MT002-Cox-10332031-ang-E0000.882A001.1972                8 2.10000E+01 1.57000E+02
n-Hg000-MT002-Galloway-20761008-ang-E0002.900.1979               9 2.00000E+01 1.60000E+02
n-Hg000-MT002-Giordano-20806008-ang-E0002.500.1978               5 2.10003E+00 9.09999E+00
n-Hg000-MT002-Kazakova-40706043-ang-E0002.000.1965               8 2.00000E+01 1.60000E+02
n-Hg000-MT002-Korzh-40762017-ang-E0000.650.1963                  8 3.00029E+01 1.39996E+02
n-Hg000-MT002-Korzh-40763019-ang-E0000.300.1963                  8 3.00029E+01 1.39996E+02
n-Hg000-MT002-Nauta-20199006-ang-E0014.100.1956                 16 1.80000E+01 9.00000E+01
n-Hg000-MT002-Pasechnik-40336097-ang-E0002.800.1958              9 2.30000E+01 1.50000E+02
n-Hg000-MT002-Pasechnik-40683015-ang-E0000.500.1964             16 3.00029E+01 1.39996E+02
n-Hg000-MT002-Strizhak-41242004-ang-E0014.500.1961              16 2.00000E+01 1.00000E+02
n-Hg000-MT002-Strizhak-41242007-ang-E0014.500.1961              16 2.00000E+01 1.05000E+02
n-Hg000-MT002-Vincent-11621029-ang-E0004.100.1960               16 2.00000E+01 1.35000E+02
n-Hg000-MT002-Walt-11637073-ang-E0001.000.1954                   9 3.06834E+01 1.49317E+02
