#              Filename                                         N    min         max
d-H002-MT089-Alderliesten-O1565005-E0050.000.1978               11 2.39000E+01 6.38000E+01
d-H002-MT089-Alderliesten-O1565005-E0051.500.1978                6 2.59000E+01 6.39000E+01
d-H002-MT089-Alderliesten-O1565005-E0060.000.1978                7 2.63000E+01 5.74000E+01
d-H002-MT089-Alderliesten-O1565005-E0070.000.1978                7 2.65000E+01 5.84000E+01
d-H002-MT089-Alderliesten-O1565005-E0077.500.1978                8 2.69000E+01 6.44000E+01
d-H002-MT089-Alderliesten-O1565005-E0085.000.1978                8 2.71000E+01 6.59000E+01
d-H002-MT089-Azimov-A1127002-E0013.900.1975                      7 9.89117E-02 6.02000E+01
d-H002-MT089-Brill-D0012003-E0004.807.1964                      10 0.00000E+00 0.00000E+00
d-H002-MT089-Brown-C0109003-E0000.020.1990                       6 2.61000E+01 1.30200E+02
d-H002-MT089-Brown-C0109003-E0000.030.1990                       6 2.55000E+01 1.29000E+02
d-H002-MT089-Brown-C0109003-E0000.040.1990                       6 2.49000E+01 1.28000E+02
d-H002-MT089-Brown-C0109003-E0000.050.1990                       6 2.44000E+01 1.27100E+02
d-H002-MT089-Brown-C0109003-E0000.060.1990                       6 2.39000E+01 1.26300E+02
d-H002-MT089-Brown-C0109003-E0000.070.1990                       6 2.35000E+01 1.25500E+02
d-H002-MT089-Brown-C0109003-E0000.080.1990                       6 2.31000E+01 1.24700E+02
d-H002-MT089-Brown-C0109003-E0000.090.1990                       6 2.27000E+01 1.24100E+02
d-H002-MT089-Brown-C0109003-E0000.100.1990                       6 2.24000E+01 1.23500E+02
d-H002-MT089-Brown-C0109003-E0000.110.1990                       6 2.21000E+01 1.22800E+02
d-H002-MT089-Brown-C0109003-E0000.117.1990                       6 2.21000E+01 1.22500E+02
d-H002-MT089-Brueckmann-O1344004-E0051.500.1970                  7 1.37000E+01 3.97000E+01
d-H002-MT089-Daehnick-C0050002-E0008.400.1958                   14 1.29996E+00 6.13000E+01
d-H002-MT089-Dietrich-A1074002-E0012.000.1972                   14 9.89117E-02 6.44000E+01
d-H002-MT089-Dietrich-A1074002-E0014.000.1972                   29 9.89117E-02 6.02000E+01
d-H002-MT089-Dietrich-A1074002-E0016.000.1972                   29 9.89117E-02 6.26000E+01
d-H002-MT089-Drosg-D0006002-E0006.000.1978                      14 0.00000E+00 0.00000E+00
d-H002-MT089-Drosg-D0006003-E0006.000.1978                      83 0.00000E+00 8.84000E+01
d-H002-MT089-Drosg-D0006004-E0012.305.1978                      16 0.00000E+00 6.63000E+01
d-H002-MT089-Eliot-A1141002-E0000.015.1953                      12 9.00000E+01 1.25000E+02
d-H002-MT089-Ganeev-A1171004-E0000.267.1957                      8 2.57000E+01 8.26000E+01
d-H002-MT089-Ganeev-A1171004-E0000.330.1957                      7 2.59000E+01 8.41000E+01
d-H002-MT089-Ganeev-A1171004-E0000.447.1957                      7 2.68000E+01 8.60000E+01
d-H002-MT089-Ganeev-A1171004-E0000.554.1957                      6 2.81000E+01 8.82000E+01
d-H002-MT089-Ganeev-A1171004-E0000.668.1957                      6 2.81000E+01 8.98000E+01
d-H002-MT089-Ganeev-A1171004-E0000.791.1957                      7 2.88000E+01 9.20000E+01
d-H002-MT089-Ganeev-A1171004-E0000.884.1957                      7 2.91000E+01 9.29000E+01
d-H002-MT089-Ganeev-A1171004-E0000.980.1957                      7 2.94000E+01 9.44000E+01
d-H002-MT089-Goldberg-C0043003-E0003.400.1960                    5 0.00000E+00 0.00000E+00
d-H002-MT089-Gomezmoreno-C0054002-E0013.600.1979                 1 0.00000E+00 0.00000E+00
d-H002-MT089-Gomezmoreno-C0054003-E0024.300.1979                 1 0.00000E+00 0.00000E+00
d-H002-MT089-Leiter-C0048002-E0010.000.1949                     11 1.48000E+01 6.41000E+01
d-H002-MT089-Mcneill-C00240041-E0000.120.1951                    4 9.00000E+01 9.00000E+01
d-H002-MT089-Nonaka-E1870002-E0001.960.1957                     11 1.51000E+01 1.62600E+02
d-H002-MT089-Retzschmidt-C1009002-E0001.140.1960                11 0.00000E+00 0.00000E+00
d-H002-MT089-Schulte-C0030003-E0001.960.1972                    40 0.00000E+00 1.50000E+01
d-H002-MT089-Stewart-A1135002-E0001.150.1956                    10 0.00000E+00 0.00000E+00
d-H002-MT089-Volkov-A1170004-E0000.500.1957                     10 4.79996E+00 1.61600E+02
d-H002-MT089-Volkov-A1170004-E0000.700.1957                     11 4.90001E+00 1.62600E+02
d-H002-MT089-Volkov-A1170004-E0001.000.1957                     14 5.50000E+00 1.53400E+02
d-H002-MT089-Wilson-A1159008-E0004.784.1961                     18 0.00000E+00 0.00000E+00
