#              Filename                                         N    min         max
a-Mg024-MT801-Adachi-E2635024-ang-E0386.000.2018                24 1.90002E+00 1.01000E+01
a-Mg024-MT801-Adachi-E2635033-ang-E0130.000.2018                17 4.00074E-01 1.35000E+01
a-Mg024-MT801-Aisina-F0497004-ang-E0050.500.1989                36 2.74000E+01 3.66000E+01
a-Mg024-MT801-Antropov-F0667004-ang-E0024.200.1974              90 6.29999E+00 1.73200E+02
a-Mg024-MT801-Bauer-F0550005-ang-E1370.000.1979                107 4.30002E+00 8.30000E+00
a-Mg024-MT801-Bauer-F0550009-ang-E1370.000.1979                 22 4.50002E+00 8.59999E+00
a-Mg024-MT801-Blair-F1126003-ang-E0028.000.1960                 19 1.20000E+01 4.79000E+01
a-Mg024-MT801-Blair-F1126003-ang-E0034.000.1960                 20 9.90000E+00 4.62000E+01
a-Mg024-MT801-Blair-F1126003-ang-E0041.000.1960                 26 9.90000E+00 5.36000E+01
a-Mg024-MT801-Bobrowska-F0591003-ang-E0022.888.1974              1 1.75000E+02 1.79000E+02
a-Mg024-MT801-Bobrowska-F0591003-ang-E0023.153.1974              1 1.70000E+02 1.75000E+02
a-Mg024-MT801-Bobrowska-F0591003-ang-E0023.233.1974              1 1.70000E+02 1.79000E+02
a-Mg024-MT801-Bobrowska-F0591003-ang-E0023.265.1974              1 1.75000E+02 1.79000E+02
a-Mg024-MT801-Bobrowska-F0591003-ang-E0023.469.1974              1 1.70000E+02 1.75000E+02
a-Mg024-MT801-Bobrowska-F0591003-ang-E0023.491.1974              1 1.70000E+02 1.79000E+02
a-Mg024-MT801-Bobrowska-F0591003-ang-E0023.502.1974              1 1.70000E+02 1.79000E+02
a-Mg024-MT801-Bobrowska-F0591003-ang-E0023.569.1974              1 1.70000E+02 1.75000E+02
a-Mg024-MT801-Bobrowska-F0591003-ang-E0023.604.1974              1 1.75000E+02 1.79000E+02
a-Mg024-MT801-Bobrowska-F0591003-ang-E0023.625.1974              1 1.75000E+02 1.79000E+02
a-Mg024-MT801-Bobrowska-F0591003-ang-E0023.696.1974              1 1.75000E+02 1.79000E+02
a-Mg024-MT801-Bobrowska-F0591003-ang-E0023.756.1974              1 1.70000E+02 1.79000E+02
a-Mg024-MT801-Bobrowska-F0591003-ang-E0023.832.1974              1 1.70000E+02 1.75000E+02
a-Mg024-MT801-Bobrowska-F0591003-ang-E0023.958.1974              1 1.70000E+02 1.75000E+02
a-Mg024-MT801-Bobrowska-F0591003-ang-E0024.015.1974              1 1.70000E+02 1.79000E+02
a-Mg024-MT801-Bobrowska-F0591003-ang-E0024.021.1974              1 1.75000E+02 1.79000E+02
a-Mg024-MT801-Bobrowska-F0591003-ang-E0024.279.1974              1 1.75000E+02 1.79000E+02
a-Mg024-MT801-Bobrowska-F0591003-ang-E0024.282.1974              1 1.70000E+02 1.79000E+02
a-Mg024-MT801-Bobrowska-F0591003-ang-E0024.309.1974              1 1.70000E+02 1.75000E+02
a-Mg024-MT801-Bobrowska-F0591003-ang-E0024.476.1974              1 1.75000E+02 1.79000E+02
a-Mg024-MT801-Bobrowska-F0591003-ang-E0024.480.1974              1 1.70000E+02 1.79000E+02
a-Mg024-MT801-Bobrowska-F0591003-ang-E0024.513.1974              1 1.70000E+02 1.75000E+02
a-Mg024-MT801-Bobrowska-F0591003-ang-E0024.673.1974              1 1.70000E+02 1.75000E+02
a-Mg024-MT801-Bobrowska-F0591003-ang-E0024.686.1974              1 1.70000E+02 1.79000E+02
a-Mg024-MT801-Bobrowska-F0591003-ang-E0024.715.1974              1 1.70000E+02 1.79000E+02
a-Mg024-MT801-Bobrowska-F0591003-ang-E0024.969.1974              1 1.70000E+02 1.75000E+02
a-Mg024-MT801-Bobrowska-F0591003-ang-E0024.976.1974              1 1.75000E+02 1.79000E+02
a-Mg024-MT801-Bobrowska-F0591003-ang-E0024.997.1974              1 1.70000E+02 1.79000E+02
a-Mg024-MT801-Bobrowska-F0591003-ang-E0025.192.1974              1 1.70000E+02 1.75000E+02
a-Mg024-MT801-Bobrowska-F0591003-ang-E0025.196.1974              1 1.75000E+02 1.79000E+02
a-Mg024-MT801-Bobrowska-F0591003-ang-E0025.242.1974              1 1.75000E+02 1.79000E+02
a-Mg024-MT801-Bobrowska-F0591003-ang-E0025.503.1974              1 1.75000E+02 1.79000E+02
a-Mg024-MT801-Bobrowska-F0591003-ang-E0025.517.1974              1 1.70000E+02 1.79000E+02
a-Mg024-MT801-Bobrowska-F0591003-ang-E0025.532.1974              1 1.70000E+02 1.79000E+02
a-Mg024-MT801-Bobrowska-F0591003-ang-E0025.685.1974              1 1.75000E+02 1.79000E+02
a-Mg024-MT801-Bobrowska-F0591003-ang-E0025.699.1974              1 1.70000E+02 1.75000E+02
a-Mg024-MT801-Bobrowska-F0591003-ang-E0025.704.1974              1 1.70000E+02 1.75000E+02
a-Mg024-MT801-Bobrowska-F0591003-ang-E0026.004.1974              1 1.70000E+02 1.75000E+02
a-Mg024-MT801-Bobrowska-F0591003-ang-E0026.016.1974              1 1.70000E+02 1.79000E+02
a-Mg024-MT801-Bobrowska-F0591003-ang-E0026.042.1974              1 1.75000E+02 1.79000E+02
a-Mg024-MT801-Bobrowska-F0591003-ang-E0026.313.1974              1 1.75000E+02 1.79000E+02
a-Mg024-MT801-Bobrowska-F0591003-ang-E0026.325.1974              1 1.70000E+02 1.79000E+02
a-Mg024-MT801-Bobrowska-F0591003-ang-E0026.332.1974              1 1.70000E+02 1.79000E+02
a-Mg024-MT801-Bobrowska-F0591003-ang-E0026.391.1974              1 1.75000E+02 1.79000E+02
a-Mg024-MT801-Bobrowska-F0591003-ang-E0026.399.1974              1 1.70000E+02 1.75000E+02
a-Mg024-MT801-Bobrowska-F0591003-ang-E0026.418.1974              1 1.70000E+02 1.70000E+02
a-Mg024-MT801-Bobrowska-F0591004-ang-E0025.546.1974              1 1.75000E+02 1.79000E+02
a-Mg024-MT801-Bobrowska-F0591004-ang-E0025.705.1974              1 1.70000E+02 1.75000E+02
a-Mg024-MT801-Bobrowska-F0591004-ang-E0025.755.1974              1 1.70000E+02 1.79000E+02
a-Mg024-MT801-Bobrowska-F0591004-ang-E0026.013.1974              1 1.75000E+02 1.79000E+02
a-Mg024-MT801-Bobrowska-F0591004-ang-E0026.028.1974              1 1.70000E+02 1.75000E+02
a-Mg024-MT801-Bobrowska-F0591004-ang-E0026.075.1974              1 1.70000E+02 1.75000E+02
a-Mg024-MT801-Bobrowska-F0591004-ang-E0026.280.1974              1 1.75000E+02 1.79000E+02
a-Mg024-MT801-Bobrowska-F0591004-ang-E0026.300.1974              1 1.70000E+02 1.79000E+02
a-Mg024-MT801-Bobrowska-F0591004-ang-E0026.332.1974              1 1.70000E+02 1.75000E+02
a-Mg024-MT801-Bobrowska-F0591004-ang-E0026.448.1974              1 1.70000E+02 1.75000E+02
a-Mg024-MT801-Bobrowska-F0591004-ang-E0026.471.1974              1 1.70000E+02 1.79000E+02
a-Mg024-MT801-Bobrowska-F0591004-ang-E0026.520.1974              1 1.75000E+02 1.79000E+02
a-Mg024-MT801-Bobrowska-F0591004-ang-E0026.524.1974              1 1.70000E+02 1.75000E+02
a-Mg024-MT801-Bobrowska-F0591004-ang-E0026.609.1974              2 1.70000E+02 1.79000E+02
a-Mg024-MT801-Bobrowska-F0591004-ang-E0026.631.1974              1 1.70000E+02 1.79000E+02
a-Mg024-MT801-Bobrowska-F0591004-ang-E0026.644.1974              1 1.70000E+02 1.79000E+02
a-Mg024-MT801-Bobrowska-F0591004-ang-E0026.833.1974              1 1.75000E+02 1.79000E+02
a-Mg024-MT801-Bobrowska-F0591004-ang-E0026.834.1974              1 1.70000E+02 1.75000E+02
a-Mg024-MT801-Bobrowska-F0591004-ang-E0026.867.1974              1 1.70000E+02 1.75000E+02
a-Mg024-MT801-Bobrowska-F0591004-ang-E0027.007.1974              1 1.75000E+02 1.79000E+02
a-Mg024-MT801-Bobrowska-F0591004-ang-E0027.035.1974              1 1.70000E+02 1.79000E+02
a-Mg024-MT801-Bobrowska-F0591004-ang-E0027.067.1974              1 1.70000E+02 1.79000E+02
a-Mg024-MT801-Bobrowska-F0591004-ang-E0027.209.1974              1 1.75000E+02 1.79000E+02
a-Mg024-MT801-Bobrowska-F0591004-ang-E0027.232.1974              1 1.70000E+02 1.75000E+02
a-Mg024-MT801-Bobrowska-F0591004-ang-E0027.269.1974              1 1.70000E+02 1.79000E+02
a-Mg024-MT801-Bobrowska-F0591004-ang-E0027.408.1974              1 1.70000E+02 1.79000E+02
a-Mg024-MT801-Bobrowska-F0591004-ang-E0027.437.1974              1 1.70000E+02 1.75000E+02
a-Mg024-MT801-Bobrowska-F0591004-ang-E0027.446.1974              1 1.75000E+02 1.79000E+02
a-Mg024-MT801-Bobrowska-F0591004-ang-E0027.628.1974              1 1.79000E+02 1.79000E+02
a-Mg024-MT801-Eswaran-D6288004-ang-E0024.710.1989              176 1.56000E+02 1.56000E+02
a-Mg024-MT801-Gonchar-F0668004-ang-E0039.000.1969              118 1.70000E+01 9.02000E+01
a-Mg024-MT801-Gupta-E2484005-ang-E0386.000.2015                 63 4.30002E+00 2.75000E+01
a-Mg024-MT801-Kokame-E2246014-ang-E0028.400.1965                25 2.02000E+01 8.00000E+01
a-Mg024-MT801-Kokame-E2246015-ang-E0028.400.1965                25 2.03000E+01 8.09000E+01
a-Mg024-MT801-Mcneilly-T0295003-ang-E0016.250.1973              58 2.41000E+01 1.64400E+02
a-Mg024-MT801-Oliver-T0250004-ang-E0021.990.1973               108 6.96000E+01 1.40300E+02
a-Mg024-MT801-Pavlova-F0672007-ang-E0038.000.1976               38 1.94000E+01 5.40000E+01
a-Mg024-MT801-Pavlova-F0672007-ang-E0050.500.1976               35 2.71000E+01 3.66000E+01
a-Mg024-MT801-Pignanelli-F0256002-ang-E0120.000.1986            45 4.19997E+00 6.49000E+01
a-Mg024-MT801-Ploskonka-F0592003-ang-E0023.012.1976              1 4.00000E+01 8.05300E+01
a-Mg024-MT801-Ploskonka-F0592003-ang-E0023.028.1976              1 4.00000E+01 1.75000E+02
a-Mg024-MT801-Ploskonka-F0592003-ang-E0023.031.1976              1 1.44300E+02 1.75000E+02
a-Mg024-MT801-Ploskonka-F0592003-ang-E0023.046.1976              1 8.05300E+01 1.44300E+02
a-Mg024-MT801-Ploskonka-F0592003-ang-E0023.071.1976              1 8.05300E+01 1.44300E+02
a-Mg024-MT801-Ploskonka-F0592003-ang-E0023.146.1976              1 4.00000E+01 1.44300E+02
a-Mg024-MT801-Ploskonka-F0592003-ang-E0023.160.1976              1 4.00000E+01 1.75000E+02
a-Mg024-MT801-Ploskonka-F0592003-ang-E0023.166.1976              1 8.05300E+01 1.75000E+02
a-Mg024-MT801-Ploskonka-F0592003-ang-E0023.174.1976              1 8.05300E+01 1.44300E+02
a-Mg024-MT801-Ploskonka-F0592003-ang-E0023.218.1976              1 1.44300E+02 1.75000E+02
a-Mg024-MT801-Ploskonka-F0592003-ang-E0023.246.1976              1 8.05300E+01 1.75000E+02
a-Mg024-MT801-Ploskonka-F0592003-ang-E0023.256.1976              1 8.05300E+01 1.75000E+02
a-Mg024-MT801-Ploskonka-F0592003-ang-E0023.325.1976              1 8.05300E+01 1.75000E+02
a-Mg024-MT801-Ploskonka-F0592003-ang-E0023.362.1976              1 8.05300E+01 1.44300E+02
a-Mg024-MT801-Ploskonka-F0592003-ang-E0023.402.1976              1 1.44300E+02 1.75000E+02
a-Mg024-MT801-Ploskonka-F0592003-ang-E0023.419.1976              1 8.05300E+01 1.75000E+02
a-Mg024-MT801-Ploskonka-F0592003-ang-E0023.444.1976              1 8.05300E+01 1.44300E+02
a-Mg024-MT801-Ploskonka-F0592003-ang-E0023.501.1976              1 1.44300E+02 1.75000E+02
a-Mg024-MT801-Ploskonka-F0592003-ang-E0023.522.1976              1 8.05300E+01 1.75000E+02
a-Mg024-MT801-Ploskonka-F0592003-ang-E0023.558.1976              1 8.05300E+01 1.44300E+02
a-Mg024-MT801-Ploskonka-F0592003-ang-E0023.615.1976              1 8.05300E+01 1.44300E+02
a-Mg024-MT801-Ploskonka-F0592003-ang-E0023.660.1976              1 8.05300E+01 1.75000E+02
a-Mg024-MT801-Ploskonka-F0592003-ang-E0023.674.1976              1 1.75000E+02 1.75000E+02
a-Mg024-MT801-Ploskonka-F0592004-ang-E0022.956.1976              1 8.05300E+01 1.44300E+02
a-Mg024-MT801-Ploskonka-F0592004-ang-E0023.032.1976              1 8.05300E+01 1.44300E+02
a-Mg024-MT801-Ploskonka-F0592004-ang-E0023.033.1976              1 4.00000E+01 8.05300E+01
a-Mg024-MT801-Ploskonka-F0592004-ang-E0023.038.1976              1 4.00000E+01 1.75000E+02
a-Mg024-MT801-Ploskonka-F0592004-ang-E0023.061.1976              1 8.05300E+01 1.75000E+02
a-Mg024-MT801-Ploskonka-F0592004-ang-E0023.117.1976              1 8.05300E+01 1.44300E+02
a-Mg024-MT801-Ploskonka-F0592004-ang-E0023.118.1976              1 4.00000E+01 1.44300E+02
a-Mg024-MT801-Ploskonka-F0592004-ang-E0023.171.1976              1 4.00000E+01 1.75000E+02
a-Mg024-MT801-Ploskonka-F0592004-ang-E0023.185.1976              1 8.05300E+01 1.75000E+02
a-Mg024-MT801-Ploskonka-F0592004-ang-E0023.186.1976              1 8.05300E+01 1.44300E+02
a-Mg024-MT801-Ploskonka-F0592004-ang-E0023.217.1976              1 8.05300E+01 1.44300E+02
a-Mg024-MT801-Ploskonka-F0592004-ang-E0023.279.1976              1 8.05300E+01 1.75000E+02
a-Mg024-MT801-Ploskonka-F0592004-ang-E0023.280.1976              1 1.75000E+02 1.75000E+02
a-Mg024-MT801-Rebel-D0215007-ang-E0104.000.1972                190 3.99998E+00 5.98000E+01
a-Mg024-MT801-Reed-C1187003-ang-E0050.000.1968                  70 1.08000E+01 1.72200E+02
a-Mg024-MT801-Reed-C1187003-ang-E0065.700.1968                  72 7.89998E+00 1.40300E+02
a-Mg024-MT801-Reed-C1187003-ang-E0065.700A001.1968              45 1.42000E+01 6.05000E+01
a-Mg024-MT801-Reed-C1187003-ang-E0081.000.1968                  61 7.89998E+00 1.14000E+02
a-Mg024-MT801-Reed-C1187003-ang-E0119.700.1968                  45 1.03000E+01 8.55000E+01
a-Mg024-MT801-Sadykov-D8059005-ang-E0050.500.2021              134 1.00000E+01 1.69900E+02
a-Mg024-MT801-Sauter-T0257003-ang-E0012.700.1974                41 1.44000E+01 1.69200E+02
a-Mg024-MT801-Sauter-T0257004-ang-E0009.640.1974                 1 4.34000E+01 1.44400E+02
a-Mg024-MT801-Sauter-T0257004-ang-E0009.650.1974                 1 4.34000E+01 1.44400E+02
a-Mg024-MT801-Sauter-T0257004-ang-E0009.680.1974                 1 4.34000E+01 1.44400E+02
a-Mg024-MT801-Skwirczynska-F0115004-ang-E0024.940.1986          23 1.78000E+02 1.78000E+02
a-Mg024-MT801-Skwirczynska-F0115005-ang-E0024.930.1986          23 1.78000E+02 1.78000E+02
a-Mg024-MT801-Soga-E1388009-ang-E0021.950.1978                  18 1.52000E+02 1.52000E+02
a-Mg024-MT801-Soga-E1388010-ang-E0022.000.1978                  22 1.58000E+02 1.58000E+02
a-Mg024-MT801-Soga-E1388011-ang-E0022.000.1978                  22 1.64000E+02 1.64000E+02
a-Mg024-MT801-Soga-E1388012-ang-E0022.000.1978                  24 1.73000E+02 1.73000E+02
a-Mg024-MT801-Soga-E1388017-ang-E0024.290.1978                  16 1.52000E+02 1.52000E+02
a-Mg024-MT801-Soga-E1388018-ang-E0024.280.1978                  18 1.63000E+02 1.63000E+02
a-Mg024-MT801-Soga-E1388019-ang-E0024.260.1978                  17 1.69000E+02 1.69000E+02
a-Mg024-MT801-Soga-E1388020-ang-E0024.290.1978                  18 1.75000E+02 1.75000E+02
a-Mg024-MT801-Thompson-T0254003-ang-E0010.800.1967              72 2.62000E+01 1.75300E+02
a-Mg024-MT801-Youngblood-C1156003-ang-E0240.000.1999           367 1.80016E+00 7.10001E+00
a-Mg024-MT801-Youngblood-C1768002-ang-E0240.000.2009            82 4.00074E-01 5.69997E+00
