#              Filename                                         N    min         max
n-Al027-MT151-Allen-30288014.1975                                3 2.51250E-01 2.51250E-01
n-Al027-MT151-Allen-302880151.1975                               1 3.50000E-02 3.50000E-02
n-Al027-MT151-Allen-30663004.1980                                1 3.47000E-02 3.47000E-02
n-Al027-MT151-Block-11404014.1958                                1 8.80000E-02 8.80000E-02
n-Al027-MT151-Derrien-20681003.1975                              2 1.20110E-01 1.58470E-01
n-Al027-MT151-Garg-116460021.1964                               16 5.90600E-03 3.87000E-01
n-Al027-MT151-Garg-116460023.1964                                5 3.50400E-02 1.50000E-01
n-Al027-MT151-Good-114020041.1958                                1 5.60000E-03 5.60000E-03
n-Al027-MT151-Good-114020042.1958                                1 5.60000E-03 5.60000E-03
n-Al027-MT151-Guber-139580021.1999                              29 5.90650E-03 4.30293E-01
n-Al027-MT151-Guber-139580024.1999                              29 5.90650E-03 4.30293E-01
n-Al027-MT151-Henkel-11384006.1950                               3 4.00000E-02 3.70000E-01
n-Al027-MT151-Hibdon-114830021.1959                             66 6.00000E-03 4.45000E-01
n-Al027-MT151-Hibdon-114830022.1959                             65 3.50000E-02 4.45000E-01
n-Al027-MT151-Hibdon-114830023.1959                             65 3.50000E-02 4.45000E-01
n-Al027-MT151-Hibdon-114830024.1959                             65 3.50000E-02 4.45000E-01
n-Al027-MT151-Hockenbury-100010151.1969                          5 5.88000E-03 3.50000E-02
n-Al027-MT151-Hockenbury-100010151A001.1969                      5 5.88000E-03 3.50000E-02
n-Al027-MT151-Hockenbury-100010152.1969                          5 5.88000E-03 3.50000E-02
n-Al027-MT151-Hockenbury-100010152A001.1969                      5 5.88000E-03 3.50000E-02
n-Al027-MT151-James-20705004.1975                                2 1.19750E-01 2.57160E-01
n-Al027-MT151-Merzbacher-11367005.1959                           1 3.60000E-02 3.60000E-02
n-Al027-MT151-Musgrove-304140021.1978                           36 5.90400E-03 5.96500E-01
n-Al027-MT151-Musgrove-304140023.1978                           19 5.90400E-03 5.89300E-01
n-Al027-MT151-Musgrove-304140024.1978                            7 5.90400E-03 2.02000E-01
n-Al027-MT151-Musgrove-304140025.1978                            8 5.90400E-03 2.23700E-01
n-Al027-MT151-Norman-103200021.1972                             20 7.90000E-01 3.62000E+00
n-Al027-MT151-Norman-103200021A001.1972                         20 7.90000E-01 3.62000E+00
n-Al027-MT151-Norman-103200022.1972                             20 7.90000E-01 3.62000E+00
n-Al027-MT151-Norman-103200022A001.1972                         20 7.90000E-01 3.62000E+00
n-Al027-MT151-Nystrom-20248006.1971                              1 3.57000E-02 3.57000E-02
n-Al027-MT151-Nystrom-20248007.1971                              1 3.57000E-02 3.57000E-02
n-Al027-MT151-Rohr-22331002.1994                                 1 5.10000E-01 5.10000E-01
n-Al027-MT151-Rohr-22331003.1994                                 1 5.10000E-01 5.10000E-01
n-Al027-MT151-Seagondollar-115100021.1947                       10 4.50000E-02 7.95000E-01
n-Al027-MT151-Seagondollar-115100022.1947                        1 1.55000E-01 1.55000E-01
n-Al027-MT151-Singh-105150021.1975                               7 5.89500E-03 2.02000E-01
n-Al027-MT151-Singh-105150021A001.1975                           7 5.89500E-03 2.02000E-01
n-Al027-MT151-Singh-105150022.1975                               7 5.89500E-03 2.02000E-01
n-Al027-MT151-Singh-105150022A001.1975                           7 5.89500E-03 2.02000E-01
n-Al027-MT151-Singh-105150023.1975                               7 5.89500E-03 2.02000E-01
n-Al027-MT151-Singh-105150023A001.1975                           7 5.89500E-03 2.02000E-01
n-Al027-MT151-Singh-105150024.1975                               7 5.89500E-03 2.02000E-01
n-Al027-MT151-Singh-105150024A001.1975                           7 5.89500E-03 2.02000E-01
n-Al027-MT151-Singh-10515003.1975                                2 1.03947E-01 1.03947E-01
n-Al027-MT151-Singh-10515003A001.1975                            2 1.03947E-01 1.03947E-01
n-Al027-MT151-Toller-113940031.1958                              2 3.50000E-02 9.00000E-02
n-Al027-MT151-Toller-113940032.1958                              2 3.50000E-02 9.00000E-02
n-Al027-MT151-Toller-113940033.1958                              2 3.50000E-02 9.00000E-02
n-Al027-MT151-Wisshak-21933002.1984                              1 3.48000E-02 3.48000E-02
