#              Filename                                         N    min         max
p-Ni062-MT651-Matoba-E1685002-E0065.000.1996                    14 4.99999E+00 4.51000E+01
p-Ni062-MT651-Matoba-E1685003-E0065.000.1996                    14 4.99999E+00 4.50000E+01
p-Ni062-MT651-Matoba-E1685004-E0065.000.1996                    14 5.09997E+00 4.51000E+01
p-Ni062-MT651-Matoba-E1685008-E0065.000.1996                    14 4.90001E+00 4.50000E+01
p-Ni062-MT651-Matoba-E1685009-E0065.000.1996                    14 4.99999E+00 4.50000E+01
p-Ni062-MT651-Matoba-E1685010-E0065.000.1996                    14 5.09997E+00 4.51000E+01
p-Ni062-MT651-Matoba-E1685011-E0065.000.1996                    14 5.09997E+00 4.50000E+01
p-Ni062-MT651-Matoba-E1685016-E0065.000.1996                    14 5.50000E+00 4.54000E+01
p-Ni062-MT651-Matoba-E1685017-E0065.000.1996                    14 5.19999E+00 4.52000E+01
p-Ni062-MT651-Matoba-E1685020-E0065.000.1996                    14 4.99999E+00 4.51000E+01
p-Ni062-MT651-Matoba-E1685021-E0065.000.1996                    14 5.39997E+00 4.53000E+01
p-Ni062-MT651-Matoba-E1685022-E0065.000.1996                    14 5.19999E+00 4.53000E+01
p-Ni062-MT651-Matoba-E1685023-E0065.000.1996                    14 4.90001E+00 4.51000E+01
p-Ni062-MT651-Matoba-E1685024-E0065.000.1996                    14 4.90001E+00 4.50000E+01
p-Ni062-MT651-Matoba-E1685025-E0065.000.1996                    14 5.09997E+00 4.51000E+01
p-Ni062-MT651-Matoba-E1685026-E0065.000.1996                    14 4.90001E+00 4.51000E+01
p-Ni062-MT651-Matoba-E1685034-E0065.000.1996                    14 5.30001E+00 4.54000E+01
p-Ni062-MT651-Matoba-E1685035-E0065.000.1996                    14 5.30001E+00 4.52000E+01
p-Ni062-MT651-Matoba-E1685036-E0065.000.1996                    14 5.30001E+00 4.53000E+01
p-Ni062-MT651-Matoba-E1685037-E0065.000.1996                    14 5.19999E+00 4.52000E+01
p-Ni062-MT651-Matoba-E1685038-E0065.000.1996                    14 5.19999E+00 4.52000E+01
p-Ni062-MT651-Matoba-E1685039-E0065.000.1996                    14 5.09997E+00 4.52000E+01
p-Ni062-MT651-Matoba-E1685040-E0065.000.1996                    14 4.99999E+00 4.52000E+01
p-Ni062-MT651-Matoba-E1685048-E0065.000.1996                    14 5.60000E+00 4.56000E+01
p-Ni062-MT651-Matoba-E1685049-E0065.000.1996                    14 5.50000E+00 4.55000E+01
p-Ni062-MT651-Matoba-E1685050-E0065.000.1996                    14 5.69997E+00 4.58000E+01
p-Ni062-MT651-Matoba-E1685051-E0065.000.1996                    14 5.19999E+00 4.52000E+01
p-Ni062-MT651-Matoba-E1685052-E0065.000.1996                    10 5.19999E+00 3.23000E+01
p-Ni062-MT651-Matoba-E1685053-E0065.000.1996                    10 4.99999E+00 3.23000E+01
p-Ni062-MT651-Matoba-E1685054-E0065.000.1996                    10 5.09997E+00 3.22000E+01
p-Ni062-MT651-Matoba-E1685062-E0065.000.1996                    10 5.50000E+00 3.25000E+01
p-Ni062-MT651-Matoba-E1685063-E0065.000.1996                    10 5.30001E+00 3.26000E+01
p-Ni062-MT651-Matoba-E1685064-E0065.000.1996                    10 5.39997E+00 3.24000E+01
p-Ni062-MT651-Matoba-E1685065-E0065.000.1996                    10 5.30001E+00 3.23000E+01
p-Ni062-MT651-Matoba-E1685066-E0065.000.1996                    10 5.19999E+00 3.22000E+01
p-Ni062-MT651-Matoba-E1685067-E0065.000.1996                    10 5.19999E+00 3.22000E+01
p-Ni062-MT651-Matoba-E1685074-E0065.000.1996                    14 5.19999E+00 4.52000E+01
p-Ni062-MT651-Matoba-E1685075-E0065.000.1996                    14 5.30001E+00 4.52000E+01
p-Ni062-MT651-Matoba-E1685078-E0065.000.1996                     9 5.30001E+00 3.24000E+01
p-Ni062-MT651-Matoba-E1685079-E0065.000.1996                    10 5.19999E+00 3.24000E+01
p-Ni062-MT651-Matoba-E1685082-E0065.000.1996                    10 5.30001E+00 3.24000E+01
p-Ni062-MT651-Matoba-E1685083-E0065.000.1996                    10 5.19999E+00 3.22000E+01
p-Ni062-MT651-Matoba-E1685084-E0065.000.1996                    10 5.09997E+00 3.23000E+01
p-Ni062-MT651-Matoba-E1685088-E0065.000.1996                    14 4.79996E+00 4.49000E+01
p-Ni062-MT651-Matoba-E1685089-E0065.000.1996                     8 1.04000E+01 3.16000E+01
p-Ni062-MT651-Matoba-E1685090-E0065.000.1996                     8 4.90001E+00 3.19000E+01
p-Ni062-MT651-Matoba-E1685091-E0065.000.1996                     8 4.79996E+00 3.20000E+01
p-Ni062-MT651-Matoba-E1685092-E0065.000.1996                     8 4.90001E+00 3.21000E+01
p-Ni062-MT651-Matoba-E1685093-E0065.000.1996                    10 4.90001E+00 3.20000E+01
p-Ni062-MT651-Schiffer-C1991008-E0028.000.2013                  38 1.00000E+01 2.50000E+01
