#              Filename                                         N    min         max
n-Zr000-MT001-Atchison-23102003.2009                             1 1.75000E-13 1.75000E-13
n-Zr000-MT001-Atchison-23102004.2009                             1 1.75000E-13 1.75000E-13
n-Zr000-MT001-Atchison-23102005.2009                             1 1.75000E-13 1.75000E-13
n-Zr000-MT001-Beyster-11220020.1956                             39 9.23000E-01 1.38840E+01
n-Zr000-MT001-Beyster-11220020A001.1956                         39 9.23000E-01 1.38840E+01
n-Zr000-MT001-Bockelman-11881002.1949                           43 1.80000E-02 1.56700E+00
n-Zr000-MT001-Bratenahl-11155018.1958                            5 7.05000E+00 1.45000E+01
n-Zr000-MT001-Bratenahl-11155018A001.1958                        5 7.05000E+00 1.45000E+01
n-Zr000-MT001-CORGE-20934002.1962                                1 1.72300E-03 1.72300E-03
n-Zr000-MT001-CORGE-20934003.1962                              326 1.37400E-03 4.22100E-03
n-Zr000-MT001-CORGE-20934004.1962                              300 1.37400E-03 4.16600E-03
n-Zr000-MT001-CORGE-20934005.1962                              358 2.79100E-04 8.78500E-04
n-Zr000-MT001-Carlson-11497016.1967                             62 4.53100E+00 7.51400E+00
n-Zr000-MT001-Carter-11878002.1955                              27 1.74000E-04 5.64000E-04
n-Zr000-MT001-Coon-12524032.1952                                 1 1.41200E+01 1.41200E+01
n-Zr000-MT001-Day-11068011.1953                                  1 1.90000E+01 1.90000E+01
n-Zr000-MT001-Day-11068011A001.1953                              1 1.90000E+01 1.90000E+01
n-Zr000-MT001-Deconninck-22560002.1960                          17 2.11000E+00 3.10000E+00
n-Zr000-MT001-Egelstaff-21144003.1952                           16 1.50000E-07 8.00000E-06
n-Zr000-MT001-Filippov-40082015.1968                             9 7.00000E-02 4.50000E-01
n-Zr000-MT001-Filippov-40883003.1983                             8 3.35000E-02 3.25000E+00
n-Zr000-MT001-Filippov-40883005.1983                            52 1.80000E-02 1.51000E+00
n-Zr000-MT001-Fosterjr-10047045.1971                           239 2.34000E+00 1.49770E+01
n-Zr000-MT001-Fosterjr-10047045A001.1971                       239 2.34000E+00 1.49770E+01
n-Zr000-MT001-Goodman-11057015.1952                              1 1.40000E+01 1.40000E+01
n-Zr000-MT001-Goodman-11057015A001.1952                          1 1.40000E+01 1.40000E+01
n-Zr000-MT001-Green-10225015.1973                              350 4.98300E-01 8.07400E+00
n-Zr000-MT001-Green-10225015A001.1973                          350 4.98300E-01 8.07400E+00
n-Zr000-MT001-Green-10225016.1973                              292 4.98100E-01 8.53700E+00
n-Zr000-MT001-Green-10225016A001.1973                          292 4.98100E-01 8.53700E+00
n-Zr000-MT001-Green-10225017.1973                              368 5.08700E-01 9.84200E+00
n-Zr000-MT001-Green-10225017A001.1973                          368 5.08700E-01 9.84200E+00
n-Zr000-MT001-Guernsey-11895003.1956                            11 7.15000E-01 1.16700E+00
n-Zr000-MT001-Harvey-13761009.1977                            6909 6.00680E-09 2.60250E-02
n-Zr000-MT001-Harvey-14225003.1998                            7279 1.52360E-09 2.60250E-02
n-Zr000-MT001-Havensjr-12184025.1947                            45 5.46000E-07 2.23888E-03
n-Zr000-MT001-Havensjr-12184027.1947                            14 3.95800E-06 9.01400E-06
n-Zr000-MT001-Hibdon-11244007.1955                              22 8.50000E-04 9.60000E-03
n-Zr000-MT001-Islam-30134003.1973                              101 1.00400E+00 2.00400E+00
n-Zr000-MT001-Joki-11635006.1961                               529 1.95700E-08 7.84600E-05
n-Zr000-MT001-Kent-11617028.1962                                 1 3.66000E+00 3.66000E+00
n-Zr000-MT001-Koester-21842023.1981                              2 1.26000E-06 5.19000E-06
n-Zr000-MT001-Lasday-11041007.1951                               1 1.39000E+01 1.39000E+01
n-Zr000-MT001-Lasday-11041007A001.1951                           1 1.39000E+01 1.39000E+01
n-Zr000-MT001-Macklin-10628003.1977                           7234 2.03490E-06 1.19650E-01
n-Zr000-MT001-Macklin-10628003A001.1977                       7234 2.03490E-06 1.19650E-01
n-Zr000-MT001-Malik-10501018.1970                                4 3.30000E-08 2.70000E-07
n-Zr000-MT001-Malik-10501018A001.1970                            4 3.30000E-08 2.70000E-07
n-Zr000-MT001-Mazari-30037009.1958                               1 1.62000E+01 1.62000E+01
n-Zr000-MT001-Miller-11712008.1952                              14 1.01000E+00 3.21000E+00
n-Zr000-MT001-Nereson-11060010.1953                             36 2.90700E+00 1.31340E+01
n-Zr000-MT001-Nereson-11060010A001.1953                         36 2.90700E+00 1.31340E+01
n-Zr000-MT001-Newson-11834005.1956                              69 4.20000E-03 8.00000E-02
n-Zr000-MT001-Peterson-11108025.1960                             4 1.74000E+01 2.89000E+01
n-Zr000-MT001-Peterson-11108025A001.1960                         4 1.74000E+01 2.89000E+01
n-Zr000-MT001-Poenitz-12853012.1983                              8 4.70000E-02 1.97000E-01
n-Zr000-MT001-Poenitz-12853013.1983                             20 2.15000E-01 1.60000E+00
n-Zr000-MT001-Poenitz-12853014.1983                             68 1.82200E+00 2.02200E+01
n-Zr000-MT001-Poenitz-12853015.1983                             24 9.85000E-01 4.40000E+00
n-Zr000-MT001-Poenitz-12853016.1983                             15 3.65000E-01 1.39200E+00
n-Zr000-MT001-Rapeanu-30726002.1973                             48 1.47300E-09 5.51000E-09
n-Zr000-MT001-Rapp-14576008.2019                              6225 3.99900E-01 2.50800E+01
n-Zr000-MT001-Rapp-14576009.2019                              7706 4.00000E-01 2.50100E+01
n-Zr000-MT001-Rapp-14576010.2019                              6224 3.99900E-01 2.50200E+01
n-Zr000-MT001-Rapp-14576011.2019                              7523 4.00300E-01 2.50100E+01
n-Zr000-MT001-Salah-12940004.1985                             9861 3.76190E-06 4.06500E-01
n-Zr000-MT001-Salah-12940005.1985                            10956 3.76190E-06 4.09010E-01
n-Zr000-MT001-Salah-12940006.1985                            10811 3.76190E-06 4.09010E-01
n-Zr000-MT001-Salah-12940007.1985                             7522 3.98310E-06 3.97360E-01
n-Zr000-MT001-Salah-12940008.1985                             5174 3.98310E-06 3.97360E-01
n-Zr000-MT001-Salah-12940009.1985                             4628 6.25250E-06 8.25250E-01
n-Zr000-MT001-Salama-30468008.1973                             200 3.20000E-09 1.09870E-06
n-Zr000-MT001-Schmidt-23424002.1967                             86 8.48600E-08 7.29880E-07
n-Zr000-MT001-Schmidt-23424003.1967                             63 8.29900E-08 7.30940E-07
n-Zr000-MT001-Schmidt-23424004.1967                             62 8.06000E-08 7.30100E-07
n-Zr000-MT001-Schmidt-23424005.1967                             61 8.12900E-08 7.29490E-07
n-Zr000-MT001-Schmidt-23424012.1967                             63 5.18300E-08 5.18920E-07
n-Zr000-MT001-Schmidt-23424013.1967                             56 5.21800E-08 3.88550E-07
n-Zr000-MT001-Schmidt-23424014.1967                             85 8.24800E-08 7.30930E-07
n-Zr000-MT001-Schmidt-23424015.1967                             67 1.01890E-07 7.09150E-07
n-Zr000-MT001-Schmidt-23424016.1967                             50 9.46900E-08 3.93360E-07
n-Zr000-MT001-Schmidt-23424017.1967                            452 9.15300E-08 3.89470E-07
n-Zr000-MT001-Schmidt-23424018.1967                             47 9.12000E-08 3.87600E-07
n-Zr000-MT001-Seth-11781005.1965                                70 6.00000E-03 6.40000E-01
n-Zr000-MT001-Seth-11788030.1958                                39 5.77000E-05 5.71200E-04
n-Zr000-MT001-Stooksberry-10338003.1973                         18 4.33000E-01 2.37000E+00
n-Zr000-MT001-Stooksberry-10338003A001.1973                     18 4.33000E-01 2.37000E+00
n-Zr000-MT001-Walt-11215028.1955                                 1 4.10000E+00 4.10000E+00
n-Zr000-MT001-Walt-11215028A001.1955                             1 4.10000E+00 4.10000E+00
