#              Filename                                         N    min         max
n-Pt195-MT151-Bird-21121004.1959                                 3 6.85000E-05 1.55000E-04
n-Pt195-MT151-Bollinger-12195003.1963                            4 1.20000E-05 1.55000E-04
n-Pt195-MT151-Brussel-12209002.1959                             13 1.19000E-05 2.90000E-04
n-Pt195-MT151-Chrien-11811002.1962                              15 1.19000E-05 2.96000E-04
n-Pt195-MT151-Debarros-206850231.1969                           44 1.18000E-05 8.25200E-04
n-Pt195-MT151-Debarros-206850232.1969                           44 1.18000E-05 8.25200E-04
n-Pt195-MT151-Debarros-206850233.1969                           41 1.18000E-05 8.25200E-04
n-Pt195-MT151-Debarros-206850234.1969                           41 1.18000E-05 8.25200E-04
n-Pt195-MT151-Debarros-206850235.1969                           40 1.18000E-05 8.25200E-04
n-Pt195-MT151-Debarros-206850236.1969                           35 1.18000E-05 7.79900E-04
n-Pt195-MT151-Debarros-20685025.1969                             1 4.12500E-04 4.12500E-04
n-Pt195-MT151-Draper-12498002.1960                               2 1.19000E-05 1.96000E-05
n-Pt195-MT151-Galanina-416320021.1960                            4 1.19000E-05 9.50000E-05
n-Pt195-MT151-Galanina-416320022.1960                            3 1.19000E-05 6.82000E-05
n-Pt195-MT151-Ignatiev-412670051.1963                            3 1.19000E-05 6.70000E-05
n-Pt195-MT151-Ignatiev-412670052.1963                            3 1.19000E-05 6.70000E-05
n-Pt195-MT151-Ignatiev-412670053.1963                            2 1.19000E-05 1.96000E-05
n-Pt195-MT151-Ignatiev-412670054.1963                            2 1.19000E-05 1.96000E-05
n-Pt195-MT151-Stolovy-118660131.1957                             5 1.19000E-05 1.53000E-04
n-Pt195-MT151-Stolovy-118660132.1957                             2 1.19000E-05 1.96000E-05
n-Pt195-MT151-Stolovy-118660133.1957                             2 1.19000E-05 1.96000E-05
n-Pt195-MT151-Stolovy-118660134.1957                             2 1.19000E-05 1.96000E-05
n-Pt195-MT151-Vertebnyi-402760111.1975                           7 1.19000E-05 1.50900E-04
n-Pt195-MT151-Vertebnyi-402760112.1975                           2 1.19000E-05 1.93800E-05
n-Pt195-MT151-Vertebnyi-402760113.1975                           2 1.19000E-05 1.93800E-05
n-Pt195-MT151-Vertebnyi-40276021.1975                            1 2.75000E-02 2.75000E-02
n-Pt195-MT151-Zimmerman-124940031.1959                           7 1.18100E-05 1.52000E-04
n-Pt195-MT151-Zimmerman-124940033.1959                           1 6.69900E-05 6.69900E-05
