#              Filename                                         N    min         max
p-Cd110-MT002-Mistry-C2688002-ang-E0006.088.1970                 1 9.00000E+01 1.70000E+02
p-Cd110-MT002-Mistry-C2688002-ang-E0006.092.1970                 1 9.00000E+01 1.50000E+02
p-Cd110-MT002-Mistry-C2688002-ang-E0006.094.1970                 1 1.20000E+02 1.50000E+02
p-Cd110-MT002-Mistry-C2688002-ang-E0006.095.1970                 1 9.00000E+01 1.20000E+02
p-Cd110-MT002-Mistry-C2688002-ang-E0006.104.1970                 1 9.00000E+01 1.70000E+02
p-Cd110-MT002-Mistry-C2688002-ang-E0006.106.1970                 1 1.20000E+02 1.70000E+02
p-Cd110-MT002-Mistry-C2688002-ang-E0006.109.1970                 1 1.20000E+02 1.50000E+02
p-Cd110-MT002-Mistry-C2688002-ang-E0006.112.1970                 1 1.20000E+02 1.50000E+02
p-Cd110-MT002-Mistry-C2688002-ang-E0006.116.1970                 1 1.20000E+02 1.70000E+02
p-Cd110-MT002-Mistry-C2688002-ang-E0006.119.1970                 1 9.00000E+01 1.70000E+02
p-Cd110-MT002-Mistry-C2688002-ang-E0006.121.1970                 1 9.00000E+01 1.50000E+02
p-Cd110-MT002-Mistry-C2688002-ang-E0006.129.1970                 1 1.50000E+02 1.70000E+02
p-Cd110-MT002-Mistry-C2688002-ang-E0006.131.1970                 1 9.00000E+01 1.70000E+02
p-Cd110-MT002-Mistry-C2688002-ang-E0006.132.1970                 2 9.00000E+01 1.20000E+02
p-Cd110-MT002-Mistry-C2688002-ang-E0006.146.1970                 1 9.00000E+01 1.20000E+02
p-Cd110-MT002-Mistry-C2688002-ang-E0006.149.1970                 3 9.00000E+01 1.70000E+02
p-Cd110-MT002-Mistry-C2688002-ang-E0006.161.1970                 1 9.00000E+01 1.70000E+02
p-Cd110-MT002-Mistry-C2688002-ang-E0006.162.1970                 1 9.00000E+01 1.20000E+02
p-Cd110-MT002-Mistry-C2688002-ang-E0006.165.1970                 1 1.20000E+02 1.50000E+02
p-Cd110-MT002-Mistry-C2688002-ang-E0006.168.1970                 1 9.00000E+01 1.50000E+02
p-Cd110-MT002-Mistry-C2688002-ang-E0006.174.1970                 1 9.00000E+01 1.20000E+02
p-Cd110-MT002-Mistry-C2688002-ang-E0006.177.1970                 2 1.20000E+02 1.70000E+02
p-Cd110-MT002-Mistry-C2688002-ang-E0006.178.1970                 1 9.00000E+01 1.50000E+02
p-Cd110-MT002-Mistry-C2688002-ang-E0006.187.1970                 1 9.00000E+01 1.20000E+02
p-Cd110-MT002-Mistry-C2688002-ang-E0006.188.1970                 1 1.20000E+02 1.50000E+02
p-Cd110-MT002-Mistry-C2688002-ang-E0006.189.1970                 1 1.50000E+02 1.70000E+02
p-Cd110-MT002-Mistry-C2688002-ang-E0006.193.1970                 1 9.00000E+01 1.70000E+02
p-Cd110-MT002-Mistry-C2688002-ang-E0006.200.1970                 1 9.00000E+01 1.70000E+02
p-Cd110-MT002-Mistry-C2688002-ang-E0006.201.1970                 1 1.20000E+02 1.70000E+02
p-Cd110-MT002-Mistry-C2688002-ang-E0006.205.1970                 1 1.20000E+02 1.50000E+02
p-Cd110-MT002-Mistry-C2688002-ang-E0006.211.1970                 1 9.00000E+01 1.50000E+02
p-Cd110-MT002-Mistry-C2688002-ang-E0006.213.1970                 1 9.00000E+01 1.20000E+02
p-Cd110-MT002-Mistry-C2688002-ang-E0006.214.1970                 1 1.20000E+02 1.70000E+02
p-Cd110-MT002-Mistry-C2688002-ang-E0006.215.1970                 1 1.50000E+02 1.70000E+02
p-Cd110-MT002-Mistry-C2688002-ang-E0006.223.1970                 1 9.00000E+01 1.50000E+02
p-Cd110-MT002-Mistry-C2688002-ang-E0006.229.1970                 1 9.00000E+01 1.70000E+02
p-Cd110-MT002-Mistry-C2688002-ang-E0006.233.1970                 1 1.20000E+02 1.70000E+02
p-Cd110-MT002-Mistry-C2688002-ang-E0006.235.1970                 1 1.20000E+02 1.20000E+02
