#              Filename                                         N    min         max
n-Fe000-MT001-Abfalterer-13753019.2001                         467 5.29300E+00 5.59100E+02
n-Fe000-MT001-Abfalterer-13794008.2000                         717 7.50000E-01 2.99700E+00
n-Fe000-MT001-Albergotti-11467004.1966                          17 1.25000E+01 1.43000E+01
n-Fe000-MT001-Alfieri-10299002.1973                             42 2.11200E-02 2.54700E-02
n-Fe000-MT001-Alfieri-10299002A001.1973                         42 2.11200E-02 2.54700E-02
n-Fe000-MT001-Angeli-30113016.1970                               1 1.45000E+01 1.45000E+01
n-Fe000-MT001-Barschall-12227003.1948                           15 1.78395E-01 1.36040E+00
n-Fe000-MT001-Barschall-12227006.1948                           66 1.03790E-02 4.87303E-01
n-Fe000-MT001-Barschall-12227009.1948                           55 8.99600E-03 4.86555E-01
n-Fe000-MT001-Berthold-22258002.1994                         21536 9.99570E-01 1.90130E+01
n-Fe000-MT001-Berthold-22276002.1995                         26308 7.50010E-01 2.20060E+01
n-Fe000-MT001-Bessheyko-41250004.1992                            1 1.45700E+01 1.45700E+01
n-Fe000-MT001-Beyer-23415003.2018                             2799 1.49997E-01 7.99478E+00
n-Fe000-MT001-Beyster-11220014.1956                             42 9.48000E-01 1.39300E+01
n-Fe000-MT001-Beyster-11220014A001.1956                         42 9.48000E-01 1.39300E+01
n-Fe000-MT001-Block-21021002.1964                              157 1.04930E-03 1.27820E-03
n-Fe000-MT001-Bollinger-12231003.1955                           84 1.46000E-05 3.75300E-03
n-Fe000-MT001-Bradbury-14695002.1937                             1 1.00000E-06 1.00000E-06
n-Fe000-MT001-Bratenahl-11155013.1958                            5 7.05000E+00 1.45000E+01
n-Fe000-MT001-Bratenahl-11155013A001.1958                        5 7.05000E+00 1.45000E+01
n-Fe000-MT001-Cabe-20482004.1967                               204 3.48000E-01 1.19900E+00
n-Fe000-MT001-Carlson-10011002.1970                           3726 4.62120E-01 9.01566E+00
n-Fe000-MT001-Carlson-10011002A001.1970                       3726 4.62120E-01 9.01566E+00
n-Fe000-MT001-Carlson-11497008.1967                            109 4.50000E+00 7.51400E+00
n-Fe000-MT001-Carpenter-13850004.1959                            1 1.11000E+02 1.11000E+02
n-Fe000-MT001-Cierjacks-20010007.1968                         5115 5.00080E-01 3.19400E+01
n-Fe000-MT001-Coon-12524022.1952                                 1 1.41200E+01 1.41200E+01
n-Fe000-MT001-Culler-11088010.1955                               4 9.34000E+01 1.06800E+02
n-Fe000-MT001-Culler-11088010A001.1955                           4 9.34000E+01 1.06800E+02
n-Fe000-MT001-Day-11068008.1953                                  1 1.90000E+01 1.90000E+01
n-Fe000-MT001-Day-11068008A001.1953                              1 1.90000E+01 1.90000E+01
n-Fe000-MT001-Deconninck-20195010.1961                           1 2.84000E+01 2.84000E+01
n-Fe000-MT001-Dilg-20602011.1974                                 1 1.88000E-05 1.88000E-05
n-Fe000-MT001-Ferguson-11584003.1968                            75 1.79200E+00 2.36500E+00
n-Fe000-MT001-Fields-11260013.1947                               5 2.40000E-02 8.30000E-01
n-Fe000-MT001-Filippov-40082010.1968                            19 9.00000E-02 5.00000E+00
n-Fe000-MT001-Filippov-40569002.1977                            13 2.40000E-02 1.14000E+00
n-Fe000-MT001-Filippov-40569003.1977                             1 6.72500E-01 6.72500E-01
n-Fe000-MT001-Fosterjr-10047032.1971                           247 2.25600E+00 1.46380E+01
n-Fe000-MT001-Fosterjr-10047032A001.1971                       247 2.25600E+00 1.46380E+01
n-Fe000-MT001-Galloway-11522007.1966                           409 1.99600E+00 1.70900E+01
n-Fe000-MT001-Garg-10172055.1971                              1971 3.99200E-03 1.95900E-01
n-Fe000-MT001-Garg-10172055A001.1971                          1971 3.99200E-03 1.95900E-01
n-Fe000-MT001-Gibbons-11864002.1956                            102 1.02930E-03 1.19530E-01
n-Fe000-MT001-Gilboy-21097006.1965                               3 2.01000E+00 3.99000E+00
n-Fe000-MT001-Goodman-11057012.1952                              1 1.40000E+01 1.40000E+01
n-Fe000-MT001-Goodman-11057012A001.1952                          1 1.40000E+01 1.40000E+01
n-Fe000-MT001-Gordon-12839005.1983                               8 2.14890E+01 4.00930E+01
n-Fe000-MT001-Gusejnov-40738005.1983                             2 6.20000E-01 8.25000E-01
n-Fe000-MT001-Hanstein-12589006.1941                             1 9.00000E-07 9.00000E-07
n-Fe000-MT001-Harvey-13727002.1984                            6929 6.43950E-06 2.26840E+00
n-Fe000-MT001-Harvey-13727003.1984                            7037 6.47920E-06 2.31850E+00
n-Fe000-MT001-Harvey-13727004.1984                            6566 6.11980E-06 9.75790E-01
n-Fe000-MT001-Harvey-13733005.1982                            2192 1.50070E-09 5.73680E-06
n-Fe000-MT001-Harvey-13759005.1974                            3175 2.43160E-06 2.05440E-01
n-Fe000-MT001-Harvey-13765002.1975                           17436 1.37660E-02 5.40720E+00
n-Fe000-MT001-Harvey-13765003.1975                           15558 1.22120E-02 6.10370E+01
n-Fe000-MT001-Harvey-13765004.1975                           17167 4.29460E-02 6.56420E+01
n-Fe000-MT001-Haugsnes-11733002.1967                             1 1.41000E+01 1.41000E+01
n-Fe000-MT001-Havensjr-11732002.1951                            17 1.74385E-04 3.34547E-01
n-Fe000-MT001-Havensjr-11732014.1951                            28 7.70000E-09 3.00000E-08
n-Fe000-MT001-Havensjr-11732016.1951                            22 3.10000E-09 2.48000E-08
n-Fe000-MT001-Hibdon-11180004.1953                               5 1.00000E-05 2.80000E-03
n-Fe000-MT001-Hibdon-11180004A001.1953                           5 1.00000E-05 2.80000E-03
n-Fe000-MT001-Hibdon-11386006.1952                              12 2.30300E-03 2.40630E-02
n-Fe000-MT001-Hibdon-11674006.1957                             381 8.60000E-04 4.09000E-01
n-Fe000-MT001-Hibdon-11729002.1964                              16 1.27500E-01 1.34300E-01
n-Fe000-MT001-Hibdon-11729003.1964                              16 1.27500E-01 1.34300E-01
n-Fe000-MT001-Hildebrand-11039017.1950                           1 4.20000E+01 4.20000E+01
n-Fe000-MT001-Hildebrand-11039017A001.1950                       1 4.20000E+01 4.20000E+01
n-Fe000-MT001-Hussain-30241002.1969                             39 1.00100E+00 2.02500E+00
n-Fe000-MT001-James-219470031.1975                              16 3.50000E-02 9.50000E-01
n-Fe000-MT001-James-219470032.1975                              14 3.50000E-02 9.50000E-01
n-Fe000-MT001-Johnson-11730002.1951                            133 6.90000E-01 3.56500E+00
n-Fe000-MT001-Jones-11206005.1968                                1 2.47780E+04 2.47780E+04
n-Fe000-MT001-Jones-11206005A001.1968                            1 2.47780E+04 2.47780E+04
n-Fe000-MT001-Khaletskij-40709011.1956                           1 1.48000E+01 1.48000E+01
n-Fe000-MT001-Kim-31592002.2007                                  6 1.10000E+00 2.00000E+00
n-Fe000-MT001-Kobayashi-20793004.1977                           11 2.21700E-02 2.49000E-02
n-Fe000-MT001-Larson-12882009.1980                             685 1.99840E+00 8.01340E+01
n-Fe000-MT001-Machwe-11572010.1959                               1 3.66000E+00 3.66000E+00
n-Fe000-MT001-Manero-21044004.1964                              63 8.32000E+00 1.42800E+01
n-Fe000-MT001-Mazari-30037004.1955                               7 1.30000E+01 1.62000E+01
n-Fe000-MT001-Mccallum-21122004.1960                            11 1.27900E+01 2.08000E+01
n-Fe000-MT001-Mcgarry-13050005.1955                              1 1.40000E+01 1.40000E+01
n-Fe000-MT001-Miller-11712002.1952                              14 1.00500E+00 3.21000E+00
n-Fe000-MT001-Minor-11505003.1969                                1 8.94000E+00 8.94000E+00
n-Fe000-MT001-Moore-11719002.1963                               47 9.28000E-06 4.91400E-03
n-Fe000-MT001-Morozov-413070021.1975                             1 4.00000E+00 4.00000E+00
n-Fe000-MT001-Morozov-413070022.1975                             1 4.00000E+00 4.00000E+00
n-Fe000-MT001-Muehlhause-11316007.1956                           3 1.48000E+00 1.66000E+00
n-Fe000-MT001-Murthy-10403006.1975                               7 3.30730E+04 2.72060E+05
n-Fe000-MT001-Murthy-10403006A001.1975                           7 3.30730E+04 2.72060E+05
n-Fe000-MT001-Nedzel-13568010.1954                               1 4.10000E+02 4.10000E+02
n-Fe000-MT001-Nereson-11060009.1953                             31 2.92200E+00 1.31620E+01
n-Fe000-MT001-Nereson-11060009A001.1953                         31 2.92200E+00 1.31620E+01
n-Fe000-MT001-Newson-11368012.1961                             233 1.00000E-03 2.14000E-01
n-Fe000-MT001-Palevsky-11714002.1953                            22 5.28000E-10 3.87000E-09
n-Fe000-MT001-Palevsky-11714003.1953                            30 1.03000E-09 5.98000E-09
n-Fe000-MT001-Palevsky-11714004.1953                            22 1.03000E-09 4.51000E-09
n-Fe000-MT001-Pandey-10496007.1975                           11155 2.04540E-03 2.34510E+00
n-Fe000-MT001-Pandey-10496007A001.1975                       11155 2.04540E-03 2.34510E+00
n-Fe000-MT001-Parker-13026006.1970                               1 4.83740E+03 4.83740E+03
n-Fe000-MT001-Pattenden-20450002.1973                         7640 2.35650E-02 1.08070E+00
n-Fe000-MT001-Perey-10377007.1972                             3701 1.87360E-01 4.86080E+01
n-Fe000-MT001-Perey-10377007A001.1972                         3701 1.87360E-01 4.86080E+01
n-Fe000-MT001-Perey-13511002.1991                             2012 5.02770E-03 1.19970E-01
n-Fe000-MT001-Peterson-11108018.1960                             4 1.73000E+01 2.78000E+01
n-Fe000-MT001-Peterson-11108018A001.1960                         4 1.73000E+01 2.78000E+01
n-Fe000-MT001-Policroniades-31468005.1994                        6 2.98000E+00 6.71000E+00
n-Fe000-MT001-Ragent-11338003.1953                              29 3.61000E+01 1.94000E+02
n-Fe000-MT001-Rahn-10247002.1972                               149 2.27500E-02 4.69700E-01
n-Fe000-MT001-Rahn-10247002A001.1972                           149 2.27500E-02 4.69700E-01
n-Fe000-MT001-Rahn-10247003.1972                               149 2.27500E-02 4.69700E-01
n-Fe000-MT001-Rahn-10247003A001.1972                           149 2.27500E-02 4.69700E-01
n-Fe000-MT001-Rahn-10247004.1972                               148 2.27500E-02 4.69700E-01
n-Fe000-MT001-Rahn-10247004A001.1972                           148 2.27500E-02 4.69700E-01
n-Fe000-MT001-Rayburn-11026017.1965                              1 1.44000E-06 1.44000E-06
n-Fe000-MT001-Rayburn-11026017A001.1965                          1 1.44000E-06 1.44000E-06
n-Fe000-MT001-Robinson-10020003.1969                             1 1.49700E+01 1.49700E+01
n-Fe000-MT001-Robinson-10020003A001.1969                         1 1.49700E+01 1.49700E+01
n-Fe000-MT001-Rohr-20367002.1966                               845 5.40020E-02 2.60920E-01
n-Fe000-MT001-Royer-12661005.1977                                1 1.86000E-04 1.86000E-04
n-Fe000-MT001-Schimmerling-10082005.1973                        15 3.79000E+02 1.73100E+03
n-Fe000-MT001-Schimmerling-10082005A001.1973                    15 3.79000E+02 1.73100E+03
n-Fe000-MT001-Schwartz-10006002.1974                          3350 4.95400E-01 1.50150E+01
n-Fe000-MT001-Schwartz-10006002A001.1974                      3350 4.95400E-01 1.50150E+01
n-Fe000-MT001-Smith-12144006.1966                             1472 3.32603E-01 1.48751E+00
n-Fe000-MT001-Tsukada-22628009.1966                              2 3.95000E+00 4.70000E+00
n-Fe000-MT001-Vervier-20204005.1958                             19 1.37700E+01 1.47600E+01
n-Fe000-MT001-Vinhas-30177002.1967                             363 2.76010E-09 1.45422E-07
n-Fe000-MT001-Vinhas-31794002.1981                              97 5.49700E-07 6.51460E-06
n-Fe000-MT001-Vinhas-31794003.1981                             239 9.88100E-07 5.41610E-06
n-Fe000-MT001-Walt-11215020.1955                                 1 4.10000E+00 4.10000E+00
n-Fe000-MT001-Walt-11215020A001.1955                             1 4.10000E+00 4.10000E+00
n-Fe000-MT001-Weil-11482004.1958                                39 4.00000E+00 8.15000E+00
n-Fe000-MT001-Wells-11121012.1963                               38 7.73000E-01 9.35000E-01
n-Fe000-MT001-Wells-11121012A001.1963                           38 7.73000E-01 9.35000E-01
n-Fe000-MT001-Western-12681002.1965                              1 1.46000E+01 1.46000E+01
n-Fe000-MT001-Wilenzick-11731002.1959                           72 2.45000E-01 4.25000E-01
n-Fe000-MT001-Zanelli-12916004.1986                              3 3.53000E+01 5.04000E+01
n-Fe000-MT001-Zinn-11136017.1939                                 1 2.88000E+00 2.88000E+00
n-Fe000-MT001-Zinn-11136017A001.1939                             1 2.88000E+00 2.88000E+00
