#              Filename                                         N    min         max
n-Sn000-MT002-Anderson-11716005-ang-E0014.600.1958              31 8.50000E+01 1.67000E+02
n-Sn000-MT002-Ashmore-21437005-ang-E0351.500.1958                9 0.00000E+00 7.99998E+00
n-Sn000-MT002-Becker-11511025-ang-E0003.200.1966                14 2.01988E+01 1.50296E+02
n-Sn000-MT002-Benenson-10370006-ang-E0014.800.1973               8 2.00008E+00 1.03000E+01
n-Sn000-MT002-Benenson-10370006-ang-E0014.800A001.1973           8 2.00008E+00 1.03000E+01
n-Sn000-MT002-Beyster-11220024-ang-E0002.500.1956               12 1.27000E+01 1.58300E+02
n-Sn000-MT002-Beyster-11220024-ang-E0002.500A001.1956           12 1.27000E+01 1.58300E+02
n-Sn000-MT002-Beyster-11220024-ang-E0007.000.1956               18 1.27000E+01 1.48500E+02
n-Sn000-MT002-Beyster-11220024-ang-E0007.000A001.1956           18 1.27000E+01 1.48500E+02
n-Sn000-MT002-Bucher-10556003-ang-E0007.550.1975                 6 2.69994E+00 1.41000E+01
n-Sn000-MT002-Bucher-10556003-ang-E0007.550A001.1975             6 2.69994E+00 1.41000E+01
n-Sn000-MT002-Bucher-10556003-ang-E0011.000.1975                 4 3.10009E+00 1.49000E+01
n-Sn000-MT002-Bucher-10556003-ang-E0011.000A001.1975             4 3.10009E+00 1.49000E+01
n-Sn000-MT002-Bucher-10556003-ang-E0014.000.1975                 4 3.10009E+00 1.49000E+01
n-Sn000-MT002-Bucher-10556003-ang-E0014.000A001.1975             4 3.10009E+00 1.49000E+01
n-Sn000-MT002-Budtzjorgensen-12795003-ang-E0003.000.1984        20 1.95000E+01 1.57000E+02
n-Sn000-MT002-Budtzjorgensen-12795003-ang-E0003.200.1984        20 1.95000E+01 1.55000E+02
n-Sn000-MT002-Coon-11322015-ang-E0014.500.1958                  29 3.64000E+01 1.44000E+02
n-Sn000-MT002-Coon-11322016-ang-E0014.100.1958                  14 5.69997E+00 6.98000E+01
n-Sn000-MT002-Cox-10332019-ang-E0000.882.1972                    8 2.10000E+01 1.57000E+02
n-Sn000-MT002-Cox-10332019-ang-E0000.882A001.1972                8 2.10000E+01 1.57000E+02
n-Sn000-MT002-Darden-11638014-ang-E0000.500.1955                 4 3.00000E+01 3.00000E+01
n-Sn000-MT002-Deconninck-20195021-ang-E0028.400.1961             1 9.00000E+01 9.00000E+01
n-Sn000-MT002-Deconninck-21858007-ang-E0014.000.1961             3 9.00000E+01 9.00000E+01
n-Sn000-MT002-Gorlov-40307006-ang-E0004.000.1968                 8 2.19998E+00 2.10000E+01
n-Sn000-MT002-Gupta-10307002-ang-E0003.650.1973                  2 1.00000E+01 1.80000E+02
n-Sn000-MT002-Gupta-10307002-ang-E0003.650A001.1973              2 1.00000E+01 1.80000E+02
n-Sn000-MT002-Hjort-13510006-ang-E0065.000.1994                 27 7.49999E+00 4.51000E+01
n-Sn000-MT002-Khaletskii-40711004-ang-E0014.800.1957            20 1.10000E+01 7.20000E+01
n-Sn000-MT002-Korzh-40762011-ang-E0000.650.1963                  8 3.00029E+01 1.39996E+02
n-Sn000-MT002-Korzh-40763014-ang-E0000.300.1963                  8 3.00029E+01 1.39996E+02
n-Sn000-MT002-Lovchikova-40168004-ang-E0000.900.1957             5 3.06834E+01 1.49317E+02
n-Sn000-MT002-Lovchikova-40787005-ang-E0000.220.1960             6 3.07000E+01 1.49300E+02
n-Sn000-MT002-Morozov-41657005-ang-E0004.000.1970                9 1.46260E+02 1.77120E+02
n-Sn000-MT002-Pasechnik-40336089-ang-E0002.800.1958              8 2.40000E+01 1.40000E+02
n-Sn000-MT002-Pasechnik-40683011-ang-E0000.500.1964             16 3.00029E+01 1.39996E+02
n-Sn000-MT002-Rayburn-11806003-ang-E0014.000.1959               27 1.02631E+01 1.65016E+02
n-Sn000-MT002-Smith-13607002-ang-E0004.500.1994                 40 1.73000E+01 1.57000E+02
n-Sn000-MT002-Smith-13607002-ang-E0005.000.1994                 40 1.77000E+01 1.56000E+02
n-Sn000-MT002-Snowdon-11965006-ang-E0003.700.1954               19 0.00000E+00 1.42800E+02
n-Sn000-MT002-Stelson-11527020-ang-E0014.000.1965                9 2.93000E+01 1.19600E+02
n-Sn000-MT002-Stuart-11490004-ang-E0024.000.1962                29 1.25000E+01 8.95000E+01
n-Sn000-MT002-Takahashi-22186075-ang-E0014.100.1992             16 1.50000E+01 1.60000E+02
n-Sn000-MT002-Tostkii-32246006-ang-E0002.800.1957                8 2.59207E+01 1.40507E+02
n-Sn000-MT002-Walt-11215037-ang-E0004.100.1955                  11 1.41000E+01 1.48200E+02
n-Sn000-MT002-Walt-11215037-ang-E0004.100A001.1955              11 1.41000E+01 1.48200E+02
n-Sn000-MT002-Walt-11637046-ang-E0001.000.1954                   9 3.04000E+01 1.49100E+02
n-Sn000-MT002-Wilenzick-11287037-ang-E0006.040.1965             14 1.98000E+01 1.50200E+02
