#              Filename                                         N    min         max     
p-Cu000-rp028057-Kozma-A0477062.1990                             1 3.65000E+03 3.65000E+03
p-Cu000-rp028057-Rudstam-C0288002.1962                           1 2.40000E+04 2.40000E+04
p-Cu000-rp028057-Shahid-D7015006.2015                            5 3.71000E+01 4.30000E+01
p-Cu000-rp028057-Remsberg-O04500022.1965                         7 4.90000E+02 2.80000E+04
p-Cu000-rp028057-Crespo-O04970022.1963                           7 4.40000E+02 7.00000E+02
p-Cu000-rp028057-Garrido-O2315020.2016                           9 4.54300E+01 7.00800E+01
p-Cu000-rp028057-Aleksandrov-A0501081.1990                       1 1.00000E+03 1.00000E+03
p-Cu000-rp028057-Mills-A05070032.1992                           44 4.38000E+01 1.96600E+02
p-Cu000-rp028057-Aleksandrov-A0580007.1996                       1 6.60000E+02 6.60000E+02
p-Cu000-rp028057-Williams-B0073004.1967                         10 4.46000E+01 5.72000E+01
p-Cu000-rp028057-Cline-B0085028N.1971                            1 5.90000E+02 5.90000E+02
p-Cu000-rp028057-Greenwood-C0537005.1984                        10 4.00000E+01 4.50000E+02
p-Cu000-rp028057-Garrett-C1915002.1973                           1 2.05000E+02 2.05000E+02
p-Cu000-rp028057-Graves-C2243013.2016                            5 4.80000E+01 8.94000E+01
p-Cu000-rp028057-Voyles-C2327009.2018                            6 4.10500E+01 8.97400E+01
p-Cu000-rp028057-Fox-C2702037.2021                              21 4.23000E+01 1.92540E+02
p-Cu000-rp028057-Gruetter-D0505009.1982                         18 4.09000E+01 6.98000E+01
p-Cu000-rp028057-Michel-O00780283.1989                           1 6.00000E+02 6.00000E+02
p-Cu000-rp028057-Michel-O0276134.1997                          130 3.68000E+01 1.59000E+03
p-Cu000-rp028057-Michel-O0277200.1995                            4 8.00000E+02 2.60000E+03
p-Cu000-rp028057-Schiekel-O0284121.1996                          4 2.26000E+02 3.75000E+02
p-Cu000-rp028057-Orth-O0418051.1978                              2 2.00000E+02 3.50000E+02
p-Cu000-rp028057-Cumming-O0542046.1974                           1 3.90000E+03 3.90000E+03
p-Cu000-rp028057-Orth-T0131023.1976                              1 5.90000E+02 5.90000E+02
