#              Filename                                         N    min         max
a-C013-MT002-Abele-D0146005-ang-E0048.700.1987                 107 1.04000E+01 1.69400E+02
a-C013-MT002-Abele-D0146005-ang-E0054.100.1987                  85 1.09000E+01 1.57400E+02
a-C013-MT002-Artemov-F0780002-ang-E0025.620.2001                 1 1.09000E+02 1.23000E+02
a-C013-MT002-Artemov-F0780002-ang-E0025.633.2001                 1 1.23000E+02 1.37000E+02
a-C013-MT002-Artemov-F0780002-ang-E0025.634.2001                 1 1.37000E+02 1.72000E+02
a-C013-MT002-Artemov-F0780002-ang-E0025.659.2001                 1 1.56000E+02 1.72000E+02
a-C013-MT002-Artemov-F0780002-ang-E0025.660.2001                 1 1.56000E+02 1.72000E+02
a-C013-MT002-Artemov-F0780002-ang-E0026.424.2001                 1 1.09000E+02 1.72000E+02
a-C013-MT002-Artemov-F0780002-ang-E0026.425.2001                 1 1.09000E+02 1.23000E+02
a-C013-MT002-Artemov-F0780002-ang-E0026.439.2001                 1 1.23000E+02 1.56000E+02
a-C013-MT002-Artemov-F0780002-ang-E0026.465.2001                 1 1.37000E+02 1.56000E+02
a-C013-MT002-Artemov-F0780002-ang-E0026.479.2001                 1 1.37000E+02 1.72000E+02
a-C013-MT002-Artemov-F0780002-ang-E0026.666.2001                 1 1.56000E+02 1.72000E+02
a-C013-MT002-Artemov-F0780002-ang-E0026.975.2001                 1 1.09000E+02 1.56000E+02
a-C013-MT002-Artemov-F0780002-ang-E0027.056.2001                 1 1.09000E+02 1.23000E+02
a-C013-MT002-Artemov-F0780002-ang-E0027.070.2001                 1 1.23000E+02 1.72000E+02
a-C013-MT002-Artemov-F0780002-ang-E0027.082.2001                 1 1.37000E+02 1.72000E+02
a-C013-MT002-Artemov-F0780002-ang-E0027.083.2001                 1 1.37000E+02 1.56000E+02
a-C013-MT002-Artemov-F0780002-ang-E0027.418.2001                 1 1.09000E+02 1.56000E+02
a-C013-MT002-Artemov-F0780002-ang-E0027.432.2001                 3 1.09000E+02 1.72000E+02
a-C013-MT002-Artemov-F0780002-ang-E0027.444.2001                 3 1.72000E+02 1.72000E+02
a-C013-MT002-Artemov-F0780004-ang-E0035.000.2001                62 1.26400E+01 1.75930E+02
a-C013-MT002-Barnes-C0752004-ang-E0001.980.1965                893 9.00000E+01 9.00000E+01
a-C013-MT002-Burtebaev-D09250101-ang-E0050.500.1988             68 1.00000E+01 1.69900E+02
a-C013-MT002-Burtebayev-D0867002-ang-E0029.000.2016             32 1.00000E+01 7.70000E+01
a-C013-MT002-Burtebayev-D0867002-ang-E0050.000.2016             67 1.00000E+01 1.69900E+02
a-C013-MT002-Coker-C2331002-ang-E0015.000.1971                  28 3.05000E+01 1.43200E+02
a-C013-MT002-Coker-C2331003-ang-E0018.000.1971                  43 2.31000E+01 1.41700E+02
a-C013-MT002-Coker-C2331004-ang-E0020.000.1971                  36 3.38000E+01 1.49300E+02
a-C013-MT002-Coker-C2331005-ang-E0028.400.1971                  25 1.99000E+01 7.99000E+01
a-C013-MT002-Feofilov-F0867003-ang-E0024.000.1974               59 1.04000E+01 1.70500E+02
a-C013-MT002-Heil-D0513003-ang-E0002.919.2008                 7700 4.39000E+01 1.65900E+02
a-C013-MT002-Heil-D0513004-ang-E0002.596.2008                  744 4.50000E+01 1.65000E+02
a-C013-MT002-Kerr-O0886005-ang-E0003.534.1968                    1 7.29000E+01 1.65000E+02
a-C013-MT002-Kerr-O0886005-ang-E0003.547.1968                    1 4.27000E+01 7.29000E+01
a-C013-MT002-Kerr-O0886005-ang-E0003.548.1968                    1 4.27000E+01 1.37400E+02
a-C013-MT002-Kerr-O0886005-ang-E0003.553.1968                    1 1.37400E+02 1.65000E+02
a-C013-MT002-Kerr-O0886005-ang-E0003.555.1968                    1 7.29000E+01 1.65000E+02
a-C013-MT002-Kerr-O0886005-ang-E0003.572.1968                    1 4.27000E+01 7.29000E+01
a-C013-MT002-Kerr-O0886005-ang-E0003.575.1968                    2 4.27000E+01 1.65000E+02
a-C013-MT002-Kerr-O0886005-ang-E0003.577.1968                    1 1.37400E+02 1.65000E+02
a-C013-MT002-Kerr-O0886005-ang-E0003.594.1968                    1 1.37400E+02 1.65000E+02
a-C013-MT002-Kerr-O0886005-ang-E0003.596.1968                    1 7.29000E+01 1.65000E+02
a-C013-MT002-Kerr-O0886005-ang-E0003.597.1968                    1 4.27000E+01 7.29000E+01
a-C013-MT002-Kerr-O0886005-ang-E0003.600.1968                    1 4.27000E+01 1.37400E+02
a-C013-MT002-Kerr-O0886005-ang-E0003.610.1968                    1 1.37400E+02 1.65000E+02
a-C013-MT002-Kerr-O0886005-ang-E0003.613.1968                    1 7.29000E+01 1.65000E+02
a-C013-MT002-Kerr-O0886005-ang-E0003.619.1968                    1 4.27000E+01 7.29000E+01
a-C013-MT002-Kerr-O0886005-ang-E0003.622.1968                    1 4.27000E+01 1.65000E+02
a-C013-MT002-Kerr-O0886005-ang-E0003.632.1968                    1 1.37400E+02 1.65000E+02
a-C013-MT002-Kerr-O0886005-ang-E0003.635.1968                    1 4.27000E+01 1.37400E+02
a-C013-MT002-Kerr-O0886005-ang-E0003.638.1968                    2 4.27000E+01 1.65000E+02
a-C013-MT002-Kerr-O0886005-ang-E0003.643.1968                    1 7.29000E+01 1.65000E+02
a-C013-MT002-Kerr-O0886005-ang-E0003.649.1968                    1 7.29000E+01 1.37400E+02
a-C013-MT002-Kuznetsov-F0505003-ang-E0026.600.1972              49 2.95000E+01 1.77400E+02
a-C013-MT002-Kuznetsov-F0697003-ang-E0018.000.1973              27 9.33000E+01 1.78000E+02
a-C013-MT002-Kuznetsov-F0697003-ang-E0019.000.1973              24 9.88000E+01 1.77500E+02
a-C013-MT002-Kuznetsov-F0697003-ang-E0022.000.1973              22 9.82000E+01 1.76100E+02
a-C013-MT002-Kuznetsov-F0697003-ang-E0024.000.1973              24 9.82000E+01 1.76700E+02
a-C013-MT002-Kuznetsov-F0697003-ang-E0025.000.1973              21 9.57000E+01 1.76100E+02
a-C013-MT002-Kuznetsov-F0697003-ang-E0026.600.1973              24 9.57000E+01 1.77000E+02
a-C013-MT002-Kuznetsov-F0697005-ang-E0017.980.1973               7 1.76000E+02 1.76000E+02
a-C013-MT002-Lebedev-F0953004-ang-E0017.876.1973                 1 9.00000E+01 1.70000E+02
a-C013-MT002-Lebedev-F0953004-ang-E0018.235.1973                 1 9.00000E+01 1.70000E+02
a-C013-MT002-Lebedev-F0953004-ang-E0018.284.1973                 1 9.00000E+01 9.00000E+01
a-C013-MT002-Lebedev-F0953005-ang-E0018.300.1973                10 7.94000E+01 1.69500E+02
