#              Filename                                         N    min         max
g-O016-MT002-Dodge-M0414005-ang-E0025.000.1983                   2 4.50000E+01 1.35000E+02
g-O016-MT002-Dodge-M0414005-ang-E0028.000.1983                   1 4.50000E+01 1.35000E+02
g-O016-MT002-Dodge-M0414005-ang-E0031.000.1983                   2 4.50000E+01 1.35000E+02
g-O016-MT002-Dodge-M0414005-ang-E0034.000.1983                   1 6.00000E+01 1.35000E+02
g-O016-MT002-Dodge-M0414005-ang-E0037.000.1983                   1 6.00000E+01 1.35000E+02
g-O016-MT002-Feldman-L01900021-ang-E0029.530.1996               66 1.35000E+02 1.35000E+02
g-O016-MT002-Feldman-L01900022-ang-E0060.370.1996                1 4.50000E+01 1.35000E+02
g-O016-MT002-Feldman-L01900022-ang-E0060.480.1996                1 4.50000E+01 1.35000E+02
g-O016-MT002-Feldman-L01900022-ang-E0064.760.1996                1 4.50000E+01 1.35000E+02
g-O016-MT002-Feldman-L01900022-ang-E0064.830.1996                1 4.50000E+01 1.35000E+02
g-O016-MT002-Feldman-L01900022-ang-E0069.520.1996                1 4.50000E+01 1.35000E+02
g-O016-MT002-Feldman-L01900022-ang-E0069.660.1996                1 4.50000E+01 1.35000E+02
g-O016-MT002-Feldman-L01900022-ang-E0074.120.1996                1 4.50000E+01 1.35000E+02
g-O016-MT002-Feldman-L01900022-ang-E0074.220.1996                1 4.50000E+01 1.35000E+02
g-O016-MT002-Feldman-L01900022-ang-E0078.620.1996                1 4.50000E+01 1.35000E+02
g-O016-MT002-Feldman-L01900022-ang-E0078.630.1996                1 4.50000E+01 1.35000E+02
g-O016-MT002-Feldman-L01900022-ang-E0082.860.1996                1 4.50000E+01 1.35000E+02
g-O016-MT002-Feldman-L01900022-ang-E0082.930.1996                1 4.50000E+01 1.35000E+02
g-O016-MT002-Feldman-L01900022-ang-E0086.990.1996                1 4.50000E+01 1.35000E+02
g-O016-MT002-Feldman-L01900022-ang-E0087.070.1996                1 1.35000E+02 1.35000E+02
g-O016-MT002-Hager-M0549004-ang-E0058.000.1995                   5 4.50000E+01 1.35000E+02
g-O016-MT002-Hager-M0549005-ang-E0075.000.1995                   7 4.50000E+01 1.54000E+02
g-O016-MT002-Lebrun-M0292002-ang-E0021.680.1987                 32 4.50000E+01 4.50000E+01
g-O016-MT002-Lebrun-M0292003-ang-E0021.680.1987                 32 1.35000E+02 1.35000E+02
g-O016-MT002-Myers-L0177002-ang-E0060.000.2012                   8 4.00000E+01 1.59000E+02
g-O016-MT002-Myers-L0195002-ang-E0086.000.2014                   7 4.00000E+01 1.59000E+02
