#              Filename                                         N    min         max
n-Cu000-MT102-Belanova-40072003.1965                             1 2.40000E-02 2.40000E-02
n-Cu000-MT102-Belanova-400720211.1965                            1 2.40000E-02 2.40000E-02
n-Cu000-MT102-Belanova-400720212.1965                            1 2.40000E-02 2.40000E-02
n-Cu000-MT102-Belanova-400720213.1965                            1 2.40000E-02 2.40000E-02
n-Cu000-MT102-Belanova-400720214.1965                            1 2.40000E-02 2.40000E-02
n-Cu000-MT102-Belanova-400720215.1965                            1 2.40000E-02 2.40000E-02
n-Cu000-MT102-Belanova-400720216.1965                            1 2.40000E-02 2.40000E-02
n-Cu000-MT102-Belanova-40374009.1958                             3 2.50000E-02 8.30000E-01
n-Cu000-MT102-Budnar-30532026.1979                               1 1.41000E+01 1.41000E+01
n-Cu000-MT102-Carre-20658012.1966                                1 2.53000E-08 2.53000E-08
n-Cu000-MT102-Diven-11616007.1960                                7 1.75000E-01 1.00000E+00
n-Cu000-MT102-Gibbons-11329014.1961                              2 3.00000E-02 6.50000E-02
n-Cu000-MT102-Kapchigashev-40663012.1963                        60 1.87070E-05 1.24930E-02
n-Cu000-MT102-Kapchigashev-40663013.1963                        48 1.57140E-04 4.77540E-02
n-Cu000-MT102-Kimball-13028003.1953                              1 2.40000E-02 2.40000E-02
n-Cu000-MT102-Koroleva-40074002.1965                             1 2.40000E-02 2.40000E-02
n-Cu000-MT102-Kropffmoreno-30362003.1977                         1 2.53000E-08 2.53000E-08
n-Cu000-MT102-Leipunskiy-40244106.1958                           1 2.00000E-01 2.00000E-01
n-Cu000-MT102-Malik-10501011.1970                                4 3.30000E-08 2.70000E-07
n-Cu000-MT102-Malik-10501011A001.1970                            4 3.30000E-08 2.70000E-07
n-Cu000-MT102-Poenitz-12670004.1975                             61 4.18800E-01 7.43900E-01
n-Cu000-MT102-Poenitz-12670009.1975                              9 5.07200E-01 3.03900E+00
n-Cu000-MT102-Schmitt-11778002.1960                              1 2.40000E-02 2.40000E-02
n-Cu000-MT102-Stavisskii-40679002.1963                          16 1.90000E-02 1.00000E+00
n-Cu000-MT102-Stefanescu-30073005.1961                           1 2.53000E-08 2.53000E-08
n-Cu000-MT102-Tattersall-20638015.1960                           1 2.53000E-08 2.53000E-08
n-Cu000-MT102-Voignier-22006002.1992                             4 5.00000E-01 3.00000E+00
