#              Filename                                         N    min         max
d-Si028-MT602-Kokkoris-D0559004-E0001.502.2009                   2 1.45000E+02 1.70000E+02
d-Si028-MT602-Kokkoris-D0559004-E0001.503.2009                   2 1.45000E+02 1.65000E+02
d-Si028-MT602-Kokkoris-D0559004-E0001.553.2009                   2 1.45000E+02 1.70000E+02
d-Si028-MT602-Kokkoris-D0559004-E0001.554.2009                   2 1.45000E+02 1.65000E+02
d-Si028-MT602-Kokkoris-D0559004-E0001.603.2009                   3 1.45000E+02 1.70000E+02
d-Si028-MT602-Kokkoris-D0559004-E0001.604.2009                   3 1.45000E+02 1.65000E+02
d-Si028-MT602-Kokkoris-D0559004-E0001.653.2009                   3 1.45000E+02 1.70000E+02
d-Si028-MT602-Kokkoris-D0559004-E0001.654.2009                   3 1.45000E+02 1.65000E+02
d-Si028-MT602-Kokkoris-D0559004-E0001.703.2009                   3 1.45000E+02 1.70000E+02
d-Si028-MT602-Kokkoris-D0559004-E0001.704.2009                   3 1.45000E+02 1.65000E+02
d-Si028-MT602-Kokkoris-D0559004-E0001.753.2009                   3 1.45000E+02 1.70000E+02
d-Si028-MT602-Kokkoris-D0559004-E0001.754.2009                   3 1.45000E+02 1.65000E+02
d-Si028-MT602-Kokkoris-D0559004-E0001.803.2009                   2 1.45000E+02 1.70000E+02
d-Si028-MT602-Kokkoris-D0559004-E0001.804.2009                   3 1.45000E+02 1.65000E+02
d-Si028-MT602-Kokkoris-D0559004-E0001.853.2009                   3 1.45000E+02 1.70000E+02
d-Si028-MT602-Kokkoris-D0559004-E0001.854.2009                   3 1.45000E+02 1.65000E+02
d-Si028-MT602-Kokkoris-D0559004-E0001.903.2009                   3 1.45000E+02 1.70000E+02
d-Si028-MT602-Kokkoris-D0559004-E0001.904.2009                   3 1.45000E+02 1.65000E+02
d-Si028-MT602-Kokkoris-D0559004-E0001.953.2009                   3 1.45000E+02 1.70000E+02
d-Si028-MT602-Kokkoris-D0559004-E0001.954.2009                   3 1.45000E+02 1.65000E+02
d-Si028-MT602-Kokkoris-D0559004-E0002.003.2009                   3 1.45000E+02 1.70000E+02
d-Si028-MT602-Kokkoris-D0559004-E0002.004.2009                   3 1.45000E+02 1.65000E+02
d-Si028-MT602-Wildenthal-F0963005-E0002.276.1964                17 9.49999E+00 1.68600E+02
