#              Filename                                         N    min         max
n-Os187-MT151-Andzheevsky-413990021.1988                         2 9.47000E-06 1.27000E-05
n-Os187-MT151-Belanova-40330003.1974                            18 9.43000E-06 2.46000E-04
n-Os187-MT151-Belanova-405510041.1980                            1 2.75500E-04 2.75500E-04
n-Os187-MT151-Belanova-405510051.1980                           15 9.50000E-06 7.15000E-05
n-Os187-MT151-Belanova-405510052.1980                            4 9.50000E-06 2.63400E-05
n-Os187-MT151-Belanova-405510053.1980                           15 9.50000E-06 7.15000E-05
n-Os187-MT151-Bokhovko-41177077.1991                             2 2.27500E-01 2.27500E-01
n-Os187-MT151-Browne-12712017.1981                             137 9.50000E-06 9.87000E-04
n-Os187-MT151-Fujii-230270063.2010                               1 3.00000E-03 3.00000E-03
n-Os187-MT151-Fujii-230270101.2010                             477 2.63510E-05 2.99354E-03
n-Os187-MT151-Jackson-11992011.1961                              3 9.50000E-06 4.75000E-05
n-Os187-MT151-Karzhavina-40405004.1973                           4 9.43000E-06 4.77000E-05
n-Os187-MT151-Litvinskii-41120005.1993                           2 7.60000E-02 7.60000E-02
n-Os187-MT151-Namenson-104660031.1975                           44 9.48000E-06 2.98500E-04
n-Os187-MT151-Namenson-104660031A001.1975                       44 9.48000E-06 2.98500E-04
n-Os187-MT151-Namenson-104660032.1975                           44 9.48000E-06 2.98500E-04
n-Os187-MT151-Namenson-104660032A001.1975                       44 9.48000E-06 2.98500E-04
n-Os187-MT151-Popov-412790031.1981                               5 9.47000E-06 6.21000E-05
n-Os187-MT151-Popov-412790032.1981                               7 9.47000E-06 6.21000E-05
n-Os187-MT151-Stolovy-106590021.1976                            51 9.50000E-06 2.53000E-04
n-Os187-MT151-Stolovy-106590021A001.1976                        51 9.50000E-06 2.53000E-04
n-Os187-MT151-Stolovy-106590022.1976                            27 9.50000E-06 1.27000E-04
n-Os187-MT151-Stolovy-106590022A001.1976                        27 9.50000E-06 1.27000E-04
n-Os187-MT151-Vertebny-40094004.1969                             8 9.45000E-06 6.50000E-05
n-Os187-MT151-Vertebnyj-401270061.1971                          10 9.46000E-06 1.24000E-04
n-Os187-MT151-Vertebnyj-401270062.1971                           8 9.46000E-06 1.24000E-04
n-Os187-MT151-Vertebnyy-402540051.1975                           3 9.46000E-06 2.01900E-05
n-Os187-MT151-Vertebnyy-402540052.1975                           3 9.46000E-06 2.01900E-05
n-Os187-MT151-Wetzel-10080007.1970                               2 9.50000E-06 1.26000E-05
n-Os187-MT151-Wetzel-10080007A001.1970                           2 9.50000E-06 1.26000E-05
n-Os187-MT151-Winters-10882006.1980                              3 1.37625E+00 1.37625E+00
n-Os187-MT151-Winters-10882006A001.1980                          3 1.37625E+00 1.37625E+00
n-Os187-MT151-Winters-127560041.1986                            25 2.93300E-05 1.38130E-04
n-Os187-MT151-Winters-127560042.1986                            25 2.93300E-05 1.38130E-04
n-Os187-MT151-Winters-127560043.1986                            25 2.93300E-05 1.38130E-04
n-Os187-MT151-Winters-127560051.1986                             2 1.40000E-04 1.40000E-04
