#              Filename                                         N    min         max
n-Pb000-MT002-Abdelharith-30464017-ang-E0003.400.1976           11 1.49000E+01 1.50000E+02
n-Pb000-MT002-Anderson-11716006-ang-E0014.600.1958              19 8.40000E+01 1.67000E+02
n-Pb000-MT002-Anikin-40080007-ang-E0001.330.1971                85 2.50006E+00 2.38000E+01
n-Pb000-MT002-Anikin-40823002-ang-E0001.600.1986                20 1.50011E+00 1.50011E+00
n-Pb000-MT002-Anikin-40823003-ang-E0001.600.1986                20 3.00003E+00 3.00003E+00
n-Pb000-MT002-Annand-22029005-ang-E0003.000.1985                22 1.99000E+01 1.66900E+02
n-Pb000-MT002-Ashmore-21437006-ang-E0351.500.1958                8 0.00000E+00 7.99998E+00
n-Pb000-MT002-Baba-22480006-ang-E0055.000.2002                  75 2.59993E+00 5.30000E+01
n-Pb000-MT002-Ball-11503004-ang-E0300.000.1952                  14 2.59993E+00 1.62000E+01
n-Pb000-MT002-Becker-11511036-ang-E0003.200.1966                12 2.00990E+01 1.30203E+02
n-Pb000-MT002-Begum-21664015-ang-E0016.100.1979                 11 2.00000E+01 1.60000E+02
n-Pb000-MT002-Begum-30633008-ang-E0002.900.1981                 11 2.00000E+01 1.60000E+02
n-Pb000-MT002-Benenson-10370003-ang-E0014.800.1973              16 3.00014E-01 1.04000E+01
n-Pb000-MT002-Benenson-10370003-ang-E0014.800A001.1973          16 3.00014E-01 1.04000E+01
n-Pb000-MT002-Bostrom-11341010-ang-E0003.670.1959               30 2.00000E+01 1.40000E+02
n-Pb000-MT002-Bratenahl-11472004-ang-E0084.000.1950             12 2.50006E+00 2.25000E+01
n-Pb000-MT002-Brugger-21241002-ang-E0003.400.1955                9 3.00029E+01 1.49997E+02
n-Pb000-MT002-Bucher-10510002-ang-E0007.000.1975                 5 3.40001E+00 1.98000E+01
n-Pb000-MT002-Bucher-10510002-ang-E0007.000A001.1975             5 3.40001E+00 1.98000E+01
n-Pb000-MT002-Bucher-10510002-ang-E0007.550.1975                 4 3.40001E+00 1.48000E+01
n-Pb000-MT002-Bucher-10510002-ang-E0007.550A001.1975             4 3.40001E+00 1.48000E+01
n-Pb000-MT002-Bucher-10510002-ang-E0008.000.1975                 4 3.40001E+00 1.98000E+01
n-Pb000-MT002-CaoJianhuaa-32518002-ang-E0014.700.1985            6 2.65999E+00 9.88000E+00
n-Pb000-MT002-Chavez-31687002-ang-E0002.900.2009                14 9.89117E-02 9.89117E-02
n-Pb000-MT002-Coon-11322020-ang-E0014.100.1958                  21 5.90000E+00 5.81000E+01
n-Pb000-MT002-Coon-11322021-ang-E0014.500.1958                  28 3.64000E+01 1.44300E+02
n-Pb000-MT002-Cox-10332032-ang-E0001.098.1972                    8 2.10000E+01 1.57000E+02
n-Pb000-MT002-Cox-10332032-ang-E0001.098A001.1972                8 2.10000E+01 1.57000E+02
n-Pb000-MT002-Darden-11638015-ang-E0001.000.1955                 1 1.40000E+01 3.00000E+01
n-Pb000-MT002-Darden-11638015-ang-E0001.550.1955                 2 1.40000E+01 3.00000E+01
n-Pb000-MT002-Deconninck-21858008-ang-E0014.000.1961             3 9.00000E+01 9.00000E+01
n-Pb000-MT002-Drigo-20664002-ang-E0002.450.1973                  3 2.10003E+00 4.99999E+00
n-Pb000-MT002-Etemad-20346021-ang-E0007.000.1973                20 2.00000E+01 1.60000E+02
n-Pb000-MT002-Ferrer-10633021-ang-E0011.010.1977                26 1.50000E+01 1.45000E+02
n-Pb000-MT002-Ferrer-10633021-ang-E0011.010A001.1977            26 1.50000E+01 1.45000E+02
n-Pb000-MT002-Fowler-12215002-ang-E0001.200.1962                31 2.83576E+01 1.36054E+02
n-Pb000-MT002-Galloway-20359005-ang-E0003.000.1973               5 1.60022E+00 7.70136E+00
n-Pb000-MT002-Galloway-20761010-ang-E0002.900.1979              11 2.00000E+01 1.60000E+02
n-Pb000-MT002-Gorlov-40221032-ang-E0004.000.1965                17 1.09167E+01 1.69750E+02
n-Pb000-MT002-Gorlov-40307008-ang-E0004.000.1968                 8 2.19998E+00 2.10000E+01
n-Pb000-MT002-Gupta-10307003-ang-E0003.650.1973                  2 1.00000E+01 1.80000E+02
n-Pb000-MT002-Gupta-10307003-ang-E0003.650A001.1973              2 1.00000E+01 1.80000E+02
n-Pb000-MT002-Guzhovskii-40643002-ang-E0015.000.1962            52 7.19999E+00 1.21100E+02
n-Pb000-MT002-Hill-11300006-ang-E0005.000.1956                   6 1.00000E+01 3.48000E+01
n-Pb000-MT002-Hill-11321011-ang-E0005.000.1958                  13 2.99000E+01 1.49900E+02
n-Pb000-MT002-Hjort-13510007-ang-E0065.000.1994                 27 7.49999E+00 4.50000E+01
n-Pb000-MT002-Holmqvist-20162027-ang-E0008.050.1971             20 2.00000E+01 1.60000E+02
n-Pb000-MT002-Hussein-10645003-ang-E0010.400.1977               13 2.59993E+00 5.00000E+01
n-Pb000-MT002-Hussein-10645003-ang-E0010.400A001.1977           13 2.59993E+00 5.00000E+01
n-Pb000-MT002-Kammerdiener-14329071-ang-E0014.000.1972          13 2.49000E+01 1.44800E+02
n-Pb000-MT002-Khaletskii-40711005-ang-E0014.800.1957            18 1.10000E+01 9.00000E+01
n-Pb000-MT002-Korzh-40762019-ang-E0000.650.1963                  8 3.00029E+01 1.39996E+02
n-Pb000-MT002-Korzh-40764009-ang-E0000.300.1964                  8 3.00029E+01 1.39996E+02
n-Pb000-MT002-Kuchnir-11977005-ang-E0000.840.1968                6 1.74999E+00 1.50000E+01
n-Pb000-MT002-Lam-12962006-ang-E0023.000.1985                   24 1.36000E+01 8.39000E+01
n-Pb000-MT002-Lovchikova-40168007-ang-E0000.900.1957             7 3.06834E+01 1.49317E+02
n-Pb000-MT002-Lovchikova-40787007-ang-E0000.220.1960             5 3.07000E+01 1.49300E+02
n-Pb000-MT002-MaGongguii-30762009-ang-E0014.200.1988            10 1.69996E+00 2.50000E+01
n-Pb000-MT002-Melhorn-12187002-ang-E0013.500.1956                7 9.00000E+01 1.49997E+02
n-Pb000-MT002-Miura-22643004-ang-E0000.340.2000                  7 1.20000E+02 1.20000E+02
n-Pb000-MT002-Morozov-41657002-ang-E0004.000.1970                9 1.46500E+02 1.77660E+02
n-Pb000-MT002-Nauta-20199007-ang-E0014.100.1956                 15 1.50000E+01 9.00000E+01
n-Pb000-MT002-Okhuysen-12211002-ang-E0004.200.1959              13 2.00940E+01 1.40175E+02
n-Pb000-MT002-Pasechnik-40336099-ang-E0002.800.1958              9 2.40000E+01 1.50000E+02
n-Pb000-MT002-Pasechnik-40683017-ang-E0000.500.1964             16 3.00029E+01 1.39996E+02
n-Pb000-MT002-Pearlstein-10234009-ang-E0014.000.1965             1 9.00000E+01 9.00000E+01
n-Pb000-MT002-Pearlstein-10234009-ang-E0014.000A001.1965         1 9.00000E+01 9.00000E+01
n-Pb000-MT002-Poenitz-22988002-ang-E0002.940.2007               10 2.50000E+01 1.29500E+02
n-Pb000-MT002-Poenitz-23156002-ang-E0002.240.2011               15 1.38100E+01 1.59790E+02
n-Pb000-MT002-Poenitz-23156003-ang-E0002.710.2011               15 1.36000E+01 1.60080E+02
n-Pb000-MT002-Poenitz-23156004-ang-E0002.940.2011               10 2.51100E+01 1.29730E+02
n-Pb000-MT002-Poenitz-23156005-ang-E0004.020.2011               15 1.31700E+01 1.59820E+02
n-Pb000-MT002-Popov-40367011-ang-E0002.900.1957                  6 3.01413E+01 1.50123E+02
n-Pb000-MT002-QiHueiQuannn-30902002-ang-E0014.700.1985          10 3.00003E+00 3.00003E+00
n-Pb000-MT002-QiHueiQuannn-30902003-ang-E0014.700.1985           5 3.00003E+00 8.99997E+00
n-Pb000-MT002-Rayburn-11806005-ang-E0014.000.1959               28 1.02631E+01 1.65016E+02
n-Pb000-MT002-Remund-21242004-ang-E0003.300.1956                 9 3.00029E+01 1.49997E+02
n-Pb000-MT002-Rhein-12206003-ang-E0001.000.1955                 12 1.00000E+01 1.49900E+02
n-Pb000-MT002-Rhein-12206003-ang-E0003.700.1955                 12 1.00000E+01 1.49900E+02
n-Pb000-MT002-Salmon-21123008-ang-E0096.000.1960                 7 9.99951E-01 1.00000E+01
n-Pb000-MT002-Salnikov-40372006-ang-E0002.340.1957               6 3.01413E+01 1.35186E+02
n-Pb000-MT002-Schmidt-22407002-ang-E0007.930.1996               36 1.27000E+01 1.60400E+02
n-Pb000-MT002-Schmidt-22407002-ang-E0008.980.1996               36 1.30000E+01 1.60100E+02
n-Pb000-MT002-Schmidt-22407002-ang-E0009.870.1996               36 1.27000E+01 1.59900E+02
n-Pb000-MT002-Schmidt-22407002-ang-E0010.960.1996               36 1.27000E+01 1.59800E+02
n-Pb000-MT002-Schmidt-22407002-ang-E0011.920.1996               36 1.22000E+01 1.59400E+02
n-Pb000-MT002-Schmidt-22407002-ang-E0013.120.1996               36 1.22000E+01 1.60600E+02
n-Pb000-MT002-Schmidt-22407002-ang-E0014.230.1996               39 1.27000E+01 1.61000E+02
n-Pb000-MT002-Stelson-11527024-ang-E0014.000.1965               10 1.99000E+01 1.21100E+02
n-Pb000-MT002-Takahashi-22075185-ang-E0014.100.1987             15 2.00000E+01 1.60000E+02
n-Pb000-MT002-Tripard-12190002-ang-E0004.560.1968                7 1.00000E+01 4.00000E+01
n-Pb000-MT002-Vanzyl-21374010-ang-E0136.000.1956                15 0.00000E+00 1.76000E+01
n-Pb000-MT002-Walt-11215053-ang-E0004.100.1955                  11 1.41000E+01 1.48200E+02
n-Pb000-MT002-Walt-11215053-ang-E0004.100A001.1955              11 1.41000E+01 1.48200E+02
n-Pb000-MT002-Walt-11637076-ang-E0001.000.1954                   9 3.05000E+01 1.49200E+02
n-Pb000-MT002-Weddell-11695008-ang-E0004.400.1956                1 9.00000E+01 9.00000E+01
n-Pb000-MT002-Whitehead-11475007-ang-E0003.700.1953             36 1.30000E+01 1.42500E+02
n-Pb000-MT002-Yu-10570002-ang-E0000.600.1975                    54 5.20018E-01 1.50011E+00
n-Pb000-MT002-Yuasa-20281004-ang-E0014.100.1958                  9 9.00000E+01 1.70000E+02
