#              Filename                                         N    min         max
n-Os186-MT151-Belanova-40330002.1974                            13 1.94500E-05 2.77000E-04
n-Os186-MT151-Belanova-405510021.1980                            1 2.75500E-04 2.75500E-04
n-Os186-MT151-Belanova-405510022.1980                            1 2.75500E-04 2.75500E-04
n-Os186-MT151-Belanova-405510031.1980                            7 2.23800E-05 3.37000E-04
n-Os186-MT151-Belanova-405510032.1980                            2 2.23800E-05 4.46100E-05
n-Os186-MT151-Belanova-405510033.1980                            3 2.23800E-05 6.60400E-05
n-Os186-MT151-Browne-12712010.1981                               1 7.45725E-02 7.45725E-02
n-Os186-MT151-Browne-12712016.1981                              72 4.51000E-05 2.30500E-03
n-Os186-MT151-Fujii-23027002.2010                                1 5.00000E-03 5.00000E-03
n-Os186-MT151-Fujii-230270051.2010                               1 5.00000E-03 5.00000E-03
n-Os186-MT151-Fujii-230270053.2010                               1 5.00000E-03 5.00000E-03
n-Os186-MT151-Fujii-230270091.2010                             182 1.08830E-04 4.98379E-03
n-Os186-MT151-Popov-412790021.1981                               2 2.23800E-05 4.47000E-05
n-Os186-MT151-Popov-412790022.1981                               2 2.23800E-05 4.47000E-05
n-Os186-MT151-Vertebnyj-401270021.1971                           6 2.23700E-05 2.74000E-04
n-Os186-MT151-Vertebnyj-401270022.1971                           3 2.23700E-05 6.59000E-05
n-Os186-MT151-Vertebnyj-40127017.1971                            2 1.48185E-04 1.48185E-04
n-Os186-MT151-Vertebnyj-40127024.1971                            2 1.48185E-04 1.48185E-04
n-Os186-MT151-Vertebnyy-402540021.1975                           2 2.23700E-05 4.43000E-05
n-Os186-MT151-Vertebnyy-402540022.1975                           2 2.23700E-05 4.43000E-05
n-Os186-MT151-Vertebnyy-402540182.1975                           1 1.50001E-03 1.50001E-03
n-Os186-MT151-Winters-10882005.1980                              3 1.37625E+00 1.37625E+00
n-Os186-MT151-Winters-10882005A001.1980                          3 1.37625E+00 1.37625E+00
n-Os186-MT151-Winters-127560021.1986                            32 4.47000E-05 9.80000E-04
n-Os186-MT151-Winters-127560022.1986                            32 4.47000E-05 9.80000E-04
n-Os186-MT151-Winters-127560023.1986                            32 4.47000E-05 9.80000E-04
n-Os186-MT151-Winters-127560031.1986                             1 1.00000E-03 1.00000E-03
n-Os186-MT151-Winters-127560032.1986                             1 1.00000E-03 1.00000E-03
