#              Filename                                         N    min         max
n-Ca000-MT051-Perey-10109005-ang-E0005.000.1970                  1 9.22000E+01 9.23000E+01
n-Ca000-MT051-Perey-10109005-ang-E0005.000A001.1970              1 9.22000E+01 9.23000E+01
n-Ca000-MT051-Perey-10109005-ang-E0005.180.1970                  1 9.22000E+01 9.22000E+01
n-Ca000-MT051-Perey-10109017-ang-E0006.000.1970                  1 2.84000E+01 1.19900E+02
n-Ca000-MT051-Perey-10109017-ang-E0006.000A001.1970              1 2.84000E+01 1.19900E+02
n-Ca000-MT051-Perey-10109017-ang-E0006.370.1970                 17 2.84000E+01 1.19700E+02
n-Ca000-MT051-Perey-10109017-ang-E0006.370A001.1970             17 2.84000E+01 1.19700E+02
n-Ca000-MT051-Perey-10109017-ang-E0007.600.1970                 14 5.42000E+01 1.19500E+02
n-Ca000-MT051-Perey-10109017-ang-E0007.600A001.1970              9 7.92000E+01 1.20100E+02
n-Ca000-MT051-Perey-10109017-ang-E0007.600A002.1970              2 9.46000E+01 1.20300E+02
n-Ca000-MT051-Perey-10109017-ang-E0007.600A003.1970              1 9.48000E+01 1.20700E+02
n-Ca000-MT051-Perey-10109017-ang-E0007.600A004.1970             14 5.42000E+01 1.19500E+02
n-Ca000-MT051-Perey-10109017-ang-E0007.600A005.1970              9 7.92000E+01 1.20100E+02
n-Ca000-MT051-Perey-10109017-ang-E0007.600A006.1970              2 9.46000E+01 1.20300E+02
n-Ca000-MT051-Perey-10109017-ang-E0007.600A007.1970              1 9.48000E+01 1.20700E+02
n-Ca000-MT051-Perey-10109017-ang-E0008.520.1970                 13 5.42000E+01 1.14400E+02
n-Ca000-MT051-Perey-10109017-ang-E0008.520A001.1970              4 9.45000E+01 1.14800E+02
n-Ca000-MT051-Perey-10109017-ang-E0008.520A002.1970              4 9.46000E+01 1.20700E+02
n-Ca000-MT051-Perey-10109017-ang-E0008.520A003.1970              4 9.48000E+01 1.15600E+02
n-Ca000-MT051-Perey-10109017-ang-E0008.520A004.1970             13 5.42000E+01 1.14400E+02
n-Ca000-MT051-Perey-10109017-ang-E0008.520A005.1970              4 9.45000E+01 1.14800E+02
n-Ca000-MT051-Perey-10109017-ang-E0008.520A006.1970              4 9.46000E+01 1.20700E+02
n-Ca000-MT051-Perey-10109017-ang-E0008.520A007.1970              4 9.48000E+01 1.15600E+02
n-Ca000-MT051-Takahashi-22155087-ang-E0014.100.1992             90 1.50000E+01 1.50000E+02
