#              Filename                                         N    min         max
p-Sn122-MT002-Arking-F0930006-ang-E0009.989.1970                 1 1.20000E+02 1.40000E+02
p-Sn122-MT002-Arking-F0930006-ang-E0009.997.1970                 1 1.40000E+02 1.65000E+02
p-Sn122-MT002-Arking-F0930006-ang-E0009.998.1970                 1 1.20000E+02 1.65000E+02
p-Sn122-MT002-Arking-F0930006-ang-E0010.012.1970                 1 1.20000E+02 1.40000E+02
p-Sn122-MT002-Arking-F0930006-ang-E0010.016.1970                 1 1.40000E+02 1.65000E+02
p-Sn122-MT002-Arking-F0930006-ang-E0010.020.1970                 1 1.20000E+02 1.65000E+02
p-Sn122-MT002-Arking-F0930006-ang-E0010.031.1970                 1 1.20000E+02 1.40000E+02
p-Sn122-MT002-Arking-F0930006-ang-E0010.035.1970                 1 1.40000E+02 1.65000E+02
p-Sn122-MT002-Arking-F0930006-ang-E0010.040.1970                 1 1.20000E+02 1.65000E+02
p-Sn122-MT002-Arking-F0930006-ang-E0010.052.1970                 1 1.20000E+02 1.40000E+02
p-Sn122-MT002-Arking-F0930006-ang-E0010.055.1970                 1 1.40000E+02 1.65000E+02
p-Sn122-MT002-Arking-F0930006-ang-E0010.059.1970                 1 1.20000E+02 1.65000E+02
p-Sn122-MT002-Arking-F0930006-ang-E0010.073.1970                 1 1.20000E+02 1.40000E+02
p-Sn122-MT002-Arking-F0930006-ang-E0010.075.1970                 1 1.40000E+02 1.65000E+02
p-Sn122-MT002-Arking-F0930006-ang-E0010.079.1970                 1 1.20000E+02 1.65000E+02
p-Sn122-MT002-Arking-F0930006-ang-E0010.091.1970                 1 1.20000E+02 1.40000E+02
p-Sn122-MT002-Arking-F0930006-ang-E0010.095.1970                 1 1.40000E+02 1.65000E+02
p-Sn122-MT002-Arking-F0930006-ang-E0010.098.1970                 1 1.20000E+02 1.65000E+02
p-Sn122-MT002-Arking-F0930006-ang-E0010.111.1970                 1 1.20000E+02 1.40000E+02
p-Sn122-MT002-Arking-F0930006-ang-E0010.116.1970                 1 1.40000E+02 1.65000E+02
p-Sn122-MT002-Arking-F0930006-ang-E0010.118.1970                 1 1.20000E+02 1.65000E+02
p-Sn122-MT002-Arking-F0930006-ang-E0010.132.1970                 1 1.20000E+02 1.40000E+02
p-Sn122-MT002-Arking-F0930006-ang-E0010.137.1970                 2 1.20000E+02 1.65000E+02
p-Sn122-MT002-Arking-F0930006-ang-E0010.153.1970                 1 1.20000E+02 1.40000E+02
p-Sn122-MT002-Arking-F0930006-ang-E0010.156.1970                 1 1.40000E+02 1.65000E+02
p-Sn122-MT002-Arking-F0930006-ang-E0010.158.1970                 1 1.20000E+02 1.65000E+02
p-Sn122-MT002-Arking-F0930006-ang-E0010.172.1970                 1 1.20000E+02 1.40000E+02
p-Sn122-MT002-Arking-F0930006-ang-E0010.176.1970                 1 1.40000E+02 1.65000E+02
p-Sn122-MT002-Arking-F0930006-ang-E0010.179.1970                 1 1.20000E+02 1.65000E+02
p-Sn122-MT002-Arking-F0930006-ang-E0010.193.1970                 1 1.20000E+02 1.40000E+02
p-Sn122-MT002-Arking-F0930006-ang-E0010.196.1970                 1 1.40000E+02 1.65000E+02
p-Sn122-MT002-Arking-F0930006-ang-E0010.198.1970                 1 1.20000E+02 1.65000E+02
p-Sn122-MT002-Arking-F0930006-ang-E0010.210.1970                 1 1.20000E+02 1.65000E+02
p-Sn122-MT002-Arking-F0930006-ang-E0010.217.1970                 1 1.40000E+02 1.65000E+02
p-Sn122-MT002-Arking-F0930006-ang-E0010.218.1970                 1 1.20000E+02 1.40000E+02
p-Sn122-MT002-Arking-F0930006-ang-E0010.232.1970                 1 1.20000E+02 1.40000E+02
p-Sn122-MT002-Arking-F0930006-ang-E0010.235.1970                 1 1.40000E+02 1.65000E+02
p-Sn122-MT002-Arking-F0930006-ang-E0010.240.1970                 1 1.20000E+02 1.65000E+02
p-Sn122-MT002-Arking-F0930006-ang-E0010.251.1970                 1 1.20000E+02 1.40000E+02
p-Sn122-MT002-Arking-F0930006-ang-E0010.256.1970                 1 1.40000E+02 1.65000E+02
p-Sn122-MT002-Arking-F0930006-ang-E0010.257.1970                 1 1.20000E+02 1.65000E+02
p-Sn122-MT002-Arking-F0930006-ang-E0010.272.1970                 1 1.20000E+02 1.40000E+02
p-Sn122-MT002-Arking-F0930006-ang-E0010.274.1970                 1 1.40000E+02 1.65000E+02
p-Sn122-MT002-Arking-F0930006-ang-E0010.277.1970                 1 1.65000E+02 1.65000E+02
p-Sn122-MT002-Terashima-E2098005-ang-E0295.000.2008             26 1.15000E+01 4.91000E+01
