#              Filename                                         N    min         max
p-Pb208-MT621-Kulleck-C2700008-ang-E0014.362.1970                1 9.00000E+01 1.25000E+02
p-Pb208-MT621-Kulleck-C2700008-ang-E0014.369.1970                1 1.25000E+02 1.50000E+02
p-Pb208-MT621-Kulleck-C2700008-ang-E0014.387.1970                1 9.00000E+01 1.50000E+02
p-Pb208-MT621-Kulleck-C2700008-ang-E0014.391.1970                1 9.00000E+01 1.25000E+02
p-Pb208-MT621-Kulleck-C2700008-ang-E0014.421.1970                1 9.00000E+01 1.25000E+02
p-Pb208-MT621-Kulleck-C2700008-ang-E0014.431.1970                1 9.00000E+01 1.50000E+02
p-Pb208-MT621-Kulleck-C2700008-ang-E0014.439.1970                1 1.25000E+02 1.50000E+02
p-Pb208-MT621-Kulleck-C2700008-ang-E0014.478.1970                1 9.00000E+01 1.25000E+02
p-Pb208-MT621-Kulleck-C2700008-ang-E0014.489.1970                1 9.00000E+01 1.50000E+02
p-Pb208-MT621-Kulleck-C2700008-ang-E0014.502.1970                1 1.25000E+02 1.50000E+02
p-Pb208-MT621-Kulleck-C2700008-ang-E0014.542.1970                1 9.00000E+01 1.25000E+02
p-Pb208-MT621-Kulleck-C2700008-ang-E0014.547.1970                1 9.00000E+01 1.70000E+02
p-Pb208-MT621-Kulleck-C2700008-ang-E0014.562.1970                1 1.50000E+02 1.70000E+02
p-Pb208-MT621-Kulleck-C2700008-ang-E0014.572.1970                1 1.25000E+02 1.50000E+02
p-Pb208-MT621-Kulleck-C2700008-ang-E0014.599.1970                1 9.00000E+01 1.25000E+02
p-Pb208-MT621-Kulleck-C2700008-ang-E0014.604.1970                1 9.00000E+01 1.50000E+02
p-Pb208-MT621-Kulleck-C2700008-ang-E0014.612.1970                1 1.50000E+02 1.70000E+02
p-Pb208-MT621-Kulleck-C2700008-ang-E0014.614.1970                1 1.25000E+02 1.70000E+02
p-Pb208-MT621-Kulleck-C2700008-ang-E0014.640.1970                1 9.00000E+01 1.25000E+02
p-Pb208-MT621-Kulleck-C2700008-ang-E0014.656.1970                1 9.00000E+01 1.50000E+02
p-Pb208-MT621-Kulleck-C2700008-ang-E0014.681.1970                1 1.50000E+02 1.70000E+02
p-Pb208-MT621-Kulleck-C2700008-ang-E0014.683.1970                1 1.25000E+02 1.70000E+02
p-Pb208-MT621-Kulleck-C2700008-ang-E0014.709.1970                1 9.00000E+01 1.25000E+02
p-Pb208-MT621-Kulleck-C2700008-ang-E0014.720.1970                1 9.00000E+01 1.70000E+02
p-Pb208-MT621-Kulleck-C2700008-ang-E0014.730.1970                1 1.50000E+02 1.70000E+02
p-Pb208-MT621-Kulleck-C2700008-ang-E0014.739.1970                1 1.25000E+02 1.50000E+02
p-Pb208-MT621-Kulleck-C2700008-ang-E0014.756.1970                1 9.00000E+01 1.25000E+02
p-Pb208-MT621-Kulleck-C2700008-ang-E0014.784.1970                1 9.00000E+01 1.50000E+02
p-Pb208-MT621-Kulleck-C2700008-ang-E0014.791.1970                1 1.50000E+02 1.70000E+02
p-Pb208-MT621-Kulleck-C2700008-ang-E0014.799.1970                1 1.25000E+02 1.70000E+02
p-Pb208-MT621-Kulleck-C2700008-ang-E0014.825.1970                1 1.25000E+02 1.70000E+02
p-Pb208-MT621-Kulleck-C2700008-ang-E0014.834.1970                1 9.00000E+01 1.70000E+02
p-Pb208-MT621-Kulleck-C2700008-ang-E0014.842.1970                1 9.00000E+01 1.25000E+02
p-Pb208-MT621-Kulleck-C2700008-ang-E0014.843.1970                1 1.25000E+02 1.50000E+02
p-Pb208-MT621-Kulleck-C2700008-ang-E0014.850.1970                1 9.00000E+01 1.50000E+02
p-Pb208-MT621-Kulleck-C2700008-ang-E0014.865.1970                1 9.00000E+01 1.25000E+02
p-Pb208-MT621-Kulleck-C2700008-ang-E0014.867.1970                1 1.25000E+02 1.70000E+02
p-Pb208-MT621-Kulleck-C2700008-ang-E0014.874.1970                1 1.50000E+02 1.70000E+02
p-Pb208-MT621-Kulleck-C2700008-ang-E0014.879.1970                1 9.00000E+01 1.50000E+02
p-Pb208-MT621-Kulleck-C2700008-ang-E0014.894.1970                1 9.00000E+01 1.25000E+02
p-Pb208-MT621-Kulleck-C2700008-ang-E0014.896.1970                1 1.25000E+02 1.70000E+02
p-Pb208-MT621-Kulleck-C2700008-ang-E0014.904.1970                1 1.50000E+02 1.70000E+02
p-Pb208-MT621-Kulleck-C2700008-ang-E0014.913.1970                1 9.00000E+01 1.50000E+02
p-Pb208-MT621-Kulleck-C2700008-ang-E0014.918.1970                1 9.00000E+01 1.25000E+02
p-Pb208-MT621-Kulleck-C2700008-ang-E0014.920.1970                1 1.25000E+02 1.50000E+02
p-Pb208-MT621-Kulleck-C2700008-ang-E0014.931.1970                1 1.50000E+02 1.70000E+02
p-Pb208-MT621-Kulleck-C2700008-ang-E0014.939.1970                1 9.00000E+01 1.70000E+02
p-Pb208-MT621-Kulleck-C2700008-ang-E0014.941.1970                1 9.00000E+01 1.50000E+02
p-Pb208-MT621-Kulleck-C2700008-ang-E0014.955.1970                1 1.50000E+02 1.70000E+02
p-Pb208-MT621-Kulleck-C2700008-ang-E0014.963.1970                1 1.25000E+02 1.70000E+02
p-Pb208-MT621-Kulleck-C2700008-ang-E0014.990.1970                1 9.00000E+01 1.25000E+02
p-Pb208-MT621-Kulleck-C2700008-ang-E0015.006.1970                1 9.00000E+01 1.50000E+02
p-Pb208-MT621-Kulleck-C2700008-ang-E0015.008.1970                1 1.50000E+02 1.70000E+02
p-Pb208-MT621-Kulleck-C2700008-ang-E0015.010.1970                1 1.25000E+02 1.70000E+02
p-Pb208-MT621-Kulleck-C2700008-ang-E0015.019.1970                1 1.25000E+02 1.50000E+02
p-Pb208-MT621-Kulleck-C2700008-ang-E0015.032.1970                1 9.00000E+01 1.50000E+02
p-Pb208-MT621-Kulleck-C2700008-ang-E0015.036.1970                2 9.00000E+01 1.70000E+02
p-Pb208-MT621-Kulleck-C2700008-ang-E0015.050.1970                1 9.00000E+01 1.70000E+02
p-Pb208-MT621-Kulleck-C2700008-ang-E0015.070.1970                1 9.00000E+01 1.25000E+02
p-Pb208-MT621-Kulleck-C2700008-ang-E0015.076.1970                1 1.25000E+02 1.50000E+02
p-Pb208-MT621-Kulleck-C2700008-ang-E0015.078.1970                1 1.50000E+02 1.70000E+02
p-Pb208-MT621-Kulleck-C2700008-ang-E0015.079.1970                1 9.00000E+01 1.70000E+02
p-Pb208-MT621-Kulleck-C2700008-ang-E0015.098.1970                1 9.00000E+01 1.25000E+02
p-Pb208-MT621-Kulleck-C2700008-ang-E0015.104.1970                1 1.25000E+02 1.50000E+02
p-Pb208-MT621-Kulleck-C2700008-ang-E0015.105.1970                1 1.50000E+02 1.70000E+02
p-Pb208-MT621-Kulleck-C2700008-ang-E0015.107.1970                1 9.00000E+01 1.70000E+02
p-Pb208-MT621-Kulleck-C2700008-ang-E0015.126.1970                1 9.00000E+01 1.50000E+02
p-Pb208-MT621-Kulleck-C2700008-ang-E0015.127.1970                1 1.50000E+02 1.70000E+02
p-Pb208-MT621-Kulleck-C2700008-ang-E0015.129.1970                1 1.25000E+02 1.70000E+02
p-Pb208-MT621-Kulleck-C2700008-ang-E0015.133.1970                1 9.00000E+01 1.25000E+02
p-Pb208-MT621-Kulleck-C2700008-ang-E0015.155.1970                1 9.00000E+01 1.25000E+02
p-Pb208-MT621-Kulleck-C2700008-ang-E0015.161.1970                1 1.25000E+02 1.50000E+02
p-Pb208-MT621-Kulleck-C2700008-ang-E0015.162.1970                1 1.50000E+02 1.70000E+02
p-Pb208-MT621-Kulleck-C2700008-ang-E0015.164.1970                1 9.00000E+01 1.70000E+02
p-Pb208-MT621-Kulleck-C2700008-ang-E0015.183.1970                1 9.00000E+01 1.50000E+02
p-Pb208-MT621-Kulleck-C2700008-ang-E0015.185.1970                1 1.25000E+02 1.50000E+02
p-Pb208-MT621-Kulleck-C2700008-ang-E0015.190.1970                1 1.25000E+02 1.70000E+02
p-Pb208-MT621-Kulleck-C2700008-ang-E0015.198.1970                1 1.50000E+02 1.70000E+02
p-Pb208-MT621-Kulleck-C2700008-ang-E0015.213.1970                1 1.25000E+02 1.50000E+02
p-Pb208-MT621-Kulleck-C2700008-ang-E0015.218.1970                1 9.00000E+01 1.25000E+02
p-Pb208-MT621-Kulleck-C2700008-ang-E0015.223.1970                1 9.00000E+01 1.70000E+02
p-Pb208-MT621-Kulleck-C2700008-ang-E0015.226.1970                1 9.00000E+01 1.70000E+02
p-Pb208-MT621-Kulleck-C2700008-ang-E0015.240.1970                1 9.00000E+01 1.50000E+02
p-Pb208-MT621-Kulleck-C2700008-ang-E0015.242.1970                1 1.25000E+02 1.50000E+02
p-Pb208-MT621-Kulleck-C2700008-ang-E0015.253.1970                1 9.00000E+01 1.25000E+02
p-Pb208-MT621-Kulleck-C2700008-ang-E0015.269.1970                1 9.00000E+01 1.25000E+02
p-Pb208-MT621-Kulleck-C2700008-ang-E0015.275.1970                1 1.25000E+02 1.70000E+02
p-Pb208-MT621-Kulleck-C2700008-ang-E0015.278.1970                1 1.50000E+02 1.70000E+02
p-Pb208-MT621-Kulleck-C2700008-ang-E0015.288.1970                1 1.25000E+02 1.50000E+02
p-Pb208-MT621-Kulleck-C2700008-ang-E0015.298.1970                1 1.25000E+02 1.70000E+02
p-Pb208-MT621-Kulleck-C2700008-ang-E0015.301.1970                1 9.00000E+01 1.70000E+02
p-Pb208-MT621-Kulleck-C2700008-ang-E0015.309.1970                1 9.00000E+01 1.50000E+02
p-Pb208-MT621-Kulleck-C2700008-ang-E0015.311.1970                1 1.50000E+02 1.70000E+02
p-Pb208-MT621-Kulleck-C2700008-ang-E0015.318.1970                1 1.25000E+02 1.70000E+02
p-Pb208-MT621-Kulleck-C2700008-ang-E0015.327.1970                1 1.25000E+02 1.50000E+02
p-Pb208-MT621-Kulleck-C2700008-ang-E0015.328.1970                1 1.50000E+02 1.70000E+02
p-Pb208-MT621-Kulleck-C2700008-ang-E0015.353.1970                1 9.00000E+01 1.70000E+02
p-Pb208-MT621-Kulleck-C2700008-ang-E0015.361.1970                1 9.00000E+01 1.25000E+02
p-Pb208-MT621-Kulleck-C2700008-ang-E0015.362.1970                2 9.00000E+01 1.50000E+02
p-Pb208-MT621-Kulleck-C2700008-ang-E0015.378.1970                1 9.00000E+01 1.70000E+02
p-Pb208-MT621-Kulleck-C2700008-ang-E0015.393.1970                1 1.25000E+02 1.70000E+02
p-Pb208-MT621-Kulleck-C2700008-ang-E0015.402.1970                1 9.00000E+01 1.25000E+02
p-Pb208-MT621-Kulleck-C2700008-ang-E0015.412.1970                1 9.00000E+01 1.50000E+02
p-Pb208-MT621-Kulleck-C2700008-ang-E0015.414.1970                1 1.25000E+02 1.50000E+02
p-Pb208-MT621-Kulleck-C2700008-ang-E0015.419.1970                1 1.25000E+02 1.70000E+02
p-Pb208-MT621-Kulleck-C2700008-ang-E0015.439.1970                1 9.00000E+01 1.70000E+02
p-Pb208-MT621-Kulleck-C2700008-ang-E0015.442.1970                1 9.00000E+01 1.25000E+02
p-Pb208-MT621-Kulleck-C2700008-ang-E0015.448.1970                1 1.25000E+02 1.50000E+02
p-Pb208-MT621-Kulleck-C2700008-ang-E0015.455.1970                1 9.00000E+01 1.50000E+02
p-Pb208-MT621-Kulleck-C2700008-ang-E0015.464.1970                1 9.00000E+01 1.70000E+02
p-Pb208-MT621-Kulleck-C2700008-ang-E0015.468.1970                1 1.25000E+02 1.70000E+02
p-Pb208-MT621-Kulleck-C2700008-ang-E0015.483.1970                1 1.25000E+02 1.50000E+02
p-Pb208-MT621-Kulleck-C2700008-ang-E0015.489.1970                1 1.50000E+02 1.70000E+02
p-Pb208-MT621-Kulleck-C2700008-ang-E0015.491.1970                1 1.50000E+02 1.70000E+02
p-Pb208-MT621-Kulleck-C2700008-ang-E0015.495.1970                1 9.00000E+01 1.50000E+02
p-Pb208-MT621-Kulleck-C2700008-ang-E0015.505.1970                1 9.00000E+01 1.25000E+02
p-Pb208-MT621-Kulleck-C2700008-ang-E0015.506.1970                1 9.00000E+01 1.25000E+02
p-Pb208-MT621-Kulleck-C2700008-ang-E0015.528.1970                1 9.00000E+01 1.70000E+02
p-Pb208-MT621-Kulleck-C2700008-ang-E0015.531.1970                1 1.25000E+02 1.70000E+02
p-Pb208-MT621-Kulleck-C2700008-ang-E0015.541.1970                1 1.25000E+02 1.50000E+02
