#              Filename                                         N    min         max
d-Be009-MT800-Antufyev-F0154004-E0002.300.1984                  11 2.58000E+01 1.55100E+02
d-Be009-MT800-Antufyev-F0154004-E0002.500.1984                   9 2.86000E+01 1.52700E+02
d-Be009-MT800-Antufyev-F0154004-E0002.800.1984                   9 2.86000E+01 1.51500E+02
d-Be009-MT800-Bertrand-F0114002-E0000.300.1968                  15 1.52000E+01 1.60200E+02
d-Be009-MT800-Bertrand-F0114002-E0000.400.1968                  13 2.48000E+01 1.50100E+02
d-Be009-MT800-Bertrand-F0114002-E0000.500.1968                  14 2.99000E+01 1.61600E+02
d-Be009-MT800-Bertrand-F0114002-E0000.600.1968                  14 2.99000E+01 1.61600E+02
d-Be009-MT800-Bertrand-F0114002-E0000.700.1968                  14 2.02000E+01 1.59900E+02
d-Be009-MT800-Bertrand-F0114002-E0000.800.1968                  15 2.02000E+01 1.59600E+02
d-Be009-MT800-Bertrand-F0114002-E0000.900.1968                  15 2.03000E+01 1.60100E+02
d-Be009-MT800-Bertrand-F0114002-E0001.000.1968                  14 1.50000E+01 1.60300E+02
d-Be009-MT800-Biggerstaff-F0095003-E0000.490.1962               36 2.95000E+01 1.68600E+02
d-Be009-MT800-Biggerstaff-F0095005-E0000.750.1962               12 2.91000E+01 1.66600E+02
d-Be009-MT800-Biggerstaff-F0095005-E0001.000.1962               15 2.95000E+01 1.66400E+02
d-Be009-MT800-Biggerstaff-F0095005-E0001.100.1962               16 2.94000E+01 1.65900E+02
d-Be009-MT800-Biggerstaff-F0095005-E0001.400.1962               13 2.92000E+01 1.65500E+02
d-Be009-MT800-Biggerstaff-F0095005-E0001.580.1962               12 1.99000E+01 1.64500E+02
d-Be009-MT800-Biggerstaff-F0095005-E0001.940.1962               13 1.99000E+01 1.66700E+02
d-Be009-MT800-Biggerstaff-F0095005-E0002.000.1962               13 2.84000E+01 1.63700E+02
d-Be009-MT800-Biggerstaff-F0095005-E0002.190.1962                9 2.84000E+01 1.50000E+02
d-Be009-MT800-Biggerstaff-F0095005-E0002.390.1962               10 2.87000E+01 1.48600E+02
d-Be009-MT800-Deineko-F0266002-E0001.436.1980                    1 3.00000E+01 1.40000E+02
d-Be009-MT800-Deineko-F0266002-E0001.440.1980                    1 3.00000E+01 1.40000E+02
d-Be009-MT800-Deineko-F0266002-E0001.543.1980                    1 3.00000E+01 1.40000E+02
d-Be009-MT800-Deineko-F0266002-E0001.546.1980                    1 3.00000E+01 1.40000E+02
d-Be009-MT800-Deineko-F0266002-E0001.648.1980                    2 3.00000E+01 1.40000E+02
d-Be009-MT800-Deineko-F0266002-E0001.696.1980                    1 3.00000E+01 1.40000E+02
d-Be009-MT800-Deineko-F0266002-E0001.699.1980                    1 3.00000E+01 1.40000E+02
d-Be009-MT800-Deineko-F0266002-E0001.746.1980                    1 3.00000E+01 1.40000E+02
d-Be009-MT800-Deineko-F0266002-E0001.749.1980                    1 3.00000E+01 1.40000E+02
d-Be009-MT800-Deineko-F0266002-E0001.791.1980                    1 3.00000E+01 1.40000E+02
d-Be009-MT800-Deineko-F0266002-E0001.800.1980                    1 3.00000E+01 1.40000E+02
d-Be009-MT800-Deineko-F0266002-E0001.838.1980                    1 3.00000E+01 1.40000E+02
d-Be009-MT800-Deineko-F0266002-E0001.849.1980                    1 3.00000E+01 1.40000E+02
d-Be009-MT800-Deineko-F0266002-E0001.892.1980                    1 3.00000E+01 1.40000E+02
d-Be009-MT800-Deineko-F0266002-E0001.894.1980                    1 3.00000E+01 1.40000E+02
d-Be009-MT800-Deineko-F0266002-E0001.938.1980                    1 3.00000E+01 1.40000E+02
d-Be009-MT800-Deineko-F0266002-E0001.944.1980                    1 3.00000E+01 3.00000E+01
d-Be009-MT800-Dolinov-F0094002-E0011.400.1966                   15 9.49999E+00 1.58200E+02
d-Be009-MT800-Dolinov-F0094002-E0012.400.1966                   16 9.49999E+00 1.58300E+02
d-Be009-MT800-Dolinov-F0094003-E0008.040.1966                   45 1.30000E+02 1.30000E+02
d-Be009-MT800-Friedland-F0153007-E0000.596.1974                 58 1.60000E+02 1.60000E+02
d-Be009-MT800-Friedland-F0153008-E0000.600.1974                 11 3.74000E+01 1.59000E+02
d-Be009-MT800-Friedland-F0153008-E0000.800.1974                 12 2.86000E+01 1.60300E+02
d-Be009-MT800-Friedland-F0153008-E0001.000.1974                 12 2.86000E+01 1.59300E+02
d-Be009-MT800-Friedland-F0153008-E0001.200.1974                 12 3.68000E+01 1.60500E+02
d-Be009-MT800-Friedland-F0153008-E0001.400.1974                 11 3.04000E+01 1.61900E+02
d-Be009-MT800-Friedland-F0153008-E0001.600.1974                 13 2.79000E+01 1.58000E+02
d-Be009-MT800-Friedland-F0153008-E0001.800.1974                 15 2.79000E+01 1.59000E+02
d-Be009-MT800-Friedland-F0153008-E0002.000.1974                 13 2.87000E+01 1.60100E+02
d-Be009-MT800-Friedland-F0153008-E0002.200.1974                 13 3.04000E+01 1.62500E+02
d-Be009-MT800-Generalov-F0530003-E0003.000.2001                 16 1.50000E+01 1.60000E+02
d-Be009-MT800-Generalov-F0530003-E0004.000.2001                 14 1.50000E+01 1.60000E+02
d-Be009-MT800-Generalov-F0530003-E0005.000.2001                 13 1.00000E+01 1.60000E+02
d-Be009-MT800-Generalov-F0530003-E0006.000.2001                 15 1.00000E+01 1.60000E+02
d-Be009-MT800-Generalov-F0530003-E0007.000.2001                 15 1.50000E+01 1.60000E+02
d-Be009-MT800-Saganek-F0451002-E0000.900.1971                   17 1.51000E+01 1.65400E+02
d-Be009-MT800-Saganek-F0451002-E0001.000.1971                   18 1.51000E+01 1.64100E+02
d-Be009-MT800-Saganek-F0451002-E0001.100.1971                   17 1.76000E+01 1.62100E+02
d-Be009-MT800-Saganek-F0451002-E0001.200.1971                   18 1.76000E+01 1.64200E+02
d-Be009-MT800-Saganek-F0451002-E0001.300.1971                   17 1.74000E+01 1.65900E+02
d-Be009-MT800-Saganek-F0451002-E0001.400.1971                   19 1.74000E+01 1.67000E+02
d-Be009-MT800-Saganek-F0451002-E0001.500.1971                   17 1.71000E+01 1.65900E+02
d-Be009-MT800-Saganek-F0451002-E0001.600.1971                   19 1.71000E+01 1.62400E+02
d-Be009-MT800-Saganek-F0451002-E0001.700.1971                   17 1.42000E+01 1.64800E+02
d-Be009-MT800-Saganek-F0451002-E0001.800.1971                   19 1.42000E+01 1.62300E+02
d-Be009-MT800-Saganek-F0451002-E0001.900.1971                   19 1.49000E+01 1.63400E+02
d-Be009-MT800-Saganek-F0451002-E0002.000.1971                   19 1.57000E+01 1.64800E+02
d-Be009-MT800-Saganek-F0451002-E0002.100.1971                   18 1.33000E+01 1.63000E+02
d-Be009-MT800-Saganek-F0451002-E0002.160.1971                   18 1.33000E+01 1.61500E+02
d-Be009-MT800-Sledzinska-F0452002-E0002.250.1977                22 1.18000E+01 1.60700E+02
d-Be009-MT800-Sledzinska-F0452002-E0002.400.1977                28 1.18000E+01 1.59500E+02
d-Be009-MT800-Sledzinska-F0452002-E0002.500.1977                26 1.25000E+01 1.61800E+02
d-Be009-MT800-Sledzinska-F0452002-E0002.650.1977                24 1.19000E+01 1.60000E+02
d-Be009-MT800-Sledzinska-F0452002-E0002.800.1977                28 1.19000E+01 1.61400E+02
d-Be009-MT800-Sledzinska-F0452002-E0002.950.1977                22 1.13000E+01 1.58800E+02
d-Be009-MT800-Sledzinska-F0452002-E0003.100.1977                21 1.13000E+01 1.60500E+02
d-Be009-MT800-Szczurek-F0588006-E0007.000.1989                 118 2.98000E+01 1.67300E+02
d-Be009-MT800-Szczurek-F0588007-E0006.497.1989                  11 1.60000E+02 1.60000E+02
d-Be009-MT800-Tanaka-F0170003-E0012.350.1978                    16 1.37000E+01 1.64500E+02
d-Be009-MT800-Tanaka-F0170003-E0014.060.1978                    19 1.37000E+01 1.64900E+02
d-Be009-MT800-Tanaka-F0170005-E0012.160.1978                    40 3.50000E+01 3.50000E+01
d-Be009-MT800-Tsavalas-O2481003-E0001.000.2020                 508 1.20000E+02 1.70000E+02
d-Be009-MT800-Yanabu-F0185004-E0014.100.1964                    45 1.91000E+01 1.66000E+02
