#              Filename                                         N    min         max
n-Sm000-MT001-Akyuez-20173002.1968                              27 6.21000E-08 3.19800E-07
n-Sm000-MT001-Akyuez-20173003.1968                              18 7.81200E-07 9.51000E-07
n-Sm000-MT001-Akyuez-20173010.1968                               2 9.73000E-08 8.72000E-07
n-Sm000-MT001-Conner-11320009.1958                               3 1.31400E+01 1.56000E+01
n-Sm000-MT001-Dilg-20583016.1972                                 1 2.70000E-03 2.70000E-03
n-Sm000-MT001-Egelstaff-21037006.1955                           48 1.44000E-04 2.86000E-01
n-Sm000-MT001-Fosterjr-10047066.1971                           254 2.22300E+00 1.48640E+01
n-Sm000-MT001-Fosterjr-10047066A001.1971                       254 2.22300E+00 1.48640E+01
n-Sm000-MT001-Gayther-21038004.1957                             18 7.97000E-04 2.39000E-02
n-Sm000-MT001-Haugsnes-11733008.1967                             1 1.41000E+01 1.41000E+01
n-Sm000-MT001-Hoehne-21091004.1961                               8 1.95000E-10 2.78000E-09
n-Sm000-MT001-Kellie-20418006.1974                             646 7.00340E-01 9.06480E+00
n-Sm000-MT001-Kim-31679002.2004                               3451 1.72060E-07 7.88229E-05
n-Sm000-MT001-Macklin-13587010.1993                           5182 3.61260E-07 3.26570E-02
n-Sm000-MT001-Mcreynolds-20101002.1954                          40 5.00000E-09 9.55000E-07
n-Sm000-MT001-Ohno-20327002.1965                                67 8.45400E-10 2.80200E-07
n-Sm000-MT001-Okazaki-12061003.1954                             46 7.00000E-02 2.95000E+00
n-Sm000-MT001-Pineo-10542020.1974                               71 2.00600E-02 6.29000E-01
n-Sm000-MT001-Pineo-10542020A001.1974                           71 2.00600E-02 6.29000E-01
n-Sm000-MT001-Sailor-12110002.1954                              58 4.00000E-08 1.00000E-06
n-Sm000-MT001-Sherwood-10007015.1970                           347 3.01500E-01 1.49800E+00
n-Sm000-MT001-Sherwood-10007015A001.1970                       347 3.01500E-01 1.49800E+00
n-Sm000-MT001-Simpson-11983002.1957                            616 1.06900E-05 7.35000E-04
n-Sm000-MT001-Simpson-12072003.1958                            373 5.99000E-07 1.78500E-05
n-Sm000-MT001-Sturm-121360052.1947                               1 9.60000E-08 9.60000E-08
n-Sm000-MT001-Sturm-12136008.1947                               34 4.00000E-08 7.42000E-07
n-Sm000-MT001-Wisshak-22916004.2006                             10 1.25000E-02 1.75000E-01
n-Sm000-MT001-Zimmerman-12145002.1957                          207 1.16000E-06 4.42000E-03
