#              Filename                                         N    min         max     
n-U238-MT454-Rao-13253003-E0014.800.1969                         3 1.48000E+01 1.48000E+01
n-U238-MT454-Prindle-133470032-E0014.800.1972                    1 1.00000E+20 0.00000E+00
n-U238-MT454-Hudson-14045006-E0001.500.1989                      2 1.50000E+00 1.50000E+00
n-U238-MT454-Hudson-14045007-E0014.000.1989                      2 1.40000E+01 1.40000E+01
n-U238-MT454-Granier-14377002-E0003.500.2013                    27 3.50000E+00 3.50000E+00
n-U238-MT454-Granier-14377003-E0008.500.2013                    27 8.50000E+00 8.50000E+00
n-U238-MT454-Granier-14377004-E0015.500.2013                    27 1.55000E+01 1.55000E+01
n-U238-MT454-Granier-14377005-E0035.000.2013                    27 3.50000E+01 3.50000E+01
n-U238-MT454-Granier-14377006-E0225.000.2013                    27 2.25000E+02 2.25000E+02
n-U238-MT454-Duke-14463004-E0002.750.2016                       29 2.75000E+00 2.75000E+00
n-U238-MT454-Duke-14463005-E0015.000.2016                       30 1.50000E+01 1.50000E+01
n-U238-MT454-Casoli-14588002-E0006.000.2003                     25 6.00000E+00 6.00000E+00
n-U238-MT454-Casoli-14588003-E0015.500.2003                     26 1.55000E+01 1.55000E+01
n-U238-MT454-Casoli-14588004-E0035.000.2003                     23 3.50000E+01 3.50000E+01
n-U238-MT454-Casoli-14588005-E0050.000.2003                     28 5.00000E+01 5.00000E+01
n-U238-MT454-Bocquet-217340082-E0014.500.1972                    6 1.45000E+01 1.45000E+01
n-U238-MT454-Bocquet-217340092-E0014.500.1972                    5 1.45000E+01 1.45000E+01
n-U238-MT454-Bocquet-21734029-E0014.500.1972                     2 1.45000E+01 1.45000E+01
n-U238-MT454-Yamamoto-21909005-E0014.500.1979                   77 1.45000E+01 1.45000E+01
n-U238-MT454-Zoeller-22799004-E0002.000.1995                    45 2.00000E+00 2.00000E+00
n-U238-MT454-Zoeller-22799004-E0003.500.1995                    45 3.50000E+00 3.50000E+00
n-U238-MT454-Zoeller-22799004-E0005.500.1995                    46 5.50000E+00 5.50000E+00
n-U238-MT454-Zoeller-22799004-E0007.500.1995                    47 7.50000E+00 7.50000E+00
n-U238-MT454-Zoeller-22799004-E0010.000.1995                    46 1.00000E+01 1.00000E+01
n-U238-MT454-Zoeller-22799004-E0013.000.1995                    48 1.30000E+01 1.30000E+01
n-U238-MT454-Zoeller-22799004-E0016.250.1995                    46 1.62500E+01 1.62500E+01
n-U238-MT454-Zoeller-22799004-E0020.000.1995                    44 2.00000E+01 2.00000E+01
n-U238-MT454-Zoeller-22799004-E0027.500.1995                    45 2.75000E+01 2.75000E+01
n-U238-MT454-Zoeller-22799004-E0039.000.1995                    46 3.90000E+01 3.90000E+01
n-U238-MT454-Zoeller-22799004-E0050.000.1995                    46 5.00000E+01 5.00000E+01
n-U238-MT454-Zoeller-22799004-E0063.000.1995                    22 6.30000E+01 6.30000E+01
n-U238-MT454-Zoeller-22799004-E0080.000.1995                    24 8.00000E+01 8.00000E+01
n-U238-MT454-Zoeller-22799004-E0099.500.1995                    24 9.95000E+01 9.95000E+01
n-U238-MT454-Zoeller-22799004-E0120.000.1995                    24 1.20000E+02 1.20000E+02
n-U238-MT454-Zoeller-22799004-E0137.500.1995                    24 1.37500E+02 1.37500E+02
n-U238-MT454-Zoeller-22799004-E0160.000.1995                    24 1.60000E+02 1.60000E+02
n-U238-MT454-Zoeller-22799004-E0200.000.1995                    24 2.00000E+02 2.00000E+02
n-U238-MT454-Zoeller-22799004-E0250.000.1995                    25 2.50000E+02 2.50000E+02
n-U238-MT454-Zoeller-22799004-E0300.000.1995                    25 3.00000E+02 3.00000E+02
n-U238-MT454-Zoeller-22799004-E0362.500.1995                    26 3.62500E+02 3.62500E+02
n-U238-MT454-Zoeller-22799004-E0450.000.1995                    24 4.50000E+02 4.50000E+02
n-U238-MT454-Wilson-23403002-E0001.720.2017                     40 1.72000E+00 1.72000E+00
n-U238-MT454-Wilson-23403003-E0001.720.2017                     12 1.72000E+00 1.72000E+00
n-U238-MT454-Cuninghame-23567002-E0014.000.1957                 14 1.40000E+01 1.40000E+01
n-U238-MT454-Daroczy-30639007-E0014.400.1976                     2 1.44000E+01 1.44000E+01
n-U238-MT454-Daroczy-30639008-E0014.400.1976                     7 1.44000E+01 1.44000E+01
n-U238-MT454-Daroczy-30639009-E0014.400.1976                     8 1.44000E+01 1.44000E+01
n-U238-MT454-Dobreva-307670041-E0001.000.1984                    1 1.00000E+20 0.00000E+00
n-U238-MT454-LiWenxinn-32634003-E0014.700.1980                   4 1.47000E+01 1.47000E+01
n-U238-MT454-Filatenkov-40966013-E0003.000.1988                 22 3.00000E+00 3.00000E+00
