#              Filename                                         N    min         max
p-C013-MT002-ANZhuu-S0046003-ang-E0022.000.2003                 30 1.50000E+01 1.15000E+02
p-C013-MT002-Alkhazov-O1257004-ang-E1000.000.1985               45 4.90001E+00 2.38000E+01
p-C013-MT002-Blanpied-C0071004-ang-E0800.000.1978              116 1.01000E+01 3.75000E+01
p-C013-MT002-Blanpied-C0687002-ang-E0800.000.1985              119 3.60000E+00 4.25000E+01
p-C013-MT002-Fabrici-O1198009-ang-E0035.200.1980                32 1.50000E+01 1.70000E+02
p-C013-MT002-Gerke-F1090010-ang-E0001.548.1966                  32 9.69998E+00 1.65800E+02
p-C013-MT002-Gerke-F1090010-ang-E0001.917.1966                  31 1.07000E+01 1.65200E+02
p-C013-MT002-Gerke-F1090011-ang-E0002.378.1966                  32 1.16000E+01 1.65900E+02
p-C013-MT002-Gmur-F1153006-ang-E0004.596.1974                    1 1.25400E+02 1.62700E+02
p-C013-MT002-Gmur-F1153006-ang-E0004.597.1974                    1 1.25400E+02 1.62700E+02
p-C013-MT002-Gmur-F1153006-ang-E0004.613.1974                    1 1.25400E+02 1.62700E+02
p-C013-MT002-Greaves-O0473004-ang-E0030.400.1972                26 3.91000E+01 1.65300E+02
p-C013-MT002-Guratzsch-O1242004-ang-E0007.000.1969              29 1.40000E+01 1.66400E+02
p-C013-MT002-Hebbard-F0475003-ang-E0000.253.1960               117 1.20000E+02 1.20000E+02
p-C013-MT002-Hoffmann-C0140005-ang-E0494.000.1990              114 4.59998E+00 3.40000E+01
p-C013-MT002-Kashy-C2098002-ang-E0002.616.1961                 164 1.63800E+02 1.63800E+02
p-C013-MT002-Kashy-C2098003-ang-E0002.611.1961                 144 1.21200E+02 1.21200E+02
p-C013-MT002-Kashy-C2098004-ang-E0002.612.1961                 167 8.56000E+01 8.56000E+01
p-C013-MT002-Kashy-C2098005-ang-E0002.604.1961                 154 3.64000E+01 3.64000E+01
p-C013-MT002-Latorre-F1073002-ang-E0001.003.1966               183 3.66000E+01 3.66000E+01
p-C013-MT002-Latorre-F1073003-ang-E0001.001.1966               198 5.12000E+01 5.12000E+01
p-C013-MT002-Latorre-F1073004-ang-E0001.001.1966               198 8.56000E+01 8.56000E+01
p-C013-MT002-Latorre-F1073005-ang-E0001.002.1966               279 1.21500E+02 1.21500E+02
p-C013-MT002-Latorre-F1073006-ang-E0001.075.1966                16 3.66000E+01 1.21500E+02
p-C013-MT002-Meyer-C0057004-ang-E0200.000.1981                  38 6.20005E+00 1.10600E+02
p-C013-MT002-Milne-C1941002-ang-E0000.495.1954                 111 4.68000E+01 4.68000E+01
p-C013-MT002-Milne-C1941003-ang-E0000.443.1954                 121 8.56000E+01 8.56000E+01
p-C013-MT002-Milne-C1941004-ang-E0000.419.1954                 102 1.16000E+02 1.16000E+02
p-C013-MT002-Milne-C1941005-ang-E0000.451.1954                 116 1.37000E+02 1.37000E+02
p-C013-MT002-Milne-C1941006-ang-E0000.451.1954                 106 1.58400E+02 1.58400E+02
p-C013-MT002-Milne-C1941007-ang-E0001.308.1954                  38 1.21500E+02 1.21500E+02
p-C013-MT002-Milne-C1941008-ang-E0001.305.1954                  49 5.12000E+01 5.12000E+01
p-C013-MT002-Ohnuma-E1695003-ang-E0035.000.1986                 16 1.48000E+01 1.20100E+02
p-C013-MT002-Weller-O0408002-ang-E0010.020.1978                 90 8.50000E+01 8.50000E+01
p-C013-MT002-Weller-O0408003-ang-E0010.040.1978                 93 1.15000E+02 1.15000E+02
p-C013-MT002-Weller-O0408004-ang-E0008.770.1978                 90 1.44900E+02 1.44900E+02
p-C013-MT002-Weller-O0408006-ang-E0010.000.1978                 20 2.68000E+01 1.53700E+02
p-C013-MT002-Weller-O0408006-ang-E0010.350.1978                 20 2.81000E+01 1.53700E+02
p-C013-MT002-Yu-C0579003-ang-E0200.000.1996                      8 1.64800E+02 1.79901E+02
p-C013-MT002-Zipoy-C1942002-ang-E0001.644.1957                  84 4.20000E+01 4.20000E+01
p-C013-MT002-Zipoy-C1942003-ang-E0001.638.1957                  73 5.12000E+01 5.12000E+01
p-C013-MT002-Zipoy-C1942004-ang-E0001.619.1957                  79 6.99000E+01 6.99000E+01
p-C013-MT002-Zipoy-C1942005-ang-E0001.611.1957                  87 8.56000E+01 8.56000E+01
p-C013-MT002-Zipoy-C1942006-ang-E0001.611.1957                  84 1.02100E+02 1.02100E+02
p-C013-MT002-Zipoy-C1942007-ang-E0001.631.1957                  96 1.24100E+02 1.24100E+02
p-C013-MT002-Zipoy-C1942008-ang-E0001.632.1957                  80 1.46400E+02 1.46400E+02
