#              Filename                                         N    min         max
n-Cr050-MT151-Beer-203740031.1975                               15 2.84300E-02 2.89800E-01
n-Cr050-MT151-Beer-203740032.1975                               15 2.84300E-02 2.89800E-01
n-Cr050-MT151-Beer-203740033.1975                                5 2.84300E-02 1.29000E-01
n-Cr050-MT151-Beer-203740041.1975                               14 1.86000E-02 7.02000E-02
n-Cr050-MT151-Beer-20374035.1975                                 1 0.00000E+00 0.00000E+00
n-Cr050-MT151-Beer-20374040.1975                                 1 3.30000E-02 3.30000E-02
n-Cr050-MT151-Bilpuch-115990091.1961                             5 6.60000E-03 9.50000E-02
n-Cr050-MT151-Bilpuch-115990092.1961                             5 6.60000E-03 9.50000E-02
n-Cr050-MT151-Bilpuch-115990093.1961                             5 6.60000E-03 9.50000E-02
n-Cr050-MT151-Brusegan-220410021.1986                           63 5.62100E-03 2.91860E-01
n-Cr050-MT151-Brusegan-220410022.1986                           63 5.62100E-03 2.91860E-01
n-Cr050-MT151-Brusegan-220410031.1986                           59 5.62100E-03 2.91900E-01
n-Cr050-MT151-Brusegan-220410032.1986                           59 5.62100E-03 2.91900E-01
n-Cr050-MT151-Brusegan-220410041.1986                          145 5.46200E-03 2.97540E-01
n-Cr050-MT151-Brusegan-220410111.1986                            1 8.00000E-01 8.00000E-01
n-Cr050-MT151-Brusegan-220410112.1986                            1 8.00000E-01 8.00000E-01
n-Cr050-MT151-Brusegan-220410113.1986                            1 8.00000E-01 8.00000E-01
n-Cr050-MT151-Cote-116410111.1958                                1 5.50000E-03 5.50000E-03
n-Cr050-MT151-Cote-116410113.1958                                1 5.50000E-03 5.50000E-03
n-Cr050-MT151-Cote-116410114.1958                                1 5.50000E-03 5.50000E-03
n-Cr050-MT151-Farrell-116010181.1966                            34 9.55000E-02 5.90700E-01
n-Cr050-MT151-Farrell-116010182.1966                            34 9.55000E-02 5.90700E-01
n-Cr050-MT151-Farrell-116010183.1966                            34 9.55000E-02 5.90700E-01
n-Cr050-MT151-Farrell-116010261.1966                            16 1.13000E-01 5.36000E-01
n-Cr050-MT151-Farrell-116010262.1966                             5 3.13500E-01 4.72000E-01
n-Cr050-MT151-Kapchigashev-406840031.1964                        1 5.50000E-03 5.50000E-03
n-Cr050-MT151-Stieglitz-100740021.1971                          18 5.64000E-03 3.56600E-01
n-Cr050-MT151-Stieglitz-100740021A001.1971                      18 5.64000E-03 3.56600E-01
n-Cr050-MT151-Stieglitz-100740022.1971                          18 5.64000E-03 3.56600E-01
n-Cr050-MT151-Stieglitz-100740022A001.1971                      18 5.64000E-03 3.56600E-01
n-Cr050-MT151-Stieglitz-100740023.1971                           4 5.64000E-03 5.53000E-02
n-Cr050-MT151-Stieglitz-100740023A001.1971                       4 5.64000E-03 5.53000E-02
n-Cr050-MT151-Stieglitz-100740041.1971                          21 5.49000E-03 9.07000E-02
n-Cr050-MT151-Stieglitz-100740041A001.1971                      21 5.49000E-03 9.07000E-02
n-Cr050-MT151-Stieglitz-10074030.1971                            1 1.78000E-01 1.78000E-01
n-Cr050-MT151-Stieglitz-10074030A001.1971                        1 1.78000E-01 1.78000E-01
n-Cr050-MT151-Stieglitz-10074036.1971                            1 2.95000E-02 2.95000E-02
n-Cr050-MT151-Stieglitz-10074036A001.1971                        1 2.95000E-02 2.95000E-02
