#              Filename                                         N    min         max
n-Cr054-MT151-Agrawal-128300041.1984                            15 2.30500E-02 8.09600E-01
n-Cr054-MT151-Agrawal-128300042.1984                            15 2.30500E-02 8.09600E-01
n-Cr054-MT151-Agrawal-128300051.1984                            95 1.02900E-02 8.90100E-01
n-Cr054-MT151-Agrawal-128300052.1984                            95 1.02900E-02 8.90100E-01
n-Cr054-MT151-Agrawal-128300072.1984                             2 6.00000E-01 9.00000E-01
n-Cr054-MT151-Bilpuch-115990111.1961                             3 2.35000E-02 1.19000E-01
n-Cr054-MT151-Bilpuch-115990112.1961                             3 2.35000E-02 1.19000E-01
n-Cr054-MT151-Bilpuch-115990113.1961                             3 2.35000E-02 1.19000E-01
n-Cr054-MT151-Carlton-141140021.2006                            55 2.29870E-02 1.98900E+00
n-Cr054-MT151-Carlton-141140022.2006                            55 2.29870E-02 1.98900E+00
n-Cr054-MT151-Carlton-141140031.2006                           332 2.29874E-02 2.00202E+00
n-Cr054-MT151-Carlton-141140032.2006                           332 2.29874E-02 2.00202E+00
n-Cr054-MT151-Carlton-141140033.2006                           332 2.29874E-02 2.00202E+00
n-Cr054-MT151-Carlton-141140034.2006                           332 2.29874E-02 2.00202E+00
n-Cr054-MT151-Farrell-116010191.1966                            13 1.16400E-01 3.93500E-01
n-Cr054-MT151-Farrell-116010192.1966                            13 1.16400E-01 3.93500E-01
n-Cr054-MT151-Farrell-116010193.1966                            13 1.16400E-01 3.93500E-01
n-Cr054-MT151-Farrell-116010271.1966                            11 1.69800E-01 3.87500E-01
n-Cr054-MT151-Farrell-116010272.1966                             1 2.47500E-01 2.47500E-01
n-Cr054-MT151-Stieglitz-100740171.1971                           6 2.31000E-02 3.55100E-01
n-Cr054-MT151-Stieglitz-100740171A001.1971                       6 2.31000E-02 3.55100E-01
n-Cr054-MT151-Stieglitz-100740172.1971                           6 2.31000E-02 3.55100E-01
n-Cr054-MT151-Stieglitz-100740172A001.1971                       6 2.31000E-02 3.55100E-01
n-Cr054-MT151-Stieglitz-100740173.1971                           1 2.31000E-02 2.31000E-02
n-Cr054-MT151-Stieglitz-100740173A001.1971                       1 2.31000E-02 2.31000E-02
n-Cr054-MT151-Stieglitz-100740191.1971                           8 1.03000E-02 9.01000E-02
n-Cr054-MT151-Stieglitz-100740191A001.1971                       8 1.03000E-02 9.01000E-02
n-Cr054-MT151-Stieglitz-10074033.1971                            1 1.77500E-01 1.77500E-01
n-Cr054-MT151-Stieglitz-10074033A001.1971                        1 1.77500E-01 1.77500E-01
n-Cr054-MT151-Stieglitz-10074039.1971                            1 3.40000E-02 3.40000E-02
n-Cr054-MT151-Stieglitz-10074039A001.1971                        1 3.40000E-02 3.40000E-02
