#              Filename                                         N    min         max
n-Li007-MT002-Batchelor-21147027-ang-E0001.500.1963             21 0.00000E+00 1.80000E+02
n-Li007-MT002-Batchelor-21147027-ang-E0003.350.1963             21 0.00000E+00 1.80000E+02
n-Li007-MT002-Batchelor-21147027-ang-E0004.000.1963             21 0.00000E+00 1.80000E+02
n-Li007-MT002-Batchelor-21147033-ang-E0001.500.1963             51 3.00000E+01 1.25000E+02
n-Li007-MT002-Danahy-12700002-ang-E0014.500.1980                11 2.00000E+01 1.00000E+02
n-Li007-MT002-Dave-14189008-ang-E0009.000.1983                  28 2.59000E+01 1.60400E+02
n-Li007-MT002-Dave-14189009-ang-E0010.000.1983                  28 2.50000E+01 1.59300E+02
n-Li007-MT002-Dave-14189010-ang-E0011.000.1983                  25 2.49000E+01 1.60100E+02
n-Li007-MT002-Dave-14189011-ang-E0012.000.1983                  27 2.48000E+01 1.60300E+02
n-Li007-MT002-Dave-14189012-ang-E0013.000.1983                  28 2.44000E+01 1.58900E+02
n-Li007-MT002-Dave-14189013-ang-E0014.000.1983                  26 2.50000E+01 1.50000E+02
n-Li007-MT002-Drosg-12928066-ang-E0014.100.1988                 10 3.00000E+01 1.43000E+02
n-Li007-MT002-Hansen-13161005-ang-E0024.000.1988                13 5.49000E+01 1.40000E+02
n-Li007-MT002-Hopkins-11153018-ang-E0003.350.1968               12 4.00000E+01 1.35000E+02
n-Li007-MT002-Knox-10710004-ang-E0004.080.1979                 125 2.00000E+01 1.60000E+02
n-Li007-MT002-Knox-10914003-ang-E0002.300.1979                  45 2.00000E+01 1.60000E+02
n-Li007-MT002-Lane-11170008-ang-E0000.260.1964                  30 2.02000E+01 2.02000E+01
n-Li007-MT002-Merchez-21177006-ang-E0014.100.1966               20 1.50000E+01 1.55000E+02
n-Li007-MT002-Takahashi-22773010-ang-E0014.100.1992             10 1.50000E+01 1.60000E+02
n-Li007-MT002-Thomas-11091003-ang-E0000.210.1956                 4 2.79000E+01 1.19700E+02
n-Li007-MT002-Thomas-11091003-ang-E0000.210A001.1956             4 2.79000E+01 1.19700E+02
n-Li007-MT002-Thomas-11091003-ang-E0000.229.1956                 8 2.89000E+01 1.35500E+02
n-Li007-MT002-Thomas-11091003-ang-E0000.229A001.1956             8 2.89000E+01 1.35500E+02
n-Li007-MT002-Thomas-11091003-ang-E0000.259.1956                 8 2.89000E+01 1.37600E+02
n-Li007-MT002-Willard-11092007-ang-E0000.200.1956                3 2.89000E+01 1.18200E+02
n-Li007-MT002-Willard-11092007-ang-E0000.200A001.1956            3 2.89000E+01 1.18200E+02
n-Li007-MT002-Willard-11092007-ang-E0000.256.1956               10 2.89000E+01 1.35500E+02
n-Li007-MT002-Willard-11092007-ang-E0000.256A001.1956           10 2.89000E+01 1.35500E+02
n-Li007-MT002-Willard-11092007-ang-E0000.600.1956                8 2.98000E+01 1.34500E+02
n-Li007-MT002-Willard-11092007-ang-E0000.600A001.1956            8 2.98000E+01 1.34500E+02
