#              Filename                                         N    min         max
n-Ne020-MT151-Almeida-218080181.1983                             2 1.47400E-01 4.72600E-01
n-Ne020-MT151-Almeida-218080182.1983                             2 1.47400E-01 4.72600E-01
n-Ne020-MT151-Almeida-218080183.1983                             2 1.47400E-01 4.72600E-01
n-Ne020-MT151-Almeida-218080184.1983                             1 1.47400E-01 1.47400E-01
n-Ne020-MT151-Almeida-218080185.1983                             2 1.47400E-01 4.72600E-01
n-Ne020-MT151-Bell-114510051.1959                               16 2.89000E+00 6.93000E+00
n-Ne020-MT151-Bell-114510052.1959                               15 2.89000E+00 6.93000E+00
n-Ne020-MT151-Davis-10021004.1969                                1 3.18400E+00 3.18400E+00
n-Ne020-MT151-Davis-10021004A001.1969                            1 3.18400E+00 3.18400E+00
n-Ne020-MT151-Davis-10021005.1969                                2 6.28900E+00 6.55200E+00
n-Ne020-MT151-Davis-10021005A001.1969                            2 6.28900E+00 6.55200E+00
n-Ne020-MT151-Davis-10021006.1969                                2 6.28600E+00 6.55400E+00
n-Ne020-MT151-Davis-10021006A001.1969                            2 6.28600E+00 6.55400E+00
n-Ne020-MT151-Engelke-11118005.1963                              1 3.20000E+00 3.20000E+00
n-Ne020-MT151-Engelke-11118005A001.1963                          1 3.20000E+00 3.20000E+00
n-Ne020-MT151-Hinterberger-219210021.1984                        5 2.09860E+00 4.15230E+00
n-Ne020-MT151-Hinterberger-219210022.1984                        5 2.20448E+00 4.36179E+00
n-Ne020-MT151-Hinterberger-219210023.1984                        5 2.20448E+00 4.36179E+00
n-Ne020-MT151-Sikkema-202610041.1958                             2 1.94000E+00 2.00000E+00
n-Ne020-MT151-Sikkema-202610042.1958                             2 1.94000E+00 2.00000E+00
n-Ne020-MT151-Sikkema-202610043.1958                             2 1.94000E+00 2.00000E+00
n-Ne020-MT151-Sikkema-202610044.1958                             2 1.94000E+00 2.00000E+00
n-Ne020-MT151-Sikkema-202610045.1958                             2 1.94000E+00 2.00000E+00
n-Ne020-MT151-Vaughn-111060041.1960                              1 4.73000E-01 4.73000E-01
n-Ne020-MT151-Vaughn-111060041A001.1960                          1 4.73000E-01 4.73000E-01
n-Ne020-MT151-Vaughn-111060042.1960                              1 4.73000E-01 4.73000E-01
n-Ne020-MT151-Vaughn-111060042A001.1960                          1 4.73000E-01 4.73000E-01
n-Ne020-MT151-Vaughn-111060043.1960                              1 4.73000E-01 4.73000E-01
n-Ne020-MT151-Vaughn-111060043A001.1960                          1 4.73000E-01 4.73000E-01
n-Ne020-MT151-Winters-131390021.1988                             1 1.47400E-01 1.47400E-01
n-Ne020-MT151-Winters-131390023.1988                             1 1.47400E-01 1.47400E-01
n-Ne020-MT151-Winters-131390024.1988                             1 1.47400E-01 1.47400E-01
