#              Filename                                         N    min         max
a-B011-MT002-Abele-D0146002-ang-E0048.700.1987                 103 1.11000E+01 1.67200E+02
a-B011-MT002-Abele-D0146002-ang-E0054.100.1987                  76 1.11000E+01 1.54200E+02
a-B011-MT002-Burtebaev-F0772002-ang-E0040.000.2005              55 9.69998E+00 1.65000E+02
a-B011-MT002-Burtebaev-F0772002-ang-E0050.500.2005              69 1.00000E+01 1.70000E+02
a-B011-MT002-Burtebayev-D0906002-ang-E0029.000.2017             18 2.20000E+01 5.90000E+01
a-B011-MT002-Danilov-O2353002-ang-E0065.000.2015                49 7.49999E+00 5.86000E+01
a-B011-MT002-Denisov-F1138003-ang-E0024.000.1976                46 3.03000E+01 1.70300E+02
a-B011-MT002-Moncoffre-F1195002-ang-E0003.850.1990              83 1.72000E+02 1.72000E+02
a-B011-MT002-Ott-C0754002-ang-E0004.000.1972                   189 1.10000E+02 1.10000E+02
a-B011-MT002-Ott-C0754003-ang-E0004.000.1972                   191 1.35100E+02 1.35100E+02
a-B011-MT002-Ott-C0754004-ang-E0003.950.1972                    45 3.73000E+01 3.73000E+01
a-B011-MT002-Ott-C0754005-ang-E0003.960.1972                    49 1.22100E+02 1.22100E+02
a-B011-MT002-Ott-C0754006-ang-E0004.000.1972                    29 1.98000E+01 1.61200E+02
a-B011-MT002-Ott-C0754007-ang-E0004.260.1972                    24 3.98000E+01 1.59900E+02
a-B011-MT002-Ott-C0754008-ang-E0004.440.1972                    24 4.54000E+01 1.61000E+02
a-B011-MT002-Ott-C0754009-ang-E0004.620.1972                    26 3.08000E+01 1.56100E+02
a-B011-MT002-Ramirez-T0090002-ang-E0002.100.1972                 1 7.04000E+01 9.05000E+01
a-B011-MT002-Ramirez-T0090002-ang-E0002.120.1972                 2 7.04000E+01 1.50800E+02
a-B011-MT002-Ramirez-T0090002-ang-E0002.130.1972                 1 7.04000E+01 9.05000E+01
a-B011-MT002-Ramirez-T0090002-ang-E0002.140.1972                 2 7.04000E+01 1.50800E+02
a-B011-MT002-Ramirez-T0090002-ang-E0002.150.1972                 2 7.04000E+01 1.50800E+02
a-B011-MT002-Wetteland-C21030082-ang-E0005.625.1998              1 1.67000E+02 1.67000E+02
