#              Filename                                         N    min         max
n-Si028-MT151-Allen-30288016.1975                                3 2.51250E-01 2.51250E-01
n-Si028-MT151-Allen-306630051.1980                               1 5.59000E-02 5.59000E-02
n-Si028-MT151-Allen-306630052.1980                               1 6.77000E-02 6.77000E-02
n-Si028-MT151-Boldeman-303300021.1975                           25 3.17400E-02 1.40000E+00
n-Si028-MT151-Boldeman-303300022.1975                            6 3.17400E-02 6.01000E-01
n-Si028-MT151-Boldeman-303300023.1975                           24 5.59000E-02 1.40000E+00
n-Si028-MT151-Boldeman-303300025.1975                           26 3.17400E-02 1.40000E+00
n-Si028-MT151-Boldeman-303300026.1975                           26 3.17400E-02 1.40000E+00
n-Si028-MT151-Boldeman-303300031.1975                            2 7.51500E-01 7.51500E-01
n-Si028-MT151-Boldeman-303300032.1975                            2 7.51500E-01 7.51500E-01
n-Si028-MT151-Fields-114730051.1951                              1 1.95000E-01 1.95000E-01
n-Si028-MT151-Fields-114730052.1951                              1 1.95000E-01 1.95000E-01
n-Si028-MT151-Joly-21547003.1980                                 2 5.65000E-01 8.13000E-01
n-Si028-MT151-Kenny-303750032.1976                               2 5.59000E-02 6.77100E-02
n-Si028-MT151-Lane-104150201.1961                                2 5.37000E-01 5.70000E-01
n-Si028-MT151-Lane-104150201A001.1961                            2 5.37000E-01 5.70000E-01
n-Si028-MT151-Lane-104150202.1961                                2 5.37000E-01 5.70000E-01
n-Si028-MT151-Lane-104150202A001.1961                            2 5.37000E-01 5.70000E-01
n-Si028-MT151-Lane-115740051.1962                                3 1.95000E-01 5.71000E-01
n-Si028-MT151-Lane-115740052.1962                                3 1.95000E-01 5.71000E-01
n-Si028-MT151-Lane-115740053.1962                                3 1.95000E-01 5.71000E-01
n-Si028-MT151-Lane-115740054.1962                                3 1.95000E-01 5.71000E-01
n-Si028-MT151-Marion-115670031.1956                              4 5.62000E+00 7.45000E+00
n-Si028-MT151-Newson-106510021.1977                             26 5.50000E-02 1.85160E+00
n-Si028-MT151-Newson-106510021A001.1977                         26 5.50000E-02 1.85160E+00
n-Si028-MT151-Newson-106510022.1977                             26 5.50000E-02 1.85160E+00
n-Si028-MT151-Newson-106510022A001.1977                         26 5.50000E-02 1.85160E+00
n-Si028-MT151-Newson-106510023.1977                             26 5.50000E-02 1.85160E+00
n-Si028-MT151-Newson-106510023A001.1977                         26 5.50000E-02 1.85160E+00
n-Si028-MT151-Newson-106510025.1977                             26 5.50000E-02 1.85160E+00
n-Si028-MT151-Newson-106510025A001.1977                         26 5.50000E-02 1.85160E+00
n-Si028-MT151-Newson-114520081.1959                              2 5.50000E-02 1.88000E-01
n-Si028-MT151-Newson-114520082.1959                              2 5.50000E-02 1.88000E-01
n-Si028-MT151-Nystrom-20248008.1971                              2 3.80000E-02 6.80000E-02
n-Si028-MT151-Schouky-20955003.1977                             47 5.32100E-01 2.97100E+00
n-Si028-MT151-Thomson-105960021.1976                             4 2.90000E-02 1.73000E-01
n-Si028-MT151-Thomson-105960021A001.1976                         4 2.90000E-02 1.73000E-01
n-Si028-MT151-Thomson-105960022.1976                             1 1.73000E-01 1.73000E-01
n-Si028-MT151-Thomson-105960022A001.1976                         1 1.73000E-01 1.73000E-01
n-Si028-MT151-Thomson-105960023.1976                             4 2.90000E-02 1.73000E-01
n-Si028-MT151-Thomson-105960023A001.1976                         4 2.90000E-02 1.73000E-01
n-Si028-MT151-Weigmann-220270031.1987                           75 3.17400E-02 4.63800E+00
n-Si028-MT151-Weigmann-220270032.1987                           58 3.17400E-02 4.63800E+00
n-Si028-MT151-Weigmann-220270033.1987                           70 3.17400E-02 2.73070E+00
n-Si028-MT151-Weigmann-220270034.1987                           63 5.50000E-02 2.73070E+00
n-Si028-MT151-Weigmann-22027004.1987                             2 2.75000E+00 2.75000E+00
n-Si028-MT151-Weigmann-22027005.1987                             5 2.75000E+00 2.75000E+00
n-Si028-MT151-Weigmann-22072002.1987                            61 3.54100E-01 2.73070E+00
n-Si028-MT151-Weigmann-220720071.1987                           11 1.88000E-01 2.53400E+00
n-Si028-MT151-Weigmann-220720072.1987                           11 1.88000E-01 2.53400E+00
n-Si028-MT151-Weigmann-22072008.1987                             2 2.75000E+00 2.75000E+00
n-Si028-MT151-Weigmann-22072009.1987                             5 2.75000E+00 2.75000E+00
