#              Filename                                         N    min         max
n-Fe000-MT002-Bostrom-11341006.1959                              3 3.67000E+00 4.70000E+00
n-Fe000-MT002-Brandenberger-10578007.1975                        1 1.46000E+00 1.46000E+00
n-Fe000-MT002-Brandenberger-10578007A001.1975                    1 1.46000E+00 1.46000E+00
n-Fe000-MT002-Coon-11322008.1958                                 1 1.45000E+01 1.45000E+01
n-Fe000-MT002-Cox-10332074.1972                                  1 9.02100E-01 9.02100E-01
n-Fe000-MT002-Cox-10332074A001.1972                              1 9.02100E-01 9.02100E-01
n-Fe000-MT002-Cranberg-11396010.1956                             2 2.25000E+00 2.45000E+00
n-Fe000-MT002-Dilg-20602010.1974                                 1 2.53000E-08 2.53000E-08
n-Fe000-MT002-Gilboy-21097004.1965                               4 9.80000E-01 3.99000E+00
n-Fe000-MT002-Hibdon-13041013.1950                               2 1.20000E-04 3.45000E-04
n-Fe000-MT002-Holmqvist-20019098.1969                            5 2.96000E+00 8.05000E+00
n-Fe000-MT002-Holmqvist-20020011.1970                            5 1.77000E+00 2.76000E+00
n-Fe000-MT002-Holmqvist-20162002.1971                            1 5.96000E+00 5.96000E+00
n-Fe000-MT002-Hurst-11013004.1951                                1 7.24000E-08 7.24000E-08
n-Fe000-MT002-Hurst-11013004A001.1951                            1 7.24000E-08 7.24000E-08
n-Fe000-MT002-Hyakutake-20690002.1975                            1 1.41000E+01 1.41000E+01
n-Fe000-MT002-Kazakova-40706022.1965                             1 2.00000E+00 2.00000E+00
n-Fe000-MT002-Kinney-10111146.1970                              10 4.60000E+00 8.56000E+00
n-Fe000-MT002-Kinney-10111146A001.1970                          10 4.60000E+00 8.56000E+00
n-Fe000-MT002-Kinney-10571003.1976                            2001 5.00000E-01 2.50000E+00
n-Fe000-MT002-Kinney-10571003A001.1976                        2001 5.00000E-01 2.50000E+00
n-Fe000-MT002-Korzh-40042004.1968                                1 1.50000E+00 1.50000E+00
n-Fe000-MT002-Korzh-40179005.1972                                1 1.50000E+00 1.50000E+00
n-Fe000-MT002-Korzh-40763022.1963                                1 3.00000E-01 3.00000E-01
n-Fe000-MT002-Landon-11717004.1958                               1 2.20000E+00 2.20000E+00
n-Fe000-MT002-Lovchikova-40787008.1960                           1 2.20000E-01 2.20000E-01
n-Fe000-MT002-Machwe-11572008.1959                               1 3.66000E+00 3.66000E+00
n-Fe000-MT002-Malmskog-20197005.1972                            33 6.50000E-01 1.45000E+00
n-Fe000-MT002-Mitchell-14700008.1936                             1 2.53000E-08 2.53000E-08
n-Fe000-MT002-Olsson-22048015.1987                               1 2.16000E+01 2.16000E+01
n-Fe000-MT002-Pasechnik-40683020.1964                            2 5.00000E-01 8.00000E-01
n-Fe000-MT002-Pirovano-23365006.2019                           119 1.99480E+00 5.97530E+00
n-Fe000-MT002-Pirovano-23365007.2019                           187 1.99780E+00 5.98345E+00
n-Fe000-MT002-Popov-40367006.1957                                1 2.90000E+00 2.90000E+00
n-Fe000-MT002-Rayburn-11026016.1965                              1 1.44000E-06 1.44000E-06
n-Fe000-MT002-Rayburn-11026016A001.1965                          1 1.44000E-06 1.44000E-06
n-Fe000-MT002-Schmidt-22403006.1994                             12 9.41000E+00 1.52000E+01
n-Fe000-MT002-Smith-12144002.1966                               95 3.18000E-01 1.46000E+00
n-Fe000-MT002-Takahashi-22766029.1992                            1 1.41000E+01 1.41000E+01
n-Fe000-MT002-Walt-11215018.1955                                 1 4.10000E+00 4.10000E+00
n-Fe000-MT002-Walt-11215018A001.1955                             1 4.10000E+00 4.10000E+00
n-Fe000-MT002-Walt-11637005.1954                                 1 1.00000E+00 1.00000E+00
n-Fe000-MT002-Wilenzick-11287008.1965                            1 6.04000E+00 6.04000E+00
n-Fe000-MT002-ZoInOkkk-40937003.1985                            21 3.60000E-03 4.42000E-01
n-Fe000-MT002-Zuhr-10441004.1975                                63 2.00000E-02 6.40000E-01
n-Fe000-MT002-Zuhr-10441004A001.1975                            63 2.00000E-02 6.40000E-01
