#              Filename                                         N    min         max
n-Ni000-MT004-Bakov-40131008-E0001.000.1970                      3 9.00000E+01 9.00000E+01
n-Ni000-MT004-Day-11218024-E0002.560.1956                        4 9.50000E+01 9.50000E+01
n-Ni000-MT004-Habbani-20667012-E0003.290.1976                    2 9.00000E+01 9.00000E+01
n-Ni000-MT004-Hino-21681007-E0005.300.1979                      84 1.25000E+02 1.25000E+02
n-Ni000-MT004-Nellis-13001004-E0004.100.1962                    20 9.00000E+01 9.00000E+01
n-Ni000-MT004-Perkin-20941009-E0003.500.1964                    45 9.00000E+01 9.00000E+01
n-Ni000-MT004-ShiXiaminn-30656011-E0014.200.1982                 1 5.50000E+01 5.50000E+01
n-Ni000-MT004-Tucker-12699002-E0004.000.1971                    21 5.50000E+01 5.50000E+01
n-Ni000-MT004-Tucker-12699003-E0004.100.1971                     1 5.50000E+01 9.00000E+01
n-Ni000-MT004-Tucker-12699003-E0004.100A001.1971                 1 5.50000E+01 9.00000E+01
n-Ni000-MT004-Tucker-12699003-E0004.100A002.1971                 1 5.50000E+01 9.00000E+01
n-Ni000-MT004-Tucker-12699003-E0004.100A003.1971                 1 5.50000E+01 9.00000E+01
n-Ni000-MT004-Tucker-12699003-E0004.100A004.1971                 1 5.50000E+01 9.00000E+01
n-Ni000-MT004-Tucker-12699003-E0004.100A005.1971                 1 5.50000E+01 9.00000E+01
n-Ni000-MT004-Tucker-12699003-E0004.100A006.1971                 1 5.50000E+01 9.00000E+01
n-Ni000-MT004-Tucker-12699003-E0014.800.1971                     1 5.50000E+01 9.00000E+01
n-Ni000-MT004-Tucker-12699003-E0014.800A001.1971                 1 5.50000E+01 9.00000E+01
n-Ni000-MT004-Tucker-12699003-E0014.800A002.1971                 1 5.50000E+01 9.00000E+01
n-Ni000-MT004-Tucker-12699003-E0014.800A003.1971                 1 5.50000E+01 9.00000E+01
n-Ni000-MT004-Tucker-12699003-E0014.800A004.1971                 1 5.50000E+01 9.00000E+01
n-Ni000-MT004-Tucker-12699003-E0014.800A005.1971                 1 5.50000E+01 9.00000E+01
n-Ni000-MT004-Tucker-12699003-E0014.800A006.1971                 1 5.50000E+01 9.00000E+01
n-Ni000-MT004-Tucker-12699003-E0014.800A007.1971                 1 5.50000E+01 5.50000E+01
n-Ni000-MT004-Yamamoto-21304022-E0014.800.1978                   4 1.25000E+02 1.25000E+02
