#              Filename                                         N    min         max     
p-Ni000-rp027057-Michel-A01000115.1985                          25 4.78700E+01 1.98900E+02
p-Ni000-rp027057-Michel-A01450097.1980                           6 7.75000E+00 1.62600E+01
p-Ni000-rp027057-Aleksandrov-A03510032.1987                     10 1.10000E+01 9.80000E+01
p-Ni000-rp027057-Aleksandrov-A0502046.1990                       1 6.60000E+02 6.60000E+02
p-Ni000-rp027057-Titarenko-A0906034.2011                        11 4.30000E+01 2.60500E+03
p-Ni000-rp027057-Michel-B0083007.1978                           19 1.19000E+01 4.47200E+01
p-Ni000-rp027057-Uddin-D0802008.2016                            17 6.50000E+00 1.59000E+01
p-Ni000-rp027057-Tarkanyi-D4002003.1991                         40 9.90000E+00 2.96000E+01
p-Ni000-rp027057-Jung-D40580442.1991                             1 1.57000E+01 1.57000E+01
p-Ni000-rp027057-Michel-O00780252.1989                           1 6.00000E+02 6.00000E+02
p-Ni000-rp027057-Weigel-O0088023.1975                            1 6.00000E+02 6.00000E+02
p-Ni000-rp027057-Michel-O0276111.1997                           35 1.22000E+01 1.48000E+02
p-Ni000-rp027057-Michel-O0277172.1995                            4 8.00000E+02 2.60000E+03
p-Ni000-rp027057-Schiekel-O0284101.1996                         20 2.11000E+02 3.85000E+02
p-Ni000-rp027057-Neumann-O1882066.1999                           3 9.57000E+02 2.60000E+03
p-Ni000-rp027057-Kozma-A0477053.1990                             1 3.65000E+03 3.65000E+03
p-Ni000-rp027057-Sisterson-C1447014.2006                         6 1.40000E+02 5.00000E+02
p-Ni000-rp027057-Amjed-D4301008.2014                            92 6.50000E+00 6.36000E+01
p-Ni000-rp027057-Hermanne-D4324019.2015                         20 8.20000E+00 3.35000E+01
p-Ni000-rp027057-Khandaker-D7002004.2011                        25 7.40000E+00 3.96000E+01
p-Ni000-rp027057-Michel-O0276110.1997                           42 1.83000E+01 1.48000E+02
p-Ni000-rp027057-Michel-O0277173.1995                            4 8.00000E+02 2.60000E+03
p-Ni000-rp027057-Schiekel-O0284100.1996                         20 2.11000E+02 3.85000E+02
p-Ni000-rp027057-Alsaleh-O1503006.2007                          40 8.50000E+00 2.74000E+01
p-Ni000-rp027057-Neumann-O1882065.1999                           3 9.57000E+02 2.60000E+03
p-Ni000-rp027057-Garrido-O2315012.2016                          13 1.03900E+01 6.98100E+01
