#              Filename                                         N    min         max     
n-U233-MT459-James-10433002-E0014.800.1975                       8 1.48000E+01 1.48000E+01
n-U233-MT459-Shima-10864007-E2.53E-08.1978                       8 2.53000E-08 2.53000E-08
n-U233-MT459-Wehring-10918004-E2.53E-08.1980                    32 2.53000E-08 2.53000E-08
n-U233-MT459-James-10433002-E0014.800A001.1975                   8 1.48000E+01 1.48000E+01
n-U233-MT459-Shima-10864007-E2.53E-08A001.1978                   8 2.53000E-08 2.53000E-08
n-U233-MT459-Wehring-10918004-E2.53E-08A001.1980                32 2.53000E-08 2.53000E-08
n-U233-MT459-Bidinosti-12010007-E2.53E-08.1959                   6 2.53000E-08 2.53000E-08
n-U233-MT459-Grummitt-13054002-E2.53E-08.1951                   14 2.53000E-08 2.53000E-08
n-U233-MT459-Ondrejcin-13062002-E2.53E-08.1966                   1 1.00000E+20 0.00000E+00
n-U233-MT459-Okazaki-13076002-E2.53E-08.1965                     2 2.53000E-08 2.53000E-08
n-U233-MT459-Bidinosti-13208002-E2.53E-08.1961                   8 2.53000E-08 2.53000E-08
n-U233-MT459-Bidinosti-13208003-E2.53E-08.1961                  14 2.53000E-08 2.53000E-08
n-U233-MT459-Bidinosti-13208004-E2.53E-08.1961                  19 2.53000E-08 2.53000E-08
n-U233-MT459-Bunney-13213002-E2.53E-08.1965                     12 2.53000E-08 2.53000E-08
n-U233-MT459-Grayjr-13218002-E2.53E-08.1962                      1 1.00000E+20 0.00000E+00
n-U233-MT459-Borden-13243002-E0014.800.1969                     21 1.48000E+01 1.48000E+01
n-U233-MT459-Rider-13258002-E2.53E-08.1967                       2 2.53000E-08 2.53000E-08
n-U233-MT459-Lisman-132700021-E2.53E-08.1970                    41 2.53000E-08 2.53000E-08
n-U233-MT459-Lisman-132700022-E2.53E-08.1970                    40 2.53000E-08 2.53000E-08
n-U233-MT459-Tracy-13277002-E2.53E-08.1970                       1 1.00000E+20 0.00000E+00
n-U233-MT459-Tracy-13277003-E2.53E-08.1970                       2 2.53000E-08 2.53000E-08
n-U233-MT459-Rider-13322002-E2.53E-08.1966                       6 2.53000E-08 2.53000E-08
n-U233-MT459-Maeck-13327002-E0000.400.1975                      42 4.00000E-01 4.00000E-01
n-U233-MT459-Nethaway-13346002-E0014.800.1970                   24 1.48000E+01 1.48000E+01
n-U233-MT459-Nethaway-13346003-E0014.800.1970                    4 1.48000E+01 1.48000E+01
n-U233-MT459-Steinberg-13361002-E2.53E-08.1955                  19 2.53000E-08 2.53000E-08
n-U233-MT459-Fleming-13377002-E2.53E-08.1954                     4 2.53000E-08 2.53000E-08
n-U233-MT459-Fleming-13377004-E2.53E-08.1954                     4 2.53000E-08 2.53000E-08
n-U233-MT459-Maeck-13440002-E0000.700.1980                      38 7.00000E-01 7.00000E-01
n-U233-MT459-Bartholomew-13474002-E2.53E-08.1959                 4 2.53000E-08 2.53000E-08
n-U233-MT459-Santry-13476002-E2.53E-08.1960                     22 2.53000E-08 2.53000E-08
n-U233-MT459-Maeck-13848004-E2.53E-08.1966                      22 2.53000E-08 2.53000E-08
n-U233-MT459-Maeck-138480071-E2.53E-08.1966                     17 2.53000E-08 2.53000E-08
n-U233-MT459-Maeck-138480072-E2.53E-08.1966                     21 2.53000E-08 2.53000E-08
n-U233-MT459-Maeck-13848008-E2.53E-08.1966                       4 2.53000E-08 2.53000E-08
n-U233-MT459-Finn-14441004-E0000.700.2015                       42 7.00000E-01 7.00000E-01
n-U233-MT459-Laurec-21708009-E0014.700.2010                     13 1.47000E+01 1.47000E+01
n-U233-MT459-Bocquet-21734021-E0014.500.1972                     5 1.45000E+01 1.45000E+01
n-U233-MT459-Asghar-21771012-E8.00E-09.1981                     38 8.00000E-09 8.00000E-09
n-U233-MT459-Croall-23564003-E2.53E-08.1962                      3 2.53000E-08 2.53000E-08
n-U233-MT459-Johansson-23794003-E2.53E-08.1997                 158 2.53000E-08 2.53000E-08
n-U233-MT459-Nair-30797002-E2.53E-08.1985                        2 2.53000E-08 2.53000E-08
n-U233-MT459-Nair-30797003-E2.53E-08.1985                        2 2.53000E-08 2.53000E-08
n-U233-MT459-Ramaswami-33010002-E2.53E-08.1981                  17 2.53000E-08 2.53000E-08
n-U233-MT459-Naik-33030002-E2.50E-08.1993                        4 2.50000E-08 2.50000E-08
n-U233-MT459-Bonyushkan-41070005-E0014.500.1961                  9 1.45000E+01 1.45000E+01
n-U233-MT459-Bonyushkan-41070009-E0014.500.1961                  1 1.00000E+20 0.00000E+00
n-U233-MT459-Gudkov-41157002-E2.53E-08.1992                      8 2.53000E-08 2.53000E-08
n-U233-MT459-Gudkov-41157006-E0001.000.1992                      8 1.00000E+00 1.00000E+00
n-U233-MT459-Piksaykin-41528002-E0000.340.2004                   4 3.40000E-01 3.40000E-01
n-U233-MT459-Piksaykin-41528002-E0000.590.2004                   4 5.90000E-01 5.90000E-01
n-U233-MT459-Piksaykin-41528002-E0000.810.2004                   4 8.10000E-01 8.10000E-01
n-U233-MT459-Piksaykin-41528002-E0001.010.2004                   4 1.01000E+00 1.01000E+00
n-U233-MT459-Piksaykin-41528002-E0003.230.2004                   4 3.23000E+00 3.23000E+00
n-U233-MT459-Piksaykin-41528002-E0003.750.2004                   4 3.75000E+00 3.75000E+00
n-U233-MT459-Piksaykin-41528002-E0004.200.2004                   4 4.20000E+00 4.20000E+00
n-U233-MT459-Piksaykin-41528002-E0004.720.2004                   4 4.72000E+00 4.72000E+00
n-U233-MT459-Piksaykin-41528003-E0000.340.2004                   4 3.40000E-01 3.40000E-01
n-U233-MT459-Piksaykin-41528003-E0000.590.2004                   4 5.90000E-01 5.90000E-01
n-U233-MT459-Piksaykin-41528003-E0000.810.2004                   4 8.10000E-01 8.10000E-01
n-U233-MT459-Piksaykin-41528003-E0001.010.2004                   4 1.01000E+00 1.01000E+00
n-U233-MT459-Piksaykin-41528003-E0003.230.2004                   4 3.23000E+00 3.23000E+00
n-U233-MT459-Piksaykin-41528003-E0003.750.2004                   4 3.75000E+00 3.75000E+00
n-U233-MT459-Piksaykin-41528003-E0004.200.2004                   4 4.20000E+00 4.20000E+00
n-U233-MT459-Piksaykin-41528003-E0004.720.2004                   4 4.72000E+00 4.72000E+00
n-U233-MT459-Gudkov-41728003-E2.53E-08.1981                      8 2.53000E-08 2.53000E-08
