#              Filename                                         N    min         max     
n-Np237-MT464-Pica-14677012-E0002.955.2020                       1 2.95500E+00 2.95500E+00
n-Np237-MT464-Pica-14677012-E0003.850.2020                       1 3.85000E+00 3.85000E+00
n-Np237-MT464-Pica-14677012-E0005.240.2020                       1 5.24000E+00 5.24000E+00
n-Np237-MT464-Pica-14677012-E0007.080.2020                       1 7.08000E+00 7.08000E+00
n-Np237-MT464-Pica-14677012-E0009.865.2020                       1 9.86500E+00 9.86500E+00
n-Np237-MT464-Pica-14677012-E0015.115.2020                       1 1.51150E+01 1.51150E+01
n-Np237-MT464-Pica-14677012-E0024.115.2020                       1 2.41150E+01 2.41150E+01
n-Np237-MT464-Pica-14677012-E0037.695.2020                       1 3.76950E+01 3.76950E+01
n-Np237-MT464-Pica-14677012-E0057.255.2020                       2 5.72550E+01 5.72550E+01
n-Np237-MT464-Mueller-218340151-E0000.800.1981                   2 8.00000E-01 8.00000E-01
n-Np237-MT464-Mueller-218340152-E0000.800.1981                   2 8.00000E-01 8.00000E-01
n-Np237-MT464-Naik-331690081-E5.00E-07.2022                      1 1.00000E+20 0.00000E+00
n-Np237-MT464-Naik-331690082-E5.00E-07.2022                      1 1.00000E+20 0.00000E+00
n-Np237-MT464-Kuzminov-40172007-E0000.800.1970                  41 8.00000E-01 8.00000E-01
n-Np237-MT464-Kuzminov-40172008-E0001.100.1970                  41 1.10000E+00 1.10000E+00
n-Np237-MT464-Kuzminov-40172009-E0001.400.1970                  41 1.40000E+00 1.40000E+00
n-Np237-MT464-Kuzminov-40172010-E0001.700.1970                  41 1.70000E+00 1.70000E+00
n-Np237-MT464-Kuzminov-40172011-E0002.200.1970                  41 2.20000E+00 2.20000E+00
