#              Filename                                         N    min         max
h-Be009-MT601-Lewis-F0048004-E0014.000.1983                     16 1.01000E+01 5.54000E+01
h-Be009-MT601-Lewis-F0048004-E0033.000.1983                     47 1.39000E+01 7.73000E+01
h-Be009-MT601-Lin-O1032002-E0002.360.1981                      137 9.00000E+01 9.00000E+01
h-Be009-MT601-Lin-O1032003-E0003.000.1981                       13 8.39997E+00 1.30900E+02
h-Be009-MT601-Lin-O1032003-E0003.000A001.1981                   15 8.80000E+00 1.48900E+02
h-Be009-MT601-Lin-O1032003-E0003.000A002.1981                   15 8.99997E+00 1.51300E+02
h-Be009-MT601-Lin-O1032003-E0003.500.1981                       15 8.39997E+00 1.49000E+02
h-Be009-MT601-Lin-O1032003-E0003.500A001.1981                   15 8.80000E+00 1.45500E+02
h-Be009-MT601-Lin-O1032003-E0003.500A002.1981                   15 7.99998E+00 1.49400E+02
h-Be009-MT601-Lin-O1032003-E0004.000.1981                       15 8.49999E+00 1.46300E+02
h-Be009-MT601-Lin-O1032003-E0004.000A001.1981                   15 7.60001E+00 1.48300E+02
h-Be009-MT601-Lin-O1032003-E0004.000A002.1981                   15 7.99998E+00 1.47400E+02
h-Be009-MT601-Lin-O1032003-E0004.500.1981                       15 7.49999E+00 1.47100E+02
h-Be009-MT601-Lin-O1032003-E0004.500A001.1981                   15 7.60001E+00 1.47100E+02
h-Be009-MT601-Lin-O1032003-E0004.500A002.1981                   15 9.09999E+00 1.50100E+02
h-Be009-MT601-Lin-O1032003-E0005.000.1981                       15 7.49999E+00 1.45500E+02
h-Be009-MT601-Lin-O1032003-E0005.000A001.1981                   15 7.00003E+00 1.48700E+02
h-Be009-MT601-Lin-O1032003-E0005.000A002.1981                   15 9.09999E+00 1.50900E+02
h-Be009-MT601-Lin-O1032003-E0005.500.1981                       15 1.04000E+01 1.45400E+02
h-Be009-MT601-Lin-O1032003-E0005.500A001.1981                   15 7.00003E+00 1.49700E+02
h-Be009-MT601-Lin-O1032003-E0006.000.1981                       17 9.40003E+00 1.50800E+02
h-Be009-MT601-Lin-O1032003-E0006.000A001.1981                   15 8.09999E+00 1.47000E+02
h-Be009-MT601-Provatas-D0977002-E0001.276.2020                4680 1.07000E+02 1.64000E+02
h-Be009-MT601-Weinman-F0194003-E0002.000.1963                   80 1.78000E+01 1.49800E+02
