#              Filename                                         N    min         max
n-Hf000-MT102-Block-11935020.1961                               43 2.10000E-04 8.20000E-03
n-Hf000-MT102-Carre-20658024.1966                                1 2.53000E-08 2.53000E-08
n-Hf000-MT102-Egelstaff-21421003.1951                            1 2.53000E-08 2.53000E-08
n-Hf000-MT102-HyunJeChooo-22455003.1999                       2226 3.16227E-09 1.00719E-01
n-Hf000-MT102-Kompe-20358023.1969                               68 1.22000E-02 1.51000E-01
n-Hf000-MT102-Macklin-11331027.1963                              2 3.00000E-02 6.50000E-02
n-Hf000-MT102-Meadows-11028023.1961                              1 2.53000E-08 2.53000E-08
n-Hf000-MT102-Meadows-11028023A001.1961                          1 2.53000E-08 2.53000E-08
n-Hf000-MT102-Moxon-22360024.1974                                1 2.53000E-08 2.53000E-08
n-Hf000-MT102-Moxon-22360027.1974                               16 1.50000E-08 7.50000E-07
n-Hf000-MT102-Moxon-22360028.1974                               18 1.01000E-03 9.57600E-02
n-Hf000-MT102-Moxon-223600291.1974                            4096 5.25620E-06 1.10790E+00
n-Hf000-MT102-Moxon-223600292.1974                            4096 5.25620E-06 1.10790E+00
n-Hf000-MT102-Moxon-223600301.1974                            4096 5.25620E-06 1.10790E+00
n-Hf000-MT102-Moxon-223600302.1974                            4096 5.25620E-06 1.10790E+00
n-Hf000-MT102-MuYunshann-32528003.1988                           5 7.70000E-01 1.61000E+00
n-Hf000-MT102-Poenitz-12832010.1982                             11 5.00000E-01 3.50000E+00
n-Hf000-MT102-Tattersall-20638054.1960                           1 2.53000E-08 2.53000E-08
n-Hf000-MT102-WangChunhaoo-32541002.1990                        20 1.14000E-02 1.00000E-01
