#              Filename                                         N    min         max
d-N014-MT604-Beaumevieille-D0392005-E0001.000.1969              23 2.54000E+01 1.58900E+02
d-N014-MT604-Beaumevieille-D0392005-E0001.600.1969              23 2.71000E+01 1.60100E+02
d-N014-MT604-Beaumevieille-D0392005-E0001.800.1969              22 2.87000E+01 1.58000E+02
d-N014-MT604-Beaumevieille-D0392005-E0002.000.1969              17 2.72000E+01 1.59700E+02
d-N014-MT604-Beaumevieille-D0392005-E0002.400.1969              26 2.72000E+01 1.59300E+02
d-N014-MT604-Beaumevieille-D0392005-E0002.600.1969              27 2.74000E+01 1.58600E+02
d-N014-MT604-Beaumevieille-D0392005-E0002.800.1969              28 2.74000E+01 1.59900E+02
d-N014-MT604-Beaumevieille-D0392005-E0003.000.1969              25 2.75000E+01 1.59500E+02
d-N014-MT604-Beaumevieille-D0392005-E0003.200.1969              30 2.78000E+01 1.59300E+02
d-N014-MT604-Beaumevieille-F1050002-E0001.000.1967              29 2.75000E+01 1.59000E+02
d-N014-MT604-Beaumevieille-F1050002-E0001.200.1967              22 2.79000E+01 1.59200E+02
d-N014-MT604-Beaumevieille-F1050002-E0001.400.1967              22 2.79000E+01 1.59700E+02
d-N014-MT604-Beaumevieille-F1050002-E0001.600.1967              23 2.80000E+01 1.59500E+02
d-N014-MT604-Beaumevieille-F1050002-E0001.800.1967              22 2.80000E+01 1.57600E+02
d-N014-MT604-Beaumevieille-F1050002-E0002.000.1967              17 2.81000E+01 1.58600E+02
d-N014-MT604-Beaumevieille-F1050002-E0002.200.1967              23 2.81000E+01 1.58800E+02
d-N014-MT604-Beaumevieille-F1050003-E0001.007.1967               1 2.92000E+01 1.49100E+02
d-N014-MT604-Beaumevieille-F1050003-E0001.010.1967               1 1.49000E+02 1.49100E+02
d-N014-MT604-Beaumevieille-F1050003-E0001.206.1967               1 2.91000E+01 1.49000E+02
d-N014-MT604-Beaumevieille-F1050003-E0001.207.1967               1 2.90000E+01 2.91000E+01
d-N014-MT604-Beaumevieille-F1050003-E0001.387.1967               1 2.90000E+01 1.49000E+02
d-N014-MT604-Beaumevieille-F1050003-E0001.397.1967               1 2.90000E+01 1.49000E+02
d-N014-MT604-Beaumevieille-F1050003-E0001.590.1967               1 2.90000E+01 1.48900E+02
d-N014-MT604-Beaumevieille-F1050003-E0001.597.1967               1 1.48900E+02 1.48900E+02
d-N014-MT604-Csedreki-D4299011-E0000.650.2014                   27 1.35000E+02 1.35000E+02
d-N014-MT604-Pellegrino-O1196005-E0000.500.2004                 34 1.50000E+02 1.50000E+02
d-N014-MT604-Valek-F0706005-E0000.324.1976                      10 2.22000E+01 1.47200E+02
d-N014-MT604-Valek-F0706005-E0000.374.1976                      10 2.28000E+01 1.47700E+02
d-N014-MT604-Valek-F0706005-E0000.475.1976                      10 2.26000E+01 1.48900E+02
d-N014-MT604-Valek-F0706005-E0000.576.1976                      10 2.26000E+01 1.48200E+02
d-N014-MT604-Valek-F0706005-E0000.626.1976                      10 2.29000E+01 1.47600E+02
