#              Filename                                         N    min         max
n-Pb000-MT003-Allen-11693003.1955                                8 8.00000E-01 1.60000E+00
n-Pb000-MT003-Atkinson-11112017.1961                             1 5.00000E+03 5.00000E+03
n-Pb000-MT003-Atkinson-11112017A001.1961                         1 5.00000E+03 5.00000E+03
n-Pb000-MT003-Beghian-12235002.1966                              2 1.74000E+00 2.10000E+00
n-Pb000-MT003-Beyster-11216016.1955                              3 1.00000E+00 4.50000E+00
n-Pb000-MT003-Beyster-11216016A001.1955                          3 1.00000E+00 4.50000E+00
n-Pb000-MT003-Beyster-11220031.1956                              2 2.50000E+00 7.00000E+00
n-Pb000-MT003-Beyster-11220031A001.1956                          2 2.50000E+00 7.00000E+00
n-Pb000-MT003-Bonner-11793005.1959                               5 8.20000E+00 1.85000E+01
n-Pb000-MT003-Chatterjee-30337010.1967                           1 1.48000E+01 1.48000E+01
n-Pb000-MT003-Degtjarev-40645005.1961                            4 1.34000E+01 1.97000E+01
n-Pb000-MT003-Degtjarev-406940081.1965                           1 8.10000E+00 8.10000E+00
n-Pb000-MT003-Flerov-40369023.1956                               1 1.45000E+01 1.45000E+01
n-Pb000-MT003-Graves-11304011.1953                               1 1.41000E+01 1.41000E+01
n-Pb000-MT003-Graves-11310011.1955                               1 1.41000E+01 1.41000E+01
n-Pb000-MT003-Haas-11794003.1963                                 1 1.39800E+01 1.39800E+01
n-Pb000-MT003-Ibaraki-23019006.2002                              6 4.50000E+01 7.55000E+01
n-Pb000-MT003-Lebedev-40415016.1958                              1 1.40000E+01 1.40000E+01
n-Pb000-MT003-Macgregor-11226023.1957                            1 1.42000E+01 1.42000E+01
n-Pb000-MT003-Macgregor-11226023A001.1957                        1 1.42000E+01 1.42000E+01
n-Pb000-MT003-Macgregor-11230011.1958                            3 2.10000E+01 2.92000E+01
n-Pb000-MT003-Macgregor-11230011A001.1958                        3 2.10000E+01 2.92000E+01
n-Pb000-MT003-Morrison-22576005.1956                             3 1.20000E+00 2.00000E+00
n-Pb000-MT003-Pal-30335002.1980                                  1 1.42000E+01 1.42000E+01
n-Pb000-MT003-Pantuev-41208009.1962                              1 8.30000E+03 8.30000E+03
n-Pb000-MT003-Pasechnik-40381016.1955                            1 4.10000E+00 4.10000E+00
n-Pb000-MT003-Poze-40781012.1956                                 1 1.00000E+00 1.00000E+00
n-Pb000-MT003-Prokopets-40247006.1969                            1 2.80000E+00 2.80000E+00
n-Pb000-MT003-Schimmerling-10082023.1973                        15 3.79000E+02 1.73100E+03
n-Pb000-MT003-Schimmerling-10082023A001.1973                    15 3.79000E+02 1.73100E+03
n-Pb000-MT003-Strizhak-32239010.1958                             1 1.40000E+01 1.40000E+01
n-Pb000-MT003-Strizhak-40360019.1957                             1 1.40000E+01 1.40000E+01
n-Pb000-MT003-Strizhak-40782020.1956                             1 2.50000E+00 2.50000E+00
n-Pb000-MT003-Taylor-11217012.1955                               5 3.50000E+00 1.41000E+01
n-Pb000-MT003-Taylor-11217012A001.1955                           5 3.50000E+00 1.41000E+01
n-Pb000-MT003-Voss-21370006.1956                                 4 5.50000E+01 1.40000E+02
n-Pb000-MT003-Walt-11215051.1955                                 1 4.10000E+00 4.10000E+00
n-Pb000-MT003-Walt-11215051A001.1955                             1 4.10000E+00 4.10000E+00
