#              Filename                                         N    min         max
n-Li000-MT001-Adair-11037002.1950                               87 1.80000E-02 1.39100E+00
n-Li000-MT001-Adair-11037002A001.1950                           87 1.80000E-02 1.39100E+00
n-Li000-MT001-Becker-11093002.1956                              76 4.32000E+00 8.73000E+00
n-Li000-MT001-Becker-11093002A001.1956                          76 4.32000E+00 8.73000E+00
n-Li000-MT001-Bilpuch-11011002.1961                            671 1.04000E-01 7.04000E-01
n-Li000-MT001-Bilpuch-11011002A001.1961                        671 1.04000E-01 7.04000E-01
n-Li000-MT001-Bilpuch-11266004.1959                             24 1.20000E-02 1.50000E-01
n-Li000-MT001-Bockelman-11048002.1951                           99 1.33000E+00 3.37000E+00
n-Li000-MT001-Bockelman-11048002A001.1951                       99 1.33000E+00 3.37000E+00
n-Li000-MT001-Bonner-11012002.1954                              26 2.37000E+00 7.84000E+00
n-Li000-MT001-Bonner-11012002A001.1954                          26 2.37000E+00 7.84000E+00
n-Li000-MT001-Bormann-20901002.1966                             40 4.17000E+00 6.06000E+00
n-Li000-MT001-Cook-11074004.1954                                 8 1.41000E+01 1.80000E+01
n-Li000-MT001-Cook-11074004A001.1954                             8 1.41000E+01 1.80000E+01
n-Li000-MT001-Cook-11146004.1949                                 1 8.30000E+01 8.30000E+01
n-Li000-MT001-Cook-11146004A001.1949                             1 8.30000E+01 8.30000E+01
n-Li000-MT001-Fosterjr-10047004.1971                           243 2.27200E+00 1.49550E+01
n-Li000-MT001-Fosterjr-10047004A001.1971                       243 2.27200E+00 1.49550E+01
n-Li000-MT001-Fox-11175004.1950                                  1 2.70000E+02 2.70000E+02
n-Li000-MT001-Fox-11175004A001.1950                              1 2.70000E+02 2.70000E+02
n-Li000-MT001-Havensjr-11139003.1946                            11 5.53000E-07 3.16960E-05
n-Li000-MT001-Havensjr-11139003A001.1946                        11 5.53000E-07 3.16960E-05
n-Li000-MT001-Havensjr-11139014.1946                            29 1.80000E-08 9.85573E-04
n-Li000-MT001-Havensjr-11139014A001.1946                        29 1.80000E-08 9.85573E-04
n-Li000-MT001-Hibdon-11122002.1964                             423 1.00000E-03 3.92000E-01
n-Li000-MT001-Hibdon-11122002A001.1964                         423 1.00000E-03 3.92000E-01
n-Li000-MT001-Hibdon-11163002.1968                              84 1.00000E-02 1.78000E-01
n-Li000-MT001-Hibdon-11163002A001.1968                          84 1.00000E-02 1.78000E-01
n-Li000-MT001-Hibdon-11163003.1968                              31 2.40000E-01 2.70000E-01
n-Li000-MT001-Hibdon-11163003A001.1968                          31 2.40000E-01 2.70000E-01
n-Li000-MT001-Hibdon-11163010.1968                             585 1.30000E-01 1.23600E+00
n-Li000-MT001-Hibdon-11163010A001.1968                         585 1.30000E-01 1.23600E+00
n-Li000-MT001-Hibdon-13041004.1950                               2 1.20000E-04 3.45000E-04
n-Li000-MT001-Hildebrand-11039004.1950                           1 4.20000E+01 4.20000E+01
n-Li000-MT001-Hildebrand-11039004A001.1950                       1 4.20000E+01 4.20000E+01
n-Li000-MT001-Khaletskij-40709012.1956                           1 1.48000E+01 1.48000E+01
n-Li000-MT001-Nereson-11016002.1954                             26 2.80000E+00 9.70000E+00
n-Li000-MT001-Nereson-11016002A001.1954                         26 2.80000E+00 9.70000E+00
n-Li000-MT001-Stelson-11049002.1951                             27 1.49000E-01 3.77500E-01
n-Li000-MT001-Stelson-11049002A001.1951                         27 1.49000E-01 3.77500E-01
n-Li000-MT001-Stelson-11049003.1951                             13 2.22400E-01 2.93800E-01
n-Li000-MT001-Stelson-11049003A001.1951                         13 2.22400E-01 2.93800E-01
n-Li000-MT001-Wells-11121021.1963                               38 3.19544E-01 7.60492E-01
n-Li000-MT001-Wells-11121021A001.1963                           38 3.19544E-01 7.60492E-01
n-Li000-MT001-ZhangJiangLinnn-32868004.2022                    463 4.25000E-07 1.99901E+01
n-Li000-MT001-ZhangJiangLinnn-32868005.2022                    463 4.25000E-07 1.99901E+01
n-Li000-MT001-Zubov-41227003.1961                                4 3.25000E+00 4.52000E+00
