#              Filename                                         N    min         max
n-Mo000-MT102-Belanova-40072007.1965                             1 2.40000E-02 2.40000E-02
n-Mo000-MT102-Belanova-400720251.1965                            1 2.40000E-02 2.40000E-02
n-Mo000-MT102-Belanova-400720252.1965                            1 2.40000E-02 2.40000E-02
n-Mo000-MT102-Belanova-400720253.1965                            1 2.40000E-02 2.40000E-02
n-Mo000-MT102-Belanova-400720254.1965                            1 2.40000E-02 2.40000E-02
n-Mo000-MT102-Belanova-400720255.1965                            1 2.40000E-02 2.40000E-02
n-Mo000-MT102-Belanova-400720256.1965                            1 2.40000E-02 2.40000E-02
n-Mo000-MT102-Berlev-41510005.2007                               5 1.57500E-04 3.40000E-03
n-Mo000-MT102-Carre-20658016.1966                                1 2.53000E-08 2.53000E-08
n-Mo000-MT102-Diven-11616013.1960                                7 1.75000E-01 1.00000E+00
n-Mo000-MT102-Egelstaff-21376007.1950                            1 2.53000E-08 2.53000E-08
n-Mo000-MT102-Fricke-10049002.1970                              95 9.57600E-04 1.10750E+00
n-Mo000-MT102-Fricke-10049002A001.1970                          95 9.57600E-04 1.10750E+00
n-Mo000-MT102-Gibbons-11329024.1961                              2 3.00000E-02 6.50000E-02
n-Mo000-MT102-Grigoriev-41505005.2007                            6 7.32500E-05 3.40000E-03
n-Mo000-MT102-Grigoriev-41519003.2008                            6 3.40000E-05 1.57500E-03
n-Mo000-MT102-Kapchigashev-40663010.1963                        97 1.00290E-06 3.80220E-02
n-Mo000-MT102-Kapchigashev-40663011.1963                        65 2.76040E-05 4.99900E-02
n-Mo000-MT102-Kompe-20358005.1969                               70 1.20000E-02 1.66000E-01
n-Mo000-MT102-Koroleva-40074003.1965                             1 2.40000E-02 2.40000E-02
n-Mo000-MT102-Leipunskiy-40244112.1958                           1 2.00000E-01 2.00000E-01
n-Mo000-MT102-Macklin-11380007.1963                              1 3.00000E-02 3.00000E-02
n-Mo000-MT102-Mitzel-21324003.1964                              47 8.00000E-06 2.86000E-02
n-Mo000-MT102-Mughabghab-V10013871.2006                          1 2.53000E-08 2.53000E-08
n-Mo000-MT102-Musgrove-30357046.1976                            15 3.50000E-03 1.75000E-01
n-Mo000-MT102-Poenitz-12832018.1982                             14 5.00000E-01 3.00000E+00
n-Mo000-MT102-Stavisski-41241002.1961                           11 5.00000E-02 9.60000E-01
n-Mo000-MT102-Stavisski-41241004.1961                            1 2.00000E-01 2.00000E-01
n-Mo000-MT102-Stroud-30506005.1972                               1 3.00000E-02 3.00000E-02
n-Mo000-MT102-Tattersall-20638022.1960                           1 2.53000E-08 2.53000E-08
n-Mo000-MT102-Voignier-22006035.1992                             4 5.00000E-01 3.00000E+00
n-Mo000-MT102-Weigmann-20398002.1971                             5 1.10000E-03 1.86000E-03
n-Mo000-MT102-YunshanMuu-32535003.1991                           4 7.30000E-01 1.37000E+00
