#              Filename                                         N    min         max
n-Nd000-MT001-Conner-11320008.1958                               3 1.31400E+01 1.56000E+01
n-Nd000-MT001-Dilg-20583015.1972                                 1 2.70000E-03 2.70000E-03
n-Nd000-MT001-Fosterjr-10047064.1971                           244 2.36900E+00 1.49710E+01
n-Nd000-MT001-Fosterjr-10047064A001.1971                       244 2.36900E+00 1.49710E+01
n-Nd000-MT001-Haugsnes-11733007.1967                             1 1.41000E+01 1.41000E+01
n-Nd000-MT001-Hubert-22582002.1957                              39 4.00000E-09 1.00000E-06
n-Nd000-MT001-Kellie-20418005.1974                             646 7.00340E-01 9.06480E+00
n-Nd000-MT001-Knopf-22450025.1997                                1 5.68000E-10 5.68000E-10
n-Nd000-MT001-Malik-10501021.1970                                4 3.30000E-08 2.70000E-07
n-Nd000-MT001-Malik-10501021A001.1970                            4 3.30000E-08 2.70000E-07
n-Nd000-MT001-Okazaki-12061002.1954                             23 5.00000E-02 2.92000E+00
n-Nd000-MT001-Pilcher-12225002.1955                             10 4.10600E-05 4.45700E-05
n-Nd000-MT001-Pineo-10542017.1974                               72 6.12400E-03 6.37000E-01
n-Nd000-MT001-Pineo-10542017A001.1974                           72 6.12400E-03 6.37000E-01
n-Nd000-MT001-Poenitz-12853047.1983                             67 1.82200E+00 1.95200E+01
n-Nd000-MT001-Seth-11781014.1965                               103 2.00000E-03 6.40000E-01
n-Nd000-MT001-Seth-11788033.1958                                40 5.21000E-07 9.00000E-05
n-Nd000-MT001-Simpson-12072002.1958                            448 9.60000E-07 1.25900E-02
n-Nd000-MT001-Sturm-12668003.1947                               20 5.00000E-08 5.00000E-06
n-Nd000-MT001-Vladimirski-40380004.1955                        223 4.58990E-06 2.81690E-02
