#              Filename                                         N    min         max
p-Be009-MT800-Blieden-F0167002-E0003.500.1963                   73 9.00000E+01 9.00000E+01
p-Be009-MT800-Blieden-F0167018-E0006.000.1963                   15 1.96000E+01 1.58000E+02
p-Be009-MT800-Blieden-F0167018-E0007.000.1963                   14 1.91000E+01 1.67900E+02
p-Be009-MT800-Blieden-F0167018-E0008.000.1963                   12 1.91000E+01 1.65600E+02
p-Be009-MT800-Blieden-F0167018-E0009.000.1963                   14 2.04000E+01 1.68800E+02
p-Be009-MT800-Blieden-F0167018-E0010.000.1963                   24 2.04000E+01 1.62200E+02
p-Be009-MT800-Blieden-F0167018-E0010.500.1963                   16 1.94000E+01 1.71200E+02
p-Be009-MT800-Blieden-F0167018-E0011.000.1963                   20 1.94000E+01 1.61300E+02
p-Be009-MT800-Blieden-F0167018-E0011.500.1963                   12 2.02000E+01 1.68100E+02
p-Be009-MT800-Catarino-O2302004-E0000.512.2016                  50 1.50000E+02 1.50000E+02
p-Be009-MT800-Dolinov-F0094004-E0005.200.1966                    9 1.78000E+01 1.09400E+02
p-Be009-MT800-Dolinov-F0094004-E0006.200.1966                   26 1.78000E+01 1.59000E+02
p-Be009-MT800-Gambarini-F0303007-E0038.000.1969                 64 1.52000E+01 1.71900E+02
p-Be009-MT800-Hauser-F0729002-E0018.600.1986                    18 8.99997E+00 1.63500E+02
p-Be009-MT800-Hauser-F0729002-E0022.500.1986                    31 8.59999E+00 1.58300E+02
p-Be009-MT800-Hauser-F0729002-E0026.700.1986                    33 8.59999E+00 1.68500E+02
p-Be009-MT800-Hauser-F0729002-E0031.000.1986                    32 9.40003E+00 1.64000E+02
p-Be009-MT800-Hauser-F0729002-E0038.000.1986                    32 1.00000E+01 1.70100E+02
p-Be009-MT800-Hauser-F0729002-E0041.000.1986                    30 1.00000E+01 1.54400E+02
p-Be009-MT800-Hauser-F0729002-E0045.000.1986                    34 1.03000E+01 1.60600E+02
p-Be009-MT800-Krat-O2268005-E0000.389.2015                      27 1.65000E+02 1.65000E+02
p-Be009-MT800-Morita-F0168002-E0001.000.1965                    12 1.34000E+01 1.59500E+02
p-Be009-MT800-Morita-F0168002-E0001.250.1965                    12 1.32000E+01 1.54400E+02
p-Be009-MT800-Morita-F0168002-E0001.500.1965                    12 1.32000E+01 1.58900E+02
p-Be009-MT800-Morita-F0168002-E0001.800.1965                    12 1.14000E+01 1.56700E+02
p-Be009-MT800-Morita-F0168002-E0002.000.1965                    18 1.14000E+01 1.56400E+02
p-Be009-MT800-Morita-F0168002-E0002.100.1965                    19 1.33000E+01 1.56800E+02
p-Be009-MT800-Morita-F0168002-E0002.300.1965                    18 1.33000E+01 1.57500E+02
p-Be009-MT800-Morita-F0168002-E0002.560.1965                    18 1.31000E+01 1.59800E+02
p-Be009-MT800-Morita-F0168002-E0003.000.1965                    19 1.31000E+01 1.57700E+02
p-Be009-MT800-Morita-F0168002-E0003.300.1965                    19 1.35000E+01 1.51900E+02
p-Be009-MT800-Pellegrini-F0509002-E0025.000.1992                27 4.09997E+00 1.61200E+02
p-Be009-MT800-Pellegrini-F0509002-E0030.000.1992                28 4.09997E+00 1.67200E+02
p-Be009-MT800-Weber-F0158005-E0000.795.1956                    118 9.00000E+01 9.00000E+01
p-Be009-MT800-Yanabu-F0185002-E0005.900.1964                    14 1.90000E+01 1.50500E+02
p-Be009-MT800-Yanabu-F0185002-E0007.000.1964                    14 1.98000E+01 1.49900E+02
