#              Filename                                         N    min         max
n-Ba130-MT151-Alves-206880091.1969                               6 3.78900E-04 8.96000E-04
n-Ba130-MT151-Alves-206880092.1969                               6 3.78900E-04 8.96000E-04
n-Ba130-MT151-Alves-206880093.1969                               4 3.78900E-04 8.96000E-04
n-Ba130-MT151-Alves-206880094.1969                               6 3.78900E-04 8.96000E-04
n-Ba130-MT151-Berman-103130031.1973                             41 4.64000E-05 2.77500E-03
n-Ba130-MT151-Berman-103130031A001.1973                         41 4.64000E-05 2.77500E-03
n-Ba130-MT151-Berman-103130091.1973                              5 4.64000E-05 3.80000E-04
n-Ba130-MT151-Berman-103130091A001.1973                          5 4.64000E-05 3.80000E-04
n-Ba130-MT151-Berman-103130092.1973                              5 4.64000E-05 3.80000E-04
n-Ba130-MT151-Berman-103130092A001.1973                          5 4.64000E-05 3.80000E-04
n-Ba130-MT151-Berman-103130093.1973                              5 4.64000E-05 3.80000E-04
n-Ba130-MT151-Berman-103130093A001.1973                          5 4.64000E-05 3.80000E-04
n-Ba130-MT151-Berman-103130094.1973                              5 4.64000E-05 3.80000E-04
n-Ba130-MT151-Berman-103130094A001.1973                          5 4.64000E-05 3.80000E-04
n-Ba130-MT151-Berman-103130101.1973                             39 4.64000E-05 2.77500E-03
n-Ba130-MT151-Berman-103130101A001.1973                         39 4.64000E-05 2.77500E-03
n-Ba130-MT151-Berman-103130102.1973                             39 4.64000E-05 2.77500E-03
n-Ba130-MT151-Berman-103130102A001.1973                         39 4.64000E-05 2.77500E-03
n-Ba130-MT151-Berman-103130103.1973                             39 4.64000E-05 2.77500E-03
n-Ba130-MT151-Berman-103130103A001.1973                         39 4.64000E-05 2.77500E-03
n-Ba130-MT151-Vandevyver-20469002.1971                           2 4.86000E-05 5.79000E-05
n-Ba130-MT151-Vertebny-401850021.1969                            4 4.64000E-05 1.86000E-04
n-Ba130-MT151-Vertebny-401850022.1969                            2 4.64000E-05 5.82400E-05
