#              Filename                                         N    min         max
h-C013-MT601-Chew-O1799002-E0003.536.1978                        1 1.60000E+02 1.65000E+02
h-C013-MT601-Chew-O1799002-E0003.564.1978                        1 8.00000E+01 1.60000E+02
h-C013-MT601-Chew-O1799002-E0003.576.1978                        1 8.00000E+01 9.00000E+01
h-C013-MT601-Chew-O1799002-E0003.583.1978                        2 9.00000E+01 1.55000E+02
h-C013-MT601-Chew-O1799002-E0003.593.1978                        1 6.00000E+01 1.45000E+02
h-C013-MT601-Chew-O1799002-E0003.595.1978                        1 6.00000E+01 7.00000E+01
h-C013-MT601-Chew-O1799002-E0003.603.1978                        1 7.00000E+01 1.00000E+02
h-C013-MT601-Chew-O1799002-E0003.607.1978                        1 1.00000E+02 1.40000E+02
h-C013-MT601-Chew-O1799002-E0003.611.1978                        1 1.20000E+02 1.40000E+02
h-C013-MT601-Chew-O1799002-E0003.613.1978                        1 1.20000E+02 1.30000E+02
h-C013-MT601-Chew-O1799002-E0003.614.1978                        1 1.00000E+01 1.30000E+02
h-C013-MT601-Chew-O1799002-E0003.620.1978                        1 1.00000E+01 1.10000E+02
h-C013-MT601-Chew-O1799002-E0003.623.1978                        1 2.00000E+01 1.10000E+02
h-C013-MT601-Chew-O1799002-E0003.627.1978                        1 2.00000E+01 4.00000E+01
h-C013-MT601-Chew-O1799002-E0003.629.1978                        1 3.00000E+01 4.00000E+01
h-C013-MT601-Chew-O1799002-E0003.645.1978                        2 3.00000E+01 1.65000E+02
h-C013-MT601-Chew-O1799002-E0003.733.1978                        1 1.60000E+02 1.65000E+02
h-C013-MT601-Chew-O1799002-E0003.761.1978                        1 1.55000E+02 1.60000E+02
h-C013-MT601-Chew-O1799002-E0003.770.1978                        1 9.00000E+01 1.55000E+02
h-C013-MT601-Chew-O1799002-E0003.781.1978                        1 8.00000E+01 9.00000E+01
h-C013-MT601-Chew-O1799002-E0003.788.1978                        1 8.00000E+01 1.00000E+02
h-C013-MT601-Chew-O1799002-E0003.797.1978                        2 1.00000E+02 1.45000E+02
h-C013-MT601-Chew-O1799002-E0003.800.1978                        1 2.00000E+01 1.30000E+02
h-C013-MT601-Chew-O1799002-E0003.805.1978                        1 2.00000E+01 6.00000E+01
h-C013-MT601-Chew-O1799002-E0003.808.1978                        1 1.00000E+01 6.00000E+01
h-C013-MT601-Chew-O1799002-E0003.809.1978                        1 1.00000E+01 7.00000E+01
h-C013-MT601-Chew-O1799002-E0003.815.1978                        1 7.00000E+01 1.40000E+02
h-C013-MT601-Chew-O1799002-E0003.816.1978                        1 4.00000E+01 1.40000E+02
h-C013-MT601-Chew-O1799002-E0003.818.1978                        2 3.00000E+01 1.20000E+02
h-C013-MT601-Chew-O1799002-E0003.824.1978                        1 3.00000E+01 1.10000E+02
h-C013-MT601-Chew-O1799002-E0003.829.1978                        1 5.00000E+01 1.10000E+02
h-C013-MT601-Chew-O1799002-E0003.835.1978                        1 5.00000E+01 1.65000E+02
h-C013-MT601-Chew-O1799002-E0003.912.1978                        1 1.60000E+02 1.65000E+02
h-C013-MT601-Chew-O1799002-E0003.958.1978                        1 1.55000E+02 1.60000E+02
h-C013-MT601-Chew-O1799002-E0003.959.1978                        1 1.45000E+02 1.55000E+02
h-C013-MT601-Chew-O1799002-E0003.977.1978                        1 8.00000E+01 1.45000E+02
h-C013-MT601-Chew-O1799002-E0003.978.1978                        1 8.00000E+01 9.00000E+01
h-C013-MT601-Chew-O1799002-E0003.980.1978                        1 7.00000E+01 9.00000E+01
h-C013-MT601-Chew-O1799002-E0004.004.1978                        1 7.00000E+01 1.00000E+02
h-C013-MT601-Chew-O1799002-E0004.005.1978                        1 1.00000E+02 1.20000E+02
h-C013-MT601-Chew-O1799002-E0004.008.1978                        2 6.00000E+01 1.30000E+02
h-C013-MT601-Chew-O1799002-E0004.009.1978                        1 1.00000E+01 6.00000E+01
h-C013-MT601-Chew-O1799002-E0004.010.1978                        1 1.00000E+01 1.40000E+02
h-C013-MT601-Chew-O1799002-E0004.014.1978                        1 2.00000E+01 1.40000E+02
h-C013-MT601-Chew-O1799002-E0004.017.1978                        1 2.00000E+01 1.10000E+02
h-C013-MT601-Chew-O1799002-E0004.028.1978                        1 4.00000E+01 1.10000E+02
h-C013-MT601-Chew-O1799002-E0004.031.1978                        1 4.00000E+01 5.00000E+01
h-C013-MT601-Chew-O1799002-E0004.036.1978                        1 3.00000E+01 5.00000E+01
h-C013-MT601-Chew-O1799002-E0004.047.1978                        1 3.00000E+01 1.65000E+02
h-C013-MT601-Chew-O1799002-E0004.118.1978                        1 1.60000E+02 1.65000E+02
h-C013-MT601-Chew-O1799002-E0004.137.1978                        1 1.55000E+02 1.60000E+02
h-C013-MT601-Chew-O1799002-E0004.165.1978                        1 8.00000E+01 1.55000E+02
h-C013-MT601-Chew-O1799002-E0004.168.1978                        1 8.00000E+01 9.00000E+01
h-C013-MT601-Chew-O1799002-E0004.170.1978                        1 9.00000E+01 1.45000E+02
h-C013-MT601-Chew-O1799002-E0004.183.1978                        1 1.00000E+02 1.45000E+02
h-C013-MT601-Chew-O1799002-E0004.185.1978                        1 1.00000E+02 1.20000E+02
h-C013-MT601-Chew-O1799002-E0004.196.1978                        1 1.20000E+02 1.30000E+02
h-C013-MT601-Chew-O1799002-E0004.197.1978                        1 2.00000E+01 1.30000E+02
h-C013-MT601-Chew-O1799002-E0004.207.1978                        1 2.00000E+01 6.00000E+01
h-C013-MT601-Chew-O1799002-E0004.209.1978                        1 1.00000E+01 6.00000E+01
h-C013-MT601-Chew-O1799002-E0004.211.1978                        2 1.00000E+01 1.40000E+02
h-C013-MT601-Chew-O1799002-E0004.216.1978                        1 7.00000E+01 1.10000E+02
h-C013-MT601-Chew-O1799002-E0004.217.1978                        1 3.00000E+01 1.10000E+02
h-C013-MT601-Chew-O1799002-E0004.237.1978                        1 3.00000E+01 4.00000E+01
h-C013-MT601-Chew-O1799002-E0004.243.1978                        1 4.00000E+01 5.00000E+01
h-C013-MT601-Chew-O1799002-E0004.248.1978                        1 5.00000E+01 1.65000E+02
h-C013-MT601-Chew-O1799002-E0004.315.1978                        1 1.60000E+02 1.65000E+02
h-C013-MT601-Chew-O1799002-E0004.343.1978                        1 1.55000E+02 1.60000E+02
h-C013-MT601-Chew-O1799002-E0004.353.1978                        1 9.00000E+01 1.55000E+02
h-C013-MT601-Chew-O1799002-E0004.369.1978                        1 8.00000E+01 9.00000E+01
h-C013-MT601-Chew-O1799002-E0004.380.1978                        1 8.00000E+01 1.45000E+02
h-C013-MT601-Chew-O1799002-E0004.381.1978                        1 1.00000E+02 1.45000E+02
h-C013-MT601-Chew-O1799002-E0004.384.1978                        1 1.00000E+02 1.30000E+02
h-C013-MT601-Chew-O1799002-E0004.393.1978                        1 1.00000E+01 1.30000E+02
h-C013-MT601-Chew-O1799002-E0004.401.1978                        1 1.00000E+01 1.20000E+02
h-C013-MT601-Chew-O1799002-E0004.403.1978                        1 1.10000E+02 1.20000E+02
h-C013-MT601-Chew-O1799002-E0004.405.1978                        1 7.00000E+01 1.10000E+02
h-C013-MT601-Chew-O1799002-E0004.406.1978                        1 2.00000E+01 7.00000E+01
h-C013-MT601-Chew-O1799002-E0004.408.1978                        2 2.00000E+01 1.40000E+02
h-C013-MT601-Chew-O1799002-E0004.411.1978                        1 3.00000E+01 6.00000E+01
h-C013-MT601-Chew-O1799002-E0004.427.1978                        1 3.00000E+01 5.00000E+01
h-C013-MT601-Chew-O1799002-E0004.437.1978                        1 4.00000E+01 5.00000E+01
h-C013-MT601-Chew-O1799002-E0004.444.1978                        1 4.00000E+01 1.65000E+02
h-C013-MT601-Chew-O1799002-E0004.522.1978                        1 1.60000E+02 1.65000E+02
h-C013-MT601-Chew-O1799002-E0004.531.1978                        1 1.55000E+02 1.60000E+02
h-C013-MT601-Chew-O1799002-E0004.559.1978                        1 9.00000E+01 1.55000E+02
h-C013-MT601-Chew-O1799002-E0004.567.1978                        1 8.00000E+01 9.00000E+01
h-C013-MT601-Chew-O1799002-E0004.570.1978                        1 8.00000E+01 1.45000E+02
h-C013-MT601-Chew-O1799002-E0004.577.1978                        1 7.00000E+01 1.45000E+02
h-C013-MT601-Chew-O1799002-E0004.585.1978                        1 7.00000E+01 1.30000E+02
h-C013-MT601-Chew-O1799002-E0004.591.1978                        1 1.00000E+02 1.30000E+02
h-C013-MT601-Chew-O1799002-E0004.592.1978                        1 1.00000E+02 1.20000E+02
h-C013-MT601-Chew-O1799002-E0004.600.1978                        1 1.00000E+01 1.20000E+02
h-C013-MT601-Chew-O1799002-E0004.602.1978                        1 1.00000E+01 1.40000E+02
h-C013-MT601-Chew-O1799002-E0004.606.1978                        1 2.00000E+01 1.40000E+02
h-C013-MT601-Chew-O1799002-E0004.609.1978                        1 2.00000E+01 6.00000E+01
h-C013-MT601-Chew-O1799002-E0004.611.1978                        2 3.00000E+01 1.10000E+02
h-C013-MT601-Chew-O1799002-E0004.627.1978                        1 3.00000E+01 4.00000E+01
h-C013-MT601-Chew-O1799002-E0004.633.1978                        1 4.00000E+01 5.00000E+01
h-C013-MT601-Chew-O1799002-E0004.638.1978                        1 5.00000E+01 1.65000E+02
h-C013-MT601-Chew-O1799002-E0004.719.1978                        1 1.60000E+02 1.65000E+02
h-C013-MT601-Chew-O1799002-E0004.729.1978                        1 1.55000E+02 1.60000E+02
h-C013-MT601-Chew-O1799002-E0004.765.1978                        1 1.45000E+02 1.55000E+02
h-C013-MT601-Chew-O1799002-E0004.775.1978                        1 8.00000E+01 1.45000E+02
h-C013-MT601-Chew-O1799002-E0004.782.1978                        1 8.00000E+01 9.00000E+01
h-C013-MT601-Chew-O1799002-E0004.784.1978                        1 9.00000E+01 1.30000E+02
h-C013-MT601-Chew-O1799002-E0004.788.1978                        1 7.00000E+01 1.30000E+02
h-C013-MT601-Chew-O1799002-E0004.797.1978                        2 7.00000E+01 1.20000E+02
h-C013-MT601-Chew-O1799002-E0004.799.1978                        1 1.00000E+02 1.10000E+02
h-C013-MT601-Chew-O1799002-E0004.800.1978                        1 6.00000E+01 1.00000E+02
h-C013-MT601-Chew-O1799002-E0004.802.1978                        1 2.00000E+01 6.00000E+01
h-C013-MT601-Chew-O1799002-E0004.810.1978                        1 2.00000E+01 1.40000E+02
h-C013-MT601-Chew-O1799002-E0004.813.1978                        1 1.00000E+01 1.40000E+02
h-C013-MT601-Chew-O1799002-E0004.814.1978                        1 1.00000E+01 4.00000E+01
h-C013-MT601-Chew-O1799002-E0004.823.1978                        1 3.00000E+01 4.00000E+01
h-C013-MT601-Chew-O1799002-E0004.828.1978                        1 3.00000E+01 5.00000E+01
h-C013-MT601-Chew-O1799002-E0004.839.1978                        1 5.00000E+01 1.65000E+02
h-C013-MT601-Chew-O1799002-E0004.916.1978                        1 1.60000E+02 1.65000E+02
h-C013-MT601-Chew-O1799002-E0004.945.1978                        1 1.55000E+02 1.60000E+02
h-C013-MT601-Chew-O1799002-E0004.955.1978                        1 9.00000E+01 1.55000E+02
h-C013-MT601-Chew-O1799002-E0004.982.1978                        2 8.00000E+01 1.45000E+02
h-C013-MT601-Chew-O1799002-E0004.983.1978                        1 8.00000E+01 1.00000E+02
h-C013-MT601-Chew-O1799002-E0004.989.1978                        1 1.00000E+02 1.20000E+02
h-C013-MT601-Chew-O1799002-E0004.995.1978                        1 7.00000E+01 1.20000E+02
h-C013-MT601-Chew-O1799002-E0004.998.1978                        1 2.00000E+01 7.00000E+01
h-C013-MT601-Chew-O1799002-E0004.999.1978                        1 2.00000E+01 6.00000E+01
h-C013-MT601-Chew-O1799002-E0005.002.1978                        1 6.00000E+01 1.30000E+02
h-C013-MT601-Chew-O1799002-E0005.003.1978                        1 1.00000E+01 1.30000E+02
h-C013-MT601-Chew-O1799002-E0005.004.1978                        1 1.00000E+01 1.10000E+02
h-C013-MT601-Chew-O1799002-E0005.006.1978                        1 1.10000E+02 1.40000E+02
h-C013-MT601-Chew-O1799002-E0005.011.1978                        1 3.00000E+01 1.40000E+02
h-C013-MT601-Chew-O1799002-E0005.018.1978                        2 3.00000E+01 5.00000E+01
h-C013-MT601-Chew-O1799002-E0005.023.1978                        1 4.00000E+01 1.65000E+02
h-C013-MT601-Chew-O1799002-E0005.114.1978                        1 1.60000E+02 1.65000E+02
h-C013-MT601-Chew-O1799002-E0005.142.1978                        1 1.55000E+02 1.60000E+02
h-C013-MT601-Chew-O1799002-E0005.170.1978                        1 1.45000E+02 1.55000E+02
h-C013-MT601-Chew-O1799002-E0005.171.1978                        1 8.00000E+01 1.45000E+02
h-C013-MT601-Chew-O1799002-E0005.173.1978                        1 7.00000E+01 8.00000E+01
h-C013-MT601-Chew-O1799002-E0005.188.1978                        1 2.00000E+01 7.00000E+01
h-C013-MT601-Chew-O1799002-E0005.189.1978                        1 2.00000E+01 9.00000E+01
h-C013-MT601-Chew-O1799002-E0005.190.1978                        1 1.00000E+01 9.00000E+01
h-C013-MT601-Chew-O1799002-E0005.193.1978                        1 1.00000E+01 1.00000E+02
h-C013-MT601-Chew-O1799002-E0005.197.1978                        1 1.00000E+02 1.20000E+02
h-C013-MT601-Chew-O1799002-E0005.201.1978                        1 1.20000E+02 1.30000E+02
h-C013-MT601-Chew-O1799002-E0005.202.1978                        1 6.00000E+01 1.30000E+02
h-C013-MT601-Chew-O1799002-E0005.203.1978                        1 6.00000E+01 1.10000E+02
h-C013-MT601-Chew-O1799002-E0005.212.1978                        1 1.10000E+02 1.40000E+02
h-C013-MT601-Chew-O1799002-E0005.218.1978                        1 3.00000E+01 1.40000E+02
h-C013-MT601-Chew-O1799002-E0005.219.1978                        1 3.00000E+01 4.00000E+01
h-C013-MT601-Chew-O1799002-E0005.225.1978                        1 4.00000E+01 5.00000E+01
h-C013-MT601-Chew-O1799002-E0005.230.1978                        1 5.00000E+01 1.65000E+02
h-C013-MT601-Chew-O1799002-E0005.313.1978                        1 1.60000E+02 1.65000E+02
h-C013-MT601-Chew-O1799002-E0005.340.1978                        1 1.55000E+02 1.60000E+02
h-C013-MT601-Chew-O1799002-E0005.368.1978                        1 8.00000E+01 1.55000E+02
h-C013-MT601-Chew-O1799002-E0005.374.1978                        1 8.00000E+01 1.45000E+02
h-C013-MT601-Chew-O1799002-E0005.387.1978                        1 7.00000E+01 1.45000E+02
h-C013-MT601-Chew-O1799002-E0005.389.1978                        2 1.00000E+01 9.00000E+01
h-C013-MT601-Chew-O1799002-E0005.394.1978                        1 1.00000E+01 1.20000E+02
h-C013-MT601-Chew-O1799002-E0005.399.1978                        1 2.00000E+01 1.20000E+02
h-C013-MT601-Chew-O1799002-E0005.401.1978                        1 2.00000E+01 6.00000E+01
h-C013-MT601-Chew-O1799002-E0005.405.1978                        2 6.00000E+01 1.30000E+02
h-C013-MT601-Chew-O1799002-E0005.408.1978                        1 1.10000E+02 1.30000E+02
h-C013-MT601-Chew-O1799002-E0005.410.1978                        1 1.10000E+02 1.40000E+02
h-C013-MT601-Chew-O1799002-E0005.415.1978                        1 5.00000E+01 1.40000E+02
h-C013-MT601-Chew-O1799002-E0005.420.1978                        1 4.00000E+01 5.00000E+01
h-C013-MT601-Chew-O1799002-E0005.426.1978                        1 3.00000E+01 4.00000E+01
h-C013-MT601-Chew-O1799002-E0005.431.1978                        1 3.00000E+01 1.65000E+02
h-C013-MT601-Chew-O1799002-E0005.519.1978                        1 1.60000E+02 1.65000E+02
h-C013-MT601-Chew-O1799002-E0005.547.1978                        1 1.55000E+02 1.60000E+02
h-C013-MT601-Chew-O1799002-E0005.565.1978                        1 8.00000E+01 1.55000E+02
h-C013-MT601-Chew-O1799002-E0005.575.1978                        1 8.00000E+01 1.45000E+02
h-C013-MT601-Chew-O1799002-E0005.585.1978                        1 7.00000E+01 1.45000E+02
h-C013-MT601-Chew-O1799002-E0005.590.1978                        1 1.00000E+01 7.00000E+01
h-C013-MT601-Chew-O1799002-E0005.595.1978                        1 1.00000E+01 1.20000E+02
h-C013-MT601-Chew-O1799002-E0005.596.1978                        1 9.00000E+01 1.20000E+02
h-C013-MT601-Chew-O1799002-E0005.597.1978                        1 2.00000E+01 9.00000E+01
h-C013-MT601-Chew-O1799002-E0005.602.1978                        1 2.00000E+01 1.00000E+02
h-C013-MT601-Chew-O1799002-E0005.603.1978                        1 6.00000E+01 1.00000E+02
h-C013-MT601-Chew-O1799002-E0005.605.1978                        2 6.00000E+01 1.40000E+02
h-C013-MT601-Chew-O1799002-E0005.612.1978                        1 1.10000E+02 1.40000E+02
h-C013-MT601-Chew-O1799002-E0005.616.1978                        1 3.00000E+01 1.10000E+02
h-C013-MT601-Chew-O1799002-E0005.621.1978                        1 3.00000E+01 4.00000E+01
h-C013-MT601-Chew-O1799002-E0005.626.1978                        1 4.00000E+01 5.00000E+01
h-C013-MT601-Chew-O1799002-E0005.632.1978                        1 5.00000E+01 1.65000E+02
h-C013-MT601-Chew-O1799002-E0005.698.1978                        1 1.60000E+02 1.65000E+02
h-C013-MT601-Chew-O1799002-E0005.735.1978                        1 1.55000E+02 1.60000E+02
h-C013-MT601-Chew-O1799002-E0005.772.1978                        1 8.00000E+01 1.55000E+02
h-C013-MT601-Chew-O1799002-E0005.776.1978                        1 1.00000E+01 8.00000E+01
h-C013-MT601-Chew-O1799002-E0005.784.1978                        1 1.00000E+01 7.00000E+01
h-C013-MT601-Chew-O1799002-E0005.791.1978                        1 7.00000E+01 1.30000E+02
h-C013-MT601-Chew-O1799002-E0005.793.1978                        1 1.20000E+02 1.30000E+02
h-C013-MT601-Chew-O1799002-E0005.794.1978                        1 9.00000E+01 1.20000E+02
h-C013-MT601-Chew-O1799002-E0005.795.1978                        1 9.00000E+01 1.45000E+02
h-C013-MT601-Chew-O1799002-E0005.800.1978                        1 1.00000E+02 1.45000E+02
h-C013-MT601-Chew-O1799002-E0005.802.1978                        1 2.00000E+01 1.00000E+02
h-C013-MT601-Chew-O1799002-E0005.803.1978                        1 2.00000E+01 6.00000E+01
h-C013-MT601-Chew-O1799002-E0005.806.1978                        1 6.00000E+01 1.40000E+02
h-C013-MT601-Chew-O1799002-E0005.810.1978                        1 1.10000E+02 1.40000E+02
h-C013-MT601-Chew-O1799002-E0005.813.1978                        1 4.00000E+01 1.10000E+02
h-C013-MT601-Chew-O1799002-E0005.827.1978                        1 3.00000E+01 4.00000E+01
h-C013-MT601-Chew-O1799002-E0005.832.1978                        1 3.00000E+01 5.00000E+01
h-C013-MT601-Chew-O1799002-E0005.833.1978                        1 5.00000E+01 1.65000E+02
h-C013-MT601-Chew-O1799002-E0005.922.1978                        1 1.60000E+02 1.65000E+02
h-C013-MT601-Chew-O1799002-E0005.950.1978                        1 1.55000E+02 1.60000E+02
h-C013-MT601-Chew-O1799002-E0005.960.1978                        1 8.00000E+01 1.55000E+02
h-C013-MT601-Chew-O1799002-E0005.977.1978                        1 8.00000E+01 1.45000E+02
h-C013-MT601-Chew-O1799002-E0005.979.1978                        1 9.00000E+01 1.45000E+02
h-C013-MT601-Chew-O1799002-E0005.985.1978                        1 7.00000E+01 9.00000E+01
h-C013-MT601-Chew-O1799002-E0005.992.1978                        1 7.00000E+01 1.20000E+02
h-C013-MT601-Chew-O1799002-E0006.000.1978                        2 2.00000E+01 1.30000E+02
h-C013-MT601-Chew-O1799002-E0006.003.1978                        1 1.00000E+01 2.00000E+01
h-C013-MT601-Chew-O1799002-E0006.007.1978                        2 1.00000E+01 1.40000E+02
h-C013-MT601-Chew-O1799002-E0006.008.1978                        1 6.00000E+01 1.00000E+02
h-C013-MT601-Chew-O1799002-E0006.010.1978                        1 4.00000E+01 1.00000E+02
h-C013-MT601-Chew-O1799002-E0006.016.1978                        1 4.00000E+01 1.10000E+02
h-C013-MT601-Chew-O1799002-E0006.020.1978                        1 3.00000E+01 1.10000E+02
h-C013-MT601-Chew-O1799002-E0006.022.1978                        1 3.00000E+01 5.00000E+01
h-C013-MT601-Chew-O1799002-E0006.023.1978                        1 5.00000E+01 1.65000E+02
h-C013-MT601-Chew-O1799002-E0006.110.1978                        1 1.60000E+02 1.65000E+02
h-C013-MT601-Chew-O1799002-E0006.138.1978                        1 1.55000E+02 1.60000E+02
h-C013-MT601-Chew-O1799002-E0006.148.1978                        1 1.45000E+02 1.55000E+02
h-C013-MT601-Chew-O1799002-E0006.175.1978                        1 8.00000E+01 1.45000E+02
h-C013-MT601-Chew-O1799002-E0006.178.1978                        1 7.00000E+01 8.00000E+01
h-C013-MT601-Chew-O1799002-E0006.182.1978                        1 1.00000E+01 7.00000E+01
h-C013-MT601-Chew-O1799002-E0006.186.1978                        1 1.00000E+01 9.00000E+01
h-C013-MT601-Chew-O1799002-E0006.193.1978                        1 9.00000E+01 1.20000E+02
h-C013-MT601-Chew-O1799002-E0006.197.1978                        1 6.00000E+01 1.20000E+02
h-C013-MT601-Chew-O1799002-E0006.198.1978                        1 6.00000E+01 1.30000E+02
h-C013-MT601-Chew-O1799002-E0006.199.1978                        1 1.00000E+02 1.30000E+02
h-C013-MT601-Chew-O1799002-E0006.200.1978                        1 2.00000E+01 1.00000E+02
h-C013-MT601-Chew-O1799002-E0006.204.1978                        2 2.00000E+01 1.40000E+02
h-C013-MT601-Chew-O1799002-E0006.206.1978                        1 3.00000E+01 4.00000E+01
h-C013-MT601-Chew-O1799002-E0006.212.1978                        1 3.00000E+01 1.10000E+02
h-C013-MT601-Chew-O1799002-E0006.217.1978                        1 5.00000E+01 1.10000E+02
h-C013-MT601-Chew-O1799002-E0006.224.1978                        1 5.00000E+01 1.65000E+02
h-C013-MT601-Chew-O1799002-E0006.316.1978                        1 1.60000E+02 1.65000E+02
h-C013-MT601-Chew-O1799002-E0006.335.1978                        1 1.55000E+02 1.60000E+02
h-C013-MT601-Chew-O1799002-E0006.362.1978                        1 8.00000E+01 1.55000E+02
h-C013-MT601-Chew-O1799002-E0006.379.1978                        1 8.00000E+01 1.45000E+02
h-C013-MT601-Chew-O1799002-E0006.382.1978                        1 1.00000E+01 1.45000E+02
h-C013-MT601-Chew-O1799002-E0006.387.1978                        1 1.00000E+01 9.00000E+01
h-C013-MT601-Chew-O1799002-E0006.392.1978                        1 2.00000E+01 9.00000E+01
h-C013-MT601-Chew-O1799002-E0006.394.1978                        3 2.00000E+01 1.30000E+02
h-C013-MT601-Chew-O1799002-E0006.396.1978                        1 6.00000E+01 1.30000E+02
h-C013-MT601-Chew-O1799002-E0006.399.1978                        1 6.00000E+01 1.10000E+02
h-C013-MT601-Chew-O1799002-E0006.406.1978                        1 1.00000E+02 1.10000E+02
h-C013-MT601-Chew-O1799002-E0006.408.1978                        1 1.00000E+02 1.40000E+02
h-C013-MT601-Chew-O1799002-E0006.409.1978                        1 3.00000E+01 1.40000E+02
h-C013-MT601-Chew-O1799002-E0006.413.1978                        1 3.00000E+01 4.00000E+01
h-C013-MT601-Chew-O1799002-E0006.419.1978                        1 4.00000E+01 5.00000E+01
h-C013-MT601-Chew-O1799002-E0006.425.1978                        1 5.00000E+01 1.65000E+02
h-C013-MT601-Chew-O1799002-E0006.515.1978                        1 1.60000E+02 1.65000E+02
h-C013-MT601-Chew-O1799002-E0006.542.1978                        1 1.55000E+02 1.60000E+02
h-C013-MT601-Chew-O1799002-E0006.561.1978                        1 8.00000E+01 1.55000E+02
h-C013-MT601-Chew-O1799002-E0006.569.1978                        1 7.00000E+01 8.00000E+01
h-C013-MT601-Chew-O1799002-E0006.574.1978                        1 7.00000E+01 1.45000E+02
h-C013-MT601-Chew-O1799002-E0006.580.1978                        1 9.00000E+01 1.45000E+02
h-C013-MT601-Chew-O1799002-E0006.581.1978                        1 1.00000E+01 9.00000E+01
h-C013-MT601-Chew-O1799002-E0006.588.1978                        1 1.00000E+01 6.00000E+01
h-C013-MT601-Chew-O1799002-E0006.600.1978                        3 2.00000E+01 1.30000E+02
h-C013-MT601-Chew-O1799002-E0006.606.1978                        1 2.00000E+01 1.40000E+02
h-C013-MT601-Chew-O1799002-E0006.607.1978                        1 1.10000E+02 1.40000E+02
h-C013-MT601-Chew-O1799002-E0006.612.1978                        1 3.00000E+01 1.10000E+02
h-C013-MT601-Chew-O1799002-E0006.614.1978                        1 3.00000E+01 5.00000E+01
h-C013-MT601-Chew-O1799002-E0006.615.1978                        2 4.00000E+01 1.00000E+02
h-C013-MT601-Chew-O1799002-E0006.620.1978                        1 4.00000E+01 1.10000E+02
