#              Filename                                         N    min         max
n-Ni059-MT151-Harvey-106800041.1976                             13 2.03400E-04 1.15300E-02
n-Ni059-MT151-Harvey-106800041A001.1976                         13 2.03400E-04 1.15300E-02
n-Ni059-MT151-Harvey-106800042.1976                              8 2.03400E-04 1.15300E-02
n-Ni059-MT151-Harvey-106800042A001.1976                          8 2.03400E-04 1.15300E-02
n-Ni059-MT151-Harvey-106800043.1976                              5 2.03400E-04 9.10300E-03
n-Ni059-MT151-Harvey-106800043A001.1976                          5 2.03400E-04 9.10300E-03
n-Ni059-MT151-Harvey-106800045.1976                             11 2.03400E-04 1.15300E-02
n-Ni059-MT151-Harvey-106800045A001.1976                         11 2.03400E-04 1.15300E-02
n-Ni059-MT151-Harvey-106800046.1976                              7 2.03400E-04 9.10300E-03
n-Ni059-MT151-Harvey-106800046A001.1976                          7 2.03400E-04 9.10300E-03
n-Ni059-MT151-Harvey-106800051.1976                             11 2.03400E-04 1.72000E-02
n-Ni059-MT151-Harvey-106800051A001.1976                         11 2.03400E-04 1.72000E-02
n-Ni059-MT151-Kirouac-105400031.1975                             1 2.03100E-04 2.03100E-04
n-Ni059-MT151-Kirouac-105400031A001.1975                         1 2.03100E-04 2.03100E-04
n-Ni059-MT151-Kirouac-105400032.1975                             1 2.03100E-04 2.03100E-04
n-Ni059-MT151-Kirouac-105400032A001.1975                         1 2.03100E-04 2.03100E-04
n-Ni059-MT151-Kirouac-105400033.1975                             1 2.03100E-04 2.03100E-04
n-Ni059-MT151-Kirouac-105400033A001.1975                         1 2.03100E-04 2.03100E-04
n-Ni059-MT151-Kirouac-105400035.1975                             1 2.03100E-04 2.03100E-04
n-Ni059-MT151-Kirouac-105400035A001.1975                         1 2.03100E-04 2.03100E-04
n-Ni059-MT151-Kirouac-105400036.1975                             1 2.03100E-04 2.03100E-04
n-Ni059-MT151-Kirouac-105400036A001.1975                         1 2.03100E-04 2.03100E-04
n-Ni059-MT151-Kirouac-105400061.1975                             1 2.03100E-04 2.03100E-04
n-Ni059-MT151-Kirouac-105400061A001.1975                         1 2.03100E-04 2.03100E-04
n-Ni059-MT151-Kirouac-105400062.1975                             1 2.03100E-04 2.03100E-04
n-Ni059-MT151-Kirouac-105400062A001.1975                         1 2.03100E-04 2.03100E-04
