#              Filename                                         N    min         max
p-Al027-MT800-Abuzeid-F1033002-E0001.185.1963                  220 1.50000E+02 1.50000E+02
p-Al027-MT800-Blanke-F0631005-E0007.400.1983                    68 1.77600E+02 1.77600E+02
p-Al027-MT800-Blanke-F0631006-E0007.561.1983                   113 1.77600E+02 1.77600E+02
p-Al027-MT800-Blanke-F0631007-E0007.605.1983                    56 1.77600E+02 1.77600E+02
p-Al027-MT800-Fischer-F0969002-E0010.870.1958                   36 1.49000E+01 1.35700E+02
p-Al027-MT800-Fischer-F0969004-E0009.681.1958                   49 4.50000E+01 4.50000E+01
p-Al027-MT800-Galanina-F1288002-E0007.400.2016                  22 2.50000E+01 1.60000E+02
p-Al027-MT800-Lawrence-F1070002-E0006.006.1965                   1 9.00000E+01 1.35000E+02
p-Al027-MT800-Lawrence-F1070002-E0006.007.1965                   1 9.00000E+01 9.00000E+01
p-Al027-MT800-Mehta-F1086004-E0003.532.1966                    595 9.03000E+01 9.03000E+01
p-Al027-MT800-Ogata-E2039002-E0010.650.1960                     16 2.00000E+01 1.70000E+02
p-Al027-MT800-Ogata-E2039003-E0010.830.1960                     16 2.00000E+01 1.70000E+02
p-Al027-MT800-Ogata-E2039004-E0010.990.1960                     16 2.00000E+01 1.70000E+02
p-Al027-MT800-Ogata-E2039005-E0011.110.1960                     16 2.00000E+01 1.70000E+02
p-Al027-MT800-Ogata-E2039006-E0011.220.1960                     16 2.00000E+01 1.70000E+02
p-Al027-MT800-Ogata-E2039007-E0011.250.1960                     16 2.00000E+01 1.70000E+02
p-Al027-MT800-Ogata-E2039008-E0011.410.1960                     16 2.00000E+01 1.70000E+02
p-Al027-MT800-Ogata-E2039009-E0011.450.1960                     16 2.00000E+01 1.70000E+02
p-Al027-MT800-Ogata-E2039010-E0011.530.1960                     16 2.00000E+01 1.70000E+02
p-Al027-MT800-Ogata-E2039011-E0011.700.1960                     16 2.00000E+01 1.70000E+02
p-Al027-MT800-Ogata-E2039012-E0011.800.1960                     16 2.00000E+01 1.70000E+02
p-Al027-MT800-Ogata-E2039013-E0011.910.1960                     16 2.00000E+01 1.70000E+02
p-Al027-MT800-Ogata-E2039014-E0012.080.1960                     16 2.00000E+01 1.70000E+02
p-Al027-MT800-Ogata-E2039015-E0012.170.1960                     16 2.00000E+01 1.70000E+02
p-Al027-MT800-Ogata-E2039016-E0012.250.1960                     16 2.00000E+01 1.70000E+02
p-Al027-MT800-Ogata-E2039017-E0012.370.1960                     16 2.00000E+01 1.70000E+02
p-Al027-MT800-Ogata-E2039018-E0012.500.1960                     16 2.00000E+01 1.70000E+02
p-Al027-MT800-Ogata-E2039019-E0012.580.1960                     16 1.99000E+01 1.70000E+02
p-Al027-MT800-Ogata-E2039020-E0012.670.1960                     16 1.99000E+01 1.70000E+02
p-Al027-MT800-Ogata-E2039021-E0012.780.1960                     16 1.99000E+01 1.70000E+02
p-Al027-MT800-Ogata-E2039022-E0012.850.1960                     16 1.99000E+01 1.70000E+02
p-Al027-MT800-Ogata-E2039023-E0012.940.1960                     16 1.99000E+01 1.70000E+02
p-Al027-MT800-Ogata-E2039024-E0013.050.1960                     16 1.99000E+01 1.70000E+02
p-Al027-MT800-Ogata-E2039025-E0013.160.1960                     16 1.99000E+01 1.70000E+02
p-Al027-MT800-Ogata-E2039026-E0013.310.1960                     16 2.00000E+01 1.70000E+02
p-Al027-MT800-Ogata-E2039027-E0013.390.1960                     16 2.00000E+01 1.70000E+02
p-Al027-MT800-Ogata-E2039028-E0013.460.1960                     16 2.00000E+01 1.70000E+02
p-Al027-MT800-Ogata-E2039029-E0013.610.1960                     16 2.00000E+01 1.70000E+02
p-Al027-MT800-Ogata-E2039030-E0013.710.1960                     16 2.00000E+01 1.70000E+02
p-Al027-MT800-Ogata-E2039031-E0013.830.1960                     16 2.00000E+01 1.70000E+02
p-Al027-MT800-Ogata-E2039032-E0013.960.1960                     16 2.00000E+01 1.70000E+02
p-Al027-MT800-Ogata-E2039033-E0014.060.1960                     16 2.00000E+01 1.70000E+02
p-Al027-MT800-Ogata-E2039034-E0014.160.1960                     16 2.00000E+01 1.70000E+02
p-Al027-MT800-Ogata-E2039035-E0014.280.1960                     16 2.00000E+01 1.70000E+02
p-Al027-MT800-Ogata-E2039036-E0014.450.1960                     16 2.00000E+01 1.70000E+02
p-Al027-MT800-Ogata-E2039037-E0014.500.1960                     16 2.00000E+01 1.70000E+02
p-Al027-MT800-Ogata-E2039038-E0014.550.1960                     16 2.00000E+01 1.70000E+02
p-Al027-MT800-Warsh-F1039002-E0003.474.1963                    467 9.00000E+01 9.00000E+01
p-Al027-MT800-Warsh-F1039003-E0010.000.1963                     33 1.98000E+01 1.69200E+02
p-Al027-MT800-Warsh-F1039003-E0010.500.1963                     34 1.98000E+01 1.68200E+02
p-Al027-MT800-Warsh-F1039003-E0011.000.1963                     32 1.71000E+01 1.70600E+02
p-Al027-MT800-Warsh-F1039003-E0011.500.1963                     34 1.71000E+01 1.69800E+02
p-Al027-MT800-Warsh-F1039003-E0012.000.1963                     37 1.99000E+01 1.70300E+02
p-Al027-MT800-Yamashita-E2231006-E0007.400.1961                 16 1.99000E+01 1.59800E+02
p-Al027-MT800-Yamashita-E2231007-E0007.000.1961                 16 1.96000E+01 1.59700E+02
p-Al027-MT800-Yamashita-E2231008-E0006.500.1961                 16 2.01000E+01 1.60200E+02
p-Al027-MT800-Yamashita-E2231009-E0006.100.1961                 15 1.99000E+01 1.60400E+02
