#              Filename                                         N    min         max
n-Y089-MT002-Becker-11511019-ang-E0003.200.1966                 13 2.00000E+01 1.40000E+02
n-Y089-MT002-Bostrom-11130010-ang-E0003.670.1959                39 2.01000E+01 1.40000E+02
n-Y089-MT002-Bostrom-11130013-ang-E0001.450.1959                11 2.01000E+01 1.40000E+02
n-Y089-MT002-Bostrom-11130013-ang-E0001.450A001.1959            11 2.01000E+01 1.40000E+02
n-Y089-MT002-Cox-10332012-ang-E0000.889.1972                     8 2.10000E+01 1.57000E+02
n-Y089-MT002-Cox-10332012-ang-E0000.889A001.1972                 8 2.10000E+01 1.57000E+02
n-Y089-MT002-Hansen-12935007-ang-E0014.600.1985                 15 9.30001E+00 1.59230E+02
n-Y089-MT002-Honore-12994002-ang-E0007.962.1986                 28 1.97000E+01 1.61700E+02
n-Y089-MT002-Honore-12994002-ang-E0009.954.1986                 30 1.94000E+01 1.61200E+02
n-Y089-MT002-Honore-12994002-ang-E0011.944.1986                 29 1.94000E+01 1.60600E+02
n-Y089-MT002-Honore-12994002-ang-E0013.934.1986                 30 1.93000E+01 1.59900E+02
n-Y089-MT002-Honore-12994002-ang-E0016.928.1986                 32 1.93000E+01 1.60000E+02
n-Y089-MT002-Landon-11717008-ang-E0002.200.1958                 14 3.09000E+01 1.35600E+02
n-Y089-MT002-Lawson-12979002-ang-E0004.500.1986                 38 1.93000E+01 1.57000E+02
n-Y089-MT002-Lawson-12979002-ang-E0005.000.1986                 38 2.01000E+01 1.57000E+02
n-Y089-MT002-Leshchenko-40088009-ang-E0014.000.1972             12 2.00000E+01 1.30000E+02
n-Y089-MT002-Mcdaniel-10770012-ang-E0002.750.1977               14 3.00000E+01 1.55000E+02
n-Y089-MT002-Mcdaniel-10770012-ang-E0002.750A001.1977           14 3.00000E+01 1.55000E+02
n-Y089-MT002-Mellema-12774002-ang-E0011.000.1987                30 1.50000E+01 1.59100E+02
n-Y089-MT002-Oehrn-22987003-ang-E0096.000.2008                  32 9.40003E+00 7.00000E+01
n-Y089-MT002-Oehrn-22987006-ang-E0096.000.2008                   1 0.00000E+00 0.00000E+00
n-Y089-MT002-Olsson-22048020-ang-E0021.600.1987                 48 1.00000E+01 1.60000E+02
n-Y089-MT002-Perey-10130002-ang-E0005.500.1970                  23 1.50000E+01 1.13000E+02
n-Y089-MT002-Perey-10130002-ang-E0005.500A001.1970              23 1.50000E+01 1.13000E+02
n-Y089-MT002-Perey-10130002-ang-E0006.440.1970                  23 1.50000E+01 1.27000E+02
n-Y089-MT002-Schreder-22121007-ang-E0007.750.1989               31 2.70000E+01 1.24000E+02
n-Y089-MT002-Towle-21331002-ang-E0003.770.1969                  13 3.00000E+01 1.35000E+02
n-Y089-MT002-Towle-21331003-ang-E0002.350.1969                  13 3.01000E+01 1.35100E+02
n-Y089-MT002-Trykova-40338004-ang-E0004.370.1975                14 2.00000E+01 1.50000E+02
n-Y089-MT002-Wilenzick-11287015-ang-E0006.040.1965              14 1.97000E+01 1.50100E+02
n-Y089-MT002-Yiming-12790002-ang-E0011.000.1982                 27 1.51700E+01 1.45370E+02
