#              Filename                                         N    min         max
p-C012-MT602-Barnard-O0256023-ang-E0011.600.1966                21 2.38000E+01 1.58600E+02
p-C012-MT602-Daehnick-D0511004-ang-E0018.000.1964               32 1.41030E+01 1.64980E+02
p-C012-MT602-Daehnick-D0511005-ang-E0014.800.1964               10 1.32960E+01 1.29290E+02
p-C012-MT602-Daehnick-D0511005-ang-E0015.200.1964               13 1.39390E+01 1.59600E+02
p-C012-MT602-Daehnick-D0511005-ang-E0015.600.1964               14 1.39520E+01 1.59920E+02
p-C012-MT602-Daehnick-D0511005-ang-E0016.000.1964               13 1.41200E+01 1.58490E+02
p-C012-MT602-Daehnick-D0511005-ang-E0016.400.1964               13 1.28910E+01 1.57720E+02
p-C012-MT602-Daehnick-D0511005-ang-E0016.800.1964               15 1.28910E+01 1.57660E+02
p-C012-MT602-Daehnick-D0511005-ang-E0017.000.1964               15 1.46640E+01 1.59040E+02
p-C012-MT602-Daehnick-D0511005-ang-E0017.300.1964               13 1.70460E+01 1.59200E+02
p-C012-MT602-Daehnick-D0511005-ang-E0017.600.1964               15 1.64300E+01 1.59890E+02
p-C012-MT602-Daehnick-D0511005-ang-E0018.000.1964               15 1.64300E+01 1.59560E+02
p-C012-MT602-Daehnick-D0511005-ang-E0018.400.1964               14 1.59010E+01 1.59960E+02
p-C012-MT602-Daehnick-D0511005-ang-E0018.800.1964               14 1.56960E+01 1.59730E+02
p-C012-MT602-Daehnick-D0511005-ang-E0019.200.1964               14 1.56960E+01 1.59950E+02
p-C012-MT602-Fannon-O0056004-ang-E0049.480.1967                 26 1.01000E+01 1.14600E+02
p-C012-MT602-Freer-C1757004-ang-E0066.000.2009                   3 1.02000E+01 2.87000E+01
p-C012-MT602-Harada-E1761105-ang-E0026.000.1999                 14 2.04000E+01 1.50400E+02
p-C012-MT602-Horowitz-C2389003-ang-E0100.000.1970               10 1.11000E+01 5.88000E+01
p-C012-MT602-Kato-E0926006-ang-E0065.000.1985                   20 2.02000E+01 1.15300E+02
p-C012-MT602-Kirkdickens-O0212016-ang-E0021.600.1963            23 4.95000E+01 1.61600E+02
p-C012-MT602-Kirkdickens-O0212017-ang-E0024.100.1963            23 4.13000E+01 1.58200E+02
p-C012-MT602-Kirkdickens-O0212018-ang-E0026.100.1963            24 2.85000E+01 1.57500E+02
p-C012-MT602-Kirkdickens-O0212019-ang-E0027.800.1963            26 1.93000E+01 1.56500E+02
p-C012-MT602-Kirkdickens-O0331004-ang-E0031.100.1963           142 1.91000E+01 1.57900E+02
p-C012-MT602-Pignanelli-F0256008-ang-E0029.500.1986             33 9.09999E+00 1.68400E+02
p-C012-MT602-Pignanelli-F0256008-ang-E0035.200.1986             33 9.09999E+00 1.68100E+02
p-C012-MT602-Pignanelli-F0256008-ang-E0039.900.1986             31 2.01000E+01 1.69900E+02
p-C012-MT602-Stovall-O0166004-ang-E0039.700.1964                 7 1.04000E+01 4.00000E+01
p-C012-MT602-Tamii-E1807008-ang-E0392.000.1999                   3 5.00068E-01 5.00068E-01
p-C012-MT602-Zimmerman-C1856002-ang-E0025.000.2011              11 2.20000E+01 5.02000E+01
