#              Filename                                         N    min         max
n-Zn000-MT001-Abuelela-30217002.1968                           112 2.28000E-09 1.06900E-07
n-Zn000-MT001-Adair-11636004.1950                               11 2.11000E-01 1.02400E+00
n-Zn000-MT001-Angeli-30141009.1971                               1 1.47000E+01 1.47000E+01
n-Zn000-MT001-Bratenahl-11155015.1958                            5 7.05000E+00 1.40700E+01
n-Zn000-MT001-Bratenahl-11155015A001.1958                        5 7.05000E+00 1.40700E+01
n-Zn000-MT001-Bubb-10379009.1974                                 5 2.29000E+01 4.41500E+01
n-Zn000-MT001-Bubb-10379009A001.1974                             5 2.29000E+01 4.41500E+01
n-Zn000-MT001-Bubb-10379010.1974                                 3 2.13000E+01 3.82000E+01
n-Zn000-MT001-Bubb-10379010A001.1974                             3 2.13000E+01 3.82000E+01
n-Zn000-MT001-Carlson-11497012.1967                             61 4.53100E+00 7.56400E+00
n-Zn000-MT001-Cook-11146012.1949                                 1 8.30000E+01 8.30000E+01
n-Zn000-MT001-Cook-11146012A001.1949                             1 8.30000E+01 8.30000E+01
n-Zn000-MT001-Coon-12524026.1952                                 1 1.41200E+01 1.41200E+01
n-Zn000-MT001-Dahlberg-11805006.1956                           118 1.92000E-05 9.85000E-03
n-Zn000-MT001-Deconninck-20195011.1961                           1 2.84000E+01 2.84000E+01
n-Zn000-MT001-Dilg-20602017.1974                                 1 1.88000E-05 1.88000E-05
n-Zn000-MT001-Dukarevich-40813044.1967                           1 1.42000E+01 1.42000E+01
n-Zn000-MT001-Fields-11260016.1947                               6 2.40000E-02 8.30000E-01
n-Zn000-MT001-Filippov-40082013.1968                             7 5.00000E-02 2.80000E-01
n-Zn000-MT001-Fosterjr-10047036.1971                           249 2.25100E+00 1.49110E+01
n-Zn000-MT001-Fosterjr-10047036A001.1971                       249 2.25100E+00 1.49110E+01
n-Zn000-MT001-Gaerttner-11659009.1954                           37 2.03000E-04 3.50000E-03
n-Zn000-MT001-Garg-11646016.1964                              4551 2.00300E-04 7.49100E-02
n-Zn000-MT001-Goodman-11057014.1952                              1 1.40000E+01 1.40000E+01
n-Zn000-MT001-Goodman-11057014A001.1952                          1 1.40000E+01 1.40000E+01
n-Zn000-MT001-Hanstein-12589009.1941                             1 9.00000E-07 9.00000E-07
n-Zn000-MT001-Havensjr-11732005.1951                            59 8.00000E-09 2.21273E-03
n-Zn000-MT001-Havensjr-11732021.1951                            14 2.56767E-04 1.61336E-01
n-Zn000-MT001-Hildebrand-11039020.1950                           1 4.20000E+01 4.20000E+01
n-Zn000-MT001-Hildebrand-11039020A001.1950                       1 4.20000E+01 4.20000E+01
n-Zn000-MT001-Koester-21980010.1985                              4 1.26000E-06 1.32000E-04
n-Zn000-MT001-Koester-21980013.1985                              1 1.40500E-01 1.40500E-01
n-Zn000-MT001-Machwe-11572030.1959                               1 3.66000E+00 3.66000E+00
n-Zn000-MT001-Mazari-30037007.1955                               7 1.30000E+01 1.62000E+01
n-Zn000-MT001-Mccallum-21122006.1960                            13 1.23700E+01 2.02000E+01
n-Zn000-MT001-Miller-11712005.1952                              14 1.00000E+00 3.20000E+00
n-Zn000-MT001-Nereson-11308011.1954                             30 2.71300E+00 1.31400E+01
n-Zn000-MT001-Peterson-11108022.1960                             4 1.75000E+01 2.86000E+01
n-Zn000-MT001-Peterson-11108022A001.1960                         4 1.75000E+01 2.86000E+01
n-Zn000-MT001-Pineo-10542008.1974                               73 3.71700E-02 6.50200E-01
n-Zn000-MT001-Pineo-10542008A001.1974                           73 3.71700E-02 6.50200E-01
n-Zn000-MT001-Poenitz-12853007.1983                             68 1.82200E+00 2.02200E+01
n-Zn000-MT001-Schimmerling-10082008.1973                        15 3.79000E+02 1.73100E+03
n-Zn000-MT001-Schimmerling-10082008A001.1973                    15 3.79000E+02 1.73100E+03
n-Zn000-MT001-Seth-11781003.1965                                89 1.00000E-02 6.40000E-01
n-Zn000-MT001-Seth-11788029.1958                                91 4.20000E-06 2.06200E-03
n-Zn000-MT001-Tsukada-22628013.1966                              2 3.95000E+00 4.70000E+00
n-Zn000-MT001-Walt-11215024.1955                                 1 4.10000E+00 4.10000E+00
n-Zn000-MT001-Walt-11215024A001.1955                             1 4.10000E+00 4.10000E+00
n-Zn000-MT001-Weil-11482006.1958                                39 4.00000E+00 8.05000E+00
n-Zn000-MT001-Whalen-11425004.1968                             535 1.00100E-01 6.48700E-01
n-Zn000-MT001-Zinn-11136019.1939                                 1 2.88000E+00 2.88000E+00
n-Zn000-MT001-Zinn-11136019A001.1939                             1 2.88000E+00 2.88000E+00
