#              Filename                                         N    min         max
d-C012-MT800-Cords-F1065008-E0004.973.1969                       1 7.00000E+01 9.00000E+01
d-C012-MT800-Cords-F1065008-E0004.980.1969                       1 5.00000E+01 7.00000E+01
d-C012-MT800-Cords-F1065008-E0004.985.1969                       1 5.00000E+01 1.20000E+02
d-C012-MT800-Cords-F1065008-E0004.986.1969                       1 9.00000E+01 1.20000E+02
d-C012-MT800-Cords-F1065008-E0005.001.1969                       1 9.00000E+01 1.20000E+02
d-C012-MT800-Cords-F1065008-E0005.003.1969                       1 7.00000E+01 1.20000E+02
d-C012-MT800-Cords-F1065008-E0005.007.1969                       1 5.00000E+01 7.00000E+01
d-C012-MT800-Cords-F1065008-E0005.013.1969                       1 5.00000E+01 9.00000E+01
d-C012-MT800-Cords-F1065008-E0005.023.1969                       1 7.00000E+01 9.00000E+01
d-C012-MT800-Cords-F1065008-E0005.030.1969                       2 5.00000E+01 1.20000E+02
d-C012-MT800-Cords-F1065008-E0005.035.1969                       1 5.00000E+01 9.00000E+01
d-C012-MT800-Cords-F1065008-E0005.051.1969                       1 7.00000E+01 9.00000E+01
d-C012-MT800-Cords-F1065008-E0005.057.1969                       1 7.00000E+01 1.20000E+02
d-C012-MT800-Cords-F1065008-E0005.058.1969                       1 5.00000E+01 1.20000E+02
d-C012-MT800-Cords-F1065008-E0005.063.1969                       1 5.00000E+01 9.00000E+01
d-C012-MT800-Cords-F1065008-E0005.073.1969                       1 7.00000E+01 9.00000E+01
d-C012-MT800-Cords-F1065008-E0005.080.1969                       1 7.00000E+01 1.20000E+02
d-C012-MT800-Cords-F1065008-E0005.086.1969                       1 5.00000E+01 1.20000E+02
d-C012-MT800-Cords-F1065008-E0005.090.1969                       1 5.00000E+01 9.00000E+01
d-C012-MT800-Cords-F1065008-E0005.101.1969                       1 7.00000E+01 9.00000E+01
d-C012-MT800-Cords-F1065008-E0005.108.1969                       2 5.00000E+01 1.20000E+02
d-C012-MT800-Cords-F1065008-E0005.113.1969                       1 5.00000E+01 9.00000E+01
d-C012-MT800-Cords-F1065008-E0005.123.1969                       1 9.00000E+01 1.20000E+02
d-C012-MT800-Cords-F1065008-E0005.125.1969                       1 7.00000E+01 1.20000E+02
d-C012-MT800-Cords-F1065008-E0005.130.1969                       1 5.00000E+01 7.00000E+01
d-C012-MT800-Cords-F1065008-E0005.135.1969                       1 5.00000E+01 9.00000E+01
d-C012-MT800-Cords-F1065008-E0005.151.1969                       1 9.00000E+01 1.20000E+02
d-C012-MT800-Cords-F1065008-E0005.153.1969                       1 5.00000E+01 1.20000E+02
d-C012-MT800-Cords-F1065008-E0005.157.1969                       1 5.00000E+01 7.00000E+01
d-C012-MT800-Cords-F1065008-E0005.158.1969                       1 7.00000E+01 7.00000E+01
d-C012-MT800-Dolinov-F1331002-E0011.400.1965                    15 1.08000E+01 1.30000E+02
d-C012-MT800-Dolinov-F1331002-E0012.400.1965                    18 1.08000E+01 1.63500E+02
d-C012-MT800-MaoZhenlinn-S0003024-E0005.030.1972                14 3.00000E+01 1.60000E+02
d-C012-MT800-Nemilov-F1112002-E0006.230.1965                    17 1.98000E+01 1.60400E+02
d-C012-MT800-Nemilov-F1112002-E0006.490.1965                     9 2.01000E+01 1.60900E+02
d-C012-MT800-Nemilov-F1112002-E0006.730.1965                     9 2.01000E+01 1.61000E+02
d-C012-MT800-Pellegrini-F1113005-E0015.000.1961                 25 1.02000E+01 9.07000E+01
d-C012-MT800-Yanabu-E2167002-E0015.100.1963                     19 1.50000E+01 1.65100E+02
d-C012-MT800-Yanabu-E2167003-E0015.900.1963                     20 1.50000E+01 1.70000E+02
d-C012-MT800-Yanabu-E2167004-E0016.700.1963                     21 1.50000E+01 1.70000E+02
d-C012-MT800-Yanabu-E2167005-E0017.500.1963                     22 1.50000E+01 1.70000E+02
d-C012-MT800-Yanabu-E2167006-E0018.200.1963                     21 1.50000E+01 1.55000E+02
d-C012-MT800-Yanabu-E2167007-E0019.000.1963                     22 1.50000E+01 1.65000E+02
d-C012-MT800-Yanabu-E2167008-E0019.700.1963                     20 1.48000E+01 1.64600E+02
d-C012-MT800-Yanabu-E2230005-E0014.700.1961                     16 2.02000E+01 1.60900E+02
