#              Filename                                         N    min         max
n-Co059-MT051-Abdelharith-30464035-ang-E0003.400.1976           11 1.63000E+01 1.51000E+02
n-Co059-MT051-Abdelharith-30464038-ang-E0003.400.1976           11 1.68000E+01 1.51300E+02
n-Co059-MT051-Kinney-10112002-ang-E0004.190.1970                12 9.02000E+01 9.02000E+01
n-Co059-MT051-Kinney-10112003-ang-E0004.190.1970                 8 9.02000E+01 9.02000E+01
n-Co059-MT051-Kinney-10112005-ang-E0004.190.1970                29 9.04000E+01 9.04000E+01
n-Co059-MT051-Kinney-10112006-ang-E0004.190.1970                 1 9.05000E+01 9.06000E+01
n-Co059-MT051-Kinney-10112006-ang-E0004.190A001.1970             1 9.05000E+01 9.06000E+01
n-Co059-MT051-Kinney-10112006-ang-E0004.460.1970                 1 5.53000E+01 9.05000E+01
n-Co059-MT051-Kinney-10112006-ang-E0004.460A001.1970             1 5.53000E+01 9.05000E+01
n-Co059-MT051-Kinney-10112006-ang-E0005.000.1970                 4 5.53000E+01 9.04000E+01
n-Co059-MT051-Kinney-10112006-ang-E0005.000A001.1970             4 5.53000E+01 9.04000E+01
n-Co059-MT051-Kinney-10112006-ang-E0005.180.1970                 1 9.03000E+01 9.04000E+01
n-Co059-MT051-Kinney-10112006-ang-E0005.180A001.1970             1 9.03000E+01 9.04000E+01
n-Co059-MT051-Kinney-10112006-ang-E0005.500.1970                 1 9.03000E+01 1.27200E+02
n-Co059-MT051-Kinney-10112006-ang-E0005.500A001.1970             1 9.03000E+01 1.27200E+02
n-Co059-MT051-Kinney-10112006-ang-E0006.440.1970                 3 5.27000E+01 1.34700E+02
n-Co059-MT051-Kinney-10112006-ang-E0006.440A001.1970             3 5.27000E+01 1.34700E+02
n-Co059-MT051-Kinney-10112025-ang-E0005.440.1970                12 4.21000E+01 1.08600E+02
n-Co059-MT051-Kinney-10112025-ang-E0005.440A001.1970            12 4.21000E+01 1.08600E+02
n-Co059-MT051-Kinney-10112025-ang-E0006.000.1970                 2 3.21000E+01 1.18100E+02
n-Co059-MT051-Kinney-10112025-ang-E0006.000A001.1970             2 3.21000E+01 1.18100E+02
n-Co059-MT051-Kinney-10112025-ang-E0006.440.1970                19 3.21000E+01 1.18100E+02
n-Co059-MT051-Kinney-10112025-ang-E0006.440A001.1970            19 3.21000E+01 1.18100E+02
n-Co059-MT051-Kinney-10112025-ang-E0007.600.1970                 2 4.51000E+01 1.18100E+02
n-Co059-MT051-Kinney-10112025-ang-E0007.600A001.1970             2 4.51000E+01 1.18100E+02
n-Co059-MT051-Kinney-10112025-ang-E0008.560.1970                10 4.51000E+01 1.19600E+02
n-Co059-MT051-Kinney-10112025-ang-E0008.560A001.1970            10 4.51000E+01 1.19600E+02
n-Co059-MT051-Salnikov-40037019-ang-E0014.360.1971               5 3.10000E+01 1.51000E+02
n-Co059-MT051-Salnikov-40037020-ang-E0014.360.1971               5 3.10000E+01 1.51000E+02
n-Co059-MT051-Salnikov-40037021-ang-E0014.360.1971               5 3.10000E+01 1.51000E+02
n-Co059-MT051-Takahashi-22155077-ang-E0014.100.1992             27 3.00000E+01 1.60000E+02
