#              Filename                                         N    min         max
n-Lu176-MT151-Baston-213220062.1960                              1 1.42000E-07 1.42000E-07
n-Lu176-MT151-Block-113490041.1959                              20 1.57000E-06 4.67000E-05
n-Lu176-MT151-Brunner-210250061.1967                             2 1.41300E-07 1.56300E-06
n-Lu176-MT151-Brunner-210250062.1967                             2 1.41300E-07 1.56300E-06
n-Lu176-MT151-Footejr-121070081.1953                             4 1.42000E-07 4.80000E-06
n-Lu176-MT151-Herdade-317480021.1972                             1 1.41000E-07 1.41000E-07
n-Lu176-MT151-Herdade-317480023.1972                             1 1.41000E-07 1.41000E-07
n-Lu176-MT151-Herdade-317480024.1972                             1 1.41000E-07 1.41000E-07
n-Lu176-MT151-Kalebin-404690031.1977                            61 1.41000E-07 1.35400E-04
n-Lu176-MT151-Kalebin-404690032.1977                            25 1.41000E-07 5.21300E-05
n-Lu176-MT151-Landon-121780071.1955                              1 2.60400E-06 2.60400E-06
n-Lu176-MT151-Landon-121780073.1955                              1 2.60400E-06 2.60400E-06
n-Lu176-MT151-Landon-121780074.1955                              1 2.60400E-06 2.60400E-06
n-Lu176-MT151-Landon-121780075.1955                              1 2.60400E-06 2.60400E-06
n-Lu176-MT151-Roberge-120960031.1960                             1 1.42000E-07 1.42000E-07
n-Lu176-MT151-Roberge-120960033.1960                             1 1.42000E-07 1.42000E-07
n-Lu176-MT151-Roberge-120960034.1960                             1 1.42000E-07 1.42000E-07
n-Lu176-MT151-Roig-142440061.2016                               68 1.37910E-07 1.35900E-04
n-Lu176-MT151-Roig-142440062.2016                               68 1.37910E-07 1.35900E-04
n-Lu176-MT151-Roig-142440063.2016                               68 1.37910E-07 1.35900E-04
n-Lu176-MT151-Roig-142440064.2016                               68 1.37910E-07 1.35900E-04
n-Lu176-MT151-Roig-142440071.2016                               78 1.41840E-04 4.03100E-04
n-Lu176-MT151-Roig-142440072.2016                               78 1.41840E-04 4.03100E-04
n-Lu176-MT151-Roig-142440073.2016                               78 1.41840E-04 4.03100E-04
n-Lu176-MT151-Roig-142440074.2016                               78 1.41840E-04 4.03100E-04
n-Lu176-MT151-Roig-14244008.2016                                66 4.02300E-04 9.06000E-04
n-Lu176-MT151-Vertebnyy-410110031.1987                           8 1.41000E-07 1.18500E-05
n-Lu176-MT151-Vertebnyy-410110032.1987                           7 1.41000E-07 1.18500E-05
n-Lu176-MT151-Vertebnyy-410110033.1987                           8 1.41000E-07 1.18500E-05
n-Lu176-MT151-Zimmerman-30224025.1967                            1 1.45000E-07 1.45000E-07
n-Lu176-MT151-Zimmerman-30224026.1967                            1 1.45000E-07 1.45000E-07
