#              Filename                                         N    min         max
n-Cd000-MT002-Beeman-12626002.1947                               1 1.76000E-07 1.76000E-07
n-Cd000-MT002-Cox-10332100.1972                                  1 8.70000E-01 8.70000E-01
n-Cd000-MT002-Cox-10332100A001.1972                              1 8.70000E-01 8.70000E-01
n-Cd000-MT002-Cross-11465006.1960                                1 1.46000E+01 1.46000E+01
n-Cd000-MT002-Etemad-20346008.1973                               1 7.00000E+00 7.00000E+00
n-Cd000-MT002-Hibdon-11261024.1949                               2 1.20000E-04 3.45000E-04
n-Cd000-MT002-Holmqvist-20162014.1971                            1 8.05000E+00 8.05000E+00
n-Cd000-MT002-Kazakova-40706015.1965                             1 2.00000E+00 2.00000E+00
n-Cd000-MT002-Korzh-40763012.1963                                1 3.00000E-01 3.00000E-01
n-Cd000-MT002-Korzh-41314005.1972                                1 1.50000E+00 1.50000E+00
n-Cd000-MT002-Pasechnik-40683008.1964                            2 5.00000E-01 8.00000E-01
n-Cd000-MT002-Snowdon-11965002.1954                              1 3.70000E+00 3.70000E+00
n-Cd000-MT002-Vanzyl-21374014.1956                               1 1.36000E+02 1.36000E+02
n-Cd000-MT002-Vertebny-40122010.1979                             1 4.65000E-06 4.65000E-06
n-Cd000-MT002-Vertebnyj-41280027.1970                            1 2.53000E-08 2.53000E-08
n-Cd000-MT002-Vonach-11951006.1966                              25 3.00000E-01 1.50000E+00
n-Cd000-MT002-Walt-11215030.1955                                 1 4.10000E+00 4.10000E+00
n-Cd000-MT002-Walt-11215030A001.1955                             1 4.10000E+00 4.10000E+00
n-Cd000-MT002-Walt-11637038.1954                                 1 1.00000E+00 1.00000E+00
n-Cd000-MT002-Wilenzick-11287032.1965                            1 6.04000E+00 6.04000E+00
n-Cd000-MT002-ZoInOkkk-40937014.1985                            21 3.60000E-03 4.42000E-01
