#              Filename                                         N    min         max
p-Zr090-MT601-Baker-C0685003-ang-E0800.000.1983                280 2.30002E+00 1.99000E+01
p-Zr090-MT601-Bertrand-O0236002-ang-E0200.000.1981               9 4.59998E+00 2.12000E+01
p-Zr090-MT601-Bertrand-O0236003-ang-E0200.000.1981               6 7.00003E+00 1.68000E+01
p-Zr090-MT601-Dickens-O0389003-ang-E0012.700.1968              494 2.00000E+01 1.65000E+02
p-Zr090-MT601-Fujiwara-E0782002-ang-E0065.000.1981              17 5.09997E+00 6.83000E+01
p-Zr090-MT601-Fujiwara-E0782003-ang-E0065.000.1981              14 1.28000E+01 6.94000E+01
p-Zr090-MT601-Fujiwara-E0782004-ang-E0065.000.1981              16 9.60001E+00 6.84000E+01
p-Zr090-MT601-Fujiwara-E0782005-ang-E0065.000.1981              15 7.70001E+00 6.47000E+01
p-Zr090-MT601-Fujiwara-E0782006-ang-E0065.000.1981              19 8.09999E+00 6.76000E+01
p-Zr090-MT601-Fujiwara-E0782007-ang-E0065.000.1981              15 1.26000E+01 6.89000E+01
p-Zr090-MT601-Gazzaly-C1294003-ang-E0800.000.1983              347 5.19999E+00 2.12000E+01
p-Zr090-MT601-Lee-C1424003-ang-E0400.000.1989                  293 2.19998E+00 4.38000E+01
p-Zr090-MT601-Martin-O1825007-ang-E0057.500.1979                19 5.99999E+00 4.92000E+01
p-Zr090-MT601-Martin-O1825009-ang-E0057.500.1979                18 6.69999E+00 4.98000E+01
p-Zr090-MT601-Nanda-C0553002-ang-E0319.000.1983                 12 2.00008E+00 5.80002E+00
p-Zr090-MT601-Nanda-C0553005-ang-E0319.000.1983                182 2.00008E+00 4.99999E+00
p-Zr090-MT601-Nanda-C0553007-ang-E0319.000.1983                 40 2.19998E+00 4.90001E+00
p-Zr090-MT601-Vanderbijl-F0733002-ang-E0025.050.1983           984 9.60001E+00 1.10100E+02
