#              Filename                                         N    min         max     
p-H002-rp002003-LUNACollaborationn-A0430002.2002                51 3.78098E-03 3.18532E-02
p-H002-rp002003-LUNACollaborationn-A0430003.2002                51 3.78098E-03 3.18532E-02
p-H002-rp002003-Bystritsky-A0846002.2008                         3 1.21000E-02 1.48000E-02
p-H002-rp002003-Griffiths-A1266002.1962                          5 2.75000E-01 1.75000E+00
p-H002-rp002003-Griffiths-A1273002.1963                         12 2.41000E-02 4.81000E-02
p-H002-rp002003-Griffiths-A1273003.1963                         12 2.38562E-02 4.87626E-02
p-H002-rp002003-Schmid-C0405009.1997                             7 1.50000E-02 7.50000E-02
p-H002-rp002003-Weller-C1411003.1999                             1 1.00000E-01 1.00000E-01
p-H002-rp002003-Bailey-C1637002.1970                            12 5.42240E-02 1.09421E+00
p-H002-rp002003-Zylstra-C2569002.2020                            1 2.45313E-02 2.45313E-02
p-H002-rp002003-Tisma-D0969005.2019                              4 1.45538E-01 3.15081E-01
p-H002-rp002003-Bystritsky-F1083004.2010                         3 3.27070E-03 4.88430E-03
p-H002-rp002003-Bystritsky-F1083005.2010                         3 8.27220E-03 1.01020E-02
p-H002-rp002003-Bystritsky-F1229002.2014                         5 1.10000E-02 1.90000E-02
p-H002-rp002003-Bystritsky-F1229003.2014                         5 1.10000E-02 1.90000E-02
p-H002-rp002003-Bystritsky-F1230002.2014                         6 9.00000E-03 1.90000E-02
p-H002-rp002003-Bystritsky-F1230003.2014                         6 9.00000E-03 1.90000E-02
p-H002-rp002003-Bystritsky-F1271002.2015                        17 9.00000E-03 3.50000E-02
p-H002-rp002003-Woelfli-O2214002.1967                           20 2.11000E+00 1.18900E+01
p-H002-rp002003-Anghinolfi-O2388003.1983                         5 2.39670E+01 3.99766E+01
p-H002-rp002003-Turkat-O2556002.2021                            14 3.97603E-01 1.64142E+00
p-H002-rp002003-Turkat-O2556003.2021                            10 3.97603E-01 1.64142E+00
p-H002-rp002003-Turkat-O2556004.2021                            14 3.97603E-01 1.64142E+00
