#              Filename                                         N    min         max
n-Fe056-MT151-Allen-303550021.1976                              62 4.60200E-02 8.62000E-01
n-Fe056-MT151-Allen-303550022.1976                               6 1.24500E-02 2.42800E-01
n-Fe056-MT151-Allen-303550053.1976                               3 4.12500E-02 4.36250E-01
n-Fe056-MT151-Allen-30663006.1980                                5 2.28000E-02 5.77500E-02
n-Fe056-MT151-Bilpuch-11599015.1961                              1 1.00000E-01 1.00000E-01
n-Fe056-MT151-Bilpuch-115990161.1961                             9 2.83000E-02 1.89000E-01
n-Fe056-MT151-Bilpuch-115990162.1961                             9 2.83000E-02 1.89000E-01
n-Fe056-MT151-Bilpuch-115990163.1961                             9 2.83000E-02 1.89000E-01
n-Fe056-MT151-Block-210210031.1964                               1 1.14800E-03 1.14800E-03
n-Fe056-MT151-Block-210210032.1964                               1 1.14800E-03 1.14800E-03
n-Fe056-MT151-Block-210210033.1964                               1 1.14800E-03 1.14800E-03
n-Fe056-MT151-Bowman-11600022.1962                              68 2.65000E-01 6.45000E-01
n-Fe056-MT151-Bowman-116000231.1962                             14 1.86500E-01 6.45000E-01
n-Fe056-MT151-Bowman-116000232.1962                             14 1.86500E-01 6.45000E-01
n-Fe056-MT151-Bowman-116000233.1962                             14 1.86500E-01 6.45000E-01
n-Fe056-MT151-Broomhall-30371003.1974                            8 2.74000E-02 5.34000E-02
n-Fe056-MT151-Chien-304010021.1968                              53 5.12000E-01 1.44200E+00
n-Fe056-MT151-Chien-304010022.1968                              20 5.12000E-01 1.31400E+00
n-Fe056-MT151-Chien-304010023.1968                              33 5.58000E-01 1.44200E+00
n-Fe056-MT151-Chrien-107430021.1970                              1 1.16700E-03 1.16700E-03
n-Fe056-MT151-Chrien-107430021A001.1970                          1 1.16700E-03 1.16700E-03
n-Fe056-MT151-Chrien-107430022.1970                              1 1.16700E-03 1.16700E-03
n-Fe056-MT151-Chrien-107430022A001.1970                          1 1.16700E-03 1.16700E-03
n-Fe056-MT151-Cierjacks-20720002.1975                           80 5.00200E-01 7.95300E-01
n-Fe056-MT151-Cornelis-215750041.1979                            9 7.39340E-02 2.76790E-01
n-Fe056-MT151-Cornelis-215750042.1979                            9 7.39340E-02 2.76790E-01
n-Fe056-MT151-Cornelis-21575005.1979                             1 1.75000E-01 1.75000E-01
n-Fe056-MT151-Cornelis-218030021.1982                          188 2.41610E-01 8.51650E-01
n-Fe056-MT151-Cornelis-218030022.1982                          164 2.41610E-01 8.51650E-01
n-Fe056-MT151-Cornelis-218030024.1982                          110 2.44920E-01 8.51650E-01
n-Fe056-MT151-Cornelis-218030025.1982                          110 2.44920E-01 8.51650E-01
n-Fe056-MT151-Cornelis-21803003.1982                             3 5.45000E-01 5.45000E-01
n-Fe056-MT151-Corvi-216650021.1982                               1 1.15000E-03 1.15000E-03
n-Fe056-MT151-Corvi-216650022.1982                               1 1.15000E-03 1.15000E-03
n-Fe056-MT151-Corvi-21665003.1982                                1 1.15000E-03 1.15000E-03
n-Fe056-MT151-Corvi-216650051.1982                              97 1.15000E-06 2.96070E-04
n-Fe056-MT151-Corvi-216650053.1982                              95 1.15000E-06 2.96070E-04
n-Fe056-MT151-Corvi-216650054.1982                              95 1.15000E-06 2.96070E-04
n-Fe056-MT151-Corvi-22236002.1991                                1 1.15000E-03 1.15000E-03
n-Fe056-MT151-Ernst-203700081.1970                              11 2.76800E-02 2.20000E-01
n-Fe056-MT151-Ernst-203700082.1970                              11 2.76800E-02 2.20000E-01
n-Fe056-MT151-Ernst-203700083.1970                               7 2.76800E-02 1.29800E-01
n-Fe056-MT151-Ernst-203700084.1970                              11 2.76800E-02 2.20000E-01
n-Fe056-MT151-Ernst-203700091.1970                              30 2.27900E-02 2.53000E-01
n-Fe056-MT151-Ernst-203700092.1970                              11 7.69000E-02 2.45000E-01
n-Fe056-MT151-Ernst-203700094.1970                              30 2.27900E-02 2.53000E-01
n-Fe056-MT151-Froehner-212120021.1977                            1 2.76000E-02 2.76000E-02
n-Fe056-MT151-Froehner-212120022.1977                            5 2.76000E-02 1.40300E-01
n-Fe056-MT151-Froehner-212120024.1977                            5 2.76000E-02 1.40300E-01
n-Fe056-MT151-Garg-101720471.1971                                9-2.00000E-03 1.87000E-01
n-Fe056-MT151-Garg-101720471A001.1971                            9-2.00000E-03 1.87000E-01
n-Fe056-MT151-Garg-101720472.1971                                8 2.76600E-02 1.87000E-01
n-Fe056-MT151-Garg-101720472A001.1971                            8 2.76600E-02 1.87000E-01
n-Fe056-MT151-Garg-101720473.1971                                9-2.00000E-03 1.87000E-01
n-Fe056-MT151-Garg-101720473A001.1971                            9-2.00000E-03 1.87000E-01
n-Fe056-MT151-Garg-101720474.1971                                1-2.00000E-03 0.00000E+00
n-Fe056-MT151-Garg-101720474A001.1971                            1-2.00000E-03 0.00000E+00
n-Fe056-MT151-Garg-101720501.1971                                1 9.25000E-02 9.25000E-02
n-Fe056-MT151-Garg-101720501A001.1971                            1 9.25000E-02 9.25000E-02
n-Fe056-MT151-Gayther-207060021.1977                            18 2.77480E-02 4.69110E-01
n-Fe056-MT151-Gayther-207060022.1977                            18 2.77480E-02 4.69110E-01
n-Fe056-MT151-Gayther-213140042.1980                             2 1.15260E-03 2.75740E-02
n-Fe056-MT151-Gayther-213140043.1980                             2 3.41260E-02 3.82430E-02
n-Fe056-MT151-Gayther-213140044.1980                             1 1.15260E-03 1.15260E-03
n-Fe056-MT151-Gayther-213140045.1980                             1 2.27550E-02 2.27550E-02
n-Fe056-MT151-Gayther-213140046.1980                             2 1.15260E-03 2.75740E-02
n-Fe056-MT151-Gayther-213140047.1980                             2 1.15260E-03 2.75740E-02
n-Fe056-MT151-Gibbons-118640051.1956                             3 2.88000E-02 8.45000E-02
n-Fe056-MT151-Gibbons-118640052.1956                             3 2.88000E-02 8.45000E-02
n-Fe056-MT151-Hibdon-116740071.1957                             14 2.92000E-02 4.06000E-01
n-Fe056-MT151-Hibdon-116740072.1957                             14 2.92000E-02 4.06000E-01
n-Fe056-MT151-Hibdon-116740073.1957                             14 2.92000E-02 4.06000E-01
n-Fe056-MT151-Hockenbury-100010061.1969                         24 2.35000E-03 1.29000E-01
n-Fe056-MT151-Hockenbury-100010061A001.1969                     24 2.35000E-03 1.29000E-01
n-Fe056-MT151-Hockenbury-100010161.1969                          2 1.15000E-03 2.77000E-02
n-Fe056-MT151-Hockenbury-100010161A001.1969                      2 1.15000E-03 2.77000E-02
n-Fe056-MT151-Hockenbury-100010162.1969                          1 1.15000E-03 1.15000E-03
n-Fe056-MT151-Hockenbury-100010162A001.1969                      1 1.15000E-03 1.15000E-03
n-Fe056-MT151-Hockenbury-100010163.1969                          1 2.77000E-02 2.77000E-02
n-Fe056-MT151-Hockenbury-100010163A001.1969                      1 2.77000E-02 2.77000E-02
n-Fe056-MT151-Isakov-407860041.1960                              1 1.18000E-03 1.18000E-03
n-Fe056-MT151-Julien-206870021.1969                              1 1.15060E-03 1.15060E-03
n-Fe056-MT151-Julien-206870022.1969                              1 1.15060E-03 1.15060E-03
n-Fe056-MT151-Julien-206870023.1969                              1 1.15060E-03 1.15060E-03
n-Fe056-MT151-Julien-206870024.1969                              1 1.15060E-03 1.15060E-03
n-Fe056-MT151-Julien-206870025.1969                              1 1.15060E-03 1.15060E-03
n-Fe056-MT151-Julien-206870026.1969                              1 1.15060E-03 1.15060E-03
n-Fe056-MT151-Julien-206870027.1969                              1 1.15060E-03 1.15060E-03
n-Fe056-MT151-Kaeppler-218310021.1983                           22 2.28000E-02 1.12600E-01
n-Fe056-MT151-Kaeppler-218310023.1983                            3 2.78000E-02 8.35000E-02
n-Fe056-MT151-Kaeppler-218310024.1983                            1 2.78000E-02 2.78000E-02
n-Fe056-MT151-Liou-108120021.1979                                1 2.78500E-02 2.78500E-02
n-Fe056-MT151-Liou-108120021A001.1979                            1 2.78500E-02 2.78500E-02
n-Fe056-MT151-Liou-108120022.1979                                1 2.78500E-02 2.78500E-02
n-Fe056-MT151-Liou-108120022A001.1979                            1 2.78500E-02 2.78500E-02
n-Fe056-MT151-Liou-108120023.1979                                1 2.78500E-02 2.78500E-02
n-Fe056-MT151-Liou-108120023A001.1979                            1 2.78500E-02 2.78500E-02
n-Fe056-MT151-Litvinskij-322340051.1994                          1-2.84000E-03 0.00000E+00
n-Fe056-MT151-Macklin-115750061.1964                             3 2.20000E-02 5.00000E-02
n-Fe056-MT151-Macklin-115750063.1964                             1 5.00000E-02 5.00000E-02
n-Fe056-MT151-Macklin-115750071.1964                             1 2.80000E-02 2.80000E-02
n-Fe056-MT151-Macklin-115750072.1964                             1 2.80000E-02 2.80000E-02
n-Fe056-MT151-Macklin-115750073.1964                             1 2.80000E-02 2.80000E-02
n-Fe056-MT151-Macklin-115750074.1964                             1 2.80000E-02 2.80000E-02
n-Fe056-MT151-Macklin-115750075.1964                             1 2.80000E-02 2.80000E-02
n-Fe056-MT151-Macklin-11575008.1964                              2 5.00000E-02 5.00000E-02
n-Fe056-MT151-Macklin-131070021.1987                             1 1.15000E-03 1.15000E-03
n-Fe056-MT151-Moore-117190031.1963                               1 1.20000E-03 1.20000E-03
n-Fe056-MT151-Moore-117190032.1963                               1 1.20000E-03 1.20000E-03
n-Fe056-MT151-Moore-117190033.1963                               1 1.20000E-03 1.20000E-03
n-Fe056-MT151-Moore-117190035.1963                               1 1.20000E-03 1.20000E-03
n-Fe056-MT151-Moore-117190036.1963                               1 1.20000E-03 1.20000E-03
n-Fe056-MT151-Moore-117190041.1963                               1-4.39000E-03 0.00000E+00
n-Fe056-MT151-Moore-117190042.1963                               1-4.39000E-03 0.00000E+00
n-Fe056-MT151-Moore-117190043.1963                               1-4.39000E-03 0.00000E+00
n-Fe056-MT151-Moxon-20828003.1978                               32-3.47560E-03 2.25439E-01
n-Fe056-MT151-Moxon-214930031.1965                               3 1.14800E-03 2.77000E-02
n-Fe056-MT151-Moxon-214930032.1965                               1 1.14800E-03 1.14800E-03
n-Fe056-MT151-Muradyan-41665002.1965                             1 1.20000E-03 1.20000E-03
n-Fe056-MT151-Pandey-104960051.1975                             19-2.00000E-03 4.69200E-01
n-Fe056-MT151-Pandey-104960051A001.1975                         19-2.00000E-03 4.69200E-01
n-Fe056-MT151-Pandey-104960052.1975                             19-2.00000E-03 4.69200E-01
n-Fe056-MT151-Pandey-104960052A001.1975                         19-2.00000E-03 4.69200E-01
n-Fe056-MT151-Pandey-104960061.1975                             80 5.15510E-02 4.98900E-01
n-Fe056-MT151-Pandey-104960061A001.1975                         80 5.15510E-02 4.98900E-01
n-Fe056-MT151-Pandey-104960062.1975                             80 5.15510E-02 4.98900E-01
n-Fe056-MT151-Pandey-104960062A001.1975                         80 5.15510E-02 4.98900E-01
n-Fe056-MT151-Pandey-10496009.1975                               2 2.00000E-01 5.00000E-01
n-Fe056-MT151-Pandey-10496009A001.1975                           2 2.00000E-01 5.00000E-01
n-Fe056-MT151-Perey-127330031.1977                              74 2.76700E-02 3.93100E-01
n-Fe056-MT151-Perey-135110051.1991                             275 2.28010E-02 8.50377E-01
n-Fe056-MT151-Perey-135110052.1991                             275 2.28010E-02 8.50377E-01
n-Fe056-MT151-Perey-135110053.1991                               3 2.28010E-02 7.29880E-02
n-Fe056-MT151-Perey-135110054.1991                             275 2.28010E-02 8.50377E-01
n-Fe056-MT151-Perey-135110055.1991                             275 2.28010E-02 8.50377E-01
n-Fe056-MT151-Perey-13866002.1988                                1 1.15000E-03 1.15000E-03
n-Fe056-MT151-Perey-13866003.1988                                1 1.15000E-03 1.15000E-03
n-Fe056-MT151-Rohr-20367003.1966                                10 7.40000E-02 2.42700E-01
n-Fe056-MT151-Rohr-20367004.1966                                10 7.40000E-02 2.42700E-01
n-Fe056-MT151-Rohr-20367005.1966                                 1 1.57500E-01 1.57500E-01
n-Fe056-MT151-Russell-117240021.1962                             1 1.15400E-03 1.15400E-03
n-Fe056-MT151-Russell-117240022.1962                             1 1.15400E-03 1.15400E-03
n-Fe056-MT151-Shcherbakov-405440061.1977                         2-2.64000E-03 1.15300E-03
n-Fe056-MT151-Shcherbakov-405440062.1977                         1-2.64000E-03 0.00000E+00
n-Fe056-MT151-Shcherbakov-405440063.1977                         1-2.64000E-03 0.00000E+00
n-Fe056-MT151-Spencer-13601003.1994                              1 1.15000E-03 1.15000E-03
n-Fe056-MT151-Vinogradov-405560041.1977                          1 2.76000E-02 2.76000E-02
n-Fe056-MT151-Vinogradov-405560042.1977                          1 2.76000E-02 2.76000E-02
n-Fe056-MT151-Wellsjr-10816004.1978                              1 1.16700E-03 1.16700E-03
n-Fe056-MT151-Wellsjr-10816004A001.1978                          1 1.16700E-03 1.16700E-03
n-Fe056-MT151-Wisshak-21666002.1981                              6 2.75000E-02 2.80000E-02
n-Fe056-MT151-Wisshak-21882002.1984                              1 2.77000E-02 2.77000E-02
