#              Filename                                         N    min         max
d-C013-MT002-Cottrell-F1077002-ang-E0004.476.1968                1 7.00000E+01 1.50000E+02
d-C013-MT002-Cottrell-F1077002-ang-E0004.480.1968                1 7.00000E+01 1.50000E+02
d-C013-MT002-Cottrell-F1077002-ang-E0004.535.1968                1 7.00000E+01 1.50000E+02
d-C013-MT002-Cottrell-F1077002-ang-E0004.542.1968                1 7.00000E+01 1.50000E+02
d-C013-MT002-Cottrell-F1077002-ang-E0004.598.1968                1 7.00000E+01 1.50000E+02
d-C013-MT002-Cottrell-F1077002-ang-E0004.600.1968                1 7.00000E+01 1.50000E+02
d-C013-MT002-Cottrell-F1077002-ang-E0004.660.1968                1 7.00000E+01 1.50000E+02
d-C013-MT002-Cottrell-F1077002-ang-E0004.665.1968                1 7.00000E+01 1.50000E+02
d-C013-MT002-Cottrell-F1077002-ang-E0004.718.1968                1 7.00000E+01 1.50000E+02
d-C013-MT002-Cottrell-F1077002-ang-E0004.727.1968                1 7.00000E+01 1.50000E+02
d-C013-MT002-Cottrell-F1077002-ang-E0004.778.1968                1 7.00000E+01 1.50000E+02
d-C013-MT002-Cottrell-F1077002-ang-E0004.781.1968                1 7.00000E+01 1.50000E+02
d-C013-MT002-Cottrell-F1077002-ang-E0004.839.1968                1 7.00000E+01 1.50000E+02
d-C013-MT002-Cottrell-F1077002-ang-E0004.843.1968                1 7.00000E+01 1.50000E+02
d-C013-MT002-Cottrell-F1077002-ang-E0004.889.1968                1 7.00000E+01 1.50000E+02
d-C013-MT002-Cottrell-F1077002-ang-E0004.891.1968                1 1.50000E+02 1.50000E+02
d-C013-MT002-Cottrell-F1077005-ang-E0004.660.1968               33 1.01000E+01 1.69600E+02
d-C013-MT002-Cottrell-F1077005-ang-E0004.970.1968               33 1.01000E+01 1.69900E+02
d-C013-MT002-Cottrell-F1077012-ang-E0004.660.1968                1 7.00000E+01 7.00000E+01
d-C013-MT002-Dyachkov-F1189004-ang-E0018.000.2012               42 4.40002E+00 5.77000E+01
