#              Filename                                         N    min         max     
p-Ni000-rp028057-Aleksandrov-A03510033.1987                      9 2.20000E+01 9.80000E+01
p-Ni000-rp028057-Kozma-A0477040.1990                             1 3.65000E+03 3.65000E+03
p-Ni000-rp028057-Sisterson-C1447018.2006                         4 2.00000E+02 5.00000E+02
p-Ni000-rp028057-Alharbi-D0673003.2011                          12 1.33000E+01 2.59000E+01
p-Ni000-rp028057-Uddin-D0802010.2016                             6 1.37000E+01 1.59000E+01
p-Ni000-rp028057-Sonck-D4062002.1998                            75 1.43000E+01 4.35000E+01
p-Ni000-rp028057-Tarkanyi-D4080002.1991                         67 1.36000E+01 2.96000E+01
p-Ni000-rp028057-Szelecsenyi-D4083004.2001                       5 1.53000E+01 1.76000E+01
p-Ni000-rp028057-Takacs-D4106003.2002                           25 1.43600E+01 3.12200E+01
p-Ni000-rp028057-Hermanne-D4343015.2015                         20 3.06000E+01 6.43000E+01
p-Ni000-rp028057-Adel-D4410008.2020                              7 1.25000E+01 1.66200E+01
p-Ni000-rp028057-Furukawa-E1864004.1990                         16 8.48200E+00 3.99800E+01
p-Ni000-rp028057-Porras-O0768169.2000                            1 8.50000E+02 8.50000E+02
p-Ni000-rp028057-Garrido-O2315015.2016                           7 1.38600E+01 6.98100E+01
p-Ni000-rp028057-Michel-A01000111.1985                          26 4.78700E+01 1.98900E+02
p-Ni000-rp028057-Michel-A0145009N.1980                           3 1.27800E+01 1.62600E+01
p-Ni000-rp028057-Aleksandrov-A0502003.1990                       1 6.60000E+02 6.60000E+02
p-Ni000-rp028057-Titarenko-A0906002.2011                        11 4.30000E+01 2.60500E+03
p-Ni000-rp028057-Cline-B00850127.1971                            1 5.90000E+02 5.90000E+02
p-Ni000-rp028057-Amjed-D4301005.2014                            76 1.30000E+01 6.36000E+01
p-Ni000-rp028057-Khandaker-D7002007.2011                        22 1.14000E+01 3.96000E+01
p-Ni000-rp028057-Michel-O00780255.1989                           1 6.00000E+02 6.00000E+02
p-Ni000-rp028057-Weigel-O0088020.1975                            1 6.00000E+02 6.00000E+02
p-Ni000-rp028057-Michel-O0276115.1997                           35 1.22000E+01 1.60000E+03
p-Ni000-rp028057-Michel-O0277177.1995                            4 8.00000E+02 2.60000E+03
p-Ni000-rp028057-Schiekel-O0284105.1996                         18 2.11000E+02 3.85000E+02
p-Ni000-rp028057-Alsaleh-O1503005.2007                          36 1.29000E+01 2.74000E+01
p-Ni000-rp028057-Neumann-O1882070.1999                           3 9.57000E+02 2.60000E+03
