#              Filename                                         N    min         max
n-Se074-MT151-Cote-118360041.1964                                1 2.70000E-04 2.70000E-04
n-Se074-MT151-Cote-118360043.1964                                1 2.70000E-04 2.70000E-04
n-Se074-MT151-Cote-118360044.1964                                1 2.70000E-04 2.70000E-04
n-Se074-MT151-Cote-118360045.1964                                1 2.70000E-04 2.70000E-04
n-Se074-MT151-Engler-127280021.1981                              2 2.71000E-05 2.71500E-04
n-Se074-MT151-Hori-23261003.2014                                 4 6.00000E-06 6.40000E-04
n-Se074-MT151-Julien-20687007.1969                               1 1.00000E-03 1.00000E-03
n-Se074-MT151-Julien-206870081.1969                              2 2.70000E-05 2.70000E-04
n-Se074-MT151-Julien-206870082.1969                              1 2.70000E-04 2.70000E-04
n-Se074-MT151-Julien-206870083.1969                              1 2.70000E-04 2.70000E-04
n-Se074-MT151-Julien-206870084.1969                              1 2.70000E-04 2.70000E-04
n-Se074-MT151-Julien-206870085.1969                              1 2.70000E-04 2.70000E-04
n-Se074-MT151-Julien-206870086.1969                              1 2.70000E-04 2.70000E-04
n-Se074-MT151-Leblanc-118330031.1959                             2 2.70000E-05 2.72000E-04
n-Se074-MT151-Leblanc-118330033.1959                             2 2.70000E-05 2.72000E-04
n-Se074-MT151-Leblanc-118330034.1959                             2 2.70000E-05 2.72000E-04
n-Se074-MT151-Leblanc-118330035.1959                             1 2.70000E-05 2.70000E-05
n-Se074-MT151-Malecki-40022002.1969                              8 2.71000E-05 7.21600E-03
n-Se074-MT151-Malecki-40022003.1969                              6 2.71000E-05 2.30300E-03
n-Se074-MT151-Malecki-40022013.1969                              1 3.62155E-03 3.62155E-03
n-Se074-MT151-Malecki-40022019.1969                              1 3.62155E-03 3.62155E-03
n-Se074-MT151-Malecki-40022024.1969                              1 3.62155E-03 3.62155E-03
