#              Filename                                         N    min         max
n-Xe131-MT151-Mann-118680121.1959                                3 1.41000E-05 7.60000E-05
n-Xe131-MT151-Mann-118680122.1959                                3 1.41000E-05 7.60000E-05
n-Xe131-MT151-Mann-118680123.1959                                3 1.41000E-05 7.60000E-05
n-Xe131-MT151-Noguere-232110021.2011                             3 4.60600E-05 1.15000E-04
n-Xe131-MT151-Noguere-232110022.2011                             3 4.60600E-05 1.15000E-04
n-Xe131-MT151-Noguere-232110023.2011                             3 4.60600E-05 1.15000E-04
n-Xe131-MT151-Noguere-232110091.2011                            42 1.45100E-05 3.94850E-03
n-Xe131-MT151-Noguere-232110092.2011                            42 1.45100E-05 3.94850E-03
n-Xe131-MT151-Noguere-232110093.2011                            42 1.45100E-05 3.94850E-03
n-Xe131-MT151-Noguere-23211014.2011                              1 3.94850E-03 3.94850E-03
n-Xe131-MT151-Noguere-23211016.2011                              1 5.42250E-04 5.42250E-04
n-Xe131-MT151-Ribon-20149036.1969                               24 1.44100E-05 3.94530E-03
n-Xe131-MT151-Ribon-20149037.1969                                1 9.42000E-05 9.42000E-05
n-Xe131-MT151-Ribon-20149039.1969                               34 1.44100E-05 3.94530E-03
n-Xe131-MT151-Ribon-20149040.1969                               23 1.44100E-05 3.94530E-03
n-Xe131-MT151-Ribon-20149041.1969                                1 2.00700E-03 2.00700E-03
n-Xe131-MT151-Ribon-20149042.1969                                1 2.00700E-03 2.00700E-03
n-Xe131-MT151-Skoy-316750061.2009                                1 1.44700E-05 1.44700E-05
n-Xe131-MT151-Skoy-316750062.2009                                1 1.44700E-05 1.44700E-05
n-Xe131-MT151-Skoy-316750063.2009                                1 1.44700E-05 1.44700E-05
n-Xe131-MT151-Skoy-41364004.1996                                 1 3.20000E-06 3.20000E-06
