#              Filename                                         N    min         max
n-Ga000-MT001-Angeli-30141010.1971                               1 1.47000E+01 1.47000E+01
n-Ga000-MT001-Bratenahl-11155016.1958                            4 8.68000E+00 1.45000E+01
n-Ga000-MT001-Bratenahl-11155016A001.1958                        4 8.68000E+00 1.45000E+01
n-Ga000-MT001-Cabe-21024002.1965                               207 3.45000E-01 1.20700E+00
n-Ga000-MT001-Cabe-21024003.1965                                29 3.64000E+00 5.24000E+00
n-Ga000-MT001-Coon-12524027.1952                                 1 1.41200E+01 1.41200E+01
n-Ga000-MT001-Filippov-40082014.1968                             8 9.10000E-02 4.06000E-01
n-Ga000-MT001-Fosterjr-10047037.1971                           241 2.26500E+00 1.46830E+01
n-Ga000-MT001-Fosterjr-10047037A001.1971                       241 2.26500E+00 1.46830E+01
n-Ga000-MT001-Koester-21953008.1984                              5 1.26000E-06 1.43000E-01
n-Ga000-MT001-Melkonian-11670004.1953                          108 7.78000E-07 7.06773E-01
n-Ga000-MT001-Merrison-21282010.1952                            94 2.00000E-06 5.20000E-03
n-Ga000-MT001-Newson-11569005.1957                              51 4.30000E-03 5.40000E-02
n-Ga000-MT001-Ohkubo-21861002.1990                            4087 7.97880E-05 7.14920E-04
n-Ga000-MT001-Ohkubo-21861003.1990                            3840 6.78690E-04 8.84290E-02
n-Ga000-MT001-Palmer-11804002.1956                             154 1.48000E-05 6.76000E-03
n-Ga000-MT001-Peterson-11108023.1960                             4 1.76000E+01 2.86000E+01
n-Ga000-MT001-Peterson-11108023A001.1960                         4 1.76000E+01 2.86000E+01
n-Ga000-MT001-Thibault-22549008.1967                             1 2.70000E+00 2.70000E+00
n-Ga000-MT001-Walt-11746003.1953                                22 1.40000E-01 2.98000E+00
