#              Filename                                         N    min         max
h-Cr053-MT651-Lynn-C2069003-E0010.000.1969                      21 1.55000E+01 1.72500E+02
h-Cr053-MT651-Lynn-C2069004-E0010.000.1969                      21 1.89000E+01 1.73200E+02
h-Cr053-MT651-Lynn-C2069005-E0010.000.1969                      22 8.59999E+00 1.73500E+02
h-Cr053-MT651-Lynn-C2069006-E0010.000.1969                      22 7.30001E+00 1.72000E+02
h-Cr053-MT651-Lynn-C2069007-E0010.000.1969                      20 7.30001E+00 1.73500E+02
h-Cr053-MT651-Lynn-C2069008-E0010.000.1969                      21 7.70001E+00 1.73100E+02
h-Cr053-MT651-Lynn-C2069009-E0010.000.1969                      23 8.59999E+00 1.72400E+02
h-Cr053-MT651-Lynn-C2069010-E0010.000.1969                      21 2.37000E+01 1.74000E+02
h-Cr053-MT651-Lynn-C2069011-E0010.000.1969                      23 7.49999E+00 1.73500E+02
h-Cr053-MT651-Lynn-C2069012-E0010.000.1969                      23 6.69999E+00 1.71500E+02
h-Cr053-MT651-Lynn-C2069013-E0010.000.1969                      20 7.70001E+00 1.65100E+02
h-Cr053-MT651-Lynn-C2069014-E0010.000.1969                      21 1.01000E+01 1.66700E+02
h-Cr053-MT651-Lynn-C2069015-E0010.000.1969                      22 7.00003E+00 1.64300E+02
h-Cr053-MT651-Lynn-C2069016-E0010.000.1969                      21 9.80000E+00 1.72400E+02
h-Cr053-MT651-Lynn-C2069017-E0010.000.1969                      20 7.89998E+00 1.72100E+02
h-Cr053-MT651-Lynn-C2069018-E0010.000.1969                      23 1.01000E+01 1.73400E+02
h-Cr053-MT651-Lynn-C2069019-E0010.000.1969                      19 6.69999E+00 1.64300E+02
h-Cr053-MT651-Lynn-C2069020-E0010.000.1969                      23 8.30000E+00 1.72100E+02
h-Cr053-MT651-Lynn-C2069021-E0010.000.1969                      23 7.99998E+00 1.73400E+02
h-Cr053-MT651-Lynn-C2069022-E0010.000.1969                      19 8.39997E+00 1.73600E+02
h-Cr053-MT651-Lynn-C2069023-E0010.000.1969                      23 7.19999E+00 1.72800E+02
h-Cr053-MT651-Lynn-C2069024-E0010.000.1969                      22 7.99998E+00 1.72800E+02
h-Cr053-MT651-Lynn-C2069025-E0010.000.1969                      22 7.40003E+00 1.71100E+02
h-Cr053-MT651-Lynn-C2069026-E0010.000.1969                      22 7.19999E+00 1.71500E+02
h-Cr053-MT651-Lynn-C2069027-E0010.000.1969                      21 8.80000E+00 1.72800E+02
h-Cr053-MT651-Lynn-C2069028-E0010.000.1969                      22 8.30000E+00 1.73100E+02
h-Cr053-MT651-Lynn-C2069029-E0010.000.1969                      22 5.99999E+00 1.72300E+02
h-Cr053-MT651-Lynn-C2069030-E0010.000.1969                      16 2.02000E+01 1.40500E+02
h-Cr053-MT651-Lynn-C2069031-E0010.000.1969                      19 1.56000E+01 1.50800E+02
h-Cr053-MT651-Lynn-C2069032-E0010.000.1969                      19 1.50000E+01 1.50200E+02
h-Cr053-MT651-Lynn-C2069033-E0010.000.1969                      18 2.18000E+01 1.48800E+02
h-Cr053-MT651-Lynn-C2069034-E0010.000.1969                      21 7.70001E+00 1.64700E+02
h-Cr053-MT651-Lynn-C2069035-E0010.000.1969                      11 7.79996E+00 9.86000E+01
h-Cr053-MT651-Lynn-C2069036-E0010.000.1969                      11 6.90001E+00 9.81000E+01
h-Cr053-MT651-Lynn-C2069037-E0010.000.1969                      11 8.19997E+00 9.83000E+01
h-Cr053-MT651-Lynn-C2069038-E0010.000.1969                      21 7.40003E+00 1.64400E+02
h-Cr053-MT651-Lynn-C2069039-E0010.000.1969                      21 9.69998E+00 1.66900E+02
h-Cr053-MT651-Lynn-C2069040-E0010.000.1969                      21 7.30001E+00 1.64300E+02
h-Cr053-MT651-Lynn-C2069041-E0010.000.1969                      21 7.99998E+00 1.65100E+02
h-Cr053-MT651-Lynn-C2069042-E0010.000.1969                      20 1.42000E+01 1.66000E+02
h-Cr053-MT651-Lynn-C2069043-E0010.000.1969                      16 2.24000E+01 1.43200E+02
h-Cr053-MT651-Lynn-C2069044-E0010.000.1969                      17 2.20000E+01 1.50700E+02
h-Cr053-MT651-Lynn-C2069045-E0010.000.1969                      17 1.54000E+01 1.49400E+02
h-Cr053-MT651-Lynn-C2069046-E0010.000.1969                      17 1.41000E+01 1.56700E+02
h-Cr053-MT651-Lynn-C2069047-E0010.000.1969                      19 2.35000E+01 1.57700E+02
h-Cr053-MT651-Lynn-C2069048-E0010.000.1969                      19 7.60001E+00 1.57800E+02
h-Cr053-MT651-Lynn-C2069049-E0010.000.1969                      14 2.22000E+01 1.20600E+02
h-Cr053-MT651-Lynn-C2069050-E0010.000.1969                       8 3.09000E+01 9.10000E+01
