#              Filename                                         N    min         max
d-Mg024-MT600-Gallmann-F1191004-E0002.000.1966                   1 4.00000E+01 8.00000E+01
d-Mg024-MT600-Gallmann-F1191004-E0002.792.1966                   1 8.00000E+01 1.20000E+02
d-Mg024-MT600-Gallmann-F1191004-E0002.797.1966                   1 4.00000E+01 8.00000E+01
d-Mg024-MT600-Gallmann-F1191004-E0002.802.1966                   1 4.00000E+01 1.20000E+02
d-Mg024-MT600-Gallmann-F1191004-E0002.844.1966                   1 4.00000E+01 1.20000E+02
d-Mg024-MT600-Gallmann-F1191004-E0002.844A001.1966               1 4.00000E+01 8.00000E+01
d-Mg024-MT600-Gallmann-F1191004-E0002.846.1966                   1 8.00000E+01 1.20000E+02
d-Mg024-MT600-Gallmann-F1191004-E0002.898.1966                   1 8.00000E+01 1.20000E+02
d-Mg024-MT600-Gallmann-F1191004-E0002.898A001.1966               1 4.00000E+01 8.00000E+01
d-Mg024-MT600-Gallmann-F1191004-E0002.901.1966                   1 4.00000E+01 1.20000E+02
d-Mg024-MT600-Gallmann-F1191004-E0002.948.1966                   1 8.00000E+01 1.20000E+02
d-Mg024-MT600-Gallmann-F1191004-E0002.948A001.1966               1 4.00000E+01 8.00000E+01
d-Mg024-MT600-Gallmann-F1191004-E0002.950.1966                   1 4.00000E+01 1.20000E+02
d-Mg024-MT600-Gallmann-F1191004-E0002.997.1966                   1 8.00000E+01 1.20000E+02
d-Mg024-MT600-Gallmann-F1191004-E0003.005.1966                   1 4.00000E+01 8.00000E+01
d-Mg024-MT600-Gallmann-F1191004-E0003.049.1966                   1 8.00000E+01 1.20000E+02
d-Mg024-MT600-Gallmann-F1191004-E0003.052.1966                   1 4.00000E+01 1.20000E+02
d-Mg024-MT600-Gallmann-F1191004-E0003.052A001.1966               1 4.00000E+01 1.20000E+02
d-Mg024-MT600-Gallmann-F1191004-E0003.101.1966                   1 8.00000E+01 1.20000E+02
d-Mg024-MT600-Gallmann-F1191004-E0003.101A001.1966               1 4.00000E+01 8.00000E+01
d-Mg024-MT600-Gallmann-F1191004-E0003.102.1966                   1 4.00000E+01 4.00000E+01
d-Mg024-MT600-Gallmann-F1191009-E0005.000.1966                  25 6.99975E-01 1.67900E+02
d-Mg024-MT600-Gallmann-F1191009-E0006.000.1966                  25 6.99975E-01 1.70300E+02
d-Mg024-MT600-Hosono-E2268006-E0012.300.1968                    65 1.40000E+01 7.81000E+01
d-Mg024-MT600-Omar-F0922009-E0001.550.1964                       8 2.89000E+01 1.49400E+02
d-Mg024-MT600-Omar-F0922009-E0001.800.1964                       8 2.94000E+01 1.50300E+02
d-Mg024-MT600-Omar-F0922009-E0002.000.1964                       8 2.91000E+01 1.50200E+02
d-Mg024-MT600-Omar-F0922009-E0002.400.1964                       8 2.91000E+01 1.49800E+02
d-Mg024-MT600-Paneta-O2177002-E0001.293.2014                    29 1.40000E+02 1.40000E+02
d-Mg024-MT600-Paneta-O2177004-E0001.293.2014                    29 1.50000E+02 1.50000E+02
d-Mg024-MT600-Paneta-O2177006-E0001.293.2014                    27 1.60000E+02 1.60000E+02
d-Mg024-MT600-Paneta-O2177008-E0001.293.2014                    29 1.70000E+02 1.70000E+02
d-Mg024-MT600-Rafikheiri-D0797002-E0001.260.2016               752 9.00000E+01 1.65000E+02
