#              Filename                                         N    min         max
n-U238-MT004-Bakov-40131014-E0001.000.1970                       3 9.00000E+01 9.00000E+01
n-U238-MT004-Kerveno-22795005-E0000.321.2021                     1 1.10000E+02 1.50000E+02
n-U238-MT004-Kerveno-22795005-E0000.324.2021                     1 1.10000E+02 1.50000E+02
n-U238-MT004-Kerveno-22795005-E0000.332.2021                     1 1.10000E+02 1.50000E+02
n-U238-MT004-Kerveno-22795005-E0000.334.2021                     1 1.10000E+02 1.50000E+02
n-U238-MT004-Kerveno-22795005-E0000.359.2021                     1 1.10000E+02 1.50000E+02
n-U238-MT004-Kerveno-22795005-E0000.362.2021                     1 1.10000E+02 1.50000E+02
n-U238-MT004-Kerveno-22795005-E0000.396.2021                     1 1.10000E+02 1.50000E+02
n-U238-MT004-Kerveno-22795005-E0000.402.2021                     1 1.10000E+02 1.50000E+02
n-U238-MT004-Kerveno-22795005-E0000.404.2021                     1 1.10000E+02 1.50000E+02
n-U238-MT004-Kerveno-22795005-E0000.404A001.2021                 1 1.10000E+02 1.50000E+02
n-U238-MT004-Kerveno-22795005-E0000.408.2021                     1 1.10000E+02 1.50000E+02
n-U238-MT004-Kerveno-22795005-E0000.426.2021                     1 1.10000E+02 1.50000E+02
n-U238-MT004-Kerveno-22795005-E0000.456.2021                     1 1.10000E+02 1.50000E+02
n-U238-MT004-Kerveno-22795005-E0000.458.2021                     1 1.10000E+02 1.50000E+02
n-U238-MT004-Kerveno-22795005-E0000.459.2021                     1 1.10000E+02 1.50000E+02
n-U238-MT004-Kerveno-22795005-E0000.463.2021                     1 1.10000E+02 1.50000E+02
n-U238-MT004-Kerveno-22795005-E0000.506.2021                     1 1.10000E+02 1.50000E+02
n-U238-MT004-Kerveno-22795005-E0000.511.2021                     1 1.10000E+02 1.50000E+02
n-U238-MT004-Kerveno-22795005-E0000.521.2021                     1 1.10000E+02 1.50000E+02
n-U238-MT004-Kerveno-22795005-E0000.525.2021                     1 1.10000E+02 1.50000E+02
n-U238-MT004-Kerveno-22795005-E0000.542.2021                     1 1.10000E+02 1.50000E+02
n-U238-MT004-Kerveno-22795005-E0000.548.2021                     1 1.10000E+02 1.50000E+02
n-U238-MT004-Kerveno-22795005-E0000.583.2021                     1 1.10000E+02 1.50000E+02
n-U238-MT004-Kerveno-22795005-E0000.589.2021                     1 1.10000E+02 1.50000E+02
n-U238-MT004-Kerveno-22795005-E0000.602.2021                     1 1.10000E+02 1.50000E+02
n-U238-MT004-Kerveno-22795005-E0000.606.2021                     1 1.10000E+02 1.50000E+02
n-U238-MT004-Kerveno-22795005-E0000.628.2021                     1 1.10000E+02 1.50000E+02
n-U238-MT004-Kerveno-22795005-E0000.635.2021                     1 1.10000E+02 1.50000E+02
n-U238-MT004-Kerveno-22795005-E0000.679.2021                     1 1.10000E+02 1.50000E+02
n-U238-MT004-Kerveno-22795005-E0000.686.2021                     1 1.10000E+02 1.50000E+02
n-U238-MT004-Kerveno-22795005-E0000.703.2021                     1 1.10000E+02 1.50000E+02
n-U238-MT004-Kerveno-22795005-E0000.709.2021                     1 1.10000E+02 1.50000E+02
n-U238-MT004-Kerveno-22795005-E0000.736.2021                     1 1.10000E+02 1.50000E+02
n-U238-MT004-Kerveno-22795005-E0000.744.2021                     1 1.10000E+02 1.50000E+02
n-U238-MT004-Kerveno-22795005-E0000.794.2021                     1 1.10000E+02 1.50000E+02
n-U238-MT004-Kerveno-22795005-E0000.800.2021                     1 1.10000E+02 1.50000E+02
n-U238-MT004-Kerveno-22795005-E0000.801.2021                     1 1.10000E+02 1.50000E+02
n-U238-MT004-Kerveno-22795005-E0000.810.2021                     1 1.10000E+02 1.50000E+02
n-U238-MT004-Kerveno-22795005-E0000.848.2021                     1 1.10000E+02 1.50000E+02
n-U238-MT004-Kerveno-22795005-E0000.867.2021                     1 1.10000E+02 1.50000E+02
n-U238-MT004-Kerveno-22795005-E0000.873.2021                     1 1.10000E+02 1.50000E+02
n-U238-MT004-Kerveno-22795005-E0000.874.2021                     1 1.10000E+02 1.50000E+02
n-U238-MT004-Kerveno-22795005-E0000.885.2021                     1 1.10000E+02 1.50000E+02
n-U238-MT004-Kerveno-22795005-E0000.941.2021                     1 1.10000E+02 1.50000E+02
n-U238-MT004-Kerveno-22795005-E0000.950.2021                     1 1.10000E+02 1.50000E+02
n-U238-MT004-Kerveno-22795005-E0000.957.2021                     1 1.10000E+02 1.50000E+02
n-U238-MT004-Kerveno-22795005-E0000.958.2021                     1 1.10000E+02 1.50000E+02
n-U238-MT004-Kerveno-22795005-E0000.971.2021                     1 1.10000E+02 1.50000E+02
n-U238-MT004-Kerveno-22795005-E0001.045.2021                     1 1.10000E+02 1.50000E+02
n-U238-MT004-Kerveno-22795005-E0001.054.2021                     1 1.10000E+02 1.50000E+02
n-U238-MT004-Kerveno-22795005-E0001.056.2021                     1 1.10000E+02 1.50000E+02
n-U238-MT004-Kerveno-22795005-E0001.071.2021                     1 1.10000E+02 1.50000E+02
n-U238-MT004-Kerveno-22795005-E0001.156.2021                     1 1.10000E+02 1.50000E+02
n-U238-MT004-Kerveno-22795005-E0001.167.2021                     1 1.10000E+02 1.50000E+02
n-U238-MT004-Kerveno-22795005-E0001.168.2021                     1 1.10000E+02 1.50000E+02
n-U238-MT004-Kerveno-22795005-E0001.186.2021                     1 1.10000E+02 1.50000E+02
n-U238-MT004-Kerveno-22795005-E0001.286.2021                     1 1.10000E+02 1.50000E+02
n-U238-MT004-Kerveno-22795005-E0001.298.2021                     1 1.10000E+02 1.50000E+02
n-U238-MT004-Kerveno-22795005-E0001.300.2021                     1 1.10000E+02 1.50000E+02
n-U238-MT004-Kerveno-22795005-E0001.321.2021                     1 1.10000E+02 1.50000E+02
n-U238-MT004-Kerveno-22795005-E0001.439.2021                     1 1.10000E+02 1.50000E+02
n-U238-MT004-Kerveno-22795005-E0001.454.2021                     1 1.10000E+02 1.50000E+02
n-U238-MT004-Kerveno-22795005-E0001.455.2021                     1 1.10000E+02 1.50000E+02
n-U238-MT004-Kerveno-22795005-E0001.480.2021                     1 1.10000E+02 1.50000E+02
n-U238-MT004-Kerveno-22795005-E0001.620.2021                     1 1.10000E+02 1.50000E+02
n-U238-MT004-Kerveno-22795005-E0001.638.2021                     1 1.10000E+02 1.50000E+02
n-U238-MT004-Kerveno-22795005-E0001.640.2021                     1 1.10000E+02 1.50000E+02
n-U238-MT004-Kerveno-22795005-E0001.670.2021                     1 1.10000E+02 1.50000E+02
n-U238-MT004-Kerveno-22795005-E0001.742.2021                     1 1.10000E+02 1.50000E+02
n-U238-MT004-Kerveno-22795005-E0001.839.2021                     1 1.10000E+02 1.50000E+02
n-U238-MT004-Kerveno-22795005-E0001.861.2021                     1 1.10000E+02 1.50000E+02
n-U238-MT004-Kerveno-22795005-E0001.863.2021                     1 1.10000E+02 1.50000E+02
n-U238-MT004-Kerveno-22795005-E0001.900.2021                     1 1.10000E+02 1.50000E+02
n-U238-MT004-Kerveno-22795005-E0002.029.2021                     1 1.10000E+02 1.50000E+02
n-U238-MT004-Kerveno-22795005-E0002.105.2021                     1 1.10000E+02 1.50000E+02
n-U238-MT004-Kerveno-22795005-E0002.132.2021                     1 1.10000E+02 1.50000E+02
n-U238-MT004-Kerveno-22795005-E0002.135.2021                     1 1.10000E+02 1.50000E+02
n-U238-MT004-Kerveno-22795005-E0002.180.2021                     1 1.10000E+02 1.50000E+02
n-U238-MT004-Kerveno-22795005-E0002.434.2021                     1 1.10000E+02 1.50000E+02
n-U238-MT004-Kerveno-22795005-E0002.468.2021                     1 1.10000E+02 1.50000E+02
n-U238-MT004-Kerveno-22795005-E0002.471.2021                     1 1.10000E+02 1.50000E+02
n-U238-MT004-Kerveno-22795005-E0002.528.2021                     1 1.10000E+02 1.50000E+02
n-U238-MT004-Kerveno-22795005-E0002.846.2021                     1 1.10000E+02 1.50000E+02
n-U238-MT004-Kerveno-22795005-E0002.890.2021                     1 1.10000E+02 1.50000E+02
n-U238-MT004-Kerveno-22795005-E0002.893.2021                     1 1.10000E+02 1.50000E+02
n-U238-MT004-Kerveno-22795005-E0002.966.2021                     1 1.10000E+02 1.50000E+02
n-U238-MT004-Kerveno-22795005-E0003.373.2021                     1 1.10000E+02 1.50000E+02
n-U238-MT004-Kerveno-22795005-E0003.430.2021                     1 1.10000E+02 1.50000E+02
n-U238-MT004-Kerveno-22795005-E0003.434.2021                     1 1.10000E+02 1.50000E+02
n-U238-MT004-Kerveno-22795005-E0003.453.2021                     1 1.10000E+02 1.50000E+02
n-U238-MT004-Kerveno-22795005-E0003.530.2021                     1 1.10000E+02 1.50000E+02
n-U238-MT004-Kerveno-22795005-E0004.062.2021                     1 1.10000E+02 1.50000E+02
n-U238-MT004-Kerveno-22795005-E0004.140.2021                     1 1.10000E+02 1.50000E+02
n-U238-MT004-Kerveno-22795005-E0004.143.2021                     1 1.10000E+02 1.50000E+02
n-U238-MT004-Kerveno-22795005-E0004.273.2021                     1 1.10000E+02 1.50000E+02
n-U238-MT004-Kerveno-22795005-E0004.289.2021                     1 1.10000E+02 1.50000E+02
n-U238-MT004-Kerveno-22795005-E0004.699.2021                     1 1.10000E+02 1.50000E+02
n-U238-MT004-Kerveno-22795005-E0004.788.2021                     1 1.10000E+02 1.50000E+02
n-U238-MT004-Kerveno-22795005-E0005.098.2021                     1 1.10000E+02 1.50000E+02
n-U238-MT004-Kerveno-22795005-E0005.232.2021                     1 1.10000E+02 1.50000E+02
n-U238-MT004-Kerveno-22795005-E0005.279.2021                     1 1.10000E+02 1.50000E+02
n-U238-MT004-Kerveno-22795005-E0005.338.2021                     1 1.10000E+02 1.50000E+02
n-U238-MT004-Kerveno-22795005-E0005.862.2021                     1 1.10000E+02 1.50000E+02
n-U238-MT004-Kerveno-22795005-E0005.988.2021                     1 1.10000E+02 1.50000E+02
n-U238-MT004-Kerveno-22795005-E0006.002.2021                     1 1.10000E+02 1.50000E+02
n-U238-MT004-Kerveno-22795005-E0006.081.2021                     1 1.10000E+02 1.50000E+02
n-U238-MT004-Kerveno-22795005-E0006.217.2021                     1 1.10000E+02 1.50000E+02
n-U238-MT004-Kerveno-22795005-E0006.614.2021                     1 1.10000E+02 1.50000E+02
n-U238-MT004-Kerveno-22795005-E0006.766.2021                     1 1.10000E+02 1.50000E+02
n-U238-MT004-Kerveno-22795005-E0006.781.2021                     1 1.10000E+02 1.50000E+02
n-U238-MT004-Kerveno-22795005-E0007.043.2021                     1 1.10000E+02 1.50000E+02
n-U238-MT004-Kerveno-22795005-E0007.399.2021                     1 1.10000E+02 1.50000E+02
n-U238-MT004-Kerveno-22795005-E0007.520.2021                     1 1.10000E+02 1.50000E+02
n-U238-MT004-Kerveno-22795005-E0007.681.2021                     1 1.10000E+02 1.50000E+02
n-U238-MT004-Kerveno-22795005-E0007.707.2021                     1 1.10000E+02 1.50000E+02
n-U238-MT004-Kerveno-22795005-E0007.805.2021                     1 1.10000E+02 1.50000E+02
n-U238-MT004-Kerveno-22795005-E0008.111.2021                     1 1.10000E+02 1.50000E+02
n-U238-MT004-Kerveno-22795005-E0008.122.2021                     1 1.10000E+02 1.50000E+02
n-U238-MT004-Kerveno-22795005-E0008.244.2021                     1 1.10000E+02 1.50000E+02
n-U238-MT004-Kerveno-22795005-E0008.578.2021                     1 1.10000E+02 1.50000E+02
n-U238-MT004-Kerveno-22795005-E0008.628.2021                     1 1.10000E+02 1.50000E+02
n-U238-MT004-Kerveno-22795005-E0008.722.2021                     1 1.10000E+02 1.50000E+02
n-U238-MT004-Kerveno-22795005-E0008.861.2021                     1 1.10000E+02 1.50000E+02
n-U238-MT004-Kerveno-22795005-E0009.033.2021                     1 1.10000E+02 1.50000E+02
n-U238-MT004-Kerveno-22795005-E0009.086.2021                     1 1.10000E+02 1.50000E+02
n-U238-MT004-Kerveno-22795005-E0009.243.2021                     1 1.10000E+02 1.50000E+02
n-U238-MT004-Kerveno-22795005-E0009.642.2021                     1 1.10000E+02 1.50000E+02
n-U238-MT004-Kerveno-22795005-E0009.812.2021                     1 1.10000E+02 1.50000E+02
n-U238-MT004-Kerveno-22795005-E0010.250.2021                     1 1.10000E+02 1.50000E+02
n-U238-MT004-Kerveno-22795005-E0010.435.2021                     1 1.10000E+02 1.50000E+02
n-U238-MT004-Kerveno-22795005-E0010.919.2021                     1 1.10000E+02 1.50000E+02
n-U238-MT004-Kerveno-22795005-E0010.977.2021                     1 1.10000E+02 1.50000E+02
n-U238-MT004-Kerveno-22795005-E0011.121.2021                     1 1.10000E+02 1.50000E+02
n-U238-MT004-Kerveno-22795005-E0011.365.2021                     1 1.10000E+02 1.10000E+02
n-U238-MT004-Kerveno-22795005-E0011.655.2021                     1 1.10000E+02 1.50000E+02
n-U238-MT004-Kerveno-22795005-E0011.877.2021                     1 1.10000E+02 1.50000E+02
n-U238-MT004-Kerveno-22795005-E0012.470.2021                     1 1.10000E+02 1.50000E+02
n-U238-MT004-Kerveno-22795005-E0012.713.2021                     1 1.10000E+02 1.50000E+02
n-U238-MT004-Kerveno-22795005-E0012.865.2021                     1 1.10000E+02 1.50000E+02
n-U238-MT004-Kerveno-22795005-E0013.373.2021                     1 1.10000E+02 1.50000E+02
n-U238-MT004-Nellis-12697004-E0001.040.1969                      3 5.50000E+01 5.50000E+01
n-U238-MT004-Nellis-13005003-E0000.302.1971                     22 5.50000E+01 5.50000E+01
