#              Filename                                         N    min         max
n-S000-MT051-Howell-12927009-ang-E0007.956.1988                 18 2.06000E+01 1.61600E+02
n-S000-MT051-Howell-12927009-ang-E0009.947.1988                 32 2.06000E+01 1.60400E+02
n-S000-MT051-Howell-12927009-ang-E0011.933.1988                 20 2.51000E+01 1.61800E+02
n-S000-MT051-Howell-12927009-ang-E0013.922.1988                 29 2.03000E+01 1.58700E+02
n-S000-MT051-Howell-12927009-ang-E0016.917.1988                 25 2.03000E+01 1.59600E+02
n-S000-MT051-Obst-10306009-ang-E0009.800.1973                   18 2.51000E+01 1.50100E+02
n-S000-MT051-Obst-10306009-ang-E0009.800A001.1973               18 2.51000E+01 1.50100E+02
n-S000-MT051-Perey-10108002-ang-E0004.190.1970                   1 9.08000E+01 9.09000E+01
n-S000-MT051-Perey-10108002-ang-E0004.190A001.1970               1 9.08000E+01 9.09000E+01
n-S000-MT051-Perey-10108002-ang-E0004.460.1970                   1 9.07000E+01 9.08000E+01
n-S000-MT051-Perey-10108002-ang-E0004.460A001.1970               1 9.07000E+01 9.08000E+01
n-S000-MT051-Perey-10108002-ang-E0005.000.1970                   1 9.07000E+01 9.07000E+01
n-S000-MT051-Perey-10108015-ang-E0006.000.1970                   2 5.37000E+01 1.19600E+02
n-S000-MT051-Perey-10108015-ang-E0006.000A001.1970               2 5.37000E+01 1.19600E+02
n-S000-MT051-Perey-10108015-ang-E0006.370.1970                  16 5.37000E+01 1.35600E+02
n-S000-MT051-Perey-10108015-ang-E0006.370A001.1970              16 5.37000E+01 1.35600E+02
n-S000-MT051-Perey-10108015-ang-E0007.600.1970                   2 5.39000E+01 1.19600E+02
n-S000-MT051-Perey-10108015-ang-E0007.600A001.1970               2 5.39000E+01 1.19600E+02
n-S000-MT051-Perey-10108015-ang-E0008.520.1970                  11 5.39000E+01 1.35100E+02
n-S000-MT051-Perey-10108015-ang-E0008.520A001.1970              13 7.87000E+01 1.36200E+02
n-S000-MT051-Perey-10108015-ang-E0008.520A002.1970              11 5.39000E+01 1.35100E+02
n-S000-MT051-Perey-10108015-ang-E0008.520A003.1970              13 7.87000E+01 1.36200E+02
n-S000-MT051-Tesch-21663012-ang-E0014.100.1962                  13 1.94000E+01 1.53200E+02
n-S000-MT051-Tesch-21663013-ang-E0014.100.1962                  13 2.14000E+01 1.54200E+02
n-S000-MT051-Tesch-21663014-ang-E0014.100.1962                  12 1.94000E+01 1.55200E+02
