#              Filename                                         N    min         max
p-Ni058-MT651-Anderson-T0292002-E0121.200.1978                 294 4.50002E+00 4.68000E+01
p-Ni058-MT651-Edwards-O0589002-E0027.500.1973                  477 6.10002E+00 1.11300E+02
p-Ni058-MT651-Hosono-E0247038-E0065.000.1980                    18 1.50000E+01 8.01000E+01
p-Ni058-MT651-Hosono-E0247040-E0065.000.1980                    18 1.50000E+01 8.01000E+01
p-Ni058-MT651-Hosono-E0247042-E0065.000.1980                    17 1.50000E+01 8.01000E+01
p-Ni058-MT651-Hosono-E0247044-E0065.000.1980                    19 1.50000E+01 8.01000E+01
p-Ni058-MT651-Hosono-E0247046-E0065.000.1980                    19 1.50000E+01 8.01000E+01
p-Ni058-MT651-Ikegami-O0812002-E0050.000.1979                   30 8.30000E+00 4.04000E+01
p-Ni058-MT651-Ishizaki-E2249017-E0057.000.1965                  14 9.49999E+00 7.50000E+01
p-Ni058-MT651-Ishizaki-E2249018-E0057.000.1965                  14 1.01000E+01 7.65000E+01
p-Ni058-MT651-Ishizaki-E2249019-E0057.000.1965                  14 1.00000E+01 7.54000E+01
p-Ni058-MT651-Ishizaki-E2249020-E0057.000.1965                  13 1.00000E+01 7.02000E+01
p-Ni058-MT651-Ishizaki-E2249021-E0057.000.1965                  12 9.80000E+00 6.76000E+01
p-Ni058-MT651-Ohnuma-E1533002-E0051.930.1974                    37 5.80002E+00 1.10300E+02
p-Ni058-MT651-Ohnuma-E1533003-E0051.930.1974                    37 5.80002E+00 1.10300E+02
p-Ni058-MT651-Ohnuma-E1533004-E0051.930.1974                    37 5.80002E+00 1.10300E+02
p-Ni058-MT651-Ohnuma-E1533005-E0051.930.1974                    37 5.80002E+00 1.10300E+02
p-Ni058-MT651-Ohnuma-E1533006-E0051.930.1974                    37 2.50006E+00 1.06700E+02
p-Ni058-MT651-Ohnuma-E1533007-E0051.930.1974                    37 2.00008E+00 1.05900E+02
p-Ni058-MT651-Ohnuma-E1533008-E0051.930.1974                    37 1.90002E+00 1.06000E+02
p-Ni058-MT651-Ohnuma-E1533009-E0051.930.1974                    37 1.19992E+00 1.06700E+02
p-Ni058-MT651-Ohnuma-E1533010-E0051.930.1974                    37 3.40001E+00 1.09000E+02
p-Ni058-MT651-Ohnuma-E1533011-E0051.930.1974                    37 5.80002E+00 1.10300E+02
p-Ni058-MT651-Ohnuma-E1533012-E0051.930.1974                    37 4.50002E+00 1.08100E+02
p-Ni058-MT651-Ohnuma-E1533013-E0051.930.1974                    19 4.59998E+00 4.88000E+01
p-Ni058-MT651-Ohnuma-E1533014-E0051.930.1974                    19 4.59998E+00 4.95000E+01
p-Ni058-MT651-Ohnuma-E1533015-E0051.930.1974                    37 5.80002E+00 1.10300E+02
p-Ni058-MT651-Ohnuma-E1533016-E0051.930.1974                    19 4.40002E+00 4.90000E+01
p-Ni058-MT651-Ohnuma-E1533017-E0051.930.1974                    37 4.50002E+00 1.10100E+02
p-Ni058-MT651-Ohnuma-E1533018-E0051.930.1974                    37 4.99999E+00 1.10700E+02
p-Ni058-MT651-Ohnuma-E1533019-E0051.930.1974                    37 4.69999E+00 1.10100E+02
p-Ni058-MT651-Ohnuma-E1533020-E0051.930.1974                    37 4.99999E+00 1.10600E+02
p-Ni058-MT651-Ohnuma-E1533021-E0051.930.1974                    37 5.30001E+00 1.10900E+02
p-Ni058-MT651-Polane-O1217002-E0024.600.1989                   210 9.60001E+00 8.07000E+01
p-Ni058-MT651-Schiffer-C1991006-E0028.000.2013                  16 1.00000E+01 2.50000E+01
p-Ni058-MT651-Sengupta-E1747003-E0065.000.2000                  14 4.90001E+00 4.50000E+01
p-Ni058-MT651-Sengupta-E1747004-E0065.000.2000                  10 4.90001E+00 4.50000E+01
p-Ni058-MT651-Sengupta-E1747005-E0065.000.2000                  11 4.90001E+00 4.52000E+01
p-Ni058-MT651-Sengupta-E1747006-E0065.000.2000                  11 4.90001E+00 4.52000E+01
p-Ni058-MT651-Sengupta-E1747007-E0065.000.2000                  12 5.09997E+00 4.52000E+01
p-Ni058-MT651-Sengupta-E1747013-E0065.000.2000                  12 4.99999E+00 4.52000E+01
p-Ni058-MT651-Sengupta-E1747014-E0065.000.2000                  14 4.99999E+00 4.51000E+01
p-Ni058-MT651-Sengupta-E1747015-E0065.000.2000                  12 7.99998E+00 4.51000E+01
p-Ni058-MT651-Sengupta-E1747016-E0065.000.2000                  10 4.99999E+00 3.51000E+01
