#              Filename                                         N    min         max
p-Nd144-MT002-Cottle-C0124002-ang-E0035.000.1991                15 1.50000E+01 6.50000E+01
p-Nd144-MT002-Gales-C2510010-ang-E0009.384.1973                  1 1.25100E+02 1.40000E+02
p-Nd144-MT002-Gales-C2510010-ang-E0009.393.1973                  1 1.40000E+02 1.70000E+02
p-Nd144-MT002-Gales-C2510010-ang-E0009.395.1973                  1 1.55000E+02 1.70000E+02
p-Nd144-MT002-Gales-C2510010-ang-E0009.403.1973                  1 1.25100E+02 1.55000E+02
p-Nd144-MT002-Gales-C2510010-ang-E0009.426.1973                  1 1.25100E+02 1.40000E+02
p-Nd144-MT002-Gales-C2510010-ang-E0009.432.1973                  1 1.40000E+02 1.70000E+02
p-Nd144-MT002-Gales-C2510010-ang-E0009.445.1973                  1 1.55000E+02 1.70000E+02
p-Nd144-MT002-Gales-C2510010-ang-E0009.451.1973                  1 1.25100E+02 1.55000E+02
p-Nd144-MT002-Gales-C2510010-ang-E0009.476.1973                  1 1.25100E+02 1.40000E+02
p-Nd144-MT002-Gales-C2510010-ang-E0009.479.1973                  1 1.40000E+02 1.70000E+02
p-Nd144-MT002-Gales-C2510010-ang-E0009.498.1973                  1 1.55000E+02 1.70000E+02
p-Nd144-MT002-Gales-C2510010-ang-E0009.501.1973                  1 1.40000E+02 1.55000E+02
p-Nd144-MT002-Gales-C2510010-ang-E0009.528.1973                  1 1.25100E+02 1.40000E+02
p-Nd144-MT002-Gales-C2510010-ang-E0009.529.1973                  1 1.25100E+02 1.55000E+02
p-Nd144-MT002-Gales-C2510010-ang-E0009.550.1973                  1 1.55000E+02 1.70000E+02
p-Nd144-MT002-Gales-C2510010-ang-E0009.551.1973                  1 1.25100E+02 1.70000E+02
p-Nd144-MT002-Gales-C2510010-ang-E0009.580.1973                  1 1.25100E+02 1.40000E+02
p-Nd144-MT002-Gales-C2510010-ang-E0009.581.1973                  1 1.40000E+02 1.70000E+02
p-Nd144-MT002-Gales-C2510010-ang-E0009.597.1973                  1 1.55000E+02 1.70000E+02
p-Nd144-MT002-Gales-C2510010-ang-E0009.601.1973                  1 1.25100E+02 1.55000E+02
p-Nd144-MT002-Gales-C2510010-ang-E0009.602.1973                  1 1.25100E+02 1.40000E+02
p-Nd144-MT002-Gales-C2510010-ang-E0009.603.1973                  1 1.40000E+02 1.70000E+02
p-Nd144-MT002-Gales-C2510010-ang-E0009.620.1973                  1 1.25100E+02 1.70000E+02
p-Nd144-MT002-Gales-C2510010-ang-E0009.622.1973                  1 1.25100E+02 1.55000E+02
p-Nd144-MT002-Gales-C2510010-ang-E0009.623.1973                  1 1.40000E+02 1.55000E+02
p-Nd144-MT002-Gales-C2510010-ang-E0009.626.1973                  1 1.25100E+02 1.40000E+02
p-Nd144-MT002-Gales-C2510010-ang-E0009.639.1973                  1 1.25100E+02 1.70000E+02
p-Nd144-MT002-Gales-C2510010-ang-E0009.641.1973                  1 1.40000E+02 1.70000E+02
p-Nd144-MT002-Gales-C2510010-ang-E0009.641A001.1973              1 1.40000E+02 1.55000E+02
p-Nd144-MT002-Gales-C2510010-ang-E0009.643.1973                  1 1.25100E+02 1.55000E+02
p-Nd144-MT002-Gales-C2510010-ang-E0009.649.1973                  1 1.25100E+02 1.55000E+02
p-Nd144-MT002-Gales-C2510010-ang-E0009.650.1973                  1 1.40000E+02 1.55000E+02
p-Nd144-MT002-Gales-C2510010-ang-E0009.653.1973                  2 1.25100E+02 1.70000E+02
p-Nd144-MT002-Gales-C2510010-ang-E0009.661.1973                  2 1.25100E+02 1.55000E+02
p-Nd144-MT002-Gales-C2510010-ang-E0009.662.1973                  1 1.40000E+02 1.55000E+02
p-Nd144-MT002-Gales-C2510010-ang-E0009.666.1973                  1 1.25100E+02 1.40000E+02
p-Nd144-MT002-Gales-C2510010-ang-E0009.672.1973                  1 1.25100E+02 1.55000E+02
p-Nd144-MT002-Gales-C2510010-ang-E0009.672A001.1973              1 1.55000E+02 1.70000E+02
p-Nd144-MT002-Gales-C2510010-ang-E0009.675.1973                  1 1.70000E+02 1.70000E+02
