#              Filename                                         N    min         max
n-W183-MT151-Bartolome-100020181.1969                           47 1.84000E-04 7.60000E-04
n-W183-MT151-Bartolome-100020181A001.1969                       47 1.84000E-04 7.60000E-04
n-W183-MT151-Bartolome-100020182.1969                           47 1.84000E-04 7.60000E-04
n-W183-MT151-Bartolome-100020182A001.1969                       47 1.84000E-04 7.60000E-04
n-W183-MT151-Bartolome-100020183.1969                           33 1.92000E-04 7.60000E-04
n-W183-MT151-Bartolome-100020183A001.1969                       33 1.92000E-04 7.60000E-04
n-W183-MT151-Bartolome-100020261.1969                            1 4.56500E-04 4.56500E-04
n-W183-MT151-Bartolome-100020261A001.1969                        1 4.56500E-04 4.56500E-04
n-W183-MT151-Bartolome-100020262.1969                            1 4.56500E-04 4.56500E-04
n-W183-MT151-Bartolome-100020262A001.1969                        1 4.56500E-04 4.56500E-04
n-W183-MT151-Belyaev-40478002.1979                              22 2.70500E-05 3.90900E-04
n-W183-MT151-Block-114580031.1966                               31 7.62000E-06 3.92000E-04
n-W183-MT151-Block-114580032.1966                               15 4.62000E-05 3.79000E-04
n-W183-MT151-Block-114580033.1966                               11 1.01300E-04 3.79000E-04
n-W183-MT151-Block-114580034.1966                               11 1.01300E-04 3.79000E-04
n-W183-MT151-Block-114580035.1966                               11 1.01300E-04 3.79000E-04
n-W183-MT151-Block-11458013.1966                                 1 4.00000E-04 4.00000E-04
n-W183-MT151-Bollinger-12195002.1963                             4 7.60000E-06 4.60000E-05
n-W183-MT151-Bowey-21117013.1957                                 5 2.70000E-05 1.55800E-04
n-W183-MT151-Camarda-105070031.1973                              1 1.32000E-03 1.32000E-03
n-W183-MT151-Camarda-105070031A001.1973                          1 1.32000E-03 1.32000E-03
n-W183-MT151-Camarda-105070032.1973                              1 1.32000E-03 1.32000E-03
n-W183-MT151-Camarda-105070032A001.1973                          1 1.32000E-03 1.32000E-03
n-W183-MT151-Camarda-105070071.1973                             93 7.63000E-06 2.64020E-03
n-W183-MT151-Camarda-105070071A001.1973                         93 7.63000E-06 2.64020E-03
n-W183-MT151-Camarda-105070072.1973                             93 7.63000E-06 2.64020E-03
n-W183-MT151-Camarda-105070072A001.1973                         93 7.63000E-06 2.64020E-03
n-W183-MT151-Chrien-12153003.1958                                2 2.70000E-05 4.60000E-05
n-W183-MT151-Corge-20679002.1960                                 1 7.50000E-04 7.50000E-04
n-W183-MT151-Corge-206790031.1960                               30 7.62000E-06 1.51500E-03
n-W183-MT151-Corge-206790032.1960                               29 7.62000E-06 1.51500E-03
n-W183-MT151-Corge-206790034.1960                               10 7.62000E-06 1.57500E-04
n-W183-MT151-Corge-206790035.1960                                9 2.70500E-05 1.57500E-04
n-W183-MT151-Corge-206790036.1960                                9 2.70500E-05 1.57500E-04
n-W183-MT151-Corge-20679004.1960                                 1 7.82500E-04 7.82500E-04
n-W183-MT151-Firk-213160081.1959                                 9 2.71700E-05 1.74000E-04
n-W183-MT151-Firk-213160082.1959                                 9 2.71700E-05 1.74000E-04
n-W183-MT151-Firk-213160083.1959                                 9 2.71700E-05 1.74000E-04
n-W183-MT151-Firk-213160084.1959                                 9 2.71700E-05 1.74000E-04
n-W183-MT151-Firk-21316011.1959                                  2 1.00585E-04 1.00585E-04
n-W183-MT151-Firk-21316012.1959                                  2 1.00585E-04 1.00585E-04
n-W183-MT151-Fox-13665002.1958                                   4 7.62000E-06 4.81000E-05
n-W183-MT151-Ideno-20267004.1967                                 1 7.64000E-06 7.64000E-06
n-W183-MT151-Ideno-20267005.1967                                 1 7.64000E-06 7.64000E-06
n-W183-MT151-Ignatiev-412670041.1963                             3 7.60000E-06 1.03000E-04
n-W183-MT151-Ignatiev-412670042.1963                             3 7.60000E-06 1.03000E-04
n-W183-MT151-Kapchigashev-40778085.1966                          1 2.50000E-02 2.50000E-02
n-W183-MT151-Kononov-40977015.1987                               2 2.02500E-01 2.02500E-01
n-W183-MT151-Macklin-109990031.1983                            181 2.66200E-03 5.78100E-03
n-W183-MT151-Macklin-109990031A001.1983                        181 2.66200E-03 5.78100E-03
n-W183-MT151-Ohkubo-22065003.1984                               64 7.63000E-06 1.11300E-03
n-W183-MT151-Ohkubo-220650041.1984                               1 1.10000E-03 1.10000E-03
n-W183-MT151-Ohkubo-220650042.1984                               1 0.00000E+00 0.00000E+00
n-W183-MT151-Paya-112380031.1964                                 2 7.68000E-06 2.70800E-05
n-W183-MT151-Paya-112380032.1964                                 2 7.68000E-06 2.70800E-05
n-W183-MT151-Paya-112380033.1964                                 2 7.68000E-06 2.70800E-05
n-W183-MT151-Paya-112380034.1964                                 2 7.68000E-06 2.70800E-05
n-W183-MT151-Paya-112380061.1964                                 1 7.67000E-06 7.67000E-06
n-W183-MT151-Paya-112380062.1964                                 1 7.67000E-06 7.67000E-06
n-W183-MT151-Paya-112380063.1964                                 1 7.67000E-06 7.67000E-06
n-W183-MT151-Paya-112380064.1964                                 1 7.67000E-06 7.67000E-06
n-W183-MT151-Schwartz-121520041.1956                            13 7.62000E-06 3.54000E-04
n-W183-MT151-Schwartz-121520042.1956                             2 7.62000E-06 2.71000E-05
n-W183-MT151-Schwartz-121520043.1956                            11 7.62000E-06 1.77000E-04
n-W183-MT151-Waters-213170031.1959                               5 7.62000E-06 1.00800E-04
n-W183-MT151-Waters-213170032.1959                               5 7.62000E-06 1.00800E-04
n-W183-MT151-Waters-213170033.1959                               5 7.62000E-06 1.00800E-04
n-W183-MT151-Wetzel-10080002.1970                                5 2.71000E-05 1.01000E-04
n-W183-MT151-Wetzel-10080002A001.1970                            5 2.71000E-05 1.01000E-04
