#              Filename                                         N    min         max
n-H001-MT102-Anderson-14659002.2020                              1 2.53000E-08 2.53000E-08
n-H001-MT102-Baker-21371003.1958                                 1 2.53000E-08 2.53000E-08
n-H001-MT102-Bayer-30003002.1961                                 1 2.53000E-08 2.53000E-08
n-H001-MT102-Bayer-30004002.1969                                 1 2.53000E-08 2.53000E-08
n-H001-MT102-Bosman-21536002.1979                                7 3.70000E+01 7.26000E+01
n-H001-MT102-Cerineo-30005002.1961                               1 1.44000E+01 1.44000E+01
n-H001-MT102-Cokinos-10665002.1977                               1 2.53000E-08 2.53000E-08
n-H001-MT102-Cokinos-10665002A001.1977                           1 2.53000E-08 2.53000E-08
n-H001-MT102-Cox-21460002.1965                                   1 2.53000E-08 2.53000E-08
n-H001-MT102-Dlouhy-30002002.1962                                2 2.53000E-08 2.53000E-08
n-H001-MT102-Dupont-21989002.1985                                5 4.50000E+01 7.00000E+01
n-H001-MT102-Fink-13845002.1936                                  1 2.53000E-08 2.53000E-08
n-H001-MT102-Lolich-30551003.1980                                1 2.53000E-08 2.53000E-08
n-H001-MT102-Meadows-11028002.1961                               1 2.53000E-08 2.53000E-08
n-H001-MT102-Meadows-11028002A001.1961                           1 2.53000E-08 2.53000E-08
n-H001-MT102-Michel-30932002.1989                                1 2.56000E+01 2.56000E+01
n-H001-MT102-Mughabghab-V10010021.2006                           1 2.53000E-08 2.53000E-08
n-H001-MT102-Pal-30001002.1965                                   1 2.53000E-08 2.53000E-08
n-H001-MT102-Reier-13853002.1961                                 1 2.53000E-08 2.53000E-08
n-H001-MT102-Schulz-126470022.1945                               1 2.53000E-08 2.53000E-08
n-H001-MT102-Slaus-30042002.1964                                 1 1.44000E+01 1.44000E+01
n-H001-MT102-Spees-12651002.1938                                 1 2.53000E-08 2.53000E-08
n-H001-MT102-Stiehler-30705002.1986                              1 2.50000E+01 2.50000E+01
n-H001-MT102-Suzuki-22310002.1995                               12 2.00000E-02 6.40000E-02
n-H001-MT102-Suzuki-22310003.1995                                3 2.00000E-02 6.40000E-02
n-H001-MT102-Tomyo-22774002.2003                                 4 1.10230E-01 3.44420E-01
n-H001-MT102-Tudoricghemo-30026002.1967                          1 1.44000E+01 1.44000E+01
n-H001-MT102-Wauters-22229002.1990                               3 3.85000E+01 7.62000E+01
