#              Filename                                         N    min         max
n-Sn000-MT002-Coon-11322017.1958                                 1 1.45000E+01 1.45000E+01
n-Sn000-MT002-Cox-10332104.1972                                  1 8.81600E-01 8.81600E-01
n-Sn000-MT002-Cox-10332104A001.1972                              1 8.81600E-01 8.81600E-01
n-Sn000-MT002-Hibdon-11261026.1949                               2 1.20000E-04 3.45000E-04
n-Sn000-MT002-Korzh-40762010.1963                                1 6.50000E-01 6.50000E-01
n-Sn000-MT002-Korzh-40763015.1963                                1 3.00000E-01 3.00000E-01
n-Sn000-MT002-Korzh-41314008.1972                                1 1.50000E+00 1.50000E+00
n-Sn000-MT002-Lovchikova-40787004.1960                           1 2.20000E-01 2.20000E-01
n-Sn000-MT002-Mitchell-14700014.1936                             1 2.53000E-08 2.53000E-08
n-Sn000-MT002-Pasechnik-40683010.1964                            2 5.00000E-01 8.00000E-01
n-Sn000-MT002-Seth-11788012.1958                                 1 4.90000E-05 4.90000E-05
n-Sn000-MT002-Smith-10418005.1967                               62 3.25000E-01 1.45000E+00
n-Sn000-MT002-Smith-10418005A001.1967                           62 3.25000E-01 1.45000E+00
n-Sn000-MT002-Snowdon-11965005.1954                              1 3.70000E+00 3.70000E+00
n-Sn000-MT002-Walt-11215034.1955                                 1 4.10000E+00 4.10000E+00
n-Sn000-MT002-Walt-11215034A001.1955                             1 4.10000E+00 4.10000E+00
n-Sn000-MT002-Walt-11637044.1954                                 1 1.00000E+00 1.00000E+00
n-Sn000-MT002-Wilenzick-11287036.1965                            1 6.04000E+00 6.04000E+00
