#              Filename                                         N    min         max     
p-Cu000-rp027057-Aleksandrov-A03510026.1987                      6 5.00000E+01 9.80000E+01
p-Cu000-rp027057-Williams-B0073003.1967                         14 3.60000E+01 5.81000E+01
p-Cu000-rp027057-Cline-B0085028C.1971                            1 5.90000E+02 5.90000E+02
p-Cu000-rp027057-Voyles-C2327010.2018                            6 4.10500E+01 8.97400E+01
p-Cu000-rp027057-Gruetter-D0505013.1982                         18 4.09000E+01 6.98000E+01
p-Cu000-rp027057-Shahid-D7015008.2015                           14 1.99000E+01 4.30000E+01
p-Cu000-rp027057-Michel-O00780280.1989                           1 6.00000E+02 6.00000E+02
p-Cu000-rp027057-Michel-O0276131.1997                          210 2.25000E+01 1.59000E+03
p-Cu000-rp027057-Schiekel-O0284117.1996                          4 2.26000E+02 3.75000E+02
p-Cu000-rp027057-Cumming-O0542040.1974                           1 3.90000E+03 3.90000E+03
p-Cu000-rp027057-Kozma-A0477077.1990                             1 3.65000E+03 3.65000E+03
p-Cu000-rp027057-Aleksandrov-A0501084.1990                       1 1.00000E+03 1.00000E+03
p-Cu000-rp027057-Mills-A05070035.1992                           50 2.76000E+01 1.96600E+02
p-Cu000-rp027057-Greenwood-C0537006.1984                        12 3.20000E+01 4.50000E+02
p-Cu000-rp027057-Graves-C2243003.2016                            6 3.51000E+01 8.94000E+01
p-Cu000-rp027057-Fox-C2702036.2021                              26 3.67000E+01 1.92540E+02
p-Cu000-rp027057-Gruetter-D0505014.1982                          2 3.69000E+01 3.86000E+01
p-Cu000-rp027057-Yashima-E1829069.2003                           7 4.80000E+01 2.02000E+02
p-Cu000-rp027057-Michel-O0277196.1995                            4 8.00000E+02 2.60000E+03
p-Cu000-rp027057-Orth-O0418054.1978                              2 2.00000E+02 3.50000E+02
p-Cu000-rp027057-Fassbender-O0722004.1997                        2 2.14400E+02 2.54100E+02
p-Cu000-rp027057-Garrido-O2315022.2016                          12 2.94800E+01 7.00800E+01
p-Cu000-rp027057-Ju-S0207006.2015                                1 2.50000E+02 2.50000E+02
p-Cu000-rp027057-Orth-T0131026.1976                              1 5.90000E+02 5.90000E+02
