#              Filename                                         N    min         max     
p-Si000-rp011022-Korteling-C0253006.1970                         3 1.00000E+02 3.00000E+02
p-Si000-rp011022-Sheffey-C0267006.1968                           4 4.12000E+01 5.95000E+01
p-Si000-rp011022-Sisterson-C0507008.1997                         6 4.10000E+01 6.69000E+01
p-Si000-rp011022-Sisterson-C0507009.1997                         8 5.65000E+01 1.57300E+02
p-Si000-rp011022-Sisterson-C0507010.1997                         4 2.00000E+02 5.00000E+02
p-Si000-rp011022-Raisbeck-O00940022.1975                         1 1.00000E+03 1.00000E+03
p-Si000-rp011022-Raisbeck-O00940032.1975                         1 2.00000E+03 2.00000E+03
p-Si000-rp011022-Raisbeck-O00940042.1975                         1 3.00000E+03 3.00000E+03
p-Si000-rp011022-Raisbeck-O00940052.1975                         1 2.30000E+04 2.30000E+04
p-Si000-rp011022-Baros-O2015003.1984                             2 1.50000E+02 2.40000E+04
p-Si000-rp011022-Raisbeck-O2056006.1974                          1 6.00000E+02 6.00000E+02
p-Si000-rp011022-Bimbot-O2134029.1971                            2 5.00000E+01 1.53000E+02
p-Si000-rp011022-Barchuk-A03390022.1987                         58 2.60000E+01 6.64000E+01
p-Si000-rp011022-Aleksandrov-A03400032.1988                     16 2.50000E+01 9.90000E+01
p-Si000-rp011022-Leya-D06400081.1997                             1 1.60000E+03 1.60000E+03
p-Si000-rp011022-Leya-D06400082.1997                             1 1.60000E+03 1.60000E+03
p-Si000-rp011022-Leya-D06400083.1997                             1 1.60000E+03 1.60000E+03
p-Si000-rp011022-Rayudu-O0073017.1964                            4 1.30000E+02 3.96000E+02
p-Si000-rp011022-Rayudu-O0077022.1968                            5 5.00000E+02 2.90000E+03
p-Si000-rp011022-Michel-O00780052.1989                           1 6.00000E+02 6.00000E+02
p-Si000-rp011022-Weigel-O0088003.1975                            1 6.00000E+02 6.00000E+02
p-Si000-rp011022-Michel-O0276016.1997                           98 2.25000E+01 1.62000E+02
p-Si000-rp011022-Michel-O0277037.1995                            4 8.00000E+02 2.60000E+03
p-Si000-rp011022-Bodemann-O0282012.1993                         54 2.76000E+01 9.79000E+01
p-Si000-rp011022-Schiekel-O0284018.1996                         14 2.45000E+02 3.95000E+02
p-Si000-rp011022-Walton-O0350016.1976                           15 1.80000E+01 4.42000E+01
p-Si000-rp011022-Korteling-O0412040.1967                         1 4.00000E+02 4.00000E+02
p-Si000-rp011022-Heydegger-O05010041.1976                        4 1.21000E+02 4.35000E+02
p-Si000-rp011022-Izosimova-O0554009.1978                         1 1.00000E+03 1.00000E+03
p-Si000-rp011022-Fassbender-O07280032.1999                      11 1.38200E+02 3.55000E+02
p-Si000-rp011022-Furukawa-O0972006.1971                         10 2.60000E+01 5.11000E+01
