#              Filename                                         N    min         max
g-He004-MT103-Arends-M0484002-E0197.000.1979                     1 9.00000E+01 1.05000E+02
g-He004-MT103-Arends-M0484002-E0209.000.1979                     3 6.00000E+01 1.50000E+02
g-He004-MT103-Arends-M0484002-E0223.000.1979                     3 6.00000E+01 1.50000E+02
g-He004-MT103-Gorbunov-M0489006-E0023.000.1968                  10 7.49999E+00 1.57500E+02
g-He004-MT103-Gorbunov-M0489006-E0025.000.1968                  10 7.49999E+00 1.57500E+02
g-He004-MT103-Jones-M05620021-E0067.000.1991                    42 2.25000E+01 1.45500E+02
g-He004-MT103-Jones-M05620022-E0067.000.1991                    33 4.05000E+01 1.36500E+02
g-He004-MT103-Nasseripour-L0148002-E0400.000.2009               24 6.30000E+01 1.45800E+02
g-He004-MT103-Nasseripour-L0148003-E0500.000.2009               26 5.22000E+01 1.42200E+02
g-He004-MT103-Nasseripour-L0148004-E0600.000.2009               29 4.14000E+01 1.42200E+02
g-He004-MT103-Nasseripour-L0148005-E0700.000.2009               30 3.78000E+01 1.42200E+02
g-He004-MT103-Nasseripour-L0148006-E0800.000.2009               30 3.06000E+01 1.35000E+02
g-He004-MT103-Nasseripour-L0148007-E0900.000.2009               15 3.42000E+01 1.02600E+02
g-He004-MT103-Nasseripour-L0148008-E1000.000.2009               14 3.42000E+01 8.46000E+01
g-He004-MT103-Nasseripour-L0148009-E1100.000.2009               13 2.70000E+01 1.38600E+02
g-He004-MT103-Nasseripour-L0148010-E1200.000.2009               10 2.70000E+01 7.74000E+01
g-He004-MT103-Nasseripour-L0148011-E0580.000.2009               31 4.00000E+01 4.00000E+01
g-He004-MT103-Nasseripour-L0148012-E0480.000.2009               32 5.00000E+01 5.00000E+01
g-He004-MT103-Nasseripour-L0148013-E0430.000.2009               33 6.00000E+01 6.00000E+01
g-He004-MT103-Nasseripour-L0148014-E0360.000.2009               28 7.00000E+01 7.00000E+01
g-He004-MT103-Nasseripour-L0148015-E0360.000.2009               28 8.00000E+01 8.00000E+01
g-He004-MT103-Nasseripour-L0148016-E0360.000.2009               28 9.00000E+01 9.00000E+01
g-He004-MT103-Nasseripour-L0148017-E0360.000.2009               19 1.00000E+02 1.00000E+02
g-He004-MT103-Nasseripour-L0148018-E0360.000.2009               17 1.10000E+02 1.10000E+02
g-He004-MT103-Nasseripour-L0148019-E0360.000.2009               15 1.20000E+02 1.20000E+02
g-He004-MT103-Nasseripour-L0148020-E0360.000.2009               15 1.30000E+02 1.30000E+02
g-He004-MT103-Picozza-M0962003-E0202.500.1970                    9 9.00000E+01 9.00000E+01
g-He004-MT103-Schmieden-M0555002-E0081.400.1993                  9 6.00000E+01 6.00000E+01
g-He004-MT103-Schmieden-M0555003-E0081.400.1993                  9 7.00000E+01 7.00000E+01
g-He004-MT103-Schmieden-M0555004-E0081.400.1993                  9 8.00000E+01 8.00000E+01
g-He004-MT103-Schmieden-M0555005-E0081.400.1993                  9 9.00000E+01 9.00000E+01
g-He004-MT103-Schmieden-M0555006-E0081.400.1993                  9 1.00000E+02 1.00000E+02
g-He004-MT103-Schmieden-M0555007-E0081.400.1993                  9 1.20000E+02 1.20000E+02
g-He004-MT103-Schmieden-M0555008-E0081.400.1993                  9 1.10000E+02 1.10000E+02
g-He004-MT103-Shima-M0680006-E0029.800.2005                      8 2.00000E+01 1.60000E+02
g-He004-MT103-Wichmann-M0548002-E0129.300.1996                  30 3.71000E+01 3.71000E+01
