#              Filename                                         N    min         max
g-C012-MT601-Burdeinyi-G40640031-E0041.220.2015                 10 9.00000E+01 9.00000E+01
g-C012-MT601-Burdeinyi-G40640032-E0037.256.2015                 11 9.00000E+01 9.00000E+01
g-C012-MT601-Burdeinyi-G40640041-E0037.238.2015                 11 9.00000E+01 9.00000E+01
g-C012-MT601-Burdeinyi-G40640042-E0037.238.2015                 11 9.00000E+01 9.00000E+01
g-C012-MT601-Harty-M0376002-E0088.000.1995                      75 5.82000E+01 1.28200E+02
g-C012-MT601-Harty-M0376007-E0088.000.1995                      75 5.83000E+01 1.28200E+02
g-C012-MT601-Harty-M0376012-E0088.000.1995                      75 5.83000E+01 1.28200E+02
g-C012-MT601-Mcgeorge-L0063003-E0060.000.1986                    8 3.05300E+01 1.34400E+02
g-C012-MT601-Mcgeorge-L0063003-E0080.000.1986                    6 3.15600E+01 1.20200E+02
g-C012-MT601-Mcgeorge-L0063004-E0060.000.1986                    8 2.33200E+01 1.33900E+02
g-C012-MT601-Mcgeorge-L0063004-E0080.000.1986                    6 2.65600E+01 1.19200E+02
g-C012-MT601-Mori-M0375002-E0044.100.1995                        3 3.06000E+01 9.11000E+01
g-C012-MT601-Mori-M0375002-E0046.700.1995                        3 3.06000E+01 9.11000E+01
g-C012-MT601-Nilsson-M0882003-E0058.740.1994                     8 9.00000E+01 9.00000E+01
g-C012-MT601-Nilsson-M0882005-E0058.630.1994                     8 9.00000E+01 9.00000E+01
g-C012-MT601-Ruijter-M0517008-E0042.500.1996                    15 3.00000E+01 3.00000E+01
g-C012-MT601-Ruijter-M0517009-E0042.500.1996                    15 6.00000E+01 6.00000E+01
g-C012-MT601-Ruijter-M0517010-E0071.600.1996                     4 7.50000E+01 7.50000E+01
g-C012-MT601-Ruijter-M0517011-E0042.500.1996                    15 9.00000E+01 9.00000E+01
g-C012-MT601-Ruijter-M0517012-E0056.400.1996                     9 1.20000E+02 1.20000E+02
g-C012-MT601-Ruijter-M0517013-E0059.100.1996                     2 1.50000E+02 1.50000E+02
g-C012-MT601-Ruijter-M0517020-E0042.500.1996                    15 3.00000E+01 3.00000E+01
g-C012-MT601-Ruijter-M0517021-E0042.500.1996                    15 6.00000E+01 6.00000E+01
g-C012-MT601-Ruijter-M0517022-E0071.600.1996                     4 7.50000E+01 7.50000E+01
g-C012-MT601-Ruijter-M0517023-E0042.500.1996                    15 9.00000E+01 9.00000E+01
g-C012-MT601-Ruijter-M0517024-E0056.400.1996                     9 1.20000E+02 1.20000E+02
g-C012-MT601-Ruijter-M0517025-E0059.100.1996                     2 1.50000E+02 1.50000E+02
g-C012-MT601-Terasawa-M0359008-E0051.500.1984                   15 5.50000E+01 5.50000E+01
