#              Filename                                         N    min         max
n-W186-MT051-Delaroche-22513009-ang-E0003.400.1981              26 4.50000E+01 1.60000E+02
n-W186-MT051-Guenther-10803013-ang-E0001.500.1982               10 2.28000E+01 1.58000E+02
n-W186-MT051-Guenther-10803013-ang-E0001.500A001.1982            9 3.52000E+01 1.58000E+02
n-W186-MT051-Guenther-10803013-ang-E0001.500A002.1982           10 2.28000E+01 1.58000E+02
n-W186-MT051-Guenther-10803013-ang-E0001.500A003.1982            9 3.52000E+01 1.58000E+02
n-W186-MT051-Guenther-10803013-ang-E0001.700.1982               10 2.28000E+01 1.57000E+02
n-W186-MT051-Guenther-10803013-ang-E0001.700A001.1982            6 2.56000E+01 1.50000E+02
n-W186-MT051-Guenther-10803013-ang-E0001.700A002.1982           10 2.28000E+01 1.57000E+02
n-W186-MT051-Guenther-10803013-ang-E0001.700A003.1982            6 2.56000E+01 1.50000E+02
n-W186-MT051-Guenther-10803013-ang-E0001.800.1982               10 2.28000E+01 1.57000E+02
n-W186-MT051-Guenther-10803013-ang-E0001.800A001.1982           10 2.52000E+01 1.57000E+02
n-W186-MT051-Guenther-10803013-ang-E0001.800A002.1982           10 2.28000E+01 1.57000E+02
n-W186-MT051-Guenther-10803013-ang-E0001.800A003.1982           10 2.52000E+01 1.57000E+02
n-W186-MT051-Guenther-10803013-ang-E0001.900.1982               10 2.28000E+01 1.57000E+02
n-W186-MT051-Guenther-10803013-ang-E0001.900A001.1982           10 2.52000E+01 1.57000E+02
n-W186-MT051-Guenther-10803013-ang-E0001.900A002.1982           10 2.28000E+01 1.57000E+02
n-W186-MT051-Guenther-10803013-ang-E0001.900A003.1982           10 2.52000E+01 1.57000E+02
n-W186-MT051-Guenther-10803013-ang-E0002.100.1982               10 2.32000E+01 1.58000E+02
n-W186-MT051-Guenther-10803013-ang-E0002.100A001.1982            7 2.62000E+01 1.56000E+02
n-W186-MT051-Guenther-10803013-ang-E0002.100A002.1982           10 2.32000E+01 1.58000E+02
n-W186-MT051-Guenther-10803013-ang-E0002.100A003.1982            7 2.62000E+01 1.56000E+02
n-W186-MT051-Guenther-10803013-ang-E0002.400.1982               10 2.28000E+01 1.57000E+02
n-W186-MT051-Guenther-10803013-ang-E0002.400A001.1982            8 2.62000E+01 1.37000E+02
n-W186-MT051-Guenther-10803013-ang-E0002.400A002.1982           10 2.28000E+01 1.57000E+02
n-W186-MT051-Guenther-10803013-ang-E0002.400A003.1982            8 2.62000E+01 1.37000E+02
n-W186-MT051-Guenther-10803013-ang-E0002.500.1982               10 2.28000E+01 1.57000E+02
n-W186-MT051-Guenther-10803013-ang-E0002.500A001.1982            4 7.00000E+01 1.29000E+02
n-W186-MT051-Guenther-10803013-ang-E0002.500A002.1982           10 2.28000E+01 1.57000E+02
n-W186-MT051-Guenther-10803013-ang-E0002.500A003.1982            4 7.00000E+01 1.29000E+02
n-W186-MT051-Guenther-10803013-ang-E0002.600.1982               10 2.52000E+01 1.58000E+02
n-W186-MT051-Guenther-10803013-ang-E0002.600A001.1982           10 2.52000E+01 1.58000E+02
n-W186-MT051-Guenther-10803013-ang-E0002.700.1982                9 2.77000E+01 1.58000E+02
n-W186-MT051-Guenther-10803013-ang-E0002.700A001.1982            3 7.35000E+01 1.31000E+02
n-W186-MT051-Guenther-10803013-ang-E0002.700A002.1982            9 2.77000E+01 1.58000E+02
n-W186-MT051-Guenther-10803013-ang-E0002.700A003.1982            3 7.35000E+01 1.31000E+02
n-W186-MT051-Guenther-10803013-ang-E0002.800.1982               10 2.77000E+01 1.57000E+02
n-W186-MT051-Guenther-10803013-ang-E0002.800A001.1982            4 5.33000E+01 1.29000E+02
n-W186-MT051-Guenther-10803013-ang-E0002.800A002.1982           10 2.77000E+01 1.57000E+02
n-W186-MT051-Guenther-10803013-ang-E0002.800A003.1982            4 5.33000E+01 1.29000E+02
n-W186-MT051-Guenther-10803013-ang-E0003.000.1982                9 2.77000E+01 1.59000E+02
n-W186-MT051-Guenther-10803013-ang-E0003.000A001.1982            6 5.33000E+01 1.54000E+02
n-W186-MT051-Guenther-10803013-ang-E0003.000A002.1982            9 2.77000E+01 1.59000E+02
n-W186-MT051-Guenther-10803013-ang-E0003.000A003.1982            6 5.33000E+01 1.54000E+02
n-W186-MT051-Guenther-10803013-ang-E0003.100.1982                7 2.77000E+01 1.52000E+02
n-W186-MT051-Guenther-10803013-ang-E0003.100A001.1982            7 2.77000E+01 1.52000E+02
n-W186-MT051-Guenther-10803013-ang-E0003.350.1982                8 3.96000E+01 1.59000E+02
n-W186-MT051-Guenther-10803013-ang-E0003.350A001.1982            8 3.96000E+01 1.59000E+02
n-W186-MT051-Guenther-10803013-ang-E0003.400.1982                8 3.52000E+01 1.60000E+02
n-W186-MT051-Guenther-10803013-ang-E0003.400A001.1982            8 3.52000E+01 1.60000E+02
n-W186-MT051-Guenther-10803013-ang-E0003.500.1982               10 3.96000E+01 1.57000E+02
n-W186-MT051-Guenther-10803013-ang-E0003.500A001.1982            6 3.52000E+01 1.17000E+02
n-W186-MT051-Guenther-10803013-ang-E0003.500A002.1982           10 3.96000E+01 1.57000E+02
n-W186-MT051-Guenther-10803013-ang-E0003.500A003.1982            6 3.52000E+01 1.17000E+02
n-W186-MT051-Guenther-10803013-ang-E0003.750.1982                8 3.52000E+01 1.59000E+02
n-W186-MT051-Guenther-10803013-ang-E0003.750A001.1982            8 3.52000E+01 1.59000E+02
