#              Filename                                         N    min         max
d-H003-MT089-Bamejr-C0004004-E0000.500.1957                     13 0.00000E+00 0.00000E+00
d-H003-MT089-Bamejr-C0004007-E0001.750.1957                      2 0.00000E+00 0.00000E+00
d-H003-MT089-Beljuskina-D5067010-E0036.900.2008                 13 7.30000E+01 1.56100E+02
d-H003-MT089-Brill-D0012002-E0004.008.1964                      11 0.00000E+00 0.00000E+00
d-H003-MT089-Brill-D0012004-E0007.900.1964                       8 0.00000E+00 0.00000E+00
d-H003-MT089-Brolleyjr-C0038002-E0010.500.1951                  12 0.00000E+00 1.35000E+02
d-H003-MT089-Drosg-D0007002-E0007.000.1978                      13 0.00000E+00 0.00000E+00
d-H003-MT089-Drosg-D0007004-E0007.000.1978                      21 0.00000E+00 1.31900E+02
d-H003-MT089-Drosg-D0007005-E0010.000.1978                      31 0.00000E+00 1.31800E+02
d-H003-MT089-Drosg-D0007006-E0013.355.1978                      22 0.00000E+00 1.30100E+02
d-H003-MT089-Drosg-D0007007-E0016.500.1978                      14 0.00000E+00 1.30000E+02
d-H003-MT089-Galonski-C0041002-E0001.530.1956                   11 2.69994E+00 1.34000E+02
d-H003-MT089-Galonski-C0041002-E0003.050.1956                   17 2.69994E+00 1.51200E+02
d-H003-MT089-Galonski-C0041002-E0003.970.1956                   11 2.69994E+00 1.34100E+02
d-H003-MT089-Galonski-C0041002-E0004.980.1956                   11 2.69994E+00 1.50700E+02
d-H003-MT089-Galonski-C0041003-E0002.210.1956                   23 2.59993E+00 1.50600E+02
d-H003-MT089-Galonski-C0041004-E0001.100.1956                   48 5.99999E+00 5.99999E+00
d-H003-MT089-Goldberg-C0042003-E0006.400.1961                    4 0.00000E+00 0.00000E+00
d-H003-MT089-Goldberg-C0042004-E0006.200.1961                    5 0.00000E+00 0.00000E+00
d-H003-MT089-Magiera-C0026006-E0008.000.1975                     9 0.00000E+00 0.00000E+00
d-H003-MT089-Mcdaniels-C0009005-E0013.360.1973                  12 2.91400E+01 9.03900E+01
d-H003-MT089-Mcdaniels-C0009006-E0005.000.1973                  12 0.00000E+00 0.00000E+00
d-H003-MT089-Mcdaniels-C0009007-E0010.000.1973                   9 0.00000E+00 0.00000E+00
d-H003-MT089-Mcdaniels-D0008004-E0005.000.1972                  84 0.00000E+00 1.10000E+02
d-H003-MT089-Simmons-D0011002-E0007.000.1968                    69 2.00008E+00 1.59400E+02
d-H003-MT089-Simmons-D0011003-E0007.000.1968                    16 0.00000E+00 0.00000E+00
d-H003-MT089-Stewart-C0012003-E0006.100.1960                    16 8.00000E+01 1.60000E+02
d-H003-MT089-Stewart-C0012003-E0008.400.1960                    18 6.79000E+01 1.58400E+02
d-H003-MT089-Stewart-C0012003-E0009.900.1960                    18 6.30000E+01 1.57200E+02
d-H003-MT089-Stewart-C0012003-E0012.300.1960                    20 5.59000E+01 1.56000E+02
d-H003-MT089-Stewart-C0012003-E0014.200.1960                    21 5.59000E+01 1.55200E+02
