#              Filename                                         N    min         max
d-Na023-MT603-Elbehay-D0077002-E0001.400.1965                   19 1.52240E+01 1.49960E+02
d-Na023-MT603-Elbehay-D0077002-E0001.500.1965                   19 1.47400E+01 1.50940E+02
d-Na023-MT603-Elbehay-D0077002-E0001.600.1965                   19 1.47400E+01 1.50330E+02
d-Na023-MT603-Elbehay-D0077002-E0001.700.1965                   19 1.49090E+01 1.50460E+02
d-Na023-MT603-Elbehay-D0077002-E0001.800.1965                   19 1.49090E+01 1.50120E+02
d-Na023-MT603-Elbehay-D0077002-E0001.900.1965                   19 1.50570E+01 1.50570E+02
d-Na023-MT603-Elbehay-D0077002-E0002.000.1965                   20 1.45520E+01 1.50450E+02
d-Na023-MT603-Elbehay-D0077002-E0002.100.1965                   19 1.45520E+01 1.49840E+02
d-Na023-MT603-Elbehay-D0077002-E0002.200.1965                   19 1.54590E+01 1.49840E+02
d-Na023-MT603-Elbehay-D0077002-E0002.300.1965                   19 1.57000E+01 1.50370E+02
d-Na023-MT603-Elbehay-D0077002-E0002.400.1965                   19 1.51670E+01 1.49780E+02
d-Na023-MT603-Elbehay-D0077002-E0002.500.1965                   19 1.51670E+01 1.50330E+02
d-Na023-MT603-Osman-F1080006-E0001.540.1979                    169 9.00000E+01 9.00000E+01
d-Na023-MT603-Osman-F1080009-E0001.900.1979                     14 2.20000E+01 1.62800E+02
d-Na023-MT603-Osman-F1080009-E0002.050.1979                     15 1.90000E+01 1.62200E+02
d-Na023-MT603-Osman-F1080009-E0002.230.1979                     15 1.90000E+01 1.60900E+02
d-Na023-MT603-Osman-F1080009-E0002.420.1979                     15 2.32000E+01 1.62400E+02
d-Na023-MT603-Osman-F1080009-E0002.620.1979                     14 2.32000E+01 1.62800E+02
