#              Filename                                         N    min         max
p-N014-MT151-Artemov-A0945006.2012                               6-5.07000E-01 5.00000E+00
p-N014-MT151-Duncan-C16550031.1951                               8 7.00000E-01 2.60000E+00
p-N014-MT151-Duncan-C16550032.1951                               8 7.00000E-01 2.60000E+00
p-N014-MT151-Duncan-C16550033.1951                               8 7.00000E-01 2.60000E+00
p-N014-MT151-Gove-C28050022.1954                                 2 1.53000E+00 1.72000E+00
p-N014-MT151-Hagedorn-C08510061.1957                             5 1.05400E+00 1.79900E+00
p-N014-MT151-Hagedorn-C08510062.1957                             5 1.05400E+00 1.79900E+00
p-N014-MT151-Hagedorn-C08510063.1957                             4 1.05400E+00 1.79900E+00
p-N014-MT151-HsinminKuannn-C04820051.1964                        7 7.50000E+00 9.85000E+00
p-N014-MT151-Kuan-C06340051.1970                                15 2.35200E+00 1.58000E+01
p-N014-MT151-Kuan-C06340052.1970                                 4 2.35200E+00 4.20000E+00
p-N014-MT151-Kuan-C06340054.1970                                 7 2.35200E+00 4.58000E+00
p-N014-MT151-Kuan-C16570071.1977                                 1 3.39200E+00 3.39200E+00
p-N014-MT151-Marta-O1851004.2010                                 1 1.05800E+00 1.05800E+00
p-N014-MT151-Olness-C08500061.1958                              11 1.06100E+00 3.98000E+00
p-N014-MT151-Olness-C08500062.1958                              10 1.06100E+00 3.87800E+00
p-N014-MT151-Phillips-C20290061.1972                            14 3.90300E+00 6.14100E+00
p-N014-MT151-Phillips-C20290062.1972                            14 3.90300E+00 6.14100E+00
p-N014-MT151-Phillips-C20290063.1972                             9 3.90300E+00 5.18000E+00
p-N014-MT151-Phillips-C20290064.1972                             4 3.90300E+00 4.58000E+00
p-N014-MT151-Phillips-C20290071.1972                             7 3.90300E+00 5.54700E+00
p-N014-MT151-Phillips-C20290081.1972                             1 5.54700E+00 5.54700E+00
p-N014-MT151-Phillips-C20290093.1972                             3 3.91000E+00 3.91000E+00
p-N014-MT151-Phillips-C20290103.1972                             1 4.00000E+00 4.00000E+00
p-N014-MT151-Phillips-C20290113.1972                             3 4.20000E+00 4.20000E+00
p-N014-MT151-Phillips-C20290123.1972                             3 4.58000E+00 4.58000E+00
p-N014-MT151-Phillips-C20290133.1972                             2 4.78000E+00 4.78000E+00
p-N014-MT151-Phillips-C20290143.1972                             1 4.87000E+00 4.87000E+00
p-N014-MT151-Pixley-C16690031.1957                               1 2.78140E-01 2.78140E-01
p-N014-MT151-Pixley-C16690032.1957                               1 2.78140E-01 2.78140E-01
p-N014-MT151-Pixley-C1669007.1957                                1 0.00000E+00 0.00000E+00
p-N014-MT151-Tautfest-C0847005.1956                              4 1.06000E+00 1.80300E+00
p-N014-MT151-Valter-F0959004.1959                                4 1.05400E+00 2.47800E+00
p-N014-MT151-West-C15130091.1969                                 2 3.90000E+00 3.99000E+00
