#              Filename                                         N    min         max
p-Mo100-MT651-Bindal-O0587002-E0038.600.1975                   568 6.40000E+00 4.50000E+01
p-Mo100-MT651-Freeman-O2445008-E0024.000.2017                  370 5.99999E+00 4.00000E+01
p-Mo100-MT651-Hirowatari-E1816002-E0021.000.2003                 9 7.99998E+00 6.81000E+01
p-Mo100-MT651-Hirowatari-E1816003-E0021.000.2003                 9 7.99998E+00 6.81000E+01
p-Mo100-MT651-Hirowatari-E1816004-E0021.000.2003                 9 7.99998E+00 6.81000E+01
p-Mo100-MT651-Hirowatari-E1816005-E0021.000.2003                 9 7.99998E+00 6.81000E+01
p-Mo100-MT651-Hirowatari-E1816010-E0021.000.2003                 9 7.99998E+00 6.81000E+01
p-Mo100-MT651-Hirowatari-E1816011-E0021.000.2003                 9 7.99998E+00 6.81000E+01
p-Mo100-MT651-Hirowatari-E1816012-E0021.000.2003                 9 7.99998E+00 6.81000E+01
p-Mo100-MT651-Hirowatari-E1816013-E0021.000.2003                 9 7.99998E+00 6.81000E+01
p-Mo100-MT651-Hirowatari-E1816018-E0021.000.2003                 9 7.99998E+00 6.81000E+01
p-Mo100-MT651-Hirowatari-E1816019-E0021.000.2003                 9 7.99998E+00 6.81000E+01
p-Mo100-MT651-Hirowatari-E1816020-E0021.000.2003                 9 7.99998E+00 6.81000E+01
p-Mo100-MT651-Hirowatari-E1816021-E0021.000.2003                 9 7.99998E+00 6.81000E+01
p-Mo100-MT651-Hirowatari-E1816026-E0021.000.2003                 9 7.99998E+00 6.81000E+01
p-Mo100-MT651-Hirowatari-E1816027-E0021.000.2003                 9 7.99998E+00 6.81000E+01
p-Mo100-MT651-Hirowatari-E1816028-E0021.000.2003                 9 7.99998E+00 6.81000E+01
p-Mo100-MT651-Hirowatari-E1816032-E0021.000.2003                 9 7.99998E+00 6.81000E+01
p-Mo100-MT651-Hirowatari-E1816033-E0021.000.2003                 9 7.99998E+00 6.81000E+01
p-Mo100-MT651-Hirowatari-E1816034-E0021.000.2003                 9 7.99998E+00 6.81000E+01
p-Mo100-MT651-Hirowatari-E1816035-E0021.000.2003                 9 7.99998E+00 6.81000E+01
p-Mo100-MT651-Hirowatari-E1816040-E0021.000.2003                 9 7.99998E+00 6.81000E+01
p-Mo100-MT651-Hirowatari-E1816041-E0021.000.2003                 9 7.99998E+00 6.81000E+01
p-Mo100-MT651-Hirowatari-E1816042-E0021.000.2003                 9 7.99998E+00 6.81000E+01
p-Mo100-MT651-Hirowatari-E1816043-E0021.000.2003                 9 7.99998E+00 6.81000E+01
p-Mo100-MT651-Hirowatari-E1816044-E0021.000.2003                 9 7.99998E+00 6.81000E+01
p-Mo100-MT651-Hirowatari-E1816050-E0021.000.2003                 9 7.99998E+00 6.81000E+01
p-Mo100-MT651-Hirowatari-E1816051-E0021.000.2003                 9 7.99998E+00 6.81000E+01
p-Mo100-MT651-Hirowatari-E1816054-E0021.000.2003                 9 7.99998E+00 6.81000E+01
p-Mo100-MT651-Hirowatari-E1816056-E0021.000.2003                 7 2.00000E+01 6.80000E+01
p-Mo100-MT651-Hirowatari-E1816057-E0021.000.2003                 7 2.00000E+01 6.80000E+01
p-Mo100-MT651-Hirowatari-E1816058-E0021.000.2003                 7 2.00000E+01 6.80000E+01
p-Mo100-MT651-Ishimatsu-E0785019-E0052.000.1980                 45 4.79996E+00 5.50000E+01
p-Mo100-MT651-Ishimatsu-E1849002-E0052.000.1972                 15 4.94003E+00 5.36900E+01
p-Mo100-MT651-Ishimatsu-E1849004-E0052.000.1972                 15 4.90999E+00 5.40400E+01
p-Mo100-MT651-Ishimatsu-E1849010-E0052.000.1972                 15 4.97996E+00 5.50000E+01
p-Mo100-MT651-Ishimatsu-E1849014-E0052.000.1972                 15 4.96001E+00 5.43800E+01
p-Mo100-MT651-Ishimatsu-E1849017-E0052.000.1972                 15 5.20996E+00 5.42300E+01
