#              Filename                                         N    min         max
d-N014-MT603-Beaumevieille-D0392004-E0001.400.1969              22 2.75000E+01 1.59200E+02
d-N014-MT603-Beaumevieille-D0392004-E0002.400.1969              19 2.75000E+01 1.58000E+02
d-N014-MT603-Beaumevieille-D0392004-E0003.000.1969              21 2.77000E+01 1.58800E+02
d-N014-MT603-Beaumevieille-F1050002-E0001.000.1967              21 2.83000E+01 1.61900E+02
d-N014-MT603-Beaumevieille-F1050002-E0001.200.1967              23 2.83000E+01 1.59900E+02
d-N014-MT603-Beaumevieille-F1050002-E0001.400.1967              23 2.81000E+01 1.59300E+02
d-N014-MT603-Beaumevieille-F1050002-E0001.600.1967              23 2.79000E+01 1.59900E+02
d-N014-MT603-Beaumevieille-F1050002-E0001.800.1967              22 2.79000E+01 1.57500E+02
d-N014-MT603-Beaumevieille-F1050002-E0002.000.1967              16 2.82000E+01 1.57400E+02
d-N014-MT603-Beaumevieille-F1050002-E0002.200.1967              22 2.75000E+01 1.59700E+02
d-N014-MT603-Beaumevieille-F1050003-E0001.006.1967               1 2.92000E+01 8.83000E+01
d-N014-MT603-Beaumevieille-F1050003-E0001.008.1967               2 8.81000E+01 1.49100E+02
d-N014-MT603-Beaumevieille-F1050003-E0001.200.1967               1 8.81000E+01 1.49000E+02
d-N014-MT603-Beaumevieille-F1050003-E0001.206.1967               1 2.91000E+01 1.49000E+02
d-N014-MT603-Beaumevieille-F1050003-E0001.208.1967               1 2.91000E+01 8.80000E+01
d-N014-MT603-Beaumevieille-F1050003-E0001.396.1967               1 2.90000E+01 8.80000E+01
d-N014-MT603-Beaumevieille-F1050003-E0001.400.1967               1 2.90000E+01 1.49000E+02
d-N014-MT603-Beaumevieille-F1050003-E0001.404.1967               1 8.79000E+01 1.49000E+02
d-N014-MT603-Beaumevieille-F1050003-E0001.596.1967               1 2.90000E+01 8.79000E+01
d-N014-MT603-Beaumevieille-F1050003-E0001.600.1967               1 2.90000E+01 1.48900E+02
d-N014-MT603-Beaumevieille-F1050003-E0001.606.1967               1 8.78000E+01 1.48900E+02
d-N014-MT603-Beaumevieille-F1050003-E0001.796.1967               1 2.89000E+01 8.78000E+01
d-N014-MT603-Beaumevieille-F1050003-E0001.800.1967               1 2.89000E+01 1.48900E+02
d-N014-MT603-Beaumevieille-F1050003-E0001.801.1967               1 2.89000E+01 1.48900E+02
d-N014-MT603-Beaumevieille-F1050003-E0002.000.1967               2 2.89000E+01 1.48800E+02
d-N014-MT603-Beaumevieille-F1050003-E0002.001.1967               1 8.76000E+01 8.77000E+01
d-N014-MT603-Beaumevieille-F1050003-E0002.202.1967               1 8.76000E+01 1.48700E+02
d-N014-MT603-Beaumevieille-F1050003-E0002.204.1967               1 2.88000E+01 1.48700E+02
d-N014-MT603-Beaumevieille-F1050003-E0002.207.1967               1 2.88000E+01 2.92000E+01
d-N014-MT603-Gallmann-F0276005-E0001.300.1966                   16 1.07000E+01 1.60400E+02
d-N014-MT603-Gallmann-F0276005-E0004.500.1966                   19 1.07000E+01 1.71600E+02
d-N014-MT603-Gomesporto-F0718003-E0001.053.1969                  1 4.87000E+01 1.67600E+02
d-N014-MT603-Gomesporto-F0718003-E0001.057.1969                  1 4.87000E+01 1.18300E+02
d-N014-MT603-Gomesporto-F0718003-E0001.060.1969                  1 8.20000E+01 1.18300E+02
d-N014-MT603-Gomesporto-F0718003-E0001.065.1969                  1 8.20000E+01 1.67600E+02
d-N014-MT603-Gomesporto-F0718003-E0001.069.1969                  1 1.67600E+02 1.67600E+02
d-N014-MT603-Gomesporto-F0718007-E0001.060.1969                 13 7.00003E+00 1.65700E+02
d-N014-MT603-Gomesporto-F0718007-E0001.235.1969                 14 8.19997E+00 1.64500E+02
d-N014-MT603-Gomesporto-F0718007-E0001.420.1969                 12 5.90000E+00 1.66400E+02
d-N014-MT603-Gomesporto-F0718007-E0001.680.1969                 14 5.90000E+00 1.68000E+02
d-N014-MT603-Gomesporto-F0718007-E0001.786.1969                 12 5.50000E+00 1.56600E+02
d-N014-MT603-Gomesporto-F0718007-E0001.871.1969                 10 5.50000E+00 1.68900E+02
d-N014-MT603-Gomesporto-F0718007-E0001.982.1969                 13 6.29999E+00 1.70500E+02
d-N014-MT603-Gomesporto-F0718007-E0002.105.1969                 13 5.99999E+00 1.68100E+02
d-N014-MT603-Gomesporto-F0718007-E0002.201.1969                 11 5.50000E+00 1.65800E+02
d-N014-MT603-Gomesporto-F0718007-E0002.296.1969                 14 4.90001E+00 1.72000E+02
d-N014-MT603-Gomesporto-F0718007-E0002.408.1969                 14 4.59998E+00 1.67300E+02
d-N014-MT603-Gomesporto-F0718007-E0002.574.1969                 14 4.59998E+00 1.67600E+02
d-N014-MT603-Gomesporto-F0718007-E0002.699.1969                 14 5.69997E+00 1.68900E+02
d-N014-MT603-Gomesporto-F0718007-E0002.718.1969                 15 6.10002E+00 1.67800E+02
d-N014-MT603-Gomesporto-F0718007-E0002.739.1969                 14 4.90001E+00 1.69000E+02
d-N014-MT603-Gomesporto-F0718007-E0002.911.1969                 14 4.90001E+00 1.68100E+02
d-N014-MT603-Gomesporto-F0718007-E0003.079.1969                 27 5.30001E+00 1.68700E+02
d-N014-MT603-Valek-F0706005-E0000.324.1976                      10 2.13000E+01 1.49000E+02
d-N014-MT603-Valek-F0706005-E0000.374.1976                      10 2.18000E+01 1.50100E+02
d-N014-MT603-Valek-F0706005-E0000.475.1976                      10 2.17000E+01 1.49600E+02
d-N014-MT603-Valek-F0706005-E0000.576.1976                      10 2.17000E+01 1.48200E+02
d-N014-MT603-Valek-F0706005-E0000.626.1976                      10 2.22000E+01 1.48300E+02
