#              Filename                                         N    min         max
n-Gd156-MT151-Bowey-21118008.1958                                2 3.25000E-05 7.97000E-05
n-Gd156-MT151-Coceva-21298002.1979                              87 3.32000E-05 2.22650E-03
n-Gd156-MT151-Coceva-212980043.1979                              2 2.24000E-03 2.24000E-03
n-Gd156-MT151-Kang-143430091.2015                               22 3.31490E-05 9.80930E-04
n-Gd156-MT151-Kang-143430092.2015                               22 3.31490E-05 9.80930E-04
n-Gd156-MT151-Kang-143430093.2015                               22 3.31490E-05 9.80930E-04
n-Gd156-MT151-Kang-143430094.2015                               22 3.31490E-05 9.80930E-04
n-Gd156-MT151-Karzhavina-40162012.1969                          35 3.31200E-05 1.55000E-03
n-Gd156-MT151-Karzhavina-40162013.1969                          29 3.31200E-05 1.42700E-03
n-Gd156-MT151-Karzhavina-40162014.1969                          29 3.31200E-05 1.42700E-03
n-Gd156-MT151-Karzhavina-40162015.1969                           1 3.31200E-05 3.31200E-05
n-Gd156-MT151-Karzhavina-40162016.1969                           5 3.31200E-05 9.00000E-04
n-Gd156-MT151-Karzhavina-40162041.1969                           2 6.16500E-04 6.16500E-04
n-Gd156-MT151-Karzhavina-40162054.1969                           1 6.16500E-04 6.16500E-04
n-Gd156-MT151-Karzhavina-40162055.1969                           1 4.66500E-04 4.66500E-04
n-Gd156-MT151-Kononov-405130191.1977                             2 1.77500E-01 1.77500E-01
n-Gd156-MT151-Kye-237200081.2020                                12 3.31390E-05 4.76840E-04
n-Gd156-MT151-Leinweber-141100071.2006                           5 3.31400E-05 2.01990E-04
n-Gd156-MT151-Leinweber-141100072.2006                           5 3.31400E-05 2.01990E-04
n-Gd156-MT151-Leinweber-141100073.2006                           5 3.31400E-05 2.01990E-04
n-Gd156-MT151-Mughabghab-100510081.1969                         11 3.32000E-05 8.46000E-04
n-Gd156-MT151-Mughabghab-100510081A001.1969                     11 3.32000E-05 8.46000E-04
n-Gd156-MT151-Mughabghab-100510082.1969                         11 3.32000E-05 8.46000E-04
n-Gd156-MT151-Mughabghab-100510082A001.1969                     11 3.32000E-05 8.46000E-04
n-Gd156-MT151-Mughabghab-100510083.1969                          1 3.32000E-05 3.32000E-05
n-Gd156-MT151-Mughabghab-100510083A001.1969                      1 3.32000E-05 3.32000E-05
n-Gd156-MT151-Ribon-20148018.1969                                3 3.32300E-05 1.51170E-04
n-Gd156-MT151-Ribon-20148020.1969                                3 3.32300E-05 1.51170E-04
