#              Filename                                         N    min         max
p-Ca048-MT648-Fujita-E1440002-ang-E0065.000.1982                15 6.10002E+00 7.08000E+01
p-Ca048-MT648-Fujita-E1442002-ang-E0065.000.1989                14 7.70001E+00 6.49000E+01
p-Ca048-MT648-Fujita-E1442003-ang-E0065.000.1989                12 7.19999E+00 6.51000E+01
p-Ca048-MT648-Fujita-E1442004-ang-E0065.000.1989                12 1.15000E+01 6.47000E+01
p-Ca048-MT648-Fujita-E1442005-ang-E0065.000.1989                12 1.10000E+01 6.47000E+01
p-Ca048-MT648-Fujita-E1446004-ang-E0065.000.1988                11 7.79996E+00 5.51000E+01
p-Ca048-MT648-Fujita-E1446005-ang-E0065.000.1988                15 7.79996E+00 6.94000E+01
p-Ca048-MT648-Fujita-E1446006-ang-E0065.000.1988                 9 7.89998E+00 5.53000E+01
p-Ca048-MT648-Fujita-E1446007-ang-E0065.000.1988                 9 8.19997E+00 5.00000E+01
p-Ca048-MT648-Fujita-E1446008-ang-E0065.000.1988                13 7.70001E+00 7.09000E+01
p-Ca048-MT648-Fujita-E1446009-ang-E0065.000.1988                12 7.99998E+00 6.54000E+01
p-Ca048-MT648-Fujita-E1446010-ang-E0065.000.1988                 5 8.09999E+00 2.78000E+01
p-Ca048-MT648-Fujita-E1446013-ang-E0065.000.1988                13 8.30000E+00 7.07000E+01
p-Ca048-MT648-Fujita-E1446014-ang-E0065.000.1988                11 8.59999E+00 5.10000E+01
p-Ca048-MT648-Fujita-E1446015-ang-E0065.000.1988                14 8.59999E+00 6.62000E+01
p-Ca048-MT648-Fujita-E1446016-ang-E0065.000.1988                14 8.30000E+00 6.59000E+01
p-Ca048-MT648-Fujita-E1446017-ang-E0065.000.1988                12 1.22000E+01 7.09000E+01
p-Ca048-MT648-Fujita-E1446018-ang-E0065.000.1988                13 8.09999E+00 7.00000E+01
p-Ca048-MT648-Fujita-E1446019-ang-E0065.000.1988                13 8.19997E+00 7.16000E+01
p-Ca048-MT648-Fujita-E1446020-ang-E0065.000.1988                15 5.69997E+00 7.11000E+01
p-Ca048-MT648-Fujita-E1446021-ang-E0065.000.1988                13 7.99998E+00 5.56000E+01
p-Ca048-MT648-Fujita-E1446022-ang-E0065.000.1988                 8 8.49999E+00 3.66000E+01
p-Ca048-MT648-Fujita-E1446023-ang-E0065.000.1988                13 8.59999E+00 7.16000E+01
p-Ca048-MT648-Fujita-E1446024-ang-E0065.000.1988                10 7.89998E+00 6.09000E+01
p-Ca048-MT648-Fujita-E1446025-ang-E0065.000.1988                12 8.80000E+00 7.14000E+01
p-Ca048-MT648-Fujita-E1446026-ang-E0065.000.1988                10 8.19997E+00 5.53000E+01
p-Ca048-MT648-Fujita-E1446029-ang-E0065.000.1988                13 9.30001E+00 7.13000E+01
p-Ca048-MT648-Fujita-E1446030-ang-E0065.000.1988                 7 1.57000E+01 4.98000E+01
p-Ca048-MT648-Fujita-E1446031-ang-E0065.000.1988                15 8.69999E+00 7.06000E+01
p-Ca048-MT648-Fujita-E1446032-ang-E0065.000.1988                13 7.19999E+00 6.99000E+01
p-Ca048-MT648-Fujita-E1446033-ang-E0065.000.1988                12 7.60001E+00 5.93000E+01
p-Ca048-MT648-Fujita-E1446034-ang-E0065.000.1988                10 8.09999E+00 5.01000E+01
p-Ca048-MT648-Fujita-E1446035-ang-E0065.000.1988                12 7.99998E+00 5.54000E+01
p-Ca048-MT648-Fujita-E1446036-ang-E0065.000.1988                10 7.89998E+00 4.56000E+01
p-Ca048-MT648-Fujita-E1446037-ang-E0065.000.1988                13 7.79996E+00 6.59000E+01
p-Ca048-MT648-Fujita-E1446038-ang-E0065.000.1988                15 8.30000E+00 7.09000E+01
p-Ca048-MT648-Fujita-E1446039-ang-E0065.000.1988                15 7.70001E+00 7.04000E+01
p-Ca048-MT648-Fujita-E1446040-ang-E0065.000.1988                12 7.89998E+00 6.59000E+01
p-Ca048-MT648-Fujita-E1446041-ang-E0065.000.1988                11 7.89998E+00 5.05000E+01
p-Ca048-MT648-Fujita-E1446042-ang-E0065.000.1988                 6 7.49999E+00 4.45000E+01
p-Ca048-MT648-Fujita-E1446043-ang-E0065.000.1988                15 7.40003E+00 7.10000E+01
p-Ca048-MT648-Fujita-E1446044-ang-E0065.000.1988                 6 8.99997E+00 2.95000E+01
p-Ca048-MT648-Fujita-E1446045-ang-E0065.000.1988                14 8.09999E+00 7.12000E+01
p-Ca048-MT648-Fujita-E1446046-ang-E0065.000.1988                 7 8.49999E+00 4.58000E+01
p-Ca048-MT648-Fujita-E1446047-ang-E0065.000.1988                14 8.19997E+00 7.09000E+01
p-Ca048-MT648-Fujita-E1446048-ang-E0065.000.1988                12 7.60001E+00 6.05000E+01
p-Ca048-MT648-Fujita-E1446049-ang-E0065.000.1988                 9 7.79996E+00 5.07000E+01
p-Ca048-MT648-Fujita-E1446050-ang-E0065.000.1988                14 7.99998E+00 6.98000E+01
p-Ca048-MT648-Fujita-E1446051-ang-E0065.000.1988                11 8.09999E+00 6.08000E+01
p-Ca048-MT648-Fujita-E1446052-ang-E0065.000.1988                15 7.79996E+00 7.07000E+01
p-Ca048-MT648-Fujita-E1446053-ang-E0065.000.1988                13 8.19997E+00 7.09000E+01
p-Ca048-MT648-Fujita-E1446054-ang-E0065.000.1988                10 1.19000E+01 5.01000E+01
p-Ca048-MT648-Fujita-E1446055-ang-E0065.000.1988                11 7.99998E+00 5.56000E+01
p-Ca048-MT648-Fujita-E1446056-ang-E0065.000.1988                12 8.30000E+00 5.54000E+01
p-Ca048-MT648-Fujita-E1446057-ang-E0065.000.1988                10 7.79996E+00 5.50000E+01
p-Ca048-MT648-Fujita-E1446058-ang-E0065.000.1988                11 1.15000E+01 5.49000E+01
p-Ca048-MT648-Fujita-E1446066-ang-E0065.000.1988                11 1.22000E+01 7.11000E+01
p-Ca048-MT648-Fujita-E1446067-ang-E0065.000.1988                14 8.59999E+00 7.18000E+01
p-Ca048-MT648-Fujita-E1446068-ang-E0065.000.1988                15 7.99998E+00 7.14000E+01
p-Ca048-MT648-Fujita-E1446069-ang-E0065.000.1988                14 8.09999E+00 7.06000E+01
p-Ca048-MT648-Fujita-E1446070-ang-E0065.000.1988                14 9.69998E+00 7.26000E+01
p-Ca048-MT648-Fujita-E1446071-ang-E0065.000.1988                 8 1.33000E+01 4.20000E+01
p-Ca048-MT648-Fujita-E1446072-ang-E0065.000.1988                14 7.89998E+00 7.08000E+01
p-Ca048-MT648-Fujita-E1446073-ang-E0065.000.1988                 9 1.19000E+01 5.05000E+01
p-Ca048-MT648-Fujita-E1446074-ang-E0065.000.1988                13 8.19997E+00 6.56000E+01
p-Ca048-MT648-Fujita-E1446075-ang-E0065.000.1988                15 7.70001E+00 7.08000E+01
p-Ca048-MT648-Fujita-E1446076-ang-E0065.000.1988                15 8.09999E+00 7.07000E+01
p-Ca048-MT648-Fujita-E1446077-ang-E0065.000.1988                13 7.99998E+00 7.10000E+01
p-Ca048-MT648-Fujita-E1446078-ang-E0065.000.1988                14 8.49999E+00 7.08000E+01
p-Ca048-MT648-Fujita-E1446079-ang-E0065.000.1988                12 8.59999E+00 6.13000E+01
p-Ca048-MT648-Fujita-E1446080-ang-E0065.000.1988                14 7.79996E+00 7.08000E+01
p-Ca048-MT648-Fujita-E1446081-ang-E0065.000.1988                14 8.39997E+00 6.99000E+01
p-Ca048-MT648-Fujita-E1446082-ang-E0065.000.1988                12 7.60001E+00 7.02000E+01
p-Ca048-MT648-Fujita-E1446083-ang-E0065.000.1988                12 8.19997E+00 7.13000E+01
p-Ca048-MT648-Fujita-E1446084-ang-E0065.000.1988                15 9.60001E+00 7.16000E+01
p-Ca048-MT648-Fujita-E1446085-ang-E0065.000.1988                15 8.49999E+00 7.11000E+01
p-Ca048-MT648-Fujita-E1446086-ang-E0065.000.1988                11 7.00003E+00 5.03000E+01
p-Ca048-MT648-Fujita-E1446087-ang-E0065.000.1988                10 7.30001E+00 4.56000E+01
p-Ca048-MT648-Fujita-E1446088-ang-E0065.000.1988                14 7.99998E+00 6.61000E+01
p-Ca048-MT648-Fujita-E1446089-ang-E0065.000.1988                11 8.49999E+00 5.12000E+01
p-Ca048-MT648-Fujita-E1446090-ang-E0065.000.1988                15 8.39997E+00 7.07000E+01
p-Ca048-MT648-Fujita-E1446091-ang-E0065.000.1988                15 7.70001E+00 7.05000E+01
p-Ca048-MT648-Fujita-E1446092-ang-E0065.000.1988                15 8.89998E+00 7.08000E+01
p-Ca048-MT648-Fujita-E1446093-ang-E0065.000.1988                14 8.59999E+00 7.07000E+01
p-Ca048-MT648-Fujita-E1446094-ang-E0065.000.1988                14 7.70001E+00 7.13000E+01
p-Ca048-MT648-Fujita-E1446095-ang-E0065.000.1988                11 8.39997E+00 7.07000E+01
p-Ca048-MT648-Fujita-E1446096-ang-E0065.000.1988                11 7.70001E+00 6.51000E+01
p-Ca048-MT648-Fujita-E1446097-ang-E0065.000.1988                15 8.39997E+00 7.10000E+01
p-Ca048-MT648-Fujita-E1446098-ang-E0065.000.1988                11 8.39997E+00 6.07000E+01
p-Ca048-MT648-Fujita-E1446099-ang-E0065.000.1988                10 7.79996E+00 5.03000E+01
p-Ca048-MT648-Fujita-E1446100-ang-E0065.000.1988                10 8.19997E+00 6.55000E+01
p-Ca048-MT648-Fujita-E1446101-ang-E0065.000.1988                11 7.79996E+00 7.03000E+01
p-Ca048-MT648-Fujita-E1446102-ang-E0065.000.1988                 7 1.28000E+01 4.09000E+01
p-Ca048-MT648-Fujita-E1446103-ang-E0065.000.1988                12 7.99998E+00 7.11000E+01
p-Ca048-MT648-Fujita-E1446104-ang-E0065.000.1988                14 8.09999E+00 7.11000E+01
p-Ca048-MT648-Fujita-E1446105-ang-E0065.000.1988                11 1.24000E+01 5.56000E+01
p-Ca048-MT648-Fujita-E1446110-ang-E0065.000.1988                15 7.99998E+00 7.08000E+01
p-Ca048-MT648-Fujita-E1446111-ang-E0065.000.1988                13 1.19000E+01 7.09000E+01
p-Ca048-MT648-Fujita-E1446112-ang-E0065.000.1988                10 1.63000E+01 7.10000E+01
p-Ca048-MT648-Fujita-E1446113-ang-E0065.000.1988                14 7.70001E+00 7.09000E+01
p-Ca048-MT648-Fujita-E1446114-ang-E0065.000.1988                13 8.30000E+00 7.09000E+01
p-Ca048-MT648-Fujita-E1446115-ang-E0065.000.1988                11 1.21000E+01 6.62000E+01
p-Ca048-MT648-Fujita-E1446116-ang-E0065.000.1988                12 6.49999E+00 7.07000E+01
p-Ca048-MT648-Fujita-E1446117-ang-E0065.000.1988                14 8.99997E+00 6.68000E+01
p-Ca048-MT648-Fujita-E1446118-ang-E0065.000.1988                13 1.58000E+01 7.09000E+01
p-Ca048-MT648-Fujita-E1446119-ang-E0065.000.1988                12 7.70001E+00 6.08000E+01
p-Ca048-MT648-Fujita-E1446120-ang-E0065.000.1988                14 7.99998E+00 7.07000E+01
p-Ca048-MT648-Fujita-E1446121-ang-E0065.000.1988                14 7.70001E+00 7.07000E+01
p-Ca048-MT648-Fujita-E1446122-ang-E0065.000.1988                15 8.30000E+00 7.10000E+01
p-Ca048-MT648-Fujita-E1446123-ang-E0065.000.1988                14 1.23000E+01 7.15000E+01
p-Ca048-MT648-Fujita-E1446124-ang-E0065.000.1988                15 8.09999E+00 7.13000E+01
p-Ca048-MT648-Fujita-E1446125-ang-E0065.000.1988                13 8.39997E+00 6.64000E+01
p-Ca048-MT648-Fujita-E1446126-ang-E0065.000.1988                13 1.71000E+01 7.20000E+01
p-Ca048-MT648-Fujita-E1446127-ang-E0065.000.1988                15 7.70001E+00 7.09000E+01
p-Ca048-MT648-Fujita-E1446128-ang-E0065.000.1988                11 8.19997E+00 6.53000E+01
p-Ca048-MT648-Fujita-E1446129-ang-E0065.000.1988                12 1.21000E+01 7.06000E+01
p-Ca048-MT648-Fujita-E1446130-ang-E0065.000.1988                13 8.30000E+00 7.07000E+01
p-Ca048-MT648-Fujita-E1446131-ang-E0065.000.1988                10 7.89998E+00 4.57000E+01
p-Ca048-MT648-Fujita-E1446135-ang-E0065.000.1988                14 1.31000E+01 7.15000E+01
p-Ca048-MT648-Fujita-E1446136-ang-E0065.000.1988                14 8.39997E+00 7.15000E+01
p-Ca048-MT648-Fujita-E1446137-ang-E0065.000.1988                13 1.22000E+01 7.14000E+01
p-Ca048-MT648-Fujita-E1446138-ang-E0065.000.1988                 9 2.85000E+01 7.16000E+01
p-Ca048-MT648-Fujita-E1446139-ang-E0065.000.1988                14 7.79996E+00 6.53000E+01
p-Ca048-MT648-Fujita-E1446140-ang-E0065.000.1988                12 2.03000E+01 7.13000E+01
p-Ca048-MT648-Fujita-E1446141-ang-E0065.000.1988                 8 3.27000E+01 7.13000E+01
p-Ca048-MT648-Fujita-E1446142-ang-E0065.000.1988                11 2.03000E+01 7.03000E+01
p-Ca048-MT648-Fujita-E1446143-ang-E0065.000.1988                11 1.21000E+01 5.56000E+01
p-Ca048-MT648-Fujita-E1446145-ang-E0065.000.1988                15 7.60001E+00 7.04000E+01
p-Ca048-MT648-Fujita-E1446146-ang-E0065.000.1988                14 8.59999E+00 7.10000E+01
p-Ca048-MT648-Fujita-E1446147-ang-E0065.000.1988                14 7.60001E+00 7.04000E+01
p-Ca048-MT648-Fujita-E1446148-ang-E0065.000.1988                13 6.79999E+00 6.97000E+01
p-Ca048-MT648-Fujita-E1446149-ang-E0065.000.1988                15 8.09999E+00 7.12000E+01
p-Ca048-MT648-Fujita-E1446150-ang-E0065.000.1988                13 7.70001E+00 7.08000E+01
p-Ca048-MT648-Fujita-E1446151-ang-E0065.000.1988                14 8.59999E+00 6.60000E+01
p-Ca048-MT648-Fujita-E1446152-ang-E0065.000.1988                11 1.58000E+01 6.47000E+01
p-Ca048-MT648-Fujita-E1446153-ang-E0065.000.1988                11 1.25000E+01 6.08000E+01
p-Ca048-MT648-Fujita-E1446154-ang-E0065.000.1988                 8 3.52000E+01 6.92000E+01
p-Ca048-MT648-Fujita-E1446155-ang-E0065.000.1988                15 8.69999E+00 7.02000E+01
p-Ca048-MT648-Fujita-E1446156-ang-E0065.000.1988                12 1.98000E+01 6.95000E+01
p-Ca048-MT648-Fujita-E1446166-ang-E0065.000.1988                13 9.30001E+00 7.19000E+01
p-Ca048-MT648-Hosono-E1195002-ang-E0065.000.1986                15 8.89998E+00 6.05000E+01
