#              Filename                                         N    min         max
d-C012-MT002-Allab-D0717006-ang-E0001.519.1970                   1 1.32367E+02 1.44017E+02
d-C012-MT002-Allab-D0717006-ang-E0001.521.1970                   1 9.25167E+01 1.44017E+02
d-C012-MT002-Allab-D0717006-ang-E0001.525.1970                   1 4.88667E+01 9.25167E+01
d-C012-MT002-Allab-D0717006-ang-E0001.526.1970                   1 4.88667E+01 1.32367E+02
d-C012-MT002-Allab-D0717006-ang-E0001.532.1970                   1 7.80833E+01 1.32367E+02
d-C012-MT002-Allab-D0717006-ang-E0001.535.1970                   1 7.80833E+01 9.25167E+01
d-C012-MT002-Allab-D0717006-ang-E0001.538.1970                   1 7.80833E+01 9.25167E+01
d-C012-MT002-Allab-D0717006-ang-E0001.538A001.1970               1 4.88667E+01 7.80833E+01
d-C012-MT002-Allab-D0717006-ang-E0001.541.1970                   1 4.88667E+01 1.44017E+02
d-C012-MT002-Allab-D0717006-ang-E0001.543.1970                   1 1.32367E+02 1.44017E+02
d-C012-MT002-Allab-D0717006-ang-E0001.545.1970                   1 1.32367E+02 1.32367E+02
d-C012-MT002-Aspelund-D0232002-ang-E0060.600.1975               65 1.22000E+01 6.99000E+01
d-C012-MT002-Aspelund-D0232002-ang-E0077.300.1975               63 1.23000E+01 7.14000E+01
d-C012-MT002-Aspelund-D0232002-ang-E0090.000.1975               49 1.28000E+01 6.56000E+01
d-C012-MT002-Auld-D0224002-ang-E0063.000.1967                   21 3.30002E+00 2.37000E+01
d-C012-MT002-Baeumer-O1080007-ang-E0170.000.2001                41 3.00003E+00 4.34000E+01
d-C012-MT002-Baldeweg-F0557002-ang-E0009.200.1966               19 1.19000E+01 1.67200E+02
d-C012-MT002-Baldeweg-F0557002-ang-E0010.000.1966               12 1.15000E+01 1.59300E+02
d-C012-MT002-Baldeweg-F0557002-ang-E0010.600.1966               26 1.15000E+01 1.67600E+02
d-C012-MT002-Baldeweg-F0557002-ang-E0011.000.1966               21 2.11000E+01 1.67400E+02
d-C012-MT002-Baldeweg-F0557002-ang-E0011.400.1966               24 1.18000E+01 1.66300E+02
d-C012-MT002-Baldeweg-F0557002-ang-E0011.900.1966               27 1.12000E+01 1.66700E+02
d-C012-MT002-Baldeweg-F0557002-ang-E0012.400.1966               24 1.12000E+01 1.65400E+02
d-C012-MT002-Baldeweg-F0557002-ang-E0012.800.1966               25 1.25000E+01 1.67600E+02
d-C012-MT002-Baldeweg-F0557002-ang-E0013.200.1966               32 1.57000E+01 1.68500E+02
d-C012-MT002-Baldeweg-F0557002-ang-E0013.900.1966               26 2.25000E+01 1.68200E+02
d-C012-MT002-Chamberlain-C2645002-ang-E0167.000.1954             9 0.00000E+00 0.00000E+00
d-C012-MT002-Cottrell-F1077003-ang-E0004.480.1968                1 7.00000E+01 1.50000E+02
d-C012-MT002-Cottrell-F1077003-ang-E0004.490.1968                1 7.00000E+01 1.50000E+02
d-C012-MT002-Cottrell-F1077003-ang-E0004.556.1968                1 7.00000E+01 1.50000E+02
d-C012-MT002-Cottrell-F1077003-ang-E0004.564.1968                1 7.00000E+01 1.50000E+02
d-C012-MT002-Cottrell-F1077003-ang-E0004.600.1968                1 7.00000E+01 1.50000E+02
d-C012-MT002-Cottrell-F1077003-ang-E0004.602.1968                1 1.50000E+02 1.50000E+02
d-C012-MT002-Cottrell-F1077004-ang-E0004.660.1968               33 1.10000E+01 1.69900E+02
d-C012-MT002-Cottrell-F1077004-ang-E0004.970.1968               30 1.11000E+01 1.65600E+02
d-C012-MT002-Cottrell-F1077004-ang-E0005.270.1968               33 1.14000E+01 1.71100E+02
d-C012-MT002-Cottrell-F1077008-ang-E0004.660.1968                1 7.00000E+01 7.00000E+01
d-C012-MT002-Cowley-F0182004-ang-E0015.800.1966                 45 9.90000E+00 1.57000E+02
d-C012-MT002-DaiCaNguyennn-F0164004-ang-E0014.250.1966          12 1.94000E+01 8.13000E+01
d-C012-MT002-Galanina-F0839002-ang-E0015.300.2007               30 1.80000E+01 1.60000E+02
d-C012-MT002-Galanina-F0839004-ang-E0011.030.2007               41 4.00000E+01 4.00000E+01
d-C012-MT002-Gallmann-F0276003-ang-E0004.000.1966               27 1.97000E+01 1.70200E+02
d-C012-MT002-Gerke-F1090002-ang-E0002.602.1966                   1 3.00000E+01 9.00000E+01
d-C012-MT002-Gerke-F1090002-ang-E0002.603.1966                   1 3.00000E+01 3.00000E+01
d-C012-MT002-Gerke-F1090008-ang-E0002.800.1966                  29 2.45000E+01 1.50500E+02
d-C012-MT002-Gerke-F1090008-ang-E0003.200.1966                  24 2.75000E+01 1.51500E+02
d-C012-MT002-Gerke-F1090009-ang-E0003.700.1966                  31 2.18000E+01 1.52500E+02
d-C012-MT002-Hinterberger-D02250051-ang-E0052.000.1968          61 1.30000E+01 1.08000E+02
d-C012-MT002-HuangBingyinn-C0201017-ang-E0003.700.1974          19 1.50000E+01 1.50000E+02
d-C012-MT002-Ishida-E1553002-ang-E0053.300.1993                  7 1.58000E+01 6.10000E+01
d-C012-MT002-Jahr-D0241002-ang-E0011.800.1961                   30 2.09000E+01 1.61400E+02
d-C012-MT002-Kashy-C1007002-ang-E0000.518.1960                 216 1.65000E+02 1.65000E+02
d-C012-MT002-Kato-E0934002-ang-E0035.000.1985                   10 3.00000E+01 6.00000E+01
d-C012-MT002-Kato-E0934006-ang-E0040.000.1985                   12 3.00000E+01 6.50000E+01
d-C012-MT002-Kato-E0934010-ang-E0045.000.1985                   16 2.75000E+01 6.50000E+01
d-C012-MT002-Kato-E0934014-ang-E0049.000.1985                   14 3.00000E+01 6.50000E+01
d-C012-MT002-Kato-E0934019-ang-E0052.000.1985                    9 2.75000E+01 6.25000E+01
d-C012-MT002-Kato-E0934023-ang-E0056.000.1985                   19 2.40000E+01 7.00000E+01
d-C012-MT002-Kato-E0934028-ang-E0065.000.1985                   12 3.00000E+01 7.00000E+01
d-C012-MT002-Kato-E0934031-ang-E0070.000.1985                   17 3.00000E+01 7.50000E+01
d-C012-MT002-Kawabata-E1912017-ang-E0200.000.2004               22 3.00003E+00 2.58000E+01
d-C012-MT002-Kokkoris-D0367002-ang-E0000.897.2006              270 1.45000E+02 1.70000E+02
d-C012-MT002-Lambert-D0679002-ang-E0001.010.1966                 1 6.91000E+01 1.24400E+02
d-C012-MT002-Lambert-D0679002-ang-E0001.014.1966                 1 6.91000E+01 1.10800E+02
d-C012-MT002-Lambert-D0679002-ang-E0001.017.1966                 3 9.69000E+01 1.58400E+02
d-C012-MT002-Lambert-D0679002-ang-E0001.018.1966                 2 9.69000E+01 1.58400E+02
d-C012-MT002-Lambert-D0679002-ang-E0001.020.1966                 1 1.37500E+02 1.58400E+02
d-C012-MT002-Lambert-D0679002-ang-E0001.023.1966                 1 1.24400E+02 1.37500E+02
d-C012-MT002-Lambert-D0679002-ang-E0001.024.1966                 1 6.91000E+01 1.24400E+02
d-C012-MT002-Lambert-D0679002-ang-E0001.025.1966                 1 6.91000E+01 1.37500E+02
d-C012-MT002-Lambert-D0679002-ang-E0001.027.1966                 2 1.10800E+02 1.58400E+02
d-C012-MT002-Lambert-D0679002-ang-E0001.028.1966                 1 4.24000E+01 1.10800E+02
d-C012-MT002-Lambert-D0679002-ang-E0001.030.1966                 1 4.24000E+01 6.91000E+01
d-C012-MT002-Lambert-D0679002-ang-E0001.033.1966                 2 6.91000E+01 1.37500E+02
d-C012-MT002-Lambert-D0679002-ang-E0001.035.1966                 1 4.24000E+01 1.24400E+02
d-C012-MT002-Lambert-D0679002-ang-E0001.040.1966                 4 4.24000E+01 1.37500E+02
d-C012-MT002-Lambert-D0679002-ang-E0001.041.1966                 1 6.91000E+01 1.24400E+02
d-C012-MT002-Lambert-D0679002-ang-E0001.042.1966                 1 9.69000E+01 1.24400E+02
d-C012-MT002-Lambert-D0679002-ang-E0001.045.1966                 1 9.69000E+01 1.10800E+02
d-C012-MT002-Lambert-D0679002-ang-E0001.049.1966                 1 1.10800E+02 1.37500E+02
d-C012-MT002-Lambert-D0679002-ang-E0001.050.1966                 1 6.91000E+01 1.37500E+02
d-C012-MT002-Lambert-D0679002-ang-E0001.051.1966                 2 6.91000E+01 1.10800E+02
d-C012-MT002-Lambert-D0679002-ang-E0001.059.1966                 2 4.24000E+01 1.37500E+02
d-C012-MT002-Lambert-D0679002-ang-E0001.060.1966                 1 4.24000E+01 1.10800E+02
d-C012-MT002-Lambert-D0679002-ang-E0001.061.1966                 1 9.69000E+01 1.10800E+02
d-C012-MT002-Lambert-D0679002-ang-E0001.063.1966                 2 6.91000E+01 1.24400E+02
d-C012-MT002-Lambert-D0679002-ang-E0001.064.1966                 1 6.91000E+01 1.37500E+02
d-C012-MT002-Lambert-D0679002-ang-E0001.066.1966                 1 1.10800E+02 1.37500E+02
d-C012-MT002-Lambert-D0679002-ang-E0001.068.1966                 1 4.24000E+01 1.10800E+02
d-C012-MT002-Lambert-D0679002-ang-E0001.070.1966                 2 4.24000E+01 1.24400E+02
d-C012-MT002-Lambert-D0679002-ang-E0001.074.1966                 1 4.24000E+01 1.10800E+02
d-C012-MT002-Lambert-D0679002-ang-E0001.077.1966                 1 4.24000E+01 1.10800E+02
d-C012-MT002-Lambert-D0679002-ang-E0001.087.1966                 1 6.91000E+01 1.10800E+02
d-C012-MT002-Lambert-D0679002-ang-E0001.090.1966                 1 4.24000E+01 6.91000E+01
d-C012-MT002-Lambert-D0679002-ang-E0001.092.1966                 2 4.24000E+01 1.37500E+02
d-C012-MT002-Lambert-D0679002-ang-E0001.095.1966                 1 9.69000E+01 1.24400E+02
d-C012-MT002-Lambert-D0679002-ang-E0001.096.1966                 1 8.29000E+01 1.24400E+02
d-C012-MT002-Lambert-D0679002-ang-E0001.100.1966                 2 6.91000E+01 1.37500E+02
d-C012-MT002-Lambert-D0679002-ang-E0001.105.1966                 2 6.91000E+01 6.91000E+01
d-C012-MT002-MaoZhenlinn-S0003023-ang-E0005.030.1972            18 1.50000E+01 1.65000E+02
d-C012-MT002-Mcellistrem-C0993002-ang-E0002.430.1956             1 5.15000E+01 8.63000E+01
d-C012-MT002-Mcellistrem-C0993002-ang-E0002.431.1956             1 5.15000E+01 8.63000E+01
d-C012-MT002-Mcellistrem-C0993002-ang-E0002.443.1956             1 5.15000E+01 5.15000E+01
d-C012-MT002-Mcellistrem-C0993003-ang-E0002.234.1956            52 8.44000E+01 8.44000E+01
d-C012-MT002-Nguyen-E2254006-ang-E0014.250.1966                 12 1.86000E+01 8.08000E+01
d-C012-MT002-Ohlsen-F1049002-ang-E0003.052.1963                184 1.65000E+02 1.65000E+02
d-C012-MT002-Okamura-E1702034-ang-E0140.000.1998               119 4.09997E+00 6.17000E+01
d-C012-MT002-Satou-E1817006-ang-E0270.000.2002                  52 2.80002E+00 2.87000E+01
d-C012-MT002-Vandantzig-O1735003-ang-E0030.247.1963             34 1.19992E+00 1.58900E+02
d-C012-MT002-Wang-D0462004-ang-E0001.563.1967                    1 4.00000E+01 6.00000E+01
d-C012-MT002-Wang-D0462004-ang-E0001.569.1967                    1 4.00000E+01 6.00000E+01
d-C012-MT002-Wang-D0462004-ang-E0001.585.1967                    1 4.00000E+01 6.00000E+01
d-C012-MT002-Wang-D0462004-ang-E0001.595.1967                    1 4.00000E+01 6.00000E+01
d-C012-MT002-Wang-D0462004-ang-E0001.607.1967                    1 4.00000E+01 6.00000E+01
d-C012-MT002-Wang-D0462004-ang-E0001.617.1967                    1 4.00000E+01 6.00000E+01
d-C012-MT002-Wang-D0462004-ang-E0001.635.1967                    1 4.00000E+01 6.00000E+01
d-C012-MT002-Wang-D0462004-ang-E0001.641.1967                    1 4.00000E+01 6.00000E+01
d-C012-MT002-Wang-D0462004-ang-E0001.657.1967                    1 4.00000E+01 6.00000E+01
d-C012-MT002-Wang-D0462004-ang-E0001.665.1967                    1 4.00000E+01 6.00000E+01
d-C012-MT002-Wang-D0462004-ang-E0001.684.1967                    1 4.00000E+01 6.00000E+01
d-C012-MT002-Wang-D0462004-ang-E0001.692.1967                    1 4.00000E+01 6.00000E+01
d-C012-MT002-Wang-D0462004-ang-E0001.705.1967                    1 4.00000E+01 6.00000E+01
d-C012-MT002-Wang-D0462004-ang-E0001.716.1967                    1 4.00000E+01 6.00000E+01
d-C012-MT002-Wang-D0462004-ang-E0001.729.1967                    1 4.00000E+01 6.00000E+01
d-C012-MT002-Wang-D0462004-ang-E0001.740.1967                    1 4.00000E+01 6.00000E+01
d-C012-MT002-Wang-D0462004-ang-E0001.749.1967                    1 4.00000E+01 6.00000E+01
d-C012-MT002-Wang-D0462004-ang-E0001.762.1967                    1 4.00000E+01 6.00000E+01
d-C012-MT002-Wang-D0462004-ang-E0001.775.1967                    1 4.00000E+01 6.00000E+01
d-C012-MT002-Wang-D0462004-ang-E0001.786.1967                    1 4.00000E+01 6.00000E+01
d-C012-MT002-Wang-D0462004-ang-E0001.804.1967                    1 4.00000E+01 6.00000E+01
d-C012-MT002-Wang-D0462004-ang-E0001.815.1967                    1 4.00000E+01 6.00000E+01
d-C012-MT002-Wang-D0462004-ang-E0001.824.1967                    1 4.00000E+01 6.00000E+01
d-C012-MT002-Wang-D0462004-ang-E0001.839.1967                    1 4.00000E+01 6.00000E+01
d-C012-MT002-Wang-D0462004-ang-E0001.853.1967                    1 4.00000E+01 6.00000E+01
d-C012-MT002-Wang-D0462004-ang-E0001.861.1967                    1 4.00000E+01 6.00000E+01
d-C012-MT002-Wang-D0462004-ang-E0001.877.1967                    1 4.00000E+01 6.00000E+01
d-C012-MT002-Wang-D0462004-ang-E0001.888.1967                    1 4.00000E+01 6.00000E+01
d-C012-MT002-Wang-D0462004-ang-E0001.903.1967                    1 4.00000E+01 6.00000E+01
d-C012-MT002-Wang-D0462004-ang-E0001.912.1967                    1 4.00000E+01 6.00000E+01
d-C012-MT002-Wang-D0462004-ang-E0001.928.1967                    1 4.00000E+01 6.00000E+01
d-C012-MT002-Wang-D0462004-ang-E0001.939.1967                    1 4.00000E+01 6.00000E+01
d-C012-MT002-Wang-D0462004-ang-E0001.952.1967                    1 4.00000E+01 6.00000E+01
d-C012-MT002-Wang-D0462004-ang-E0001.965.1967                    1 4.00000E+01 6.00000E+01
d-C012-MT002-Wang-D0462004-ang-E0001.978.1967                    1 4.00000E+01 6.00000E+01
d-C012-MT002-Wang-D0462004-ang-E0001.992.1967                    1 4.00000E+01 6.00000E+01
d-C012-MT002-Wang-D0462004-ang-E0002.002.1967                    1 4.00000E+01 6.00000E+01
d-C012-MT002-Wang-D0462004-ang-E0002.016.1967                    1 4.00000E+01 6.00000E+01
d-C012-MT002-Wang-D0462004-ang-E0002.026.1967                    1 4.00000E+01 6.00000E+01
d-C012-MT002-Wang-D0462004-ang-E0002.040.1967                    1 4.00000E+01 6.00000E+01
d-C012-MT002-Wang-D0462004-ang-E0002.051.1967                    1 4.00000E+01 6.00000E+01
d-C012-MT002-Wang-D0462004-ang-E0002.062.1967                    1 4.00000E+01 6.00000E+01
d-C012-MT002-Wang-D0462004-ang-E0002.080.1967                    1 4.00000E+01 6.00000E+01
d-C012-MT002-Wang-D0462004-ang-E0002.093.1967                    1 4.00000E+01 6.00000E+01
d-C012-MT002-Wang-D0462004-ang-E0002.101.1967                    1 4.00000E+01 6.00000E+01
d-C012-MT002-Wang-D0462004-ang-E0002.115.1967                    1 4.00000E+01 6.00000E+01
d-C012-MT002-Wang-D0462004-ang-E0002.130.1967                    1 4.00000E+01 6.00000E+01
d-C012-MT002-Wang-D0462004-ang-E0002.141.1967                    1 4.00000E+01 6.00000E+01
d-C012-MT002-Wang-D0462004-ang-E0002.152.1967                    1 4.00000E+01 6.00000E+01
d-C012-MT002-Wang-D0462004-ang-E0002.163.1967                    1 4.00000E+01 6.00000E+01
d-C012-MT002-Wang-D0462004-ang-E0002.176.1967                    1 4.00000E+01 6.00000E+01
d-C012-MT002-Wang-D0462004-ang-E0002.190.1967                    1 4.00000E+01 6.00000E+01
d-C012-MT002-Wang-D0462004-ang-E0002.205.1967                    1 4.00000E+01 6.00000E+01
d-C012-MT002-Wang-D0462004-ang-E0002.217.1967                    1 4.00000E+01 6.00000E+01
d-C012-MT002-Wang-D0462004-ang-E0002.224.1967                    1 4.00000E+01 6.00000E+01
d-C012-MT002-Wang-D0462004-ang-E0002.243.1967                    1 4.00000E+01 6.00000E+01
d-C012-MT002-Wang-D0462004-ang-E0002.256.1967                    1 4.00000E+01 4.00000E+01
