#              Filename                                         N    min         max
n-Ga071-MT151-Cote-11641025.1958                                 1 7.50000E-03 7.50000E-03
n-Ga071-MT151-Julien-206760071.1968                              3 2.87500E-04 7.06000E-04
n-Ga071-MT151-Julien-206760072.1968                              3 2.87500E-04 7.06000E-04
n-Ga071-MT151-Julien-206760073.1968                              3 2.87500E-04 7.06000E-04
n-Ga071-MT151-Julien-206760074.1968                              3 2.87500E-04 7.06000E-04
n-Ga071-MT151-Julien-206760075.1968                              3 2.87500E-04 7.06000E-04
n-Ga071-MT151-Julien-206760076.1968                              3 2.87500E-04 7.06000E-04
n-Ga071-MT151-Maletski-400260111.1968                           23 9.58000E-05 5.05400E-03
n-Ga071-MT151-Maletski-400260112.1968                           23 9.58000E-05 5.05400E-03
n-Ga071-MT151-Maletski-400260121.1968                            9 9.58000E-05 3.31100E-03
n-Ga071-MT151-Maletski-400260122.1968                            9 9.58000E-05 3.31100E-03
n-Ga071-MT151-Maletski-40026014.1968                             1 2.57490E-03 2.57490E-03
n-Ga071-MT151-Maletski-40026015.1968                             1 2.57490E-03 2.57490E-03
n-Ga071-MT151-Maletski-40026016.1968                             1 2.57490E-03 2.57490E-03
n-Ga071-MT151-Ohkubo-218610071.1990                             12 9.57000E-05 5.05700E-03
n-Ga071-MT151-Ohkubo-218610074.1990                              5 2.86700E-04 3.31910E-03
n-Ga071-MT151-Palmer-118040051.1956                              3 9.50000E-05 3.80000E-04
n-Ga071-MT151-Palmer-118040053.1956                              3 9.50000E-05 3.80000E-04
n-Ga071-MT151-Palmer-118040055.1956                              3 9.50000E-05 3.80000E-04
n-Ga071-MT151-Palmer-118040056.1956                              3 9.50000E-05 3.80000E-04
