#              Filename                                         N    min         max
p-Ba138-MT002-Nyga-O2391002-ang-E0009.443.1989                   1 1.40000E+02 1.70000E+02
p-Ba138-MT002-Nyga-O2391002-ang-E0009.447.1989                   1 1.40000E+02 1.70000E+02
p-Ba138-MT002-Nyga-O2391002-ang-E0009.485.1989                   1 1.40000E+02 1.70000E+02
p-Ba138-MT002-Nyga-O2391002-ang-E0009.487.1989                   1 1.40000E+02 1.70000E+02
p-Ba138-MT002-Nyga-O2391002-ang-E0009.524.1989                   1 1.40000E+02 1.70000E+02
p-Ba138-MT002-Nyga-O2391002-ang-E0009.531.1989                   1 1.40000E+02 1.70000E+02
p-Ba138-MT002-Nyga-O2391002-ang-E0009.573.1989                   1 1.40000E+02 1.70000E+02
p-Ba138-MT002-Nyga-O2391002-ang-E0009.575.1989                   1 1.40000E+02 1.70000E+02
p-Ba138-MT002-Nyga-O2391002-ang-E0009.605.1989                   1 1.40000E+02 1.70000E+02
p-Ba138-MT002-Nyga-O2391002-ang-E0009.608.1989                   1 1.40000E+02 1.70000E+02
p-Ba138-MT002-Nyga-O2391002-ang-E0009.646.1989                   1 1.40000E+02 1.70000E+02
p-Ba138-MT002-Nyga-O2391002-ang-E0009.650.1989                   1 1.40000E+02 1.70000E+02
p-Ba138-MT002-Nyga-O2391002-ang-E0009.688.1989                   1 1.40000E+02 1.70000E+02
p-Ba138-MT002-Nyga-O2391002-ang-E0009.691.1989                   1 1.40000E+02 1.70000E+02
p-Ba138-MT002-Nyga-O2391002-ang-E0009.724.1989                   1 1.40000E+02 1.70000E+02
p-Ba138-MT002-Nyga-O2391002-ang-E0009.730.1989                   1 1.40000E+02 1.70000E+02
p-Ba138-MT002-Nyga-O2391002-ang-E0009.763.1989                   1 1.40000E+02 1.70000E+02
p-Ba138-MT002-Nyga-O2391002-ang-E0009.766.1989                   1 1.40000E+02 1.70000E+02
p-Ba138-MT002-Nyga-O2391002-ang-E0009.802.1989                   1 1.40000E+02 1.70000E+02
p-Ba138-MT002-Nyga-O2391002-ang-E0009.805.1989                   1 1.40000E+02 1.70000E+02
p-Ba138-MT002-Nyga-O2391002-ang-E0009.816.1989                   1 1.40000E+02 1.70000E+02
p-Ba138-MT002-Nyga-O2391002-ang-E0009.820.1989                   1 1.40000E+02 1.70000E+02
p-Ba138-MT002-Nyga-O2391002-ang-E0009.823.1989                   1 1.40000E+02 1.70000E+02
p-Ba138-MT002-Nyga-O2391002-ang-E0009.825.1989                   1 1.40000E+02 1.70000E+02
p-Ba138-MT002-Nyga-O2391002-ang-E0009.834.1989                   1 1.40000E+02 1.70000E+02
p-Ba138-MT002-Nyga-O2391002-ang-E0009.838.1989                   1 1.40000E+02 1.70000E+02
p-Ba138-MT002-Nyga-O2391002-ang-E0009.842.1989                   1 1.40000E+02 1.70000E+02
p-Ba138-MT002-Nyga-O2391002-ang-E0009.845.1989                   1 1.40000E+02 1.70000E+02
p-Ba138-MT002-Nyga-O2391002-ang-E0009.852.1989                   1 1.40000E+02 1.70000E+02
p-Ba138-MT002-Nyga-O2391002-ang-E0009.856.1989                   1 1.40000E+02 1.70000E+02
p-Ba138-MT002-Nyga-O2391002-ang-E0009.862.1989                   1 1.40000E+02 1.70000E+02
p-Ba138-MT002-Nyga-O2391002-ang-E0009.863.1989                   1 1.40000E+02 1.70000E+02
p-Ba138-MT002-Nyga-O2391002-ang-E0009.873.1989                   1 1.40000E+02 1.70000E+02
p-Ba138-MT002-Nyga-O2391002-ang-E0009.873A001.1989               1 1.40000E+02 1.70000E+02
p-Ba138-MT002-Nyga-O2391002-ang-E0009.881.1989                   1 1.40000E+02 1.70000E+02
p-Ba138-MT002-Nyga-O2391002-ang-E0009.888.1989                   1 1.70000E+02 1.70000E+02
p-Ba138-MT002-Varner-C0893040-ang-E0016.000.1986                30 2.50000E+01 1.70000E+02
p-Ba138-MT002-vonbrentano-O1894003-ang-E0009.567.1965          118 1.69900E+02 1.69900E+02
