#              Filename                                         N    min         max
a-Li007-MT801-Bohlen-A1505004-ang-E0002.499.1972                21 1.20600E+02 1.20600E+02
a-Li007-MT801-Bohlen-A1505009-ang-E0003.600.1972                42 3.11000E+01 1.47200E+02
a-Li007-MT801-Burtebaev-D0771003-ang-E0050.500.1996            113 1.02000E+01 1.70300E+02
a-Li007-MT801-Burtebaev-D0925005-ang-E0050.500.1988            114 1.00000E+01 1.70000E+02
a-Li007-MT801-Hamada-E1654003-ang-E0065.000.1994                25 7.30001E+00 5.98000E+01
a-Li007-MT801-Kelleter-A1538003-ang-E0016.960.1973               1 7.24000E+01 9.00000E+01
a-Li007-MT801-Kelleter-A1538003-ang-E0016.990.1973               1 5.41000E+01 9.00000E+01
a-Li007-MT801-Kelleter-A1538003-ang-E0017.000.1973               1 5.41000E+01 7.24000E+01
a-Li007-MT801-Kelleter-A1538003-ang-E0017.470.1973               1 7.24000E+01 9.00000E+01
a-Li007-MT801-Kelleter-A1538003-ang-E0017.490.1973               1 5.41000E+01 9.00000E+01
a-Li007-MT801-Kelleter-A1538003-ang-E0017.510.1973               1 5.41000E+01 7.24000E+01
a-Li007-MT801-Kelleter-A1538003-ang-E0017.970.1973               1 7.24000E+01 9.00000E+01
a-Li007-MT801-Kelleter-A1538003-ang-E0017.990.1973               1 5.41000E+01 9.00000E+01
a-Li007-MT801-Kelleter-A1538003-ang-E0018.010.1973               1 5.41000E+01 7.24000E+01
a-Li007-MT801-Kelleter-A1538003-ang-E0018.470.1973               1 7.24000E+01 9.00000E+01
a-Li007-MT801-Kelleter-A1538003-ang-E0018.500.1973               1 5.41000E+01 9.00000E+01
a-Li007-MT801-Kelleter-A1538003-ang-E0018.520.1973               1 5.41000E+01 7.24000E+01
a-Li007-MT801-Kelleter-A1538003-ang-E0018.960.1973               1 7.24000E+01 9.00000E+01
a-Li007-MT801-Kelleter-A1538003-ang-E0018.990.1973               1 5.41000E+01 9.00000E+01
a-Li007-MT801-Kelleter-A1538003-ang-E0019.020.1973               1 5.41000E+01 7.24000E+01
a-Li007-MT801-Kelleter-A1538003-ang-E0019.450.1973               1 7.24000E+01 9.00000E+01
a-Li007-MT801-Kelleter-A1538003-ang-E0019.490.1973               1 5.41000E+01 9.00000E+01
a-Li007-MT801-Kelleter-A1538003-ang-E0019.510.1973               1 5.41000E+01 7.24000E+01
a-Li007-MT801-Kelleter-A1538003-ang-E0019.950.1973               1 5.41000E+01 7.24000E+01
a-Li007-MT801-Kelleter-A1538003-ang-E0020.010.1973               1 5.41000E+01 7.24000E+01
a-Li007-MT801-Kelleter-A1538003-ang-E0020.460.1973               1 7.24000E+01 7.24000E+01
a-Li007-MT801-Matsuki-E2264004-ang-E0029.400.1968               15 1.58000E+01 6.49000E+01
a-Li007-MT801-Rusek-C1001006-ang-E0017.982.2003                 32 5.99999E+00 1.48600E+02
a-Li007-MT801-Rusek-C1001006-ang-E0017.982A001.2003             37 6.40000E+00 1.44600E+02
a-Li007-MT801-Rusek-C1001006-ang-E0025.992.2003                 44 5.99999E+00 1.52800E+02
a-Li007-MT801-Rusek-C1001006-ang-E0025.992A001.2003             37 6.40000E+00 1.46300E+02
