#              Filename                                         N    min         max
h-Si029-MT648-Aljadir-C1614008-E0015.000.1980                   12 3.95701E+00 9.05300E+01
h-Si029-MT648-Aljadir-C1614009-E0015.000.1980                   11 3.63696E+00 8.29200E+01
h-Si029-MT648-Aljadir-C1614010-E0015.000.1980                   10 3.24003E+00 8.17200E+01
h-Si029-MT648-Aljadir-C1614011-E0015.000.1980                   11 3.60000E+00 8.20800E+01
h-Si029-MT648-Aljadir-C1614012-E0015.000.1980                   12 8.08102E+00 9.32500E+01
h-Si029-MT648-Aljadir-C1614013-E0015.000.1980                   10 4.67994E+00 7.48800E+01
h-Si029-MT648-Aljadir-C1614014-E0015.000.1980                   12 3.96002E+00 9.00000E+01
h-Si029-MT648-Aljadir-C1614015-E0015.000.1980                   12 3.43393E+00 8.89800E+01
h-Si029-MT648-Aljadir-C1614016-E0015.000.1980                   11 1.18800E+01 8.92800E+01
h-Si029-MT648-Aljadir-C1614017-E0015.000.1980                   11 1.15350E-01 8.64600E+01
h-Si029-MT648-Aljadir-C1614018-E0015.000.1980                   11 2.53338E-01 8.62700E+01
h-Si029-MT648-Aljadir-C1614019-E0015.000.1980                   12 7.39928E-01 8.73600E+01
h-Si029-MT648-Aljadir-C1614020-E0015.000.1980                   11 1.35595E+00 8.77200E+01
h-Si029-MT648-Aljadir-C1614021-E0015.000.1980                   10 2.40705E+00 8.76500E+01
h-Si029-MT648-Aljadir-C1614022-E0015.000.1980                   10 2.65395E+00 8.79000E+01
h-Si029-MT648-Aljadir-C1614023-E0015.000.1980                   11 3.55699E+00 9.00000E+01
h-Si029-MT648-Aljadir-C1614024-E0015.000.1980                   11 4.25298E+00 8.99900E+01
h-Si029-MT648-Aljadir-C1614025-E0015.000.1980                    9 1.13800E+01 8.18200E+01
h-Si029-MT648-Aljadir-C1614026-E0015.000.1980                   11 4.26898E+00 9.00000E+01
h-Si029-MT648-Aljadir-C1614027-E0015.000.1980                   10 3.55699E+00 8.28900E+01
h-Si029-MT648-Aljadir-C1614028-E0015.000.1980                   10 4.26898E+00 8.25300E+01
h-Si029-MT648-Aljadir-C1614029-E0015.000.1980                   11 3.91302E+00 9.03600E+01
h-Si029-MT648-Aljadir-C1614030-E0015.000.1980                   11 4.26898E+00 8.21700E+01
h-Si029-MT648-Aljadir-C1614031-E0015.000.1980                    9 3.55699E+00 8.25300E+01
h-Si029-MT648-Aljadir-C1614032-E0015.000.1980                   11 3.91302E+00 8.28900E+01
h-Si029-MT648-Aljadir-C1614033-E0015.000.1980                    9 1.97900E+01 8.18600E+01
h-Si029-MT648-Aljadir-C1614034-E0015.000.1980                    8 1.08408E+00 7.15700E+01
h-Si029-MT648-Aljadir-C1614035-E0015.000.1980                    7 3.77500E+01 8.40600E+01
h-Si029-MT648-Aljadir-C1614036-E0015.000.1980                    6 1.86400E+01 6.59700E+01
h-Si029-MT648-Aljadir-C1614037-E0015.000.1980                    5 4.91398E+00 6.79600E+01
h-Si029-MT648-Aljadir-C1614038-E0015.000.1980                    6 2.64900E+00 6.65400E+01
h-Si029-MT648-Aljadir-C1614039-E0015.000.1980                    5 1.19400E+01 6.70600E+01
h-Si029-MT648-Aljadir-C1617026-E0015.000.1978                   11 3.89998E+00 8.71000E+01
