#              Filename                                         N    min         max
p-Mn055-MT002-Antropov-F1147010-ang-E0005.228.1975               1 7.12000E+01 1.02400E+02
p-Mn055-MT002-Antropov-F1147010-ang-E0005.235.1975               1 7.12000E+01 1.02400E+02
p-Mn055-MT002-Antropov-F1147010-ang-E0005.350.1975               1 7.12000E+01 1.02400E+02
p-Mn055-MT002-Antropov-F1147010-ang-E0005.357.1975               1 7.12000E+01 1.02400E+02
p-Mn055-MT002-Antropov-F1147010-ang-E0005.467.1975               1 7.12000E+01 1.02400E+02
p-Mn055-MT002-Antropov-F1147010-ang-E0005.472.1975               1 7.12000E+01 1.02400E+02
p-Mn055-MT002-Antropov-F1147010-ang-E0005.607.1975               1 7.12000E+01 1.02400E+02
p-Mn055-MT002-Antropov-F1147010-ang-E0005.611.1975               1 7.12000E+01 1.02400E+02
p-Mn055-MT002-Antropov-F1147010-ang-E0005.692.1975               1 7.12000E+01 1.02400E+02
p-Mn055-MT002-Antropov-F1147010-ang-E0005.697.1975               1 7.12000E+01 1.02400E+02
p-Mn055-MT002-Antropov-F1147010-ang-E0005.751.1975               1 7.12000E+01 1.02400E+02
p-Mn055-MT002-Antropov-F1147010-ang-E0005.758.1975               1 7.12000E+01 1.02400E+02
p-Mn055-MT002-Antropov-F1147010-ang-E0005.800.1975               1 7.12000E+01 1.02400E+02
p-Mn055-MT002-Antropov-F1147010-ang-E0005.807.1975               1 7.12000E+01 1.02400E+02
p-Mn055-MT002-Antropov-F1147010-ang-E0005.920.1975               1 7.12000E+01 1.02400E+02
p-Mn055-MT002-Antropov-F1147010-ang-E0005.922.1975               1 7.12000E+01 1.02400E+02
p-Mn055-MT002-Antropov-F1147010-ang-E0005.990.1975               2 7.12000E+01 1.02400E+02
p-Mn055-MT002-Fulmer-C1019008-ang-E0022.200.1962                 1 8.99000E+01 8.99000E+01
p-Mn055-MT002-Maki-E0094002-ang-E0004.236.1978                   1 1.65500E+02 1.75000E+02
p-Mn055-MT002-Maki-E0094002-ang-E0004.245.1978                   1 1.50000E+02 1.65500E+02
p-Mn055-MT002-Maki-E0094002-ang-E0004.249.1978                   1 1.50000E+02 1.75000E+02
p-Mn055-MT002-Maki-E0094002-ang-E0004.252.1978                   1 4.60000E+01 1.75000E+02
p-Mn055-MT002-Maki-E0094002-ang-E0004.253.1978                   2 4.60000E+01 1.65500E+02
p-Mn055-MT002-Maki-E0094002-ang-E0004.254.1978                   1 1.14000E+02 1.65500E+02
p-Mn055-MT002-Maki-E0094002-ang-E0004.256.1978                   1 9.00000E+01 1.14000E+02
p-Mn055-MT002-Maki-E0094002-ang-E0004.258.1978                   1 9.00000E+01 1.50000E+02
p-Mn055-MT002-Maki-E0094002-ang-E0004.261.1978                   1 4.60000E+01 1.50000E+02
p-Mn055-MT002-Maki-E0094002-ang-E0004.263.1978                   1 4.60000E+01 1.65500E+02
p-Mn055-MT002-Maki-E0094002-ang-E0004.266.1978                   1 9.00000E+01 1.65500E+02
p-Mn055-MT002-Maki-E0094002-ang-E0004.267.1978                   3 9.00000E+01 1.75000E+02
p-Mn055-MT002-Maki-E0094002-ang-E0004.268.1978                   1 1.14000E+02 1.65500E+02
p-Mn055-MT002-Maki-E0094002-ang-E0004.269.1978                   1 9.00000E+01 1.65500E+02
p-Mn055-MT002-Maki-E0094002-ang-E0004.271.1978                   1 9.00000E+01 1.14000E+02
p-Mn055-MT002-Maki-E0094002-ang-E0004.275.1978                   1 1.14000E+02 1.50000E+02
p-Mn055-MT002-Maki-E0094002-ang-E0004.277.1978                   1 4.60000E+01 1.50000E+02
p-Mn055-MT002-Maki-E0094002-ang-E0004.278.1978                   1 4.60000E+01 9.00000E+01
p-Mn055-MT002-Maki-E0094002-ang-E0004.280.1978                   1 9.00000E+01 1.65500E+02
p-Mn055-MT002-Maki-E0094002-ang-E0004.282.1978                   2 4.60000E+01 1.75000E+02
p-Mn055-MT002-Maki-E0094002-ang-E0004.287.1978                   1 4.60000E+01 9.00000E+01
p-Mn055-MT002-Maki-E0094002-ang-E0004.289.1978                   1 9.00000E+01 1.14000E+02
p-Mn055-MT002-Maki-E0094002-ang-E0004.290.1978                   1 1.14000E+02 1.50000E+02
p-Mn055-MT002-Maki-E0094002-ang-E0004.292.1978                   1 4.60000E+01 1.50000E+02
p-Mn055-MT002-Maki-E0094002-ang-E0004.293.1978                   2 4.60000E+01 1.75000E+02
p-Mn055-MT002-Maki-E0094002-ang-E0004.295.1978                   1 1.65500E+02 1.75000E+02
p-Mn055-MT002-Maki-E0094002-ang-E0004.297.1978                   1 9.00000E+01 1.65500E+02
p-Mn055-MT002-Maki-E0094002-ang-E0004.301.1978                   1 4.60000E+01 9.00000E+01
p-Mn055-MT002-Maki-E0094002-ang-E0004.303.1978                   1 4.60000E+01 1.50000E+02
p-Mn055-MT002-Maki-E0094002-ang-E0004.304.1978                   1 1.50000E+02 1.65500E+02
p-Mn055-MT002-Maki-E0094002-ang-E0004.306.1978                   1 1.50000E+02 1.65500E+02
p-Mn055-MT002-Maki-E0094002-ang-E0004.307.1978                   2 9.00000E+01 1.75000E+02
p-Mn055-MT002-Maki-E0094002-ang-E0004.311.1978                   1 9.00000E+01 1.75000E+02
p-Mn055-MT002-Maki-E0094002-ang-E0004.313.1978                   1 4.60000E+01 1.75000E+02
p-Mn055-MT002-Maki-E0094002-ang-E0004.315.1978                   2 4.60000E+01 1.65500E+02
p-Mn055-MT002-Maki-E0094002-ang-E0004.319.1978                   2 9.00000E+01 1.75000E+02
p-Mn055-MT002-Maki-E0094002-ang-E0004.323.1978                   1 9.00000E+01 1.14000E+02
p-Mn055-MT002-Maki-E0094002-ang-E0004.324.1978                   1 1.14000E+02 1.65500E+02
p-Mn055-MT002-Maki-E0094002-ang-E0004.325.1978                   1 9.00000E+01 1.65500E+02
p-Mn055-MT002-Maki-E0094002-ang-E0004.326.1978                   1 4.60000E+01 9.00000E+01
p-Mn055-MT002-Maki-E0094002-ang-E0004.327.1978                   1 4.60000E+01 1.50000E+02
p-Mn055-MT002-Maki-E0094002-ang-E0004.329.1978                   1 1.50000E+02 1.75000E+02
p-Mn055-MT002-Maki-E0094002-ang-E0004.332.1978                   1 1.50000E+02 1.75000E+02
p-Mn055-MT002-Maki-E0094002-ang-E0004.335.1978                   1 4.60000E+01 1.50000E+02
p-Mn055-MT002-Maki-E0094002-ang-E0004.336.1978                   2 4.60000E+01 1.65500E+02
p-Mn055-MT002-Maki-E0094002-ang-E0004.337.1978                   1 9.00000E+01 1.65500E+02
p-Mn055-MT002-Maki-E0094002-ang-E0004.341.1978                   1 9.00000E+01 1.14000E+02
p-Mn055-MT002-Maki-E0094002-ang-E0004.342.1978                   1 1.14000E+02 1.50000E+02
p-Mn055-MT002-Maki-E0094002-ang-E0004.347.1978                   3 4.60000E+01 1.75000E+02
p-Mn055-MT002-Maki-E0094002-ang-E0004.348.1978                   1 4.60000E+01 1.75000E+02
p-Mn055-MT002-Maki-E0094002-ang-E0004.350.1978                   1 1.14000E+02 1.75000E+02
p-Mn055-MT002-Maki-E0094002-ang-E0004.352.1978                   2 9.00000E+01 1.65500E+02
p-Mn055-MT002-Maki-E0094002-ang-E0004.354.1978                   1 4.60000E+01 9.00000E+01
p-Mn055-MT002-Maki-E0094002-ang-E0004.355.1978                   1 4.60000E+01 1.50000E+02
p-Mn055-MT002-Maki-E0094002-ang-E0004.362.1978                   2 1.14000E+02 1.75000E+02
p-Mn055-MT002-Maki-E0094002-ang-E0004.364.1978                   2 9.00000E+01 1.65500E+02
p-Mn055-MT002-Maki-E0094002-ang-E0004.369.1978                   1 9.00000E+01 1.50000E+02
p-Mn055-MT002-Maki-E0094002-ang-E0004.371.1978                   1 1.50000E+02 1.65500E+02
p-Mn055-MT002-Maki-E0094002-ang-E0004.372.1978                   1 4.60000E+01 1.65500E+02
p-Mn055-MT002-Maki-E0094002-ang-E0004.373.1978                   1 4.60000E+01 9.00000E+01
p-Mn055-MT002-Maki-E0094002-ang-E0004.375.1978                   1 9.00000E+01 1.14000E+02
p-Mn055-MT002-Maki-E0094002-ang-E0004.376.1978                   1 1.14000E+02 1.75000E+02
p-Mn055-MT002-Maki-E0094002-ang-E0004.378.1978                   1 1.50000E+02 1.75000E+02
p-Mn055-MT002-Maki-E0094002-ang-E0004.381.1978                   1 1.14000E+02 1.50000E+02
p-Mn055-MT002-Maki-E0094002-ang-E0004.385.1978                   1 1.14000E+02 1.65500E+02
p-Mn055-MT002-Maki-E0094002-ang-E0004.387.1978                   1 1.65500E+02 1.75000E+02
p-Mn055-MT002-Maki-E0094002-ang-E0004.388.1978                   1 1.50000E+02 1.75000E+02
p-Mn055-MT002-Maki-E0094002-ang-E0004.390.1978                   1 9.00000E+01 1.50000E+02
p-Mn055-MT002-Maki-E0094002-ang-E0004.393.1978                   2 9.00000E+01 1.65500E+02
p-Mn055-MT002-Maki-E0094002-ang-E0004.394.1978                   1 4.60000E+01 1.14000E+02
p-Mn055-MT002-Maki-E0094002-ang-E0004.397.1978                   1 4.60000E+01 1.50000E+02
p-Mn055-MT002-Maki-E0094002-ang-E0004.400.1978                   2 9.00000E+01 1.75000E+02
p-Mn055-MT002-Maki-E0094002-ang-E0004.402.1978                   2 4.60000E+01 1.65500E+02
p-Mn055-MT002-Maki-E0094002-ang-E0004.403.1978                   1 4.60000E+01 1.75000E+02
p-Mn055-MT002-Maki-E0094002-ang-E0004.409.1978                   1 1.14000E+02 1.75000E+02
p-Mn055-MT002-Maki-E0094002-ang-E0004.410.1978                   1 9.00000E+01 1.14000E+02
p-Mn055-MT002-Maki-E0094002-ang-E0004.412.1978                   2 9.00000E+01 1.50000E+02
p-Mn055-MT002-Maki-E0094002-ang-E0004.413.1978                   1 1.14000E+02 1.65500E+02
p-Mn055-MT002-Maki-E0094002-ang-E0004.414.1978                   1 1.50000E+02 1.65500E+02
p-Mn055-MT002-Maki-E0094002-ang-E0004.415.1978                   1 4.60000E+01 1.50000E+02
p-Mn055-MT002-Maki-E0094002-ang-E0004.416.1978                   1 4.60000E+01 1.75000E+02
p-Mn055-MT002-Maki-E0094002-ang-E0004.418.1978                   1 1.75000E+02 1.75000E+02
p-Mn055-MT002-Maki-E0094004-ang-E0005.160.1978                   6 4.53000E+01 1.73100E+02
p-Mn055-MT002-Miura-E0069002-ang-E0051.900.1976                 11 2.62000E+01 5.07000E+01
