#              Filename                                         N    min         max
n-Pt000-MT001-Bratenahl-11155028.1958                            5 6.83000E+00 1.41100E+01
n-Pt000-MT001-Bratenahl-11155028A001.1958                        5 6.83000E+00 1.41100E+01
n-Pt000-MT001-Carter-11897006.1955                             147 9.21000E-06 1.98500E-04
n-Pt000-MT001-Coon-12524048.1952                                 1 1.41200E+01 1.41200E+01
n-Pt000-MT001-Dilg-20583029.1972                                 1 2.70000E-03 2.70000E-03
n-Pt000-MT001-Duggal-31092003.1962                              46 2.00000E-09 6.10000E-08
n-Pt000-MT001-Egelstaff-21037010.1955                           49 1.44000E-04 2.86000E-01
n-Pt000-MT001-Fosterjr-10047085.1971                           272 2.33000E+00 1.47630E+01
n-Pt000-MT001-Fosterjr-10047085A001.1971                       272 2.33000E+00 1.47630E+01
n-Pt000-MT001-Havensjr-12184003.1947                            49 2.98300E-06 9.80914E-01
n-Pt000-MT001-Junghans-237550072.2020                         3877 1.00040E-01 1.19835E+01
n-Pt000-MT001-Peterson-11108036.1960                             4 1.73000E+01 2.89000E+01
n-Pt000-MT001-Peterson-11108036A001.1960                         4 1.73000E+01 2.89000E+01
n-Pt000-MT001-Poenitz-12853050.1983                             67 1.82000E+00 1.96800E+01
n-Pt000-MT001-Seth-11781018.1965                                95 5.00000E-03 6.40000E-01
n-Pt000-MT001-Seth-11879002.1958                               378 8.26000E-06 1.65000E-04
n-Pt000-MT001-Walt-11746007.1953                                18 1.10000E-01 2.99000E+00
n-Pt000-MT001-Whalen-11540012.1966                             265 1.00000E-01 6.48900E-01
