#              Filename                                         N    min         max     
d-H002-rp001003-Krauss-A0409002.1987                            14 5.96000E-03 9.93400E-02
d-H002-rp001003-Krauss-A0409004.1987                            21 2.96000E-02 3.25000E-01
d-H002-rp001003-Krauss-A0409009.1987                             1 9.93400E-02 9.93400E-02
d-H002-rp001003-Sanders-A1028002.1950                            6 1.45000E-02 3.88000E-02
d-H002-rp001003-Ying-A10760062.1973                              9 2.98000E-01 7.03000E-01
d-H002-rp001003-Preston-A1142003.1954                            5 1.56000E-01 4.66000E-01
d-H002-rp001003-Bretscher-A1143002.1948                          9 1.68500E-02 1.00200E-01
d-H002-rp001003-Gruebler-A1151003.1981                           5 8.36300E-01 3.03700E+00
d-H002-rp001003-Davenport-A1152002.1953                         14 1.45000E-02 4.29000E-01
d-H002-rp001003-Wenzel-A1155002.1952                            13 3.50000E-02 5.50000E-01
d-H002-rp001003-Vonengel-A1157002.1961                           5 4.00000E-03 1.20000E-02
d-H002-rp001003-Volkov-A1170003.1957                            14 1.92600E-01 1.76000E+00
d-H002-rp001003-Ganeev-A1171003.1957                            18 7.90000E-02 1.08400E+00
d-H002-rp001003-Cook-A1175002.1953                              14 4.88000E-02 1.02000E-01
d-H002-rp001003-Gruebler-A1178003.1972                           9 3.10300E+00 1.15100E+01
d-H002-rp001003-Arnold-C0018005.1954                            19 1.30000E-02 1.13000E-01
d-H002-rp001003-Mcneill-C00240032.1951                           5 1.20000E-01 3.00000E-01
d-H002-rp001003-Moffatt-C0025002.1952                            7 1.45000E-02 3.86000E-02
d-H002-rp001003-Booth-C0033005.1956                              2 5.22000E-02 8.69000E-02
d-H002-rp001003-Brolleyjr-C0046005.1957                          4 6.10000E+00 1.38000E+01
d-H002-rp001003-Brown-C01090041.1990                            11 1.99400E-02 1.16900E-01
d-H002-rp001003-Brown-C01090042.1990                            11 1.99400E-02 1.16900E-01
d-H002-rp001003-Leonard-C1499002.2006                            8 1.12200E-01 6.46100E-01
d-H002-rp001003-WangTieShannn-E2095002.2007                     10 1.09910E-02 2.00090E-02
d-H002-rp001003-WangTieShannn-E2095003.2007                     10 1.10000E-02 2.00060E-02
d-H002-rp001003-Raiola-O1073002.2002                            74 4.20000E-03 9.50000E-02
d-H002-rp001003-Greife-O11710021.1995                            9 2.97000E-02 2.56000E-01
d-H002-rp001003-Greife-O1171007.1995                            27 3.24000E-03 2.99000E-02
d-H002-rp001003-Raiola-O1220002.2004                            24 8.27000E-03 2.95000E-02
d-H002-rp001003-Raiola-O1220003.2004                            24 8.32400E-03 2.95400E-02
d-H002-rp001003-Raiola-O1220004.2004                            24 8.33600E-03 2.96000E-02
d-H002-rp001003-Raiola-O1220005.2004                            24 8.33000E-03 2.96400E-02
d-H002-rp001003-Raiola-O1381002.2002                            21 3.18000E-03 1.47900E-02
d-H002-rp001003-Raiola-O1381003.2002                            28 2.38700E-03 1.46700E-02
d-H002-rp001003-Raiola-O1381004.2002                            30 2.66800E-03 1.49700E-02
d-H002-rp001003-Raiola-O1381005.2002                            24 3.28000E-03 1.45500E-02
d-H002-rp001003-Lyons-O1937003.1963                              1 3.50000E+01 3.50000E+01
d-H002-rp001003-TheFirstResearchGroupppp-S0025003.1985          55 1.53000E-02 1.50000E-01
