#              Filename                                         N    min         max
n-B010-MT151-Bichsel-112270021.1957                              4 5.30000E-01 4.10000E+00
n-B010-MT151-Bichsel-112270021A001.1957                          4 5.30000E-01 4.10000E+00
n-B010-MT151-Bichsel-112270022.1957                              4 5.30000E-01 4.10000E+00
n-B010-MT151-Bichsel-112270022A001.1957                          4 5.30000E-01 4.10000E+00
n-B010-MT151-Cox-103180041.1973                                  1 2.75000E+00 2.75000E+00
n-B010-MT151-Cox-103180041A001.1973                              1 2.75000E+00 2.75000E+00
n-B010-MT151-Cox-103180042.1973                                  1 2.75000E+00 2.75000E+00
n-B010-MT151-Cox-103180042A001.1973                              1 2.75000E+00 2.75000E+00
n-B010-MT151-Davis-111950061.1961                                5 5.30000E-01 4.10000E+00
n-B010-MT151-Davis-111950061A001.1961                            5 5.30000E-01 4.10000E+00
n-B010-MT151-Davis-111950062.1961                                4 5.30000E-01 4.10000E+00
n-B010-MT151-Davis-111950062A001.1961                            4 5.30000E-01 4.10000E+00
n-B010-MT151-Day-112330021.1960                                  5 1.93000E+00 4.73000E+00
n-B010-MT151-Day-112330021A001.1960                              5 1.93000E+00 4.73000E+00
n-B010-MT151-Fossan-11256006.1961                                2 5.80000E+00 6.20000E+00
n-B010-MT151-Hausladen-103800031.1973                            4 1.83000E+00 4.20000E+00
n-B010-MT151-Hausladen-103800031A001.1973                        4 1.83000E+00 4.20000E+00
n-B010-MT151-Hausladen-103800032.1973                            4 1.83000E+00 4.20000E+00
n-B010-MT151-Hausladen-103800032A001.1973                        4 1.83000E+00 4.20000E+00
n-B010-MT151-Olson-129130021.1984                                2 2.41000E-01 4.93000E-01
n-B010-MT151-Olson-129130022.1984                                2 2.41000E-01 4.93000E-01
n-B010-MT151-Petree-112090031.1951                               1 1.90000E+00 1.90000E+00
n-B010-MT151-Petree-112090031A001.1951                           1 1.90000E+00 1.90000E+00
n-B010-MT151-Schrack-108110041.1978                              1 4.95000E-01 4.95000E-01
n-B010-MT151-Schrack-108110041A001.1978                          1 4.95000E-01 4.95000E-01
n-B010-MT151-Schrack-108110042.1978                              1 4.95000E-01 4.95000E-01
n-B010-MT151-Schrack-108110042A001.1978                          1 4.95000E-01 4.95000E-01
