#              Filename                                         N    min         max
p-S032-MT601-Abbondanno-O2264004-ang-E0004.030.1973            109 1.23000E+02 1.23000E+02
p-S032-MT601-Abbondanno-O2264009-ang-E0005.005.1973            167 1.23000E+02 1.23000E+02
p-S032-MT601-Abbondanno-O2264016-ang-E0004.651.1973             86 1.23000E+02 1.23000E+02
p-S032-MT601-Alkhazov-O1255006-ang-E1000.000.1975               76 5.19999E+00 1.76000E+01
p-S032-MT601-Alkhazov-O1255007-ang-E1000.000.1975               76 5.19999E+00 1.76000E+01
p-S032-MT601-Crawley-C0618011-ang-E0017.500.1967                48 1.50000E+01 1.30300E+02
p-S032-MT601-Crawley-C0828021-ang-E0017.500.1968                48 1.50000E+01 1.30300E+02
p-S032-MT601-Hulubei-D0922002-ang-E0005.700.1962                26 2.57000E+01 1.61600E+02
p-S032-MT601-Hulubei-D0922002-ang-E0005.850.1962                25 2.59000E+01 1.61900E+02
p-S032-MT601-Hulubei-D0922002-ang-E0006.020.1962                26 2.59000E+01 1.61500E+02
p-S032-MT601-Hulubei-D0922002-ang-E0006.200.1962                28 2.66000E+01 1.61500E+02
p-S032-MT601-Hulubei-D0922002-ang-E0006.340.1962                24 3.02000E+01 1.61300E+02
p-S032-MT601-Kato-E0926060-ang-E0065.000.1985                   19 1.46000E+01 8.00000E+01
p-S032-MT601-Kelly-C0145003-ang-E0317.700.1991                 126 5.09997E+00 3.94000E+01
p-S032-MT601-Oda-E2211019-ang-E0005.050.1959                    10 3.03000E+01 1.65800E+02
p-S032-MT601-Oda-E2211020-ang-E0005.150.1959                    14 2.07000E+01 1.65400E+02
p-S032-MT601-Oda-E2211021-ang-E0005.250.1959                    16 2.10000E+01 1.65800E+02
p-S032-MT601-Oda-E2211022-ang-E0005.350.1959                    16 2.05000E+01 1.65400E+02
p-S032-MT601-Oda-E2211023-ang-E0005.450.1959                    15 2.06000E+01 1.60400E+02
p-S032-MT601-Oda-E2218011-ang-E0008.000.1960                    19 3.52000E+01 1.65200E+02
p-S032-MT601-Oda-E2218011-ang-E0011.000.1960                    20 2.49000E+01 1.65200E+02
p-S032-MT601-Oda-E2218011-ang-E0014.000.1960                    20 2.49000E+01 1.64000E+02
