#              Filename                                         N    min         max     
p-Cu000-rp030065-Kopecky-A0333004.1985                          39 4.42000E+00 3.24000E+01
p-Cu000-rp030065-Mills-A05070023.1992                           54 1.07000E+01 1.96600E+02
p-Cu000-rp030065-Fox-C2702045.2021                              26 3.67000E+01 1.92540E+02
p-Cu000-rp030065-Alsaleh-D0422004.2006                          44 2.60000E+00 2.74000E+01
p-Cu000-rp030065-Gruetter-D0505003.1982                         36 1.61000E+01 6.98000E+01
p-Cu000-rp030065-Siiskonen-D0549004.2009                         8 7.00000E+00 1.64500E+01
p-Cu000-rp030065-Cervenak-D0985011.2020                         20 7.32000E+00 3.59000E+01
p-Cu000-rp030065-Anwer-D1033003.2022                             2 4.86000E+00 5.63000E+00
p-Cu000-rp030065-Jung-D4058046.1991                              3 7.50000E+00 2.38000E+01
p-Cu000-rp030065-Szelecsenyi-D40830033.2001                     14 5.70000E+00 1.77000E+01
p-Cu000-rp030065-Takacs-D4106006.2002                           31 6.20000E+00 3.17800E+01
p-Cu000-rp030065-Shahid-D7015003.2015                           18 7.90000E+00 4.30000E+01
p-Cu000-rp030065-Uddin-E1894004.2004                             8 2.69840E+01 6.87880E+01
p-Cu000-rp030065-Michel-O0276140.1997                          260 4.03000E+00 1.58000E+02
p-Cu000-rp030065-Michel-O0277202.1995                            2 8.00000E+02 1.60000E+03
p-Cu000-rp030065-Schiekel-O0284122.1996                          4 2.26000E+02 3.75000E+02
p-Cu000-rp030065-Heydegger-O0416002.1972                         5 8.20000E+01 4.16000E+02
p-Cu000-rp030065-Cumming-O0542053.1974                           1 3.90000E+03 3.90000E+03
p-Cu000-rp030065-Kuhnhenn-O0920002.2001                         57 3.90000E+00 7.40000E+01
p-Cu000-rp030065-Buthelezi-O1424004.2006                        11 5.79200E+00 3.78800E+01
p-Cu000-rp030065-Garrido-O2315019.2016                          19 9.64000E+00 7.00800E+01
p-Cu000-rp030065-Liu-S0270007.2021                               7 9.15000E+00 1.83800E+01
