#              Filename                                         N    min         max
n-Sb123-MT151-Adamchuk-40164003.1971                            65 2.14000E-05 1.38700E-03
n-Sb123-MT151-Adamchuk-40164005.1971                             3 7.04200E-04 7.04200E-04
n-Sb123-MT151-Bhat-10065003.1970                                 4 2.14000E-05 1.05000E-04
n-Sb123-MT151-Bhat-10065003A001.1970                             4 2.14000E-05 1.05000E-04
n-Sb123-MT151-Bolotin-119220071.1963                             1 2.16000E-05 2.16000E-05
n-Sb123-MT151-Bolotin-119220073.1963                             1 2.16000E-05 2.16000E-05
n-Sb123-MT151-Cauvin-20126003.1971                               7 2.14000E-05 2.99000E-04
n-Sb123-MT151-Jackson-11992003.1961                              6 2.16000E-05 1.93000E-04
n-Sb123-MT151-Matsuda-141790031.2001                             5 1.76400E-04 2.25200E-04
n-Sb123-MT151-Matsuda-141790032.2001                             5 1.76400E-04 2.25200E-04
n-Sb123-MT151-Muradyan-40208005.1969                           109 2.14000E-05 4.16600E-03
n-Sb123-MT151-Muradyan-40208007.1969                             2 5.60500E-04 5.60500E-04
n-Sb123-MT151-Ohkubo-208190151.1993                            202 2.13700E-05 5.34700E-03
n-Sb123-MT151-Ohkubo-208190152.1993                            202 2.13700E-05 5.34700E-03
n-Sb123-MT151-Ohkubo-20819016.1993                               1 5.30000E-03 5.30000E-03
n-Sb123-MT151-Ohkubo-234900031.1972                             17 2.14700E-05 3.93700E-04
n-Sb123-MT151-Ohkubo-234900033.1972                             13 2.14700E-05 3.51300E-04
n-Sb123-MT151-Ohkubo-234900035.1972                              4 5.06000E-05 1.91900E-04
n-Sb123-MT151-Ohkubo-23490010.1972                               1 3.50000E-04 3.50000E-04
n-Sb123-MT151-Palmer-118040161.1956                              4 2.16000E-05 1.05000E-04
n-Sb123-MT151-Palmer-118040163.1956                              4 2.16000E-05 1.05000E-04
n-Sb123-MT151-Palmer-118040164.1956                              4 2.16000E-05 1.05000E-04
n-Sb123-MT151-Palmer-118040165.1956                              4 2.16000E-05 1.05000E-04
n-Sb123-MT151-Palmer-118040171.1956                              4 2.16000E-05 1.05000E-04
n-Sb123-MT151-Palmer-118040173.1956                              4 2.16000E-05 1.05000E-04
n-Sb123-MT151-Palmer-118040174.1956                              4 2.16000E-05 1.05000E-04
n-Sb123-MT151-Palmer-118040175.1956                              4 2.16000E-05 1.05000E-04
n-Sb123-MT151-Stolovy-118660061.1957                             1 2.16000E-05 2.16000E-05
n-Sb123-MT151-Stolovy-118660062.1957                             1 2.16000E-05 2.16000E-05
n-Sb123-MT151-Stolovy-118660063.1957                             1 2.16000E-05 2.16000E-05
n-Sb123-MT151-Stolovy-118660064.1957                             1 2.16000E-05 2.16000E-05
