#              Filename                                         N    min         max
n-Sb000-MT002-Becker-11511026-ang-E0003.200.1966                13 2.01988E+01 1.40300E+02
n-Sb000-MT002-Buccino-11877005-ang-E0005.000.1966               13 1.99988E+01 1.39996E+02
n-Sb000-MT002-Cox-10332020-ang-E0000.870.1972                    8 2.10000E+01 1.57000E+02
n-Sb000-MT002-Cox-10332020-ang-E0000.870A001.1972                8 2.10000E+01 1.57000E+02
n-Sb000-MT002-Darden-11638007-ang-E0000.500.1955                 1 7.99998E+00 3.00000E+01
n-Sb000-MT002-Darden-11638007-ang-E0001.000.1955                 5 7.99998E+00 3.00000E+01
n-Sb000-MT002-Darden-11638007-ang-E0001.550.1955                 2 1.40000E+01 3.00000E+01
n-Sb000-MT002-Etemad-20346012-ang-E0007.000.1973                20 2.00000E+01 1.60100E+02
n-Sb000-MT002-Holmqvist-20162018-ang-E0008.050.1971             19 2.00000E+01 1.60100E+02
n-Sb000-MT002-Kazakova-40706042-ang-E0002.000.1965               8 2.00000E+01 1.60000E+02
n-Sb000-MT002-Korzh-40765007-ang-E0000.300.1964                 24 3.00029E+01 1.39996E+02
n-Sb000-MT002-Nauta-20199004-ang-E0014.100.1956                 13 1.50000E+01 9.00000E+01
n-Sb000-MT002-Pasechnik-40336095-ang-E0002.800.1958              7 2.40000E+01 1.39000E+02
n-Sb000-MT002-Rayburn-11806004-ang-E0014.000.1959               28 1.02631E+01 1.65016E+02
n-Sb000-MT002-Smith-13802002-ang-E0004.500.2001                 40 1.72700E+01 1.57300E+02
n-Sb000-MT002-Smith-13802002-ang-E0005.000.2001                 40 1.76600E+01 1.56000E+02
n-Sb000-MT002-Stelson-11527022-ang-E0014.000.1965                9 2.43000E+01 1.18300E+02
n-Sb000-MT002-Takahashi-22186066-ang-E0014.100.1992             16 1.50000E+01 1.60000E+02
n-Sb000-MT002-Thomson-11495034-ang-E0004.000.1963                2 9.00000E+01 9.00000E+01
n-Sb000-MT002-Tostkii-32246007-ang-E0002.800.1957                8 2.31031E+01 1.38799E+02
n-Sb000-MT002-Vincent-11621017-ang-E0004.100.1960               15 2.00000E+01 1.35100E+02
n-Sb000-MT002-Walt-11637049-ang-E0001.000.1954                   9 3.06834E+01 1.49317E+02
