#              Filename                                         N    min         max
d-H001-MT002--O1664005-ang-E0130.000.2008                        4 1.82000E+01 2.42000E+01
d-H001-MT002-Amirahmadi-D0480002-ang-E0180.000.2007              9 1.01000E+01 3.00000E+01
d-H001-MT002-Barit-A1182002-ang-E0000.799.1978                  60 2.80000E+01 2.80000E+01
d-H001-MT002-Brown-C0860002-ang-E0000.960.1952                  51 2.66000E+01 3.00000E+01
d-H001-MT002-Brown-C0860003-ang-E0000.960.1952                   9 2.68000E+01 2.68000E+01
d-H001-MT002-Chiladze-D0606002-ang-E1170.000.2009                8 5.75003E+00 9.24998E+00
d-H001-MT002-Gonchar-D8014002-ang-E0019.000.1969                 4 2.59000E+01 2.92000E+01
d-H001-MT002-Gurchin-A0952002-ang-E0500.000.2013                10 1.91000E+01 3.00000E+01
d-H001-MT002-Hatanaka-E0839002-ang-E0056.000.1984               38 1.01000E+01 3.00000E+01
d-H001-MT002-Hinterberger-D02250021-ang-E0052.000.1968          29 1.00000E+01 3.00000E+01
d-H001-MT002-Kawai-E1632002-ang-E0910.170.1988                  24 2.27000E+01 3.00000E+01
d-H001-MT002-Rodgers-C1539002-ang-E0009.940.1950                12 1.62000E+01 3.00000E+01
d-H001-MT002-Sakai-E1723002-ang-E0270.000.2000                  46 2.90009E+00 3.00000E+01
d-H001-MT002-Sakamoto-E1627008-ang-E0270.000.1996               10 1.83000E+01 3.00000E+01
d-H001-MT002-Sekiguchi-E1772002-ang-E0140.000.2002              51 9.99951E-01 3.00000E+01
d-H001-MT002-Sekiguchi-E1772003-ang-E0270.000.2002              10 1.83000E+01 3.00000E+01
d-H001-MT002-Sekiguchi-E1772004-ang-E0270.000.2002              48 5.00068E-01 3.00000E+01
d-H001-MT002-Sekiguchi-E1958003-ang-E0270.000.2005              40 9.99951E-01 3.00000E+01
d-H001-MT002-Sowinski-C1285006-ang-E0010.000.1987               27 5.50000E+00 3.00000E+01
d-H001-MT002-Tameshige-E2159002-ang-E0196.000.2007              33 5.09997E+00 3.00000E+01
d-H001-MT002-Terekhin-F1347002-ang-E1300.000.2017                9 2.22000E+01 2.92000E+01
d-H001-MT002-Terekhin-F1347002-ang-E1400.000.2017               19 2.22000E+01 3.00000E+01
d-H001-MT002-Terekhin-F1428002-ang-E1000.000.2019                6 2.34000E+01 3.00000E+01
d-H001-MT002-Terekhin-F1428002-ang-E1500.000.2019                5 2.34000E+01 2.82000E+01
d-H001-MT002-Terekhin-F1428002-ang-E1800.000.2019                6 2.34000E+01 2.97000E+01
d-H001-MT002-Wood-C1236007-ang-E0001.000.2001                   39 6.90001E+00 3.00000E+01
