#              Filename                                         N    min         max
n-Te125-MT151-Bolotin-119880051.1960                             5 2.63000E-05 2.90000E-04
n-Te125-MT151-Bolotin-119880053.1960                             5 2.63000E-05 2.90000E-04
n-Te125-MT151-Cauvin-20126005.1971                              38 1.35000E-04 3.39300E-03
n-Te125-MT151-Cote-120020051.1964                               10 2.59000E-05 4.25000E-04
n-Te125-MT151-Cote-120020052.1964                                5 2.59000E-05 2.90000E-04
n-Te125-MT151-Danelyan-41270008.1963                             1 3.96950E-04 3.96950E-04
n-Te125-MT151-Danelyan-412700101.1963                           17 2.59000E-05 7.68000E-04
n-Te125-MT151-Danelyan-412700104.1963                            8 2.59000E-05 2.89000E-04
n-Te125-MT151-Danelyan-412700105.1963                            8 2.59000E-05 2.89000E-04
n-Te125-MT151-Danelyan-412700106.1963                            8 2.59000E-05 2.89000E-04
n-Te125-MT151-Danelyan-412700107.1963                            6 1.33500E-04 2.89000E-04
n-Te125-MT151-Danelyan-412700108.1963                            2 2.59000E-05 2.59000E-05
n-Te125-MT151-Danelyan-41270012.1963                             1 2.25450E-04 2.25450E-04
n-Te125-MT151-Macklin-131670101.1989                           237 2.65900E-03 7.77400E-03
n-Te125-MT151-Macklin-131670102.1989                           237 2.65900E-03 7.77400E-03
n-Te125-MT151-Macklin-13167015.1989                              2 2.74000E-03 2.84600E-03
n-Te125-MT151-Macklin-13167020.1989                              1 3.80000E-03 3.80000E-03
n-Te125-MT151-Mughabghab-12637003.1968                           3 2.63000E-05 2.62000E-04
n-Te125-MT151-Tellier-20120029.1970                             36 1.34800E-04 3.81900E-03
n-Te125-MT151-Tellier-20120031.1970                            114 9.02000E-05 7.74800E-03
n-Te125-MT151-Tellier-20120032.1970                             76 1.06000E-04 4.08300E-03
n-Te125-MT151-Tellier-20120033.1970                              1 3.90000E-03 3.90000E-03
n-Te125-MT151-Tellier-20120034.1970                              2 3.90000E-03 3.90000E-03
n-Te125-MT151-Tellier-20120035.1970                              1 3.90000E-03 3.90000E-03
