#              Filename                                         N    min         max
p-Ni060-MT601-Ahmed-O0460008-ang-E0010.000.1970                 29 2.50000E+01 1.67000E+02
p-Ni060-MT601-Antropov-F1027012-ang-E0006.050.1968              15 4.59000E+01 1.52800E+02
p-Ni060-MT601-Antropov-F1134010-ang-E0006.060.1969              15 4.80000E+01 1.56400E+02
p-Ni060-MT601-Djalali-O0805004-ang-E0200.000.1982                5 3.00003E+00 6.90001E+00
p-Ni060-MT601-Gubin-F1407008-ang-E0005.756.1974                159 1.00000E+02 1.00000E+02
p-Ni060-MT601-Ingemarsson-D0189008-ang-E0178.000.1981          133 8.09999E+00 6.02000E+01
p-Ni060-MT601-Kobayashi-O0446005-ang-E0008.200.1960             14 2.45000E+01 1.63900E+02
p-Ni060-MT601-Kobayashi-O0446005-ang-E0010.200.1960             15 2.45000E+01 1.65700E+02
p-Ni060-MT601-Kobayashi-O0446005-ang-E0014.400.1960             13 3.04000E+01 1.55900E+02
p-Ni060-MT601-Kobayashi-O0446005-ang-E0015.400.1960             12 3.04000E+01 1.64700E+02
p-Ni060-MT601-Kobayashi-O0446008-ang-E0007.144.1960              1 6.00000E+01 9.00000E+01
p-Ni060-MT601-Kobayashi-O0446008-ang-E0007.148.1960              1 6.00000E+01 1.65000E+02
p-Ni060-MT601-Kobayashi-O0446008-ang-E0007.152.1960              1 1.25000E+02 1.65000E+02
p-Ni060-MT601-Kobayashi-O0446008-ang-E0007.165.1960              1 1.25000E+02 1.65000E+02
p-Ni060-MT601-Kobayashi-O0446008-ang-E0007.215.1960              1 1.25000E+02 1.65000E+02
p-Ni060-MT601-Kobayashi-O0446008-ang-E0007.222.1960              1 9.00000E+01 1.25000E+02
p-Ni060-MT601-Kobayashi-O0446008-ang-E0007.233.1960              1 9.00000E+01 1.65000E+02
p-Ni060-MT601-Kobayashi-O0446008-ang-E0007.235.1960              1 6.00000E+01 1.65000E+02
p-Ni060-MT601-Kobayashi-O0446008-ang-E0007.241.1960              1 6.00000E+01 6.00000E+01
p-Ni060-MT601-Koike-E1948003-ang-E0055.000.1966                 22 5.50000E+00 1.08000E+02
p-Ni060-MT601-Lingappa-O0442003-ang-E0040.000.1970             113 1.00000E+01 9.00000E+01
p-Ni060-MT601-Lombard-O0126007-ang-E1047.000.1981              238 3.50001E+00 1.75000E+01
p-Ni060-MT601-Perey-C2165079-ang-E0011.000.1968                 29 2.01000E+01 1.60100E+02
p-Ni060-MT601-Roberson-C1318003-ang-E0017.500.1964              41 3.00000E+01 9.51000E+01
p-Ni060-MT601-Stovall-O0166019-ang-E0039.700.1964               19 1.09000E+01 9.58000E+01
p-Ni060-MT601-Taketani-F0976005-ang-E0004.769.1962              14 3.79000E+01 1.67800E+02
p-Ni060-MT601-Taketani-F0976005-ang-E0005.725.1962              15 3.79000E+01 1.67100E+02
p-Ni060-MT601-Taketani-F0976005-ang-E0006.762.1962              13 2.85000E+01 1.57400E+02
p-Ni060-MT601-Taketani-F0976005-ang-E0006.914.1962               5 2.85000E+01 7.28000E+01
p-Ni060-MT601-Vanhall-O0091050-ang-E0020.400.1977               30 2.00000E+01 1.64100E+02
p-Ni060-MT601-Vanhall-O0091050-ang-E0024.600.1977               57 1.96000E+01 1.65900E+02
p-Ni060-MT601-Vanhall-O0170002-ang-E0020.400.1989               31 2.44000E+01 1.66400E+02
