#              Filename                                         N    min         max     
n-U235-MT460-Mueller-21834002-E0000.500.1981                    90 5.00000E-01 5.00000E-01
n-U235-MT460-Mueller-21834003-E0005.550.1981                    90 5.55000E+00 5.55000E+00
n-U235-MT460-Aladili-23164005-E2.53E-08.2016                    95 2.53000E-08 2.53000E-08
n-U235-MT460-Straede-23591003-E0000.500.1987                    82 5.00000E-01 5.00000E-01
n-U235-MT460-Straede-23591003-E0001.000.1987                    85 1.00000E+00 1.00000E+00
n-U235-MT460-Straede-23591003-E0001.500.1987                    79 1.50000E+00 1.50000E+00
n-U235-MT460-Straede-23591003-E0002.000.1987                    81 2.00000E+00 2.00000E+00
n-U235-MT460-Straede-23591003-E0002.500.1987                    83 2.50000E+00 2.50000E+00
n-U235-MT460-Straede-23591003-E0003.000.1987                    81 3.00000E+00 3.00000E+00
n-U235-MT460-Straede-23591004-E0003.500.1987                    83 3.50000E+00 3.50000E+00
n-U235-MT460-Straede-23591004-E0004.000.1987                    89 4.00000E+00 4.00000E+00
n-U235-MT460-Straede-23591004-E0004.500.1987                    85 4.50000E+00 4.50000E+00
n-U235-MT460-Straede-23591004-E0005.000.1987                    86 5.00000E+00 5.00000E+00
n-U235-MT460-Straede-23591004-E0005.500.1987                    85 5.50000E+00 5.50000E+00
n-U235-MT460-Straede-23591004-E0006.000.1987                    85 6.00000E+00 6.00000E+00
n-U235-MT460-Aladili-23764002-E2.53E-08.2020                   105 2.53000E-08 2.53000E-08
n-U235-MT460-Dyachenko-400170021-E2.53E-08.1969                 40 2.53000E-08 2.53000E-08
n-U235-MT460-Dyachenko-400170022-E2.53E-08.1969                 40 2.53000E-08 2.53000E-08
n-U235-MT460-Dyachenko-400170023-E2.53E-08.1969                 40 2.53000E-08 2.53000E-08
n-U235-MT460-Dyachenko-400170024-E2.53E-08.1969                 40 2.53000E-08 2.53000E-08
n-U235-MT460-Dyachenko-400170025-E2.53E-08.1969                 40 2.53000E-08 2.53000E-08
n-U235-MT460-Dyachenko-400170026-E2.53E-08.1969                 40 2.53000E-08 2.53000E-08
n-U235-MT460-Dyachenko-40017003-E0000.120.1969                  40 1.20000E-01 1.20000E-01
n-U235-MT460-Dyachenko-40017003-E0000.200.1969                  40 2.00000E-01 2.00000E-01
n-U235-MT460-Dyachenko-40017003-E0000.300.1969                  40 3.00000E-01 3.00000E-01
n-U235-MT460-Dyachenko-40017003-E0000.400.1969                  40 4.00000E-01 4.00000E-01
n-U235-MT460-Dyachenko-40017003-E0000.500.1969                  40 5.00000E-01 5.00000E-01
n-U235-MT460-Dyachenko-40017003-E0000.600.1969                  40 6.00000E-01 6.00000E-01
n-U235-MT460-Dyachenko-40234002-E0015.500.1968                  39 1.55000E+01 1.55000E+01
n-U235-MT460-Dyachenko-40235003-E2.53E-08.1969                  40 2.53000E-08 2.53000E-08
n-U235-MT460-Dyachenko-40235004-E0000.280.1969                  40 2.80000E-01 2.80000E-01
n-U235-MT460-Dyachenko-40235005-E0000.730.1969                  40 7.30000E-01 7.30000E-01
n-U235-MT460-Dyachenko-40235006-E0001.080.1969                  40 1.08000E+00 1.08000E+00
n-U235-MT460-Dyachenko-40235007-E0001.330.1969                  40 1.33000E+00 1.33000E+00
n-U235-MT460-Dyachenko-40235008-E0001.690.1969                  40 1.69000E+00 1.69000E+00
n-U235-MT460-Dyachenko-40235009-E0002.020.1969                  40 2.02000E+00 2.02000E+00
n-U235-MT460-Dyachenko-40235010-E0002.530.1969                  40 2.53000E+00 2.53000E+00
n-U235-MT460-Dyachenko-40235011-E0003.070.1969                  40 3.07000E+00 3.07000E+00
n-U235-MT460-Dyachenko-40235012-E0003.510.1969                  40 3.51000E+00 3.51000E+00
n-U235-MT460-Dyachenko-40235013-E0005.040.1969                  40 5.04000E+00 5.04000E+00
n-U235-MT460-Dyachenko-40235014-E0006.060.1969                  40 6.06000E+00 6.06000E+00
n-U235-MT460-Dyachenko-40235015-E0007.040.1969                  40 7.04000E+00 7.04000E+00
n-U235-MT460-Dyachenko-40235016-E0015.500.1969                  40 1.55000E+01 1.55000E+01
n-U235-MT460-Zeynalov-41544002-E3.50E-05.2006                   81 3.50000E-05 3.50000E-05
n-U235-MT460-Zeynalov-41544003-E2.53E-08.2006                   43 2.53000E-08 2.53000E-08
n-U235-MT460-Dyachenko-41713004-E2.53E-08.1967                  15 2.53000E-08 2.53000E-08
n-U235-MT460-Dyachenko-41713005-E0000.100.1967                  24 1.00000E-01 1.00000E-01
n-U235-MT460-Dyachenko-41713005-E0000.260.1967                  31 2.60000E-01 2.60000E-01
n-U235-MT460-Dyachenko-41713005-E0000.700.1967                  27 7.00000E-01 7.00000E-01
n-U235-MT460-Dyachenko-41713005-E0001.300.1967                  37 1.30000E+00 1.30000E+00
n-U235-MT460-Zeynalov-417380041-E2.53E-08.2019                  80 2.53000E-08 2.53000E-08
n-U235-MT460-Zeynalov-417380042-E2.53E-08.2019                  80 2.53000E-08 2.53000E-08
