#              Filename                                         N    min         max
n-Cd110-MT151-Asami-21326003.1968                                1 8.95000E-05 8.95000E-05
n-Cd110-MT151-Desjardins-126270041.1959                          1 8.96000E-05 8.96000E-05
n-Cd110-MT151-Desjardins-126270042.1959                          1 8.96000E-05 8.96000E-05
n-Cd110-MT151-Desjardins-126270043.1959                          1 8.96000E-05 8.96000E-05
n-Cd110-MT151-Desjardins-126270044.1959                          1 8.96000E-05 8.96000E-05
n-Cd110-MT151-Desjardins-126270045.1959                          1 8.96000E-05 8.96000E-05
n-Cd110-MT151-Jackson-11992005.1961                              1 8.96000E-05 8.96000E-05
n-Cd110-MT151-Julien-206870201.1969                              1 8.98000E-05 8.98000E-05
n-Cd110-MT151-Julien-206870202.1969                              1 8.98000E-05 8.98000E-05
n-Cd110-MT151-Julien-206870203.1969                              1 8.98000E-05 8.98000E-05
n-Cd110-MT151-Liou-105270021.1974                               79 8.95200E-05 9.86000E-03
n-Cd110-MT151-Liou-105270021A001.1974                           79 8.95200E-05 9.86000E-03
n-Cd110-MT151-Liou-105270022.1974                               79 8.95200E-05 9.86000E-03
n-Cd110-MT151-Liou-105270022A001.1974                           79 8.95200E-05 9.86000E-03
n-Cd110-MT151-Liou-10527010.1974                                 1 4.97476E-03 4.97476E-03
n-Cd110-MT151-Liou-10527010A001.1974                             1 4.97476E-03 4.97476E-03
n-Cd110-MT151-Liou-10527011.1974                                 1 4.97476E-03 4.97476E-03
n-Cd110-MT151-Liou-10527011A001.1974                             1 4.97476E-03 4.97476E-03
n-Cd110-MT151-Liou-10527012.1974                                 2 2.50751E-03 4.97476E-03
n-Cd110-MT151-Liou-10527012A001.1974                             2 2.50751E-03 4.97476E-03
n-Cd110-MT151-Palmer-118040072.1956                              1 8.80000E-05 8.80000E-05
n-Cd110-MT151-Palmer-118040074.1956                              1 8.80000E-05 8.80000E-05
n-Cd110-MT151-Palmer-118040082.1956                              1 8.80000E-05 8.80000E-05
n-Cd110-MT151-Palmer-118040084.1956                              1 8.80000E-05 8.80000E-05
n-Cd110-MT151-Popov-40934028.1985                                1 1.25900E-04 1.25900E-04
n-Cd110-MT151-Popov-40934063.1985                                2 1.27400E-04 1.27400E-04
n-Cd110-MT151-Priestmeyer-226010031.1977                         2 8.91000E-05 3.69200E-04
n-Cd110-MT151-Priestmeyer-226010032.1977                         2 8.91000E-05 3.69200E-04
n-Cd110-MT151-Priestmeyer-226010033.1977                         1 8.91000E-05 8.91000E-05
n-Cd110-MT151-Schwartz-121520071.1956                            1 9.00000E-05 9.00000E-05
n-Cd110-MT151-Schwartz-121520072.1956                            1 9.00000E-05 9.00000E-05
n-Cd110-MT151-Shchepkin-412680021.1966                           2 8.96000E-05 3.72000E-04
n-Cd110-MT151-Shchepkin-412680022.1966                           1 8.96000E-05 8.96000E-05
n-Cd110-MT151-Shchepkin-412680023.1966                           1 8.96000E-05 8.96000E-05
n-Cd110-MT151-Simpson-119680031.1957                             1 9.00000E-05 9.00000E-05
n-Cd110-MT151-Simpson-119680032.1957                             1 9.00000E-05 9.00000E-05
n-Cd110-MT151-Simpson-119680033.1957                             1 9.00000E-05 9.00000E-05
n-Cd110-MT151-Simpson-119680034.1957                             1 9.00000E-05 9.00000E-05
n-Cd110-MT151-Volev-231960281.2013                              15 8.95490E-05 8.83249E-03
n-Cd110-MT151-Volev-231960282.2013                              15 8.95490E-05 8.83249E-03
n-Cd110-MT151-Volev-231960283.2013                               5 8.95490E-05 2.06715E-03
n-Cd110-MT151-Volev-231960284.2013                               7 8.95490E-05 8.83249E-03
n-Cd110-MT151-Wisshak-234870021.2003                            86 3.04300E-03 9.91000E-03
n-Cd110-MT151-ZoInOkkk-413870061.1984                            1 2.00500E-01 2.00500E-01
n-Cd110-MT151-ZoInOkkk-413870062.1984                            1 2.00500E-01 2.00500E-01
n-Cd110-MT151-ZoInOkkk-413870071.1984                            2 2.00500E-01 2.00500E-01
n-Cd110-MT151-ZoInOkkk-413870072.1984                            2 2.00500E-01 2.00500E-01
