#              Filename                                         N    min         max
d-Si030-MT600-Davis-F0547018-E0012.300.1987                     77 2.02400E+01 9.77200E+01
d-Si030-MT600-Elzaiki-F0898002-E0001.502.1966                  137 3.00000E+01 3.00000E+01
d-Si030-MT600-Elzaiki-F0898003-E0001.850.1966                   18 1.43370E+01 1.34170E+02
d-Si030-MT600-Elzaiki-F0898003-E0001.950.1966                   19 1.50500E+01 1.50900E+02
d-Si030-MT600-Elzaiki-F0898003-E0002.050.1966                   19 1.57420E+01 1.50100E+02
d-Si030-MT600-Elzaiki-F0898003-E0002.150.1966                   19 1.31090E+01 1.50050E+02
d-Si030-MT600-Elzaiki-F0898003-E0002.200.1966                   19 1.31090E+01 1.49390E+02
d-Si030-MT600-Elzaiki-F0898003-E0002.300.1966                   19 1.43280E+01 1.49510E+02
d-Si030-MT600-Elzaiki-F0898003-E0002.400.1966                   19 1.49340E+01 1.50110E+02
d-Si030-MT600-Elzaiki-F0898003-E0002.450.1966                   19 1.49340E+01 1.48440E+02
d-Si030-MT600-Elzaiki-F0898003-E0002.500.1966                   18 1.49970E+01 1.35920E+02
d-Si030-MT600-Piskor-D0159002-E0012.300.2000                   287 9.89117E-02 7.98000E+01
d-Si030-MT600-Sukharevskii-F1260010-E0004.300.1959               2 0.00000E+00 3.80000E+01
d-Si030-MT600-Watson-O1752003-E0010.000.1983                    20 7.89998E+00 1.60000E+02
d-Si030-MT600-Watson-O1752003-E0017.000.1983                    21 9.20003E+00 1.77100E+02
d-Si030-MT600-Wildenthal-F0963003-E0002.006.1964                 1 3.00000E+01 1.35000E+02
d-Si030-MT600-Wildenthal-F0963003-E0002.007.1964                 1 3.00000E+01 1.35000E+02
d-Si030-MT600-Wildenthal-F0963003-E0002.022.1964                 1 3.00000E+01 1.35000E+02
d-Si030-MT600-Wildenthal-F0963003-E0002.025.1964                 1 3.00000E+01 1.35000E+02
d-Si030-MT600-Wildenthal-F0963003-E0002.038.1964                 1 3.00000E+01 1.35000E+02
d-Si030-MT600-Wildenthal-F0963003-E0002.041.1964                 1 3.00000E+01 1.35000E+02
d-Si030-MT600-Wildenthal-F0963003-E0002.057.1964                 1 3.00000E+01 1.35000E+02
d-Si030-MT600-Wildenthal-F0963003-E0002.059.1964                 1 3.00000E+01 3.00000E+01
