#              Filename                                         N    min         max
n-Al027-MT004-Armitage-21489004-E0001.120.1965                  64 7.50000E+01 7.50000E+01
n-Al027-MT004-Arya-11521008-E0014.300.1967                       2 9.00000E+01 9.00000E+01
n-Al027-MT004-Bakov-40131003-E0001.000.1970                      6 9.00000E+01 9.00000E+01
n-Al027-MT004-Bertin-21678003-E0005.000.1969                    15 9.00000E+01 9.00000E+01
n-Al027-MT004-Clayeux-21677009-E0014.100.1969                    4 9.00000E+01 9.00000E+01
n-Al027-MT004-Day-11218013-E0002.560.1956                        4 9.50000E+01 9.50000E+01
n-Al027-MT004-Dickens-10201002-E0005.350.1972                  290 5.50000E+01 5.50000E+01
n-Al027-MT004-Engesser-14325005-E0002.800.1965                   1 9.00000E+01 9.00000E+01
n-Al027-MT004-Engesser-14325006-E0002.800.1965                   1 9.00000E+01 9.00000E+01
n-Al027-MT004-Engesser-14325007-E0002.800.1965                   1 9.00000E+01 9.00000E+01
n-Al027-MT004-Habbani-20667003-E0003.290.1976                    3 9.00000E+01 9.00000E+01
n-Al027-MT004-Hasegawa-23341012-E0007.800.1991                  18 9.00000E+01 1.25000E+02
n-Al027-MT004-Hino-20696003-E0005.300.1978                      14 5.50000E+01 5.50000E+01
n-Al027-MT004-Hino-20851002-E0005.800.1977                       7 5.50000E+01 5.50000E+01
n-Al027-MT004-Hino-20851003-E0006.200.1977                      10 5.50000E+01 5.50000E+01
n-Al027-MT004-Hino-20851004-E0006.800.1977                      10 5.50000E+01 5.50000E+01
n-Al027-MT004-Hino-20851005-E0007.200.1977                      11 5.50000E+01 5.50000E+01
n-Al027-MT004-Hino-21681002-E0005.300.1979                      61 1.25000E+02 1.25000E+02
n-Al027-MT004-HongyuZhouu-31528006-E0014.900.1997               21 5.50000E+01 1.40000E+02
n-Al027-MT004-Hosoe-20286006-E0002.950.1959                      3 9.00000E+01 9.00000E+01
n-Al027-MT004-Mathur-11466007-E0003.570.1965                   127 1.99988E+01 1.39996E+02
n-Al027-MT004-Mathur-11466008-E0003.570.1965                    27 1.99988E+01 1.39996E+02
n-Al027-MT004-Mckinney-13034002-E0014.400.1972                   3 9.00000E+01 9.00000E+01
n-Al027-MT004-Morgan-11397003-E0003.500.1956                    23 1.00000E+02 1.00000E+02
n-Al027-MT004-Nellis-13001002-E0014.800.1962                     4 9.00000E+01 9.00000E+01
n-Al027-MT004-Nybergponnert-20245015-E0015.100.1971             15 8.00000E+01 8.00000E+01
n-Al027-MT004-Perkin-20941005-E0003.500.1964                    47 9.00000E+01 9.00000E+01
n-Al027-MT004-Prudhomme-11183006-E0015.000.1960                  8 6.69833E+01 9.00000E+01
n-Al027-MT004-Rothman-11478002-E0003.700.1955                    3 9.00000E+01 9.00000E+01
n-Al027-MT004-Savin-40346002-E0001.440.1976                     28 9.00000E+01 9.00000E+01
n-Al027-MT004-Savin-40346003-E0001.190.1976                     33 9.00000E+01 9.00000E+01
n-Al027-MT004-Savin-40346004-E0002.960.1976                     13 9.00000E+01 9.00000E+01
n-Al027-MT004-Savin-40346005-E0002.380.1976                     17 9.00000E+01 9.00000E+01
n-Al027-MT004-Savin-40346006-E0001.170.1976                     46 9.00000E+01 9.00000E+01
n-Al027-MT004-Savin-40346007-E0001.170.1976                     47 1.25000E+02 1.25000E+02
n-Al027-MT004-Savin-40346008-E0002.850.1976                     22 1.25000E+02 1.25000E+02
n-Al027-MT004-Savin-40346009-E0002.380.1976                     26 1.25000E+02 1.25000E+02
n-Al027-MT004-Scherrer-11500002-E0002.500.1955                   3 9.00000E+01 9.00000E+01
n-Al027-MT004-ShiZongRennn-30594009-E0014.900.1979               4 9.30000E+01 9.30000E+01
n-Al027-MT004-Smith-10777003-E0001.112.1979                    196 3.02000E+01 1.34600E+02
n-Al027-MT004-Sukhanov-40041004-E0014.000.1970                   6 9.00000E+01 9.00000E+01
n-Al027-MT004-Tucker-13009002-E0014.800.1971                    16 5.50000E+01 5.50000E+01
n-Al027-MT004-Voss-20371002-E0000.874.1971                    4717 1.25000E+02 1.25000E+02
n-Al027-MT004-Williams-12690002-E0004.210.1968                  13 5.50000E+01 5.50000E+01
n-Al027-MT004-Yamamoto-21304007-E0014.800.1978                   6 1.25000E+02 1.25000E+02
