#              Filename                                         N    min         max
p-Be009-MT002-Alkhazov-O1257002-ang-E1000.000.1985              24 5.60000E+00 1.76000E+01
p-Be009-MT002-Allab-F0333002-ang-E0002.000.1983                  1 5.99000E+01 1.58300E+02
p-Be009-MT002-Allab-F0333002-ang-E0002.010.1983                  1 5.99000E+01 1.58300E+02
p-Be009-MT002-Allab-F0333002-ang-E0002.020.1983                  1 5.99000E+01 1.45600E+02
p-Be009-MT002-Bingham-F0196002-ang-E0005.000.1964               18 1.63000E+01 1.71600E+02
p-Be009-MT002-Bingham-F0196002-ang-E0006.000.1964               19 1.68000E+01 1.73400E+02
p-Be009-MT002-Bingham-F0196002-ang-E0007.000.1964               16 2.12000E+01 1.72000E+02
p-Be009-MT002-Bingham-F0196002-ang-E0008.000.1964               17 2.05000E+01 1.72200E+02
p-Be009-MT002-Bingham-F0196002-ang-E0009.000.1964               20 1.53000E+01 1.70700E+02
p-Be009-MT002-Bingham-F0196002-ang-E0010.000.1964               24 1.44000E+01 1.70900E+02
p-Be009-MT002-Bingham-F0196002-ang-E0011.000.1964               20 1.44000E+01 1.69800E+02
p-Be009-MT002-Bingham-F0196002-ang-E0011.900.1964               22 1.42000E+01 1.70300E+02
p-Be009-MT002-Bingham-F0196002-ang-E0013.000.1964               21 1.38000E+01 1.71100E+02
p-Be009-MT002-Bingham-F0196002-ang-E0014.000.1964               19 9.49999E+00 1.70100E+02
p-Be009-MT002-Bingham-F0196002-ang-E0015.100.1964               17 9.49999E+00 1.70300E+02
p-Be009-MT002-Blieden-F0167003-ang-E0005.724.1963               21 9.00000E+01 9.00000E+01
p-Be009-MT002-Blieden-F0167008-ang-E0006.000.1963               30 2.03000E+01 1.63600E+02
p-Be009-MT002-Blieden-F0167008-ang-E0008.000.1963               30 2.05000E+01 1.65400E+02
p-Be009-MT002-Catarino-O2302002-ang-E0000.512.2016              50 1.50000E+02 1.50000E+02
p-Be009-MT002-Chamberlain-C1085005-ang-E0316.000.1956            5 8.99997E+00 1.90000E+01
p-Be009-MT002-Dayton-O0262002-ang-E0018.901.1956                33 1.51000E+01 1.73100E+02
p-Be009-MT002-Dixit-C0147002-ang-E0179.900.1991                 23 8.09999E+00 6.69000E+01
p-Be009-MT002-Fabrici-O1198011-ang-E0035.200.1980               30 2.00000E+01 1.70000E+02
p-Be009-MT002-Flanders-C0144010-ang-E0497.500.1991              28 5.80002E+00 3.29000E+01
p-Be009-MT002-Johansson-O0365004-ang-E0181.500.1961              3 7.81999E+00 7.03100E+01
p-Be009-MT002-Johansson-O0365004-ang-E0182.700.1961             17 7.81999E+00 6.03100E+01
p-Be009-MT002-Kelly-C0142006-ang-E0317.400.1991                 48 4.50002E+00 4.83000E+01
p-Be009-MT002-Kiss-F0192003-ang-E0002.310.1977                   1 1.35000E+02 1.45000E+02
p-Be009-MT002-Kiss-F0192003-ang-E0002.311.1977                   1 1.20000E+02 1.35000E+02
p-Be009-MT002-Kiss-F0192003-ang-E0002.313.1977                   1 8.30000E+01 1.20000E+02
p-Be009-MT002-Kiss-F0192003-ang-E0002.315.1977                   1 8.30000E+01 1.45000E+02
p-Be009-MT002-Kiss-F0192003-ang-E0002.322.1977                   1 1.35000E+02 1.45000E+02
p-Be009-MT002-Kiss-F0192003-ang-E0002.323.1977                   1 1.20000E+02 1.35000E+02
p-Be009-MT002-Kiss-F0192003-ang-E0002.325.1977                   1 8.30000E+01 1.20000E+02
p-Be009-MT002-Kiss-F0192003-ang-E0002.327.1977                   1 8.30000E+01 1.45000E+02
p-Be009-MT002-Kiss-F0192003-ang-E0002.331.1977                   1 1.35000E+02 1.45000E+02
p-Be009-MT002-Kiss-F0192003-ang-E0002.333.1977                   1 8.30000E+01 1.35000E+02
p-Be009-MT002-Kiss-F0192003-ang-E0002.336.1977                   1 8.30000E+01 1.45000E+02
p-Be009-MT002-Kiss-F0192003-ang-E0002.338.1977                   1 1.45000E+02 1.45000E+02
p-Be009-MT002-Krat-O2268002-ang-E0000.490.2015                  71 1.65000E+02 1.65000E+02
p-Be009-MT002-Liu-O1112002-ang-E0000.143.1994                  129 1.70000E+02 1.70000E+02
p-Be009-MT002-Montague-C1207002-ang-E0017.000.1973             133 8.99997E+00 1.68700E+02
p-Be009-MT002-Mozer-F0160002-ang-E0000.195.1956                510 8.36000E+01 8.36000E+01
p-Be009-MT002-Read-F0090003-ang-E0003.562.1961                  40 1.20000E+02 1.20000E+02
p-Be009-MT002-Read-F0090006-ang-E0004.850.1961                  17 2.05000E+01 1.60600E+02
p-Be009-MT002-Read-F0090006-ang-E0005.490.1961                  19 2.05000E+01 1.64600E+02
p-Be009-MT002-Roy-T0074002-ang-E0220.000.1985                   27 4.09997E+00 5.97000E+01
p-Be009-MT002-Seifert-C0146002-ang-E0100.600.1990               21 9.90000E+00 7.08000E+01
p-Be009-MT002-Seifert-C0148010-ang-E0201.400.1993               28 6.29999E+00 5.24000E+01
p-Be009-MT002-Siksin-F0140003-ang-E0002.061.1969                71 7.00000E+01 7.00000E+01
p-Be009-MT002-Siksin-F0150002-ang-E0001.988.1968                71 4.50000E+01 4.50000E+01
p-Be009-MT002-Siksin-F0900002-ang-E0002.002.1970                 1 4.50000E+01 8.35000E+01
p-Be009-MT002-Siksin-F0900002-ang-E0002.003.1970                 2 4.50000E+01 1.35000E+02
p-Be009-MT002-Siksin-F0900002-ang-E0002.003A001.1970             1 8.35000E+01 1.35000E+02
p-Be009-MT002-Siksin-F0900002-ang-E0002.003A002.1970             1 8.35000E+01 1.35000E+02
p-Be009-MT002-Siksin-F0900002-ang-E0002.003A003.1970             1 8.35000E+01 1.35000E+02
p-Be009-MT002-Siksin-F0900002-ang-E0002.003A004.1970             1 4.50000E+01 1.35000E+02
p-Be009-MT002-Siksin-F0900002-ang-E0002.004.1970                 1 4.50000E+01 8.35000E+01
p-Be009-MT002-Siksin-F0900002-ang-E0002.004A001.1970             1 8.35000E+01 8.35000E+01
p-Be009-MT002-Summersgill-F0119002-ang-E0012.000.1958           23 7.60001E+00 1.60100E+02
p-Be009-MT002-TsanMoo-F0123002-ang-E0000.801.1969                1 1.19700E+02 1.58700E+02
p-Be009-MT002-TsanMoo-F0123002-ang-E0000.802.1969                1 7.00000E+01 1.58700E+02
p-Be009-MT002-TsanMoo-F0123002-ang-E0000.803.1969                1 7.00000E+01 8.36000E+01
p-Be009-MT002-TsanMoo-F0123002-ang-E0000.804.1969                1 8.36000E+01 1.19700E+02
p-Be009-MT002-TsanMoo-F0123002-ang-E0000.806.1969                1 1.19700E+02 1.58700E+02
p-Be009-MT002-TsanMoo-F0123002-ang-E0000.807.1969                1 8.36000E+01 1.58700E+02
p-Be009-MT002-TsanMoo-F0123002-ang-E0000.809.1969                1 4.98000E+01 8.36000E+01
p-Be009-MT002-TsanMoo-F0123002-ang-E0000.812.1969                1 4.98000E+01 7.00000E+01
p-Be009-MT002-TsanMoo-F0123002-ang-E0000.815.1969                1 7.00000E+01 1.58700E+02
p-Be009-MT002-TsanMoo-F0123002-ang-E0000.817.1969                1 8.36000E+01 1.58700E+02
p-Be009-MT002-TsanMoo-F0123002-ang-E0000.819.1969                1 8.36000E+01 1.19700E+02
p-Be009-MT002-TsanMoo-F0123002-ang-E0000.821.1969                1 4.98000E+01 1.19700E+02
p-Be009-MT002-TsanMoo-F0123002-ang-E0000.825.1969                1 4.98000E+01 7.00000E+01
p-Be009-MT002-TsanMoo-F0123002-ang-E0000.827.1969                2 7.00000E+01 1.58700E+02
p-Be009-MT002-TsanMoo-F0123002-ang-E0000.828.1969                1 4.98000E+01 8.36000E+01
p-Be009-MT002-TsanMoo-F0123002-ang-E0000.830.1969                2 4.98000E+01 1.58700E+02
p-Be009-MT002-TsanMoo-F0123002-ang-E0000.837.1969                1 7.00000E+01 1.58700E+02
p-Be009-MT002-TsanMoo-F0123002-ang-E0000.839.1969                1 7.00000E+01 7.00000E+01
p-Be009-MT002-Votava-F0132002-ang-E0005.993.1973                 1 8.69000E+01 1.19900E+02
p-Be009-MT002-Votava-F0132002-ang-E0006.022.1973                 1 1.19900E+02 1.40000E+02
p-Be009-MT002-Votava-F0132002-ang-E0006.029.1973                 1 8.69000E+01 1.40000E+02
p-Be009-MT002-Votava-F0132002-ang-E0006.095.1973                 1 8.69000E+01 1.19900E+02
p-Be009-MT002-Votava-F0132002-ang-E0006.123.1973                 2 1.19900E+02 1.60000E+02
p-Be009-MT002-Votava-F0132002-ang-E0006.131.1973                 1 8.69000E+01 1.40000E+02
p-Be009-MT002-Votava-F0132002-ang-E0006.196.1973                 1 8.69000E+01 1.19900E+02
p-Be009-MT002-Votava-F0132002-ang-E0006.211.1973                 1 1.19900E+02 1.60000E+02
p-Be009-MT002-Votava-F0132002-ang-E0006.223.1973                 1 1.40000E+02 1.60000E+02
p-Be009-MT002-Votava-F0132002-ang-E0006.232.1973                 1 8.69000E+01 1.40000E+02
p-Be009-MT002-Votava-F0132002-ang-E0006.298.1973                 1 8.69000E+01 1.19900E+02
p-Be009-MT002-Votava-F0132002-ang-E0006.312.1973                 1 1.19900E+02 1.60000E+02
p-Be009-MT002-Votava-F0132002-ang-E0006.324.1973                 1 1.40000E+02 1.60000E+02
p-Be009-MT002-Votava-F0132002-ang-E0006.334.1973                 1 8.69000E+01 1.40000E+02
p-Be009-MT002-Votava-F0132002-ang-E0006.385.1973                 1 8.69000E+01 1.19900E+02
p-Be009-MT002-Votava-F0132002-ang-E0006.414.1973                 1 1.19900E+02 1.60000E+02
p-Be009-MT002-Votava-F0132002-ang-E0006.425.1973                 1 1.40000E+02 1.60000E+02
p-Be009-MT002-Votava-F0132002-ang-E0006.435.1973                 1 8.69000E+01 1.40000E+02
p-Be009-MT002-Votava-F0132002-ang-E0006.501.1973                 1 8.69000E+01 1.60000E+02
p-Be009-MT002-Votava-F0132002-ang-E0006.511.1973                 1 1.19900E+02 1.60000E+02
p-Be009-MT002-Votava-F0132002-ang-E0006.530.1973                 1 1.19900E+02 1.40000E+02
p-Be009-MT002-Votava-F0132002-ang-E0006.551.1973                 1 8.69000E+01 1.40000E+02
p-Be009-MT002-Votava-F0132002-ang-E0006.603.1973                 1 8.69000E+01 1.19900E+02
p-Be009-MT002-Votava-F0132002-ang-E0006.631.1973                 1 1.19900E+02 1.60000E+02
p-Be009-MT002-Votava-F0132002-ang-E0006.642.1973                 1 1.40000E+02 1.60000E+02
p-Be009-MT002-Votava-F0132002-ang-E0006.653.1973                 1 8.69000E+01 1.40000E+02
p-Be009-MT002-Votava-F0132002-ang-E0006.704.1973                 1 8.69000E+01 1.19900E+02
p-Be009-MT002-Votava-F0132002-ang-E0006.719.1973                 1 1.19900E+02 1.60000E+02
p-Be009-MT002-Votava-F0132002-ang-E0006.729.1973                 1 1.40000E+02 1.60000E+02
p-Be009-MT002-Votava-F0132002-ang-E0006.754.1973                 1 8.69000E+01 1.40000E+02
p-Be009-MT002-Votava-F0132002-ang-E0006.806.1973                 1 8.69000E+01 1.19900E+02
p-Be009-MT002-Votava-F0132002-ang-E0006.820.1973                 1 1.19900E+02 1.40000E+02
p-Be009-MT002-Votava-F0132002-ang-E0006.841.1973                 1 1.40000E+02 1.60000E+02
p-Be009-MT002-Votava-F0132002-ang-E0006.843.1973                 1 8.69000E+01 1.60000E+02
p-Be009-MT002-Votava-F0132002-ang-E0006.908.1973                 1 8.69000E+01 1.19900E+02
p-Be009-MT002-Votava-F0132002-ang-E0006.922.1973                 1 1.19900E+02 1.60000E+02
p-Be009-MT002-Votava-F0132002-ang-E0006.927.1973                 1 1.40000E+02 1.60000E+02
p-Be009-MT002-Votava-F0132002-ang-E0006.943.1973                 1 8.69000E+01 1.40000E+02
p-Be009-MT002-Votava-F0132002-ang-E0006.995.1973                 1 8.69000E+01 1.19900E+02
p-Be009-MT002-Votava-F0132002-ang-E0007.023.1973                 1 1.19900E+02 1.60000E+02
p-Be009-MT002-Votava-F0132002-ang-E0007.029.1973                 1 1.40000E+02 1.60000E+02
p-Be009-MT002-Votava-F0132002-ang-E0007.030.1973                 1 8.69000E+01 1.40000E+02
p-Be009-MT002-Votava-F0132002-ang-E0007.096.1973                 1 8.69000E+01 1.19900E+02
p-Be009-MT002-Votava-F0132002-ang-E0007.110.1973                 1 1.19900E+02 1.60000E+02
p-Be009-MT002-Votava-F0132002-ang-E0007.116.1973                 1 1.40000E+02 1.60000E+02
p-Be009-MT002-Votava-F0132002-ang-E0007.146.1973                 1 8.69000E+01 1.40000E+02
p-Be009-MT002-Votava-F0132002-ang-E0007.183.1973                 1 8.69000E+01 1.19900E+02
p-Be009-MT002-Votava-F0132002-ang-E0007.212.1973                 1 1.19900E+02 1.60000E+02
p-Be009-MT002-Votava-F0132002-ang-E0007.218.1973                 1 1.40000E+02 1.60000E+02
p-Be009-MT002-Votava-F0132002-ang-E0007.233.1973                 1 8.69000E+01 1.40000E+02
p-Be009-MT002-Votava-F0132002-ang-E0007.285.1973                 1 8.69000E+01 1.19900E+02
p-Be009-MT002-Votava-F0132002-ang-E0007.314.1973                 1 1.19900E+02 1.60000E+02
p-Be009-MT002-Votava-F0132002-ang-E0007.319.1973                 1 1.40000E+02 1.60000E+02
p-Be009-MT002-Votava-F0132002-ang-E0007.334.1973                 1 8.69000E+01 1.40000E+02
p-Be009-MT002-Votava-F0132002-ang-E0007.387.1973                 1 8.69000E+01 1.60000E+02
p-Be009-MT002-Votava-F0132002-ang-E0007.421.1973                 1 1.19900E+02 1.60000E+02
p-Be009-MT002-Votava-F0132002-ang-E0007.430.1973                 1 1.19900E+02 1.40000E+02
p-Be009-MT002-Votava-F0132002-ang-E0007.450.1973                 1 8.69000E+01 1.40000E+02
p-Be009-MT002-Votava-F0132002-ang-E0007.503.1973                 1 8.69000E+01 1.19900E+02
p-Be009-MT002-Votava-F0132002-ang-E0007.531.1973                 1 1.19900E+02 1.60000E+02
p-Be009-MT002-Votava-F0132002-ang-E0007.537.1973                 1 1.40000E+02 1.60000E+02
p-Be009-MT002-Votava-F0132002-ang-E0007.552.1973                 1 8.69000E+01 1.40000E+02
p-Be009-MT002-Votava-F0132002-ang-E0007.604.1973                 1 8.69000E+01 1.19900E+02
p-Be009-MT002-Votava-F0132002-ang-E0007.618.1973                 1 1.19900E+02 1.60000E+02
p-Be009-MT002-Votava-F0132002-ang-E0007.638.1973                 1 1.40000E+02 1.60000E+02
p-Be009-MT002-Votava-F0132002-ang-E0007.639.1973                 1 8.69000E+01 1.40000E+02
p-Be009-MT002-Votava-F0132002-ang-E0007.706.1973                 1 8.69000E+01 1.19900E+02
p-Be009-MT002-Votava-F0132002-ang-E0007.720.1973                 1 1.19900E+02 1.60000E+02
p-Be009-MT002-Votava-F0132002-ang-E0007.725.1973                 1 1.40000E+02 1.60000E+02
p-Be009-MT002-Votava-F0132002-ang-E0007.740.1973                 1 8.69000E+01 1.40000E+02
p-Be009-MT002-Votava-F0132002-ang-E0007.808.1973                 1 8.69000E+01 1.60000E+02
p-Be009-MT002-Votava-F0132002-ang-E0007.812.1973                 1 1.19900E+02 1.60000E+02
p-Be009-MT002-Votava-F0132002-ang-E0007.822.1973                 1 1.19900E+02 1.40000E+02
p-Be009-MT002-Votava-F0132002-ang-E0007.857.1973                 1 8.69000E+01 1.40000E+02
p-Be009-MT002-Votava-F0132002-ang-E0007.909.1973                 1 8.69000E+01 1.19900E+02
p-Be009-MT002-Votava-F0132002-ang-E0007.923.1973                 1 1.19900E+02 1.60000E+02
p-Be009-MT002-Votava-F0132002-ang-E0007.928.1973                 1 1.40000E+02 1.60000E+02
p-Be009-MT002-Votava-F0132002-ang-E0007.958.1973                 1 8.69000E+01 1.40000E+02
p-Be009-MT002-Votava-F0132002-ang-E0008.011.1973                 1 8.69000E+01 1.19900E+02
p-Be009-MT002-Votava-F0132002-ang-E0008.039.1973                 1 1.19900E+02 1.60000E+02
p-Be009-MT002-Votava-F0132002-ang-E0008.044.1973                 1 1.40000E+02 1.60000E+02
p-Be009-MT002-Votava-F0132002-ang-E0008.059.1973                 1 8.69000E+01 1.40000E+02
p-Be009-MT002-Votava-F0132002-ang-E0008.113.1973                 1 8.69000E+01 1.19900E+02
p-Be009-MT002-Votava-F0132002-ang-E0008.126.1973                 1 1.19900E+02 1.60000E+02
p-Be009-MT002-Votava-F0132002-ang-E0008.131.1973                 1 1.40000E+02 1.60000E+02
p-Be009-MT002-Votava-F0132002-ang-E0008.147.1973                 1 8.69000E+01 1.40000E+02
p-Be009-MT002-Votava-F0132002-ang-E0008.214.1973                 2 8.69000E+01 1.60000E+02
p-Be009-MT002-Votava-F0132002-ang-E0008.232.1973                 1 1.40000E+02 1.60000E+02
p-Be009-MT002-Votava-F0132002-ang-E0008.263.1973                 1 8.69000E+01 1.40000E+02
p-Be009-MT002-Votava-F0132002-ang-E0008.301.1973                 1 8.69000E+01 1.19900E+02
p-Be009-MT002-Votava-F0132002-ang-E0008.315.1973                 1 1.19900E+02 1.60000E+02
p-Be009-MT002-Votava-F0132002-ang-E0008.334.1973                 1 1.40000E+02 1.60000E+02
p-Be009-MT002-Votava-F0132002-ang-E0008.350.1973                 1 8.69000E+01 1.40000E+02
p-Be009-MT002-Votava-F0132002-ang-E0008.403.1973                 1 8.69000E+01 1.19900E+02
p-Be009-MT002-Votava-F0132002-ang-E0008.417.1973                 1 1.19900E+02 1.60000E+02
p-Be009-MT002-Votava-F0132002-ang-E0008.435.1973                 1 1.40000E+02 1.60000E+02
p-Be009-MT002-Votava-F0132002-ang-E0008.437.1973                 1 1.19900E+02 1.40000E+02
p-Be009-MT002-Votava-F0132002-ang-E0008.518.1973                 1 8.69000E+01 1.19900E+02
p-Be009-MT002-Votava-F0132002-ang-E0008.519.1973                 1 8.69000E+01 1.60000E+02
p-Be009-MT002-Votava-F0132002-ang-E0008.522.1973                 1 1.40000E+02 1.60000E+02
p-Be009-MT002-Votava-F0132002-ang-E0008.538.1973                 1 1.19900E+02 1.40000E+02
p-Be009-MT002-Votava-F0132002-ang-E0008.605.1973                 1 8.69000E+01 1.19900E+02
p-Be009-MT002-Votava-F0132002-ang-E0008.606.1973                 1 8.69000E+01 1.60000E+02
p-Be009-MT002-Votava-F0132002-ang-E0008.623.1973                 1 1.40000E+02 1.60000E+02
p-Be009-MT002-Votava-F0132002-ang-E0008.640.1973                 1 8.69000E+01 1.40000E+02
p-Be009-MT002-Votava-F0132002-ang-E0008.708.1973                 1 8.69000E+01 1.19900E+02
p-Be009-MT002-Votava-F0132002-ang-E0008.722.1973                 1 1.19900E+02 1.60000E+02
p-Be009-MT002-Votava-F0132002-ang-E0008.724.1973                 1 8.69000E+01 1.60000E+02
p-Be009-MT002-Votava-F0132002-ang-E0008.809.1973                 1 8.69000E+01 1.60000E+02
p-Be009-MT002-Votava-F0132002-ang-E0008.826.1973                 1 1.19900E+02 1.60000E+02
p-Be009-MT002-Votava-F0132002-ang-E0008.838.1973                 1 1.19900E+02 1.40000E+02
p-Be009-MT002-Votava-F0132002-ang-E0008.843.1973                 1 8.69000E+01 1.40000E+02
p-Be009-MT002-Votava-F0132002-ang-E0008.911.1973                 1 8.69000E+01 1.19900E+02
p-Be009-MT002-Votava-F0132002-ang-E0008.925.1973                 1 1.19900E+02 1.60000E+02
p-Be009-MT002-Votava-F0132002-ang-E0008.927.1973                 1 1.40000E+02 1.60000E+02
p-Be009-MT002-Votava-F0132002-ang-E0008.944.1973                 1 8.69000E+01 1.40000E+02
p-Be009-MT002-Votava-F0132002-ang-E0009.012.1973                 1 8.69000E+01 1.60000E+02
p-Be009-MT002-Votava-F0132002-ang-E0009.014.1973                 1 1.19900E+02 1.60000E+02
p-Be009-MT002-Votava-F0132002-ang-E0009.026.1973                 1 1.19900E+02 1.40000E+02
p-Be009-MT002-Votava-F0132002-ang-E0009.060.1973                 1 8.69000E+01 1.40000E+02
p-Be009-MT002-Votava-F0132002-ang-E0009.100.1973                 1 8.69000E+01 1.19900E+02
p-Be009-MT002-Votava-F0132002-ang-E0009.128.1973                 1 1.19900E+02 1.60000E+02
p-Be009-MT002-Votava-F0132002-ang-E0009.130.1973                 1 1.40000E+02 1.60000E+02
p-Be009-MT002-Votava-F0132002-ang-E0009.147.1973                 1 8.69000E+01 1.40000E+02
p-Be009-MT002-Votava-F0132002-ang-E0009.201.1973                 1 8.69000E+01 1.19900E+02
p-Be009-MT002-Votava-F0132002-ang-E0009.215.1973                 1 1.19900E+02 1.60000E+02
p-Be009-MT002-Votava-F0132002-ang-E0009.231.1973                 1 1.40000E+02 1.60000E+02
p-Be009-MT002-Votava-F0132002-ang-E0009.234.1973                 1 8.69000E+01 1.40000E+02
p-Be009-MT002-Votava-F0132002-ang-E0009.303.1973                 1 8.69000E+01 1.19900E+02
p-Be009-MT002-Votava-F0132002-ang-E0009.316.1973                 1 1.19900E+02 1.60000E+02
p-Be009-MT002-Votava-F0132002-ang-E0009.318.1973                 1 1.40000E+02 1.60000E+02
p-Be009-MT002-Votava-F0132002-ang-E0009.336.1973                 1 8.69000E+01 1.40000E+02
p-Be009-MT002-Votava-F0132002-ang-E0009.390.1973                 1 8.69000E+01 1.19900E+02
p-Be009-MT002-Votava-F0132002-ang-E0009.404.1973                 1 1.19900E+02 1.60000E+02
p-Be009-MT002-Votava-F0132002-ang-E0009.419.1973                 1 1.40000E+02 1.60000E+02
p-Be009-MT002-Votava-F0132002-ang-E0009.437.1973                 1 8.69000E+01 1.40000E+02
p-Be009-MT002-Votava-F0132002-ang-E0009.492.1973                 1 8.69000E+01 1.19900E+02
p-Be009-MT002-Votava-F0132002-ang-E0009.520.1973                 1 1.19900E+02 1.40000E+02
p-Be009-MT002-Votava-F0132002-ang-E0009.539.1973                 1 8.69000E+01 1.40000E+02
p-Be009-MT002-Votava-F0132002-ang-E0009.593.1973                 1 8.69000E+01 1.19900E+02
p-Be009-MT002-Votava-F0132002-ang-E0009.621.1973                 2 1.19900E+02 1.60000E+02
p-Be009-MT002-Votava-F0132002-ang-E0009.640.1973                 1 8.69000E+01 1.40000E+02
p-Be009-MT002-Votava-F0132002-ang-E0009.709.1973                 1 8.69000E+01 1.19900E+02
p-Be009-MT002-Votava-F0132002-ang-E0009.723.1973                 2 1.19900E+02 1.60000E+02
p-Be009-MT002-Votava-F0132002-ang-E0009.742.1973                 1 8.69000E+01 1.40000E+02
p-Be009-MT002-Votava-F0132002-ang-E0009.811.1973                 1 8.69000E+01 1.60000E+02
p-Be009-MT002-Votava-F0132002-ang-E0009.824.1973                 1 1.19900E+02 1.60000E+02
p-Be009-MT002-Votava-F0132002-ang-E0009.825.1973                 1 1.19900E+02 1.40000E+02
p-Be009-MT002-Votava-F0132002-ang-E0009.829.1973                 1 8.69000E+01 1.40000E+02
p-Be009-MT002-Votava-F0132002-ang-E0009.898.1973                 1 8.69000E+01 1.60000E+02
p-Be009-MT002-Votava-F0132002-ang-E0009.911.1973                 1 1.19900E+02 1.60000E+02
p-Be009-MT002-Votava-F0132002-ang-E0009.912.1973                 1 1.19900E+02 1.40000E+02
p-Be009-MT002-Votava-F0132002-ang-E0009.930.1973                 1 8.69000E+01 1.40000E+02
p-Be009-MT002-Votava-F0132002-ang-E0010.000.1973                 1 8.69000E+01 1.19900E+02
p-Be009-MT002-Votava-F0132002-ang-E0010.030.1973                 2 1.19900E+02 1.60000E+02
p-Be009-MT002-Votava-F0132002-ang-E0010.050.1973                 1 8.69000E+01 1.40000E+02
p-Be009-MT002-Votava-F0132002-ang-E0010.120.1973                 1 8.69000E+01 1.19900E+02
p-Be009-MT002-Votava-F0132002-ang-E0010.130.1973                 2 1.19900E+02 1.60000E+02
p-Be009-MT002-Votava-F0132002-ang-E0010.150.1973                 1 8.69000E+01 1.40000E+02
p-Be009-MT002-Votava-F0132002-ang-E0010.220.1973                 1 8.69000E+01 1.19900E+02
p-Be009-MT002-Votava-F0132002-ang-E0010.230.1973                 2 1.19900E+02 1.60000E+02
p-Be009-MT002-Votava-F0132002-ang-E0010.250.1973                 1 8.69000E+01 1.40000E+02
p-Be009-MT002-Votava-F0132002-ang-E0010.300.1973                 1 8.69000E+01 1.19900E+02
p-Be009-MT002-Votava-F0132002-ang-E0010.320.1973                 1 1.19900E+02 1.60000E+02
p-Be009-MT002-Votava-F0132002-ang-E0010.330.1973                 1 1.40000E+02 1.60000E+02
p-Be009-MT002-Votava-F0132002-ang-E0010.350.1973                 1 8.69000E+01 1.40000E+02
p-Be009-MT002-Votava-F0132002-ang-E0010.410.1973                 1 8.69000E+01 1.19900E+02
p-Be009-MT002-Votava-F0132002-ang-E0010.420.1973                 1 1.19900E+02 1.60000E+02
p-Be009-MT002-Votava-F0132002-ang-E0010.430.1973                 1 1.40000E+02 1.60000E+02
p-Be009-MT002-Votava-F0132002-ang-E0010.440.1973                 1 8.69000E+01 1.40000E+02
p-Be009-MT002-Votava-F0132002-ang-E0010.520.1973                 4 8.69000E+01 1.60000E+02
p-Be009-MT002-Votava-F0132002-ang-E0010.540.1973                 1 8.69000E+01 1.40000E+02
p-Be009-MT002-Votava-F0132002-ang-E0010.610.1973                 2 8.69000E+01 1.60000E+02
p-Be009-MT002-Votava-F0132002-ang-E0010.620.1973                 1 1.40000E+02 1.60000E+02
p-Be009-MT002-Votava-F0132002-ang-E0010.630.1973                 1 8.69000E+01 1.40000E+02
p-Be009-MT002-Votava-F0132002-ang-E0010.710.1973                 2 8.69000E+01 1.60000E+02
p-Be009-MT002-Votava-F0132002-ang-E0010.720.1973                 1 1.40000E+02 1.60000E+02
p-Be009-MT002-Votava-F0132002-ang-E0010.730.1973                 1 8.69000E+01 1.40000E+02
p-Be009-MT002-Votava-F0132002-ang-E0010.810.1973                 2 8.69000E+01 1.60000E+02
p-Be009-MT002-Votava-F0132002-ang-E0010.820.1973                 1 1.40000E+02 1.60000E+02
p-Be009-MT002-Votava-F0132002-ang-E0010.830.1973                 1 8.69000E+01 1.40000E+02
p-Be009-MT002-Votava-F0132002-ang-E0010.910.1973                 3 8.69000E+01 1.60000E+02
p-Be009-MT002-Votava-F0132002-ang-E0010.930.1973                 1 1.40000E+02 1.60000E+02
p-Be009-MT002-Votava-F0132002-ang-E0011.010.1973                 1 8.69000E+01 1.60000E+02
p-Be009-MT002-Votava-F0132002-ang-E0011.020.1973                 1 8.69000E+01 1.19900E+02
p-Be009-MT002-Votava-F0132002-ang-E0011.030.1973                 2 8.69000E+01 1.40000E+02
p-Be009-MT002-Votava-F0132002-ang-E0011.100.1973                 1 8.69000E+01 1.60000E+02
p-Be009-MT002-Votava-F0132002-ang-E0011.110.1973                 1 1.19900E+02 1.60000E+02
p-Be009-MT002-Votava-F0132002-ang-E0011.120.1973                 1 1.19900E+02 1.40000E+02
p-Be009-MT002-Votava-F0132002-ang-E0011.130.1973                 1 8.69000E+01 1.40000E+02
p-Be009-MT002-Votava-F0132002-ang-E0011.200.1973                 1 8.69000E+01 1.19900E+02
p-Be009-MT002-Votava-F0132002-ang-E0011.220.1973                 2 1.19900E+02 1.60000E+02
p-Be009-MT002-Votava-F0132002-ang-E0011.240.1973                 1 8.69000E+01 1.40000E+02
p-Be009-MT002-Votava-F0132002-ang-E0011.310.1973                 1 8.69000E+01 1.19900E+02
p-Be009-MT002-Votava-F0132002-ang-E0011.320.1973                 3 1.19900E+02 1.60000E+02
p-Be009-MT002-Votava-F0132002-ang-E0011.400.1973                 1 8.69000E+01 1.60000E+02
p-Be009-MT002-Votava-F0132002-ang-E0011.410.1973                 2 8.69000E+01 1.40000E+02
p-Be009-MT002-Votava-F0132002-ang-E0011.420.1973                 1 8.69000E+01 1.40000E+02
p-Be009-MT002-Votava-F0132002-ang-E0011.510.1973                 2 8.69000E+01 1.60000E+02
p-Be009-MT002-Votava-F0132002-ang-E0011.520.1973                 1 1.40000E+02 1.60000E+02
p-Be009-MT002-Votava-F0132002-ang-E0011.530.1973                 1 8.69000E+01 1.40000E+02
p-Be009-MT002-Votava-F0132002-ang-E0011.600.1973                 1 8.69000E+01 1.19900E+02
p-Be009-MT002-Votava-F0132002-ang-E0011.610.1973                 2 1.19900E+02 1.60000E+02
p-Be009-MT002-Votava-F0132002-ang-E0011.630.1973                 1 1.40000E+02 1.60000E+02
p-Be009-MT002-Votava-F0132002-ang-E0011.690.1973                 1 8.69000E+01 1.60000E+02
p-Be009-MT002-Votava-F0132002-ang-E0011.700.1973                 1 8.69000E+01 1.19900E+02
p-Be009-MT002-Votava-F0132002-ang-E0011.710.1973                 2 8.69000E+01 1.40000E+02
p-Be009-MT002-Votava-F0132002-ang-E0011.800.1973                 3 8.69000E+01 1.60000E+02
p-Be009-MT002-Votava-F0132002-ang-E0011.820.1973                 1 8.69000E+01 1.40000E+02
p-Be009-MT002-Votava-F0132002-ang-E0011.900.1973                 1 8.69000E+01 1.19900E+02
p-Be009-MT002-Votava-F0132002-ang-E0011.910.1973                 2 1.19900E+02 1.60000E+02
p-Be009-MT002-Votava-F0132002-ang-E0011.920.1973                 1 8.69000E+01 1.40000E+02
p-Be009-MT002-Votava-F0132002-ang-E0012.000.1973                 1 8.69000E+01 1.60000E+02
p-Be009-MT002-Votava-F0132002-ang-E0012.010.1973                 1 1.19900E+02 1.60000E+02
p-Be009-MT002-Votava-F0132002-ang-E0012.020.1973                 1 1.19900E+02 1.40000E+02
p-Be009-MT002-Votava-F0132002-ang-E0012.030.1973                 1 8.69000E+01 1.40000E+02
p-Be009-MT002-Votava-F0132002-ang-E0012.100.1973                 1 8.69000E+01 1.60000E+02
p-Be009-MT002-Votava-F0132002-ang-E0012.110.1973                 1 1.19900E+02 1.60000E+02
p-Be009-MT002-Votava-F0132002-ang-E0012.120.1973                 1 1.19900E+02 1.40000E+02
p-Be009-MT002-Votava-F0132003-ang-E0013.000.1973                19 1.88000E+01 1.59900E+02
p-Be009-MT002-Votava-F0132003-ang-E0014.000.1973                15 1.88000E+01 1.61500E+02
p-Be009-MT002-Votava-F0132003-ang-E0015.000.1973                15 1.94000E+01 1.60100E+02
p-Be009-MT002-Votava-F0132003-ang-E0021.350.1973                30 1.86000E+01 1.66400E+02
p-Be009-MT002-Votava-F0132003-ang-E0030.300.1973                23 1.86000E+01 1.63400E+02
p-Be009-MT002-Wright-C1978002-ang-E0030.600.1953                21 1.00000E+01 1.30000E+02
p-Be009-MT002-Yasue-F0134004-ang-E0003.958.1972                  1 4.50000E+01 5.50000E+01
p-Be009-MT002-Yasue-F0134004-ang-E0003.972.1972                  1 4.50000E+01 1.50000E+02
p-Be009-MT002-Yasue-F0134004-ang-E0004.000.1972                  1 1.15000E+02 1.50000E+02
p-Be009-MT002-Yasue-F0134004-ang-E0004.003.1972                  1 5.50000E+01 1.15000E+02
p-Be009-MT002-Yasue-F0134004-ang-E0004.060.1972                  1 4.50000E+01 5.50000E+01
p-Be009-MT002-Yasue-F0134004-ang-E0004.068.1972                  1 4.50000E+01 1.50000E+02
p-Be009-MT002-Yasue-F0134004-ang-E0004.099.1972                  1 1.15000E+02 1.50000E+02
p-Be009-MT002-Yasue-F0134004-ang-E0004.100.1972                  1 5.50000E+01 1.15000E+02
p-Be009-MT002-Yasue-F0134004-ang-E0004.166.1972                  1 4.50000E+01 5.50000E+01
p-Be009-MT002-Yasue-F0134004-ang-E0004.179.1972                  1 4.50000E+01 1.50000E+02
p-Be009-MT002-Yasue-F0134004-ang-E0004.203.1972                  1 1.15000E+02 1.50000E+02
p-Be009-MT002-Yasue-F0134004-ang-E0004.210.1972                  1 5.50000E+01 1.15000E+02
p-Be009-MT002-Yasue-F0134004-ang-E0004.269.1972                  1 4.50000E+01 5.50000E+01
p-Be009-MT002-Yasue-F0134004-ang-E0004.274.1972                  1 4.50000E+01 1.50000E+02
p-Be009-MT002-Yasue-F0134004-ang-E0004.307.1972                  1 1.15000E+02 1.50000E+02
p-Be009-MT002-Yasue-F0134004-ang-E0004.312.1972                  1 5.50000E+01 1.15000E+02
p-Be009-MT002-Yasue-F0134004-ang-E0004.367.1972                  1 4.50000E+01 5.50000E+01
p-Be009-MT002-Yasue-F0134004-ang-E0004.384.1972                  1 4.50000E+01 1.50000E+02
p-Be009-MT002-Yasue-F0134004-ang-E0004.414.1972                  1 1.15000E+02 1.50000E+02
p-Be009-MT002-Yasue-F0134004-ang-E0004.416.1972                  1 5.50000E+01 1.15000E+02
p-Be009-MT002-Yasue-F0134004-ang-E0004.472.1972                  1 4.50000E+01 5.50000E+01
p-Be009-MT002-Yasue-F0134004-ang-E0004.481.1972                  1 4.50000E+01 1.50000E+02
p-Be009-MT002-Yasue-F0134004-ang-E0004.504.1972                  1 1.15000E+02 1.50000E+02
p-Be009-MT002-Yasue-F0134004-ang-E0004.511.1972                  1 4.50000E+01 1.15000E+02
p-Be009-MT002-Yasue-F0134004-ang-E0004.529.1972                  1 4.50000E+01 1.50000E+02
p-Be009-MT002-Yasue-F0134004-ang-E0004.559.1972                  1 1.15000E+02 1.50000E+02
p-Be009-MT002-Yasue-F0134004-ang-E0004.565.1972                  1 5.50000E+01 1.15000E+02
p-Be009-MT002-Yasue-F0134004-ang-E0004.571.1972                  1 4.50000E+01 5.50000E+01
p-Be009-MT002-Yasue-F0134004-ang-E0004.575.1972                  1 4.50000E+01 1.15000E+02
p-Be009-MT002-Yasue-F0134004-ang-E0004.610.1972                  2 4.50000E+01 1.50000E+02
p-Be009-MT002-Yasue-F0134004-ang-E0004.628.1972                  1 4.50000E+01 1.15000E+02
p-Be009-MT002-Yasue-F0134004-ang-E0004.663.1972                  2 5.50000E+01 1.50000E+02
p-Be009-MT002-Yasue-F0134004-ang-E0004.671.1972                  1 4.50000E+01 5.50000E+01
p-Be009-MT002-Yasue-F0134004-ang-E0004.676.1972                  1 4.50000E+01 1.50000E+02
p-Be009-MT002-Yasue-F0134004-ang-E0004.704.1972                  1 1.15000E+02 1.50000E+02
p-Be009-MT002-Yasue-F0134004-ang-E0004.706.1972                  1 4.50000E+01 1.15000E+02
p-Be009-MT002-Yasue-F0134004-ang-E0004.730.1972                  1 4.50000E+01 1.50000E+02
p-Be009-MT002-Yasue-F0134004-ang-E0004.754.1972                  1 1.15000E+02 1.50000E+02
p-Be009-MT002-Yasue-F0134004-ang-E0004.761.1972                  1 5.50000E+01 1.15000E+02
p-Be009-MT002-Yasue-F0134004-ang-E0004.771.1972                  1 4.50000E+01 5.50000E+01
p-Be009-MT002-Yasue-F0134004-ang-E0004.788.1972                  1 4.50000E+01 1.50000E+02
p-Be009-MT002-Yasue-F0134004-ang-E0004.807.1972                  1 1.15000E+02 1.50000E+02
p-Be009-MT002-Yasue-F0134004-ang-E0004.813.1972                  1 4.50000E+01 1.15000E+02
p-Be009-MT002-Yasue-F0134004-ang-E0004.830.1972                  1 4.50000E+01 1.50000E+02
p-Be009-MT002-Yasue-F0134004-ang-E0004.847.1972                  1 1.15000E+02 1.50000E+02
p-Be009-MT002-Yasue-F0134004-ang-E0004.856.1972                  1 4.50000E+01 1.15000E+02
p-Be009-MT002-Yasue-F0134004-ang-E0004.880.1972                  1 4.50000E+01 5.50000E+01
p-Be009-MT002-Yasue-F0134004-ang-E0004.881.1972                  1 5.50000E+01 1.50000E+02
p-Be009-MT002-Yasue-F0134004-ang-E0004.903.1972                  1 1.15000E+02 1.50000E+02
p-Be009-MT002-Yasue-F0134004-ang-E0004.911.1972                  1 4.50000E+01 1.15000E+02
p-Be009-MT002-Yasue-F0134004-ang-E0004.924.1972                  1 4.50000E+01 1.50000E+02
p-Be009-MT002-Yasue-F0134004-ang-E0004.951.1972                  1 1.15000E+02 1.50000E+02
p-Be009-MT002-Yasue-F0134004-ang-E0004.963.1972                  1 5.50000E+01 1.15000E+02
p-Be009-MT002-Yasue-F0134004-ang-E0004.971.1972                  1 4.50000E+01 5.50000E+01
p-Be009-MT002-Yasue-F0134004-ang-E0004.976.1972                  1 4.50000E+01 4.50000E+01
