#              Filename                                         N    min         max
n-Ce140-MT151-Camarda-107600021.1978                            42 2.15700E-02 2.35490E-01
n-Ce140-MT151-Camarda-107600021A001.1978                        42 2.15700E-02 2.35490E-01
n-Ce140-MT151-Camarda-107600022.1978                            42 2.15700E-02 2.35490E-01
n-Ce140-MT151-Camarda-107600022A001.1978                        42 2.15700E-02 2.35490E-01
n-Ce140-MT151-Camarda-107600031.1978                            82 2.11830E-02 2.38650E-01
n-Ce140-MT151-Camarda-107600031A001.1978                        82 2.11830E-02 2.38650E-01
n-Ce140-MT151-Camarda-107600041.1978                             2 1.30000E-01 1.30000E-01
n-Ce140-MT151-Camarda-107600041A001.1978                         2 1.30000E-01 1.30000E-01
n-Ce140-MT151-Hacken-104110031.1974                             23 2.54340E-03 6.29670E-02
n-Ce140-MT151-Hacken-104110031A001.1974                         23 2.54340E-03 6.29670E-02
n-Ce140-MT151-Hacken-104110032.1974                             23 2.54340E-03 6.29670E-02
n-Ce140-MT151-Hacken-104110032A001.1974                         23 2.54340E-03 6.29670E-02
n-Ce140-MT151-Hacken-104110033.1974                             23 2.54340E-03 6.29670E-02
n-Ce140-MT151-Hacken-104110033A001.1974                         23 2.54340E-03 6.29670E-02
n-Ce140-MT151-Hacken-104110041.1974                              1 3.27552E-02 3.27552E-02
n-Ce140-MT151-Hacken-104110041A001.1974                          1 3.27552E-02 3.27552E-02
n-Ce140-MT151-Musgrove-303610021.1979                           97 5.64000E-03 6.29920E-02
n-Ce140-MT151-Musgrove-303610023.1979                           33 6.00800E-03 6.05430E-02
n-Ce140-MT151-Musgrove-303610024.1979                           33 6.00800E-03 6.05430E-02
n-Ce140-MT151-Musgrove-303610032.1979                            2 5.15000E-02 5.15000E-02
n-Ce140-MT151-Ohkubo-208190101.1993                             25 2.54370E-03 5.51130E-02
n-Ce140-MT151-Ohkubo-208190102.1993                             15 2.54370E-03 5.51130E-02
n-Ce140-MT151-Ohkubo-208190111.1993                              1 5.00000E-02 5.00000E-02
