#              Filename                                         N    min         max
n-Ge000-MT001-Angeli-30141011.1971                               1 1.47000E+01 1.47000E+01
n-Ge000-MT001-Bondelid-11221006.1957                            41 3.78000E+00 8.09000E+00
n-Ge000-MT001-Bondelid-11221006A001.1957                        41 3.78000E+00 8.09000E+00
n-Ge000-MT001-Bratenahl-11155017.1958                            5 7.05000E+00 1.40700E+01
n-Ge000-MT001-Bratenahl-11155017A001.1958                        5 7.05000E+00 1.40700E+01
n-Ge000-MT001-Fosterjr-10047038.1971                           243 2.25200E+00 1.48020E+01
n-Ge000-MT001-Fosterjr-10047038A001.1971                       243 2.25200E+00 1.48020E+01
n-Ge000-MT001-Fulfaro-30231002.1971                             39 2.01000E-08 6.84000E-07
n-Ge000-MT001-Harvey-13770004.1980                           13329 6.09610E-06 1.77620E-01
n-Ge000-MT001-Hibdon-12646004.1950                               1 1.20000E-04 1.20000E-04
n-Ge000-MT001-Johnson-11292003.1953                             32 4.40000E-01 3.42000E+00
n-Ge000-MT001-Kent-11617014.1962                                 1 3.66000E+00 3.66000E+00
n-Ge000-MT001-Maayouf-30668002.1983                            165 1.77000E-09 8.50600E-07
n-Ge000-MT001-Maayouf-30668003.1983                            150 2.46000E-09 9.98200E-07
n-Ge000-MT001-Morales-30764006.1991                              2 1.76000E+01 1.98000E+01
n-Ge000-MT001-Musaelyan-40843006.1983                           47 2.40000E-01 1.34000E+00
n-Ge000-MT001-Ohkubo-21926010.1987                            4069 8.29800E-05 7.36140E-04
n-Ge000-MT001-Ohkubo-21926011.1987                            3840 7.07560E-04 9.87930E-02
n-Ge000-MT001-Palmer-11629003.1953                             156 9.25000E-06 1.43000E-02
n-Ge000-MT001-Peterson-11108024.1960                             4 1.75000E+01 2.89000E+01
n-Ge000-MT001-Peterson-11108024A001.1960                         4 1.75000E+01 2.89000E+01
n-Ge000-MT001-Vertebnyj-40929014.1987                            1 5.00000E-08 5.00000E-08
n-Ge000-MT001-Whalen-11425005.1968                             552 1.00300E-01 6.48700E-01
n-Ge000-MT001-Wu-11751003.1947                                  30 1.40000E-02 9.15130E+04
n-Ge000-MT001-Wu-11751004.1947                                  31 2.25400E-06 3.39964E-01
n-Ge000-MT001-Wu-11751018.1947                                  14 4.91770E-05 1.23181E-01
n-Ge000-MT001-Zucker-11822002.1956                              13 6.00000E-02 6.25000E-01
