#              Filename                                         N    min         max
n-Mn055-MT102-Axton-20640002.1963                                1 5.00000E-07 5.00000E-07
n-Mn055-MT102-Berreth-12635005.1962                              1 5.00000E-07 5.00000E-07
n-Mn055-MT102-Borchardt-20647003.1967                            1 5.00000E-07 5.00000E-07
n-Mn055-MT102-Breitenhuber-20029003.1970                         1 5.50000E-07 5.50000E-07
n-Mn055-MT102-Carre-20658005.1966                                1 5.50000E-07 5.50000E-07
n-Mn055-MT102-Dahlberg-20049003.1961                             1 5.00000E-07 5.00000E-07
n-Mn055-MT102-Feiner-114540021.1961                              1 5.50000E-07 5.50000E-07
n-Mn055-MT102-Feiner-114540022.1961                              1 5.50000E-07 5.50000E-07
n-Mn055-MT102-Gleason-10644020.1975                              1 5.00000E-07 5.00000E-07
n-Mn055-MT102-Gleason-10644020A001.1975                          1 5.00000E-07 5.00000E-07
n-Mn055-MT102-Heft-12866025.1978                                 1 5.00000E-07 5.00000E-07
n-Mn055-MT102-Kimura-23491005.1989                               1 5.00000E-07 5.00000E-07
n-Mn055-MT102-Koehler-20654007.1967                              1 6.80000E-07 6.80000E-07
n-Mn055-MT102-Louwrier-20641002.1965                             1 5.60000E-07 5.60000E-07
n-Mn055-MT102-Macklin-143880162.1955                             1 4.90000E-07 4.90000E-07
n-Mn055-MT102-Nanjyo-20314002.1970                               1 6.30000E-07 6.30000E-07
n-Mn055-MT102-Orvini-20633002.1968                               1 5.50000E-07 5.50000E-07
n-Mn055-MT102-Ryves-20642002.1968                                1 6.00000E-07 6.00000E-07
n-Mn055-MT102-Sampson-11655003.1962                              1 5.00000E-07 5.00000E-07
n-Mn055-MT102-Schuman-11687002.1969                              1 5.00000E-07 5.00000E-07
n-Mn055-MT102-Schuman-11687004.1969                              1 5.00000E-07 5.00000E-07
n-Mn055-MT102-Sher-11689002.1968                                 1 5.00000E-07 5.00000E-07
n-Mn055-MT102-Tattersall-20638009.1960                           1 6.70000E-07 6.70000E-07
n-Mn055-MT102-Vanderlinden-206430151.1972                        1 5.50000E-07 5.50000E-07
n-Mn055-MT102-Walker-11525002.1960                               1 5.00000E-07 5.00000E-07
