#              Filename                                         N    min         max
a-H001-MT002-Baglin-C1281002-ang-E0000.968.1992                 75 1.00000E+01 1.00000E+01
a-H001-MT002-Bogdanovicradovic-O0850002-ang-E0002.500.2001      29 3.00000E+01 5.50000E+01
a-H001-MT002-ChangShukKimmm-O0858002-ang-E0000.596.1999          2 1.00000E+01 3.50000E+01
a-H001-MT002-ChangShukKimmm-O0858002-ang-E0000.607.1999          5 1.00000E+01 4.00000E+01
a-H001-MT002-ChangShukKimmm-O0858002-ang-E0000.706.1999          7 1.00000E+01 4.00000E+01
a-H001-MT002-ChangShukKimmm-O0858002-ang-E0000.795.1999          1 1.00000E+01 3.50000E+01
a-H001-MT002-ChangShukKimmm-O0858002-ang-E0000.806.1999          1 1.00000E+01 4.00000E+01
a-H001-MT002-Chebotaryov-E2580003-ang-E0800.000.2018             9 7.19999E+00 1.11000E+01
a-H001-MT002-Gonchar-D8016002-ang-E0038.000.1970                21 5.50000E+00 1.45000E+01
a-H001-MT002-He-C1518011-ang-E0005.625.1998                      1 1.67000E+02 1.67000E+02
a-H001-MT002-HongliangZhangg-S0204002-ang-E0001.752.2014        19 3.00000E+01 3.00000E+01
a-H001-MT002-Ishigami-E1908002-ang-E0005.430.2004               11 0.00000E+00 0.00000E+00
a-H001-MT002-Keay-C1338002-ang-E0000.988.2003                   59 3.00000E+01 3.00000E+01
a-H001-MT002-Nagata-E1862002-ang-E0001.514.1985                 15 2.00000E+01 2.00000E+01
a-H001-MT002-Nagata-E1862003-ang-E0002.002.1985                 13 2.15000E+01 2.15000E+01
a-H001-MT002-Nagata-E1862004-ang-E0001.954.1985                 10 3.13000E+01 3.13000E+01
a-H001-MT002-Nagata-E1862005-ang-E0002.430.1985                  5 4.15000E+01 4.15000E+01
a-H001-MT002-Paszti-D4381002-ang-E0002.145.1986                 47 2.30000E+01 2.30000E+01
a-H001-MT002-Paszti-D4381003-ang-E0003.000.1986                  7 1.64000E+01 4.13000E+01
a-H001-MT002-Quillet-O0817002-ang-E0000.969.1993                 1 1.00000E+01 2.00000E+01
a-H001-MT002-Quillet-O0817002-ang-E0000.994.1993                 1 2.00000E+01 3.00000E+01
a-H001-MT002-Quillet-O0817002-ang-E0000.994A001.1993             1 3.00000E+01 3.00000E+01
a-H001-MT002-Quillet-O0817005S-ang-E0001.687.1993                1 1.00000E+01 2.00000E+01
a-H001-MT002-Quillet-O0817005S-ang-E0001.739.1993                2 2.00000E+01 3.00000E+01
a-H001-MT002-Szilagyi-D4380002-ang-E0000.820.1989              230 1.60000E+01 1.60000E+01
a-H001-MT002-Wetteland-C21030072-ang-E0005.625.1998              1 3.00000E+01 3.00000E+01
a-H001-MT002-Yamaguchi-E1861002-ang-E0002.000.1983              13 2.15000E+01 2.15000E+01
a-H001-MT002-Yamaguchi-E1861003-ang-E0001.949.1983              10 3.13000E+01 3.13000E+01
a-H001-MT002-Yamaguchi-E1861004-ang-E0002.434.1983               5 4.15000E+01 4.15000E+01
