#              Filename                                         N    min         max
a-Mg024-MT601-Ploskonka-F0592006-E0023.001.1976                  1 8.05300E+01 1.44300E+02
a-Mg024-MT601-Ploskonka-F0592006-E0023.034.1976                  1 1.44300E+02 1.75000E+02
a-Mg024-MT601-Ploskonka-F0592006-E0023.106.1976                  1 1.44300E+02 1.75000E+02
a-Mg024-MT601-Ploskonka-F0592006-E0023.141.1976                  1 8.05300E+01 1.44300E+02
a-Mg024-MT601-Ploskonka-F0592006-E0023.166.1976                  1 8.05300E+01 1.44300E+02
a-Mg024-MT601-Ploskonka-F0592006-E0023.229.1976                  1 1.44300E+02 1.75000E+02
a-Mg024-MT601-Ploskonka-F0592006-E0023.240.1976                  1 8.05300E+01 1.75000E+02
a-Mg024-MT601-Ploskonka-F0592006-E0023.319.1976                  1 8.05300E+01 1.44300E+02
a-Mg024-MT601-Ploskonka-F0592006-E0023.377.1976                  1 1.44300E+02 1.75000E+02
a-Mg024-MT601-Ploskonka-F0592006-E0023.399.1976                  1 1.75000E+02 1.75000E+02
a-Mg024-MT601-Ploskonka-F0592007-E0023.021.1976                 29 8.05300E+01 8.05300E+01
a-Mg024-MT601-Ploskonka-F0592010-E0023.033.1976                 29 8.05300E+01 8.05300E+01
a-Mg024-MT601-Ploskonka-F0592011-E0023.022.1976                  1 8.05300E+01 1.44300E+02
a-Mg024-MT601-Ploskonka-F0592011-E0023.027.1976                  1 1.44300E+02 1.75000E+02
a-Mg024-MT601-Ploskonka-F0592011-E0023.043.1976                  1 1.44300E+02 1.75000E+02
a-Mg024-MT601-Ploskonka-F0592011-E0023.123.1976                  1 1.44300E+02 1.44300E+02
a-Mg024-MT601-Ploskonka-F0592012-E0023.078.1976                  1 1.44300E+02 1.75000E+02
a-Mg024-MT601-Ploskonka-F0592012-E0023.082.1976                  1 1.44300E+02 1.75000E+02
a-Mg024-MT601-Ploskonka-F0592012-E0023.179.1976                  1 1.44300E+02 1.75000E+02
a-Mg024-MT601-Ploskonka-F0592012-E0023.214.1976                  1 1.44300E+02 1.75000E+02
a-Mg024-MT601-Ploskonka-F0592012-E0023.253.1976                  1 1.44300E+02 1.75000E+02
a-Mg024-MT601-Ploskonka-F0592012-E0023.257.1976                  1 1.44300E+02 1.75000E+02
a-Mg024-MT601-Ploskonka-F0592012-E0023.324.1976                  1 1.44300E+02 1.75000E+02
a-Mg024-MT601-Ploskonka-F0592012-E0023.433.1976                  1 1.44300E+02 1.75000E+02
a-Mg024-MT601-Ploskonka-F0592012-E0023.435.1976                  1 1.75000E+02 1.75000E+02
a-Mg024-MT601-Ploskonka-F0592013-E0023.044.1976                 72 1.44300E+02 1.75000E+02
a-Mg024-MT601-Ploskonka-F0592014-E0023.066.1976                 31 1.44300E+02 1.44300E+02
