#              Filename                                         N    min         max
d-S032-MT800-Demeijer-O1829004-E0040.000.1982                  230 4.40002E+00 6.28000E+01
d-S032-MT800-Elbehay-D0715002-E0002.000.1965                     1 1.35000E+02 1.50000E+02
d-S032-MT800-Elbehay-D0715002-E0002.004.1965                     1 1.35000E+02 1.50000E+02
d-S032-MT800-Elbehay-D0715002-E0002.020.1965                     1 1.35000E+02 1.50000E+02
d-S032-MT800-Elbehay-D0715002-E0002.027.1965                     1 1.35000E+02 1.50000E+02
d-S032-MT800-Elbehay-D0715002-E0002.050.1965                     1 1.35000E+02 1.50000E+02
d-S032-MT800-Elbehay-D0715002-E0002.053.1965                     1 1.35000E+02 1.50000E+02
d-S032-MT800-Elbehay-D0715002-E0002.070.1965                     1 1.35000E+02 1.50000E+02
d-S032-MT800-Elbehay-D0715002-E0002.075.1965                     1 1.35000E+02 1.50000E+02
d-S032-MT800-Elbehay-D0715002-E0002.100.1965                     1 1.35000E+02 1.50000E+02
d-S032-MT800-Elbehay-D0715002-E0002.102.1965                     1 1.35000E+02 1.50000E+02
d-S032-MT800-Elbehay-D0715002-E0002.120.1965                     1 1.35000E+02 1.50000E+02
d-S032-MT800-Elbehay-D0715002-E0002.126.1965                     1 1.35000E+02 1.50000E+02
d-S032-MT800-Elbehay-D0715002-E0002.150.1965                     1 1.35000E+02 1.50000E+02
d-S032-MT800-Elbehay-D0715002-E0002.153.1965                     1 1.35000E+02 1.50000E+02
d-S032-MT800-Elbehay-D0715002-E0002.170.1965                     1 1.35000E+02 1.50000E+02
d-S032-MT800-Elbehay-D0715002-E0002.180.1965                     1 1.35000E+02 1.50000E+02
d-S032-MT800-Elbehay-D0715002-E0002.200.1965                     1 1.35000E+02 1.50000E+02
d-S032-MT800-Elbehay-D0715002-E0002.204.1965                     1 1.35000E+02 1.50000E+02
d-S032-MT800-Elbehay-D0715002-E0002.220.1965                     1 1.35000E+02 1.50000E+02
d-S032-MT800-Elbehay-D0715002-E0002.230.1965                     1 1.35000E+02 1.50000E+02
d-S032-MT800-Elbehay-D0715002-E0002.250.1965                     1 1.35000E+02 1.50000E+02
d-S032-MT800-Elbehay-D0715002-E0002.255.1965                     1 1.35000E+02 1.50000E+02
d-S032-MT800-Elbehay-D0715002-E0002.270.1965                     1 1.35000E+02 1.50000E+02
d-S032-MT800-Elbehay-D0715002-E0002.277.1965                     1 1.35000E+02 1.50000E+02
d-S032-MT800-Elbehay-D0715002-E0002.300.1965                     1 1.35000E+02 1.50000E+02
d-S032-MT800-Elbehay-D0715002-E0002.304.1965                     1 1.35000E+02 1.50000E+02
d-S032-MT800-Elbehay-D0715002-E0002.320.1965                     1 1.35000E+02 1.50000E+02
d-S032-MT800-Elbehay-D0715002-E0002.329.1965                     1 1.35000E+02 1.50000E+02
d-S032-MT800-Elbehay-D0715002-E0002.350.1965                     1 1.35000E+02 1.50000E+02
d-S032-MT800-Elbehay-D0715002-E0002.354.1965                     1 1.35000E+02 1.50000E+02
d-S032-MT800-Elbehay-D0715002-E0002.370.1965                     1 1.35000E+02 1.50000E+02
d-S032-MT800-Elbehay-D0715002-E0002.376.1965                     1 1.35000E+02 1.50000E+02
d-S032-MT800-Elbehay-D0715002-E0002.400.1965                     1 1.35000E+02 1.50000E+02
d-S032-MT800-Elbehay-D0715002-E0002.406.1965                     1 1.35000E+02 1.35000E+02
d-S032-MT800-Elbehay-D0715003-E0002.150.1965                     7 9.00000E+01 1.50000E+02
d-S032-MT800-Elbehay-D0715003-E0002.275.1965                     7 8.99000E+01 1.50000E+02
d-S032-MT800-Elbehay-D0715003-E0002.375.1965                     7 8.99000E+01 1.50000E+02
d-S032-MT800-Elbehay-D0715003-E0002.425.1965                     7 9.00000E+01 1.50000E+02
d-S032-MT800-Takamatsu-E1872013-E0014.500.1962                  16 2.01000E+01 1.60500E+02
d-S032-MT800-Teterin-F1020002-E0007.000.1969                    72 1.03000E+01 1.66400E+02
