#              Filename                                         N    min         max
d-Na023-MT801-Elbehay-D0080003-E0001.503.1965                   41 1.50000E+02 1.50000E+02
d-Na023-MT801-Elbehay-D0080004-E0002.000.1965                    7 8.93500E+01 1.48960E+02
d-Na023-MT801-Elbehay-D0080004-E0002.100.1965                    7 8.83370E+01 1.48690E+02
d-Na023-MT801-Elbehay-D0080004-E0002.200.1965                    7 8.83370E+01 1.48660E+02
d-Na023-MT801-Elbehay-D0080004-E0002.300.1965                    7 8.82730E+01 1.48640E+02
d-Na023-MT801-Elbehay-D0080004-E0002.400.1965                    7 8.82270E+01 1.49010E+02
d-Na023-MT801-Elbehay-D0080004-E0002.500.1965                    6 8.82270E+01 1.48270E+02
d-Na023-MT801-Elbehay-D0080005-E0002.000.1965                    7 8.97790E+01 1.49760E+02
d-Na023-MT801-Elbehay-D0080005-E0002.100.1965                    6 8.93780E+01 1.39690E+02
d-Na023-MT801-Elbehay-D0080005-E0002.200.1965                    7 8.93520E+01 1.49960E+02
d-Na023-MT801-Elbehay-D0080005-E0002.300.1965                    7 8.93520E+01 1.49780E+02
d-Na023-MT801-Elbehay-D0080005-E0002.400.1965                    7 8.95450E+01 1.51030E+02
d-Na023-MT801-Elbehay-D0080005-E0002.500.1965                    6 8.98030E+01 1.39780E+02
d-Na023-MT801-Vysotskij-F0984002-E0002.303.1970                  1 4.00000E+01 1.70000E+02
d-Na023-MT801-Vysotskij-F0984002-E0002.303A001.1970              1 1.40000E+02 1.70000E+02
d-Na023-MT801-Vysotskij-F0984002-E0002.303A002.1970              1 4.00000E+01 1.40000E+02
d-Na023-MT801-Vysotskij-F0984002-E0002.350.1970                  1 4.00000E+01 1.70000E+02
d-Na023-MT801-Vysotskij-F0984002-E0002.358.1970                  1 1.40000E+02 1.70000E+02
d-Na023-MT801-Vysotskij-F0984002-E0002.358A001.1970              1 4.00000E+01 1.40000E+02
d-Na023-MT801-Vysotskij-F0984002-E0002.405.1970                  1 4.00000E+01 1.70000E+02
d-Na023-MT801-Vysotskij-F0984002-E0002.406.1970                  1 1.40000E+02 1.70000E+02
d-Na023-MT801-Vysotskij-F0984002-E0002.409.1970                  1 4.00000E+01 1.40000E+02
d-Na023-MT801-Vysotskij-F0984002-E0002.449.1970                  1 4.00000E+01 1.40000E+02
d-Na023-MT801-Vysotskij-F0984002-E0002.461.1970                  1 1.40000E+02 1.70000E+02
d-Na023-MT801-Vysotskij-F0984002-E0002.461A001.1970              1 4.00000E+01 1.70000E+02
d-Na023-MT801-Vysotskij-F0984002-E0002.500.1970                  1 4.00000E+01 1.40000E+02
d-Na023-MT801-Vysotskij-F0984002-E0002.508.1970                  1 1.40000E+02 1.70000E+02
d-Na023-MT801-Vysotskij-F0984002-E0002.512.1970                  1 4.00000E+01 1.70000E+02
d-Na023-MT801-Vysotskij-F0984002-E0002.555.1970                  1 4.00000E+01 1.70000E+02
d-Na023-MT801-Vysotskij-F0984002-E0002.559.1970                  1 1.40000E+02 1.70000E+02
d-Na023-MT801-Vysotskij-F0984002-E0002.564.1970                  1 4.00000E+01 1.40000E+02
d-Na023-MT801-Vysotskij-F0984002-E0002.599.1970                  1 4.00000E+01 1.70000E+02
d-Na023-MT801-Vysotskij-F0984002-E0002.607.1970                  1 4.00000E+01 1.70000E+02
d-Na023-MT801-Vysotskij-F0984002-E0002.649.1970                  1 4.00000E+01 1.70000E+02
d-Na023-MT801-Vysotskij-F0984002-E0002.658.1970                  1 4.00000E+01 1.70000E+02
d-Na023-MT801-Vysotskij-F0984002-E0002.701.1970                  1 4.00000E+01 1.70000E+02
d-Na023-MT801-Vysotskij-F0984002-E0002.709.1970                  1 4.00000E+01 1.70000E+02
d-Na023-MT801-Vysotskij-F0984002-E0002.752.1970                  1 4.00000E+01 1.70000E+02
d-Na023-MT801-Vysotskij-F0984002-E0002.760.1970                  1 4.00000E+01 1.70000E+02
d-Na023-MT801-Vysotskij-F0984002-E0002.803.1970                  1 4.00000E+01 1.60000E+02
d-Na023-MT801-Vysotskij-F0984002-E0002.806.1970                  1 1.60000E+02 1.70000E+02
d-Na023-MT801-Vysotskij-F0984002-E0002.811.1970                  1 1.40000E+02 1.70000E+02
d-Na023-MT801-Vysotskij-F0984002-E0002.811A001.1970              1 9.00000E+01 1.40000E+02
d-Na023-MT801-Vysotskij-F0984002-E0002.849.1970                  1 9.00000E+01 1.60000E+02
d-Na023-MT801-Vysotskij-F0984002-E0002.853.1970                  1 4.00000E+01 1.60000E+02
d-Na023-MT801-Vysotskij-F0984002-E0002.854.1970                  1 4.00000E+01 1.70000E+02
d-Na023-MT801-Vysotskij-F0984002-E0002.862.1970                  1 9.00000E+01 1.70000E+02
d-Na023-MT801-Vysotskij-F0984002-E0002.900.1970                  1 4.00000E+01 9.00000E+01
d-Na023-MT801-Vysotskij-F0984002-E0002.901.1970                  1 4.00000E+01 1.60000E+02
d-Na023-MT801-Vysotskij-F0984002-E0002.904.1970                  1 1.60000E+02 1.70000E+02
d-Na023-MT801-Vysotskij-F0984002-E0002.905.1970                  1 1.40000E+02 1.70000E+02
d-Na023-MT801-Vysotskij-F0984002-E0002.906.1970                  1 9.00000E+01 1.40000E+02
d-Na023-MT801-Vysotskij-F0984002-E0002.947.1970                  1 4.00000E+01 9.00000E+01
d-Na023-MT801-Vysotskij-F0984002-E0002.953.1970                  1 4.00000E+01 1.60000E+02
d-Na023-MT801-Vysotskij-F0984002-E0002.955.1970                  1 1.60000E+02 1.70000E+02
d-Na023-MT801-Vysotskij-F0984002-E0002.961.1970                  1 4.00000E+01 1.70000E+02
d-Na023-MT801-Vysotskij-F0984002-E0003.000.1970                  1 4.00000E+01 9.00000E+01
d-Na023-MT801-Vysotskij-F0984002-E0003.003.1970                  1 9.00000E+01 1.40000E+02
d-Na023-MT801-Vysotskij-F0984002-E0003.004.1970                  1 1.40000E+02 1.60000E+02
d-Na023-MT801-Vysotskij-F0984002-E0003.007.1970                  1 1.60000E+02 1.70000E+02
d-Na023-MT801-Vysotskij-F0984002-E0003.012.1970                  1 9.00000E+01 1.70000E+02
d-Na023-MT801-Vysotskij-F0984002-E0003.054.1970                  1 4.00000E+01 9.00000E+01
d-Na023-MT801-Vysotskij-F0984002-E0003.055.1970                  1 4.00000E+01 1.60000E+02
d-Na023-MT801-Vysotskij-F0984002-E0003.058.1970                  1 1.60000E+02 1.70000E+02
d-Na023-MT801-Vysotskij-F0984002-E0003.060.1970                  1 9.00000E+01 1.70000E+02
d-Na023-MT801-Vysotskij-F0984002-E0003.101.1970                  1 9.00000E+01 1.60000E+02
d-Na023-MT801-Vysotskij-F0984002-E0003.102.1970                  1 4.00000E+01 1.60000E+02
d-Na023-MT801-Vysotskij-F0984002-E0003.102A001.1970              1 4.00000E+01 1.70000E+02
d-Na023-MT801-Vysotskij-F0984002-E0003.107.1970                  1 9.00000E+01 1.70000E+02
d-Na023-MT801-Vysotskij-F0984002-E0003.149.1970                  1 4.00000E+01 9.00000E+01
d-Na023-MT801-Vysotskij-F0984002-E0003.153.1970                  1 4.00000E+01 1.60000E+02
d-Na023-MT801-Vysotskij-F0984002-E0003.161.1970                  1 1.40000E+02 1.60000E+02
d-Na023-MT801-Vysotskij-F0984002-E0003.162.1970                  1 1.40000E+02 1.70000E+02
d-Na023-MT801-Vysotskij-F0984002-E0003.167.1970                  1 4.00000E+01 1.70000E+02
d-Na023-MT801-Vysotskij-F0984002-E0003.200.1970                  1 4.00000E+01 9.00000E+01
d-Na023-MT801-Vysotskij-F0984002-E0003.204.1970                  1 9.00000E+01 1.70000E+02
d-Na023-MT801-Vysotskij-F0984002-E0003.210.1970                  1 1.60000E+02 1.70000E+02
d-Na023-MT801-Vysotskij-F0984002-E0003.212.1970                  1 1.40000E+02 1.60000E+02
d-Na023-MT801-Vysotskij-F0984002-E0003.214.1970                  1 4.00000E+01 1.40000E+02
d-Na023-MT801-Vysotskij-F0984002-E0003.252.1970                  1 4.00000E+01 1.70000E+02
d-Na023-MT801-Vysotskij-F0984002-E0003.258.1970                  1 9.00000E+01 1.70000E+02
d-Na023-MT801-Vysotskij-F0984002-E0003.259.1970                  1 9.00000E+01 1.60000E+02
d-Na023-MT801-Vysotskij-F0984002-E0003.260.1970                  1 1.40000E+02 1.60000E+02
d-Na023-MT801-Vysotskij-F0984002-E0003.265.1970                  1 9.00000E+01 1.40000E+02
d-Na023-MT801-Vysotskij-F0984002-E0003.306.1970                  1 9.00000E+01 1.60000E+02
d-Na023-MT801-Vysotskij-F0984002-E0003.315.1970                  1 1.40000E+02 1.60000E+02
d-Na023-MT801-Vysotskij-F0984002-E0003.317.1970                  1 1.40000E+02 1.70000E+02
d-Na023-MT801-Vysotskij-F0984002-E0003.317A001.1970              1 9.00000E+01 1.70000E+02
d-Na023-MT801-Vysotskij-F0984002-E0003.353.1970                  1 4.00000E+01 9.00000E+01
d-Na023-MT801-Vysotskij-F0984002-E0003.354.1970                  1 4.00000E+01 1.70000E+02
d-Na023-MT801-Vysotskij-F0984002-E0003.360.1970                  1 1.40000E+02 1.70000E+02
d-Na023-MT801-Vysotskij-F0984002-E0003.364.1970                  1 1.40000E+02 1.60000E+02
d-Na023-MT801-Vysotskij-F0984002-E0003.370.1970                  1 4.00000E+01 1.60000E+02
d-Na023-MT801-Vysotskij-F0984002-E0003.406.1970                  1 4.00000E+01 9.00000E+01
d-Na023-MT801-Vysotskij-F0984002-E0003.408.1970                  1 9.00000E+01 1.70000E+02
d-Na023-MT801-Vysotskij-F0984002-E0003.411.1970                  1 1.60000E+02 1.70000E+02
d-Na023-MT801-Vysotskij-F0984002-E0003.414.1970                  1 1.40000E+02 1.60000E+02
d-Na023-MT801-Vysotskij-F0984002-E0003.415.1970                  1 4.00000E+01 1.40000E+02
d-Na023-MT801-Vysotskij-F0984002-E0003.453.1970                  1 4.00000E+01 9.00000E+01
d-Na023-MT801-Vysotskij-F0984002-E0003.456.1970                  1 9.00000E+01 1.60000E+02
d-Na023-MT801-Vysotskij-F0984002-E0003.461.1970                  1 1.60000E+02 1.70000E+02
d-Na023-MT801-Vysotskij-F0984002-E0003.467.1970                  1 1.40000E+02 1.70000E+02
d-Na023-MT801-Vysotskij-F0984002-E0003.471.1970                  1 4.00000E+01 1.40000E+02
d-Na023-MT801-Vysotskij-F0984002-E0003.500.1970                  1 4.00000E+01 9.00000E+01
d-Na023-MT801-Vysotskij-F0984002-E0003.503.1970                  1 9.00000E+01 1.40000E+02
d-Na023-MT801-Vysotskij-F0984002-E0003.506.1970                  1 1.40000E+02 1.60000E+02
d-Na023-MT801-Vysotskij-F0984002-E0003.508.1970                  1 1.60000E+02 1.70000E+02
d-Na023-MT801-Vysotskij-F0984002-E0003.514.1970                  1 4.00000E+01 1.70000E+02
d-Na023-MT801-Vysotskij-F0984002-E0003.556.1970                  1 4.00000E+01 9.00000E+01
d-Na023-MT801-Vysotskij-F0984002-E0003.558.1970                  1 9.00000E+01 1.60000E+02
d-Na023-MT801-Vysotskij-F0984002-E0003.563.1970                  1 1.60000E+02 1.70000E+02
d-Na023-MT801-Vysotskij-F0984002-E0003.569.1970                  1 1.40000E+02 1.70000E+02
d-Na023-MT801-Vysotskij-F0984002-E0003.573.1970                  1 4.00000E+01 1.40000E+02
d-Na023-MT801-Vysotskij-F0984002-E0003.603.1970                  1 4.00000E+01 9.00000E+01
d-Na023-MT801-Vysotskij-F0984002-E0003.606.1970                  1 9.00000E+01 1.60000E+02
d-Na023-MT801-Vysotskij-F0984002-E0003.611.1970                  1 1.60000E+02 1.70000E+02
d-Na023-MT801-Vysotskij-F0984002-E0003.613.1970                  1 1.40000E+02 1.70000E+02
d-Na023-MT801-Vysotskij-F0984002-E0003.620.1970                  1 4.00000E+01 1.40000E+02
d-Na023-MT801-Vysotskij-F0984002-E0003.650.1970                  1 4.00000E+01 9.00000E+01
d-Na023-MT801-Vysotskij-F0984002-E0003.653.1970                  1 9.00000E+01 1.60000E+02
d-Na023-MT801-Vysotskij-F0984002-E0003.662.1970                  1 1.60000E+02 1.70000E+02
d-Na023-MT801-Vysotskij-F0984002-E0003.664.1970                  1 1.40000E+02 1.70000E+02
d-Na023-MT801-Vysotskij-F0984002-E0003.672.1970                  1 4.00000E+01 1.40000E+02
d-Na023-MT801-Vysotskij-F0984002-E0003.702.1970                  1 4.00000E+01 9.00000E+01
d-Na023-MT801-Vysotskij-F0984002-E0003.708.1970                  1 9.00000E+01 1.70000E+02
d-Na023-MT801-Vysotskij-F0984002-E0003.711.1970                  1 1.60000E+02 1.70000E+02
d-Na023-MT801-Vysotskij-F0984002-E0003.717.1970                  1 1.40000E+02 1.60000E+02
d-Na023-MT801-Vysotskij-F0984002-E0003.719.1970                  1 9.00000E+01 1.40000E+02
d-Na023-MT801-Vysotskij-F0984002-E0003.756.1970                  1 4.00000E+01 9.00000E+01
d-Na023-MT801-Vysotskij-F0984002-E0003.760.1970                  2 4.00000E+01 1.70000E+02
d-Na023-MT801-Vysotskij-F0984002-E0003.766.1970                  1 1.40000E+02 1.70000E+02
d-Na023-MT801-Vysotskij-F0984002-E0003.774.1970                  1 4.00000E+01 1.40000E+02
d-Na023-MT801-Vysotskij-F0984002-E0003.804.1970                  1 4.00000E+01 1.70000E+02
d-Na023-MT801-Vysotskij-F0984002-E0003.810.1970                  1 9.00000E+01 1.70000E+02
d-Na023-MT801-Vysotskij-F0984002-E0003.811.1970                  1 9.00000E+01 1.60000E+02
d-Na023-MT801-Vysotskij-F0984002-E0003.812.1970                  1 1.40000E+02 1.60000E+02
d-Na023-MT801-Vysotskij-F0984002-E0003.817.1970                  1 1.40000E+02 1.60000E+02
d-Na023-MT801-Vysotskij-F0984002-E0003.859.1970                  1 4.00000E+01 1.60000E+02
d-Na023-MT801-Vysotskij-F0984002-E0003.860.1970                  1 4.00000E+01 9.00000E+01
d-Na023-MT801-Vysotskij-F0984002-E0003.862.1970                  1 9.00000E+01 1.70000E+02
d-Na023-MT801-Vysotskij-F0984002-E0003.865.1970                  1 1.40000E+02 1.70000E+02
d-Na023-MT801-Vysotskij-F0984002-E0003.872.1970                  1 4.00000E+01 1.40000E+02
d-Na023-MT801-Vysotskij-F0984002-E0003.903.1970                  1 4.00000E+01 9.00000E+01
d-Na023-MT801-Vysotskij-F0984002-E0003.905.1970                  1 9.00000E+01 1.60000E+02
d-Na023-MT801-Vysotskij-F0984002-E0003.910.1970                  1 1.60000E+02 1.70000E+02
d-Na023-MT801-Vysotskij-F0984002-E0003.916.1970                  1 1.40000E+02 1.70000E+02
d-Na023-MT801-Vysotskij-F0984002-E0003.919.1970                  1 4.00000E+01 1.40000E+02
d-Na023-MT801-Vysotskij-F0984002-E0003.954.1970                  1 4.00000E+01 9.00000E+01
d-Na023-MT801-Vysotskij-F0984002-E0003.957.1970                  1 9.00000E+01 1.60000E+02
d-Na023-MT801-Vysotskij-F0984002-E0003.961.1970                  1 1.60000E+02 1.70000E+02
d-Na023-MT801-Vysotskij-F0984002-E0003.963.1970                  1 1.40000E+02 1.70000E+02
d-Na023-MT801-Vysotskij-F0984002-E0003.963A001.1970              1 4.00000E+01 1.40000E+02
d-Na023-MT801-Vysotskij-F0984002-E0003.997.1970                  1 4.00000E+01 9.00000E+01
d-Na023-MT801-Vysotskij-F0984002-E0004.004.1970                  1 9.00000E+01 1.70000E+02
d-Na023-MT801-Vysotskij-F0984002-E0004.005.1970                  1 1.40000E+02 1.70000E+02
d-Na023-MT801-Vysotskij-F0984002-E0004.006.1970                  1 1.40000E+02 1.60000E+02
d-Na023-MT801-Vysotskij-F0984002-E0004.008.1970                  1 4.00000E+01 1.60000E+02
d-Na023-MT801-Vysotskij-F0984003-E0002.307.1970                  1 4.00000E+01 1.40000E+02
d-Na023-MT801-Vysotskij-F0984003-E0002.317.1970                  1 1.40000E+02 1.70000E+02
d-Na023-MT801-Vysotskij-F0984003-E0002.335.1970                  1 4.00000E+01 1.70000E+02
d-Na023-MT801-Vysotskij-F0984003-E0002.354.1970                  1 4.00000E+01 1.40000E+02
d-Na023-MT801-Vysotskij-F0984003-E0002.361.1970                  1 1.40000E+02 1.70000E+02
d-Na023-MT801-Vysotskij-F0984003-E0002.386.1970                  1 4.00000E+01 1.70000E+02
d-Na023-MT801-Vysotskij-F0984003-E0002.402.1970                  1 4.00000E+01 1.40000E+02
d-Na023-MT801-Vysotskij-F0984003-E0002.404.1970                  1 1.40000E+02 1.70000E+02
d-Na023-MT801-Vysotskij-F0984003-E0002.426.1970                  1 1.40000E+02 1.70000E+02
d-Na023-MT801-Vysotskij-F0984003-E0002.456.1970                  1 4.00000E+01 1.40000E+02
d-Na023-MT801-Vysotskij-F0984003-E0002.457.1970                  1 4.00000E+01 1.70000E+02
d-Na023-MT801-Vysotskij-F0984003-E0002.474.1970                  1 1.40000E+02 1.70000E+02
d-Na023-MT801-Vysotskij-F0984003-E0002.503.1970                  1 4.00000E+01 1.40000E+02
d-Na023-MT801-Vysotskij-F0984003-E0002.504.1970                  1 4.00000E+01 1.70000E+02
d-Na023-MT801-Vysotskij-F0984003-E0002.525.1970                  1 4.00000E+01 1.70000E+02
d-Na023-MT801-Vysotskij-F0984003-E0002.556.1970                  1 4.00000E+01 1.40000E+02
d-Na023-MT801-Vysotskij-F0984003-E0002.559.1970                  1 1.40000E+02 1.70000E+02
d-Na023-MT801-Vysotskij-F0984003-E0002.576.1970                  1 4.00000E+01 1.70000E+02
d-Na023-MT801-Vysotskij-F0984003-E0002.607.1970                  1 4.00000E+01 1.70000E+02
d-Na023-MT801-Vysotskij-F0984003-E0002.620.1970                  1 1.40000E+02 1.70000E+02
d-Na023-MT801-Vysotskij-F0984003-E0002.657.1970                  1 4.00000E+01 1.40000E+02
d-Na023-MT801-Vysotskij-F0984003-E0002.659.1970                  1 4.00000E+01 1.70000E+02
d-Na023-MT801-Vysotskij-F0984003-E0002.667.1970                  1 4.00000E+01 1.70000E+02
d-Na023-MT801-Vysotskij-F0984003-E0002.706.1970                  1 4.00000E+01 1.40000E+02
d-Na023-MT801-Vysotskij-F0984003-E0002.709.1970                  1 1.40000E+02 1.70000E+02
d-Na023-MT801-Vysotskij-F0984003-E0002.723.1970                  1 4.00000E+01 1.70000E+02
d-Na023-MT801-Vysotskij-F0984003-E0002.754.1970                  1 4.00000E+01 1.40000E+02
d-Na023-MT801-Vysotskij-F0984003-E0002.757.1970                  1 1.40000E+02 1.70000E+02
d-Na023-MT801-Vysotskij-F0984003-E0002.774.1970                  1 4.00000E+01 1.70000E+02
d-Na023-MT801-Vysotskij-F0984003-E0002.801.1970                  1 4.00000E+01 1.40000E+02
d-Na023-MT801-Vysotskij-F0984003-E0002.808.1970                  1 1.40000E+02 1.70000E+02
d-Na023-MT801-Vysotskij-F0984003-E0002.826.1970                  1 4.00000E+01 1.70000E+02
d-Na023-MT801-Vysotskij-F0984003-E0002.853.1970                  1 4.00000E+01 1.70000E+02
d-Na023-MT801-Vysotskij-F0984003-E0002.869.1970                  1 1.60000E+02 1.70000E+02
d-Na023-MT801-Vysotskij-F0984003-E0002.874.1970                  1 9.00000E+01 1.60000E+02
d-Na023-MT801-Vysotskij-F0984003-E0002.876.1970                  1 9.00000E+01 1.40000E+02
d-Na023-MT801-Vysotskij-F0984003-E0002.903.1970                  1 4.00000E+01 1.40000E+02
d-Na023-MT801-Vysotskij-F0984003-E0002.904.1970                  1 4.00000E+01 9.00000E+01
d-Na023-MT801-Vysotskij-F0984003-E0002.923.1970                  1 9.00000E+01 1.70000E+02
d-Na023-MT801-Vysotskij-F0984003-E0002.924.1970                  1 1.60000E+02 1.70000E+02
d-Na023-MT801-Vysotskij-F0984003-E0002.925.1970                  1 4.00000E+01 1.60000E+02
d-Na023-MT801-Vysotskij-F0984003-E0002.963.1970                  1 4.00000E+01 9.00000E+01
d-Na023-MT801-Vysotskij-F0984003-E0002.967.1970                  1 9.00000E+01 1.70000E+02
d-Na023-MT801-Vysotskij-F0984003-E0002.968.1970                  1 1.60000E+02 1.70000E+02
d-Na023-MT801-Vysotskij-F0984003-E0002.973.1970                  1 1.40000E+02 1.60000E+02
d-Na023-MT801-Vysotskij-F0984003-E0003.006.1970                  1 4.00000E+01 1.40000E+02
d-Na023-MT801-Vysotskij-F0984003-E0003.007.1970                  1 4.00000E+01 9.00000E+01
d-Na023-MT801-Vysotskij-F0984003-E0003.018.1970                  1 9.00000E+01 1.70000E+02
d-Na023-MT801-Vysotskij-F0984003-E0003.019.1970                  1 1.60000E+02 1.70000E+02
d-Na023-MT801-Vysotskij-F0984003-E0003.024.1970                  1 4.00000E+01 1.60000E+02
d-Na023-MT801-Vysotskij-F0984003-E0003.062.1970                  1 4.00000E+01 9.00000E+01
d-Na023-MT801-Vysotskij-F0984003-E0003.066.1970                  1 9.00000E+01 1.70000E+02
d-Na023-MT801-Vysotskij-F0984003-E0003.071.1970                  1 1.60000E+02 1.70000E+02
d-Na023-MT801-Vysotskij-F0984003-E0003.072.1970                  1 4.00000E+01 1.60000E+02
d-Na023-MT801-Vysotskij-F0984003-E0003.106.1970                  1 4.00000E+01 9.00000E+01
d-Na023-MT801-Vysotskij-F0984003-E0003.121.1970                  1 9.00000E+01 1.70000E+02
d-Na023-MT801-Vysotskij-F0984003-E0003.122.1970                  1 1.60000E+02 1.70000E+02
d-Na023-MT801-Vysotskij-F0984003-E0003.127.1970                  1 4.00000E+01 1.60000E+02
d-Na023-MT801-Vysotskij-F0984003-E0003.153.1970                  1 4.00000E+01 1.40000E+02
d-Na023-MT801-Vysotskij-F0984003-E0003.160.1970                  1 9.00000E+01 1.40000E+02
d-Na023-MT801-Vysotskij-F0984003-E0003.169.1970                  1 9.00000E+01 1.70000E+02
d-Na023-MT801-Vysotskij-F0984003-E0003.170.1970                  1 1.60000E+02 1.70000E+02
d-Na023-MT801-Vysotskij-F0984003-E0003.171.1970                  1 1.40000E+02 1.60000E+02
d-Na023-MT801-Vysotskij-F0984003-E0003.208.1970                  1 4.00000E+01 1.40000E+02
d-Na023-MT801-Vysotskij-F0984003-E0003.212.1970                  1 4.00000E+01 1.70000E+02
d-Na023-MT801-Vysotskij-F0984003-E0003.218.1970                  1 1.60000E+02 1.70000E+02
d-Na023-MT801-Vysotskij-F0984003-E0003.218A001.1970              1 9.00000E+01 1.60000E+02
d-Na023-MT801-Vysotskij-F0984003-E0003.224.1970                  1 9.00000E+01 1.40000E+02
d-Na023-MT801-Vysotskij-F0984003-E0003.259.1970                  1 4.00000E+01 1.40000E+02
d-Na023-MT801-Vysotskij-F0984003-E0003.260.1970                  1 4.00000E+01 1.70000E+02
d-Na023-MT801-Vysotskij-F0984003-E0003.269.1970                  1 1.60000E+02 1.70000E+02
d-Na023-MT801-Vysotskij-F0984003-E0003.274.1970                  1 9.00000E+01 1.60000E+02
d-Na023-MT801-Vysotskij-F0984003-E0003.276.1970                  1 9.00000E+01 1.40000E+02
d-Na023-MT801-Vysotskij-F0984003-E0003.303.1970                  1 4.00000E+01 1.40000E+02
d-Na023-MT801-Vysotskij-F0984003-E0003.307.1970                  1 4.00000E+01 1.70000E+02
d-Na023-MT801-Vysotskij-F0984003-E0003.316.1970                  1 1.60000E+02 1.70000E+02
d-Na023-MT801-Vysotskij-F0984003-E0003.321.1970                  1 1.40000E+02 1.60000E+02
d-Na023-MT801-Vysotskij-F0984003-E0003.354.1970                  1 4.00000E+01 1.40000E+02
d-Na023-MT801-Vysotskij-F0984003-E0003.363.1970                  1 4.00000E+01 1.70000E+02
d-Na023-MT801-Vysotskij-F0984003-E0003.368.1970                  1 9.00000E+01 1.70000E+02
d-Na023-MT801-Vysotskij-F0984003-E0003.371.1970                  1 9.00000E+01 1.60000E+02
d-Na023-MT801-Vysotskij-F0984003-E0003.373.1970                  1 1.40000E+02 1.60000E+02
d-Na023-MT801-Vysotskij-F0984003-E0003.405.1970                  1 4.00000E+01 1.40000E+02
d-Na023-MT801-Vysotskij-F0984003-E0003.407.1970                  1 4.00000E+01 1.70000E+02
d-Na023-MT801-Vysotskij-F0984003-E0003.411.1970                  1 9.00000E+01 1.70000E+02
d-Na023-MT801-Vysotskij-F0984003-E0003.422.1970                  1 9.00000E+01 1.60000E+02
d-Na023-MT801-Vysotskij-F0984003-E0003.424.1970                  1 1.40000E+02 1.60000E+02
d-Na023-MT801-Vysotskij-F0984003-E0003.457.1970                  1 4.00000E+01 1.40000E+02
d-Na023-MT801-Vysotskij-F0984003-E0003.458.1970                  1 4.00000E+01 1.70000E+02
d-Na023-MT801-Vysotskij-F0984003-E0003.467.1970                  1 1.60000E+02 1.70000E+02
d-Na023-MT801-Vysotskij-F0984003-E0003.468.1970                  1 9.00000E+01 1.60000E+02
d-Na023-MT801-Vysotskij-F0984003-E0003.474.1970                  1 9.00000E+01 1.40000E+02
d-Na023-MT801-Vysotskij-F0984003-E0003.504.1970                  1 1.40000E+02 1.70000E+02
d-Na023-MT801-Vysotskij-F0984003-E0003.511.1970                  1 1.60000E+02 1.70000E+02
d-Na023-MT801-Vysotskij-F0984003-E0003.523.1970                  1 9.00000E+01 1.60000E+02
d-Na023-MT801-Vysotskij-F0984003-E0003.525.1970                  1 9.00000E+01 1.40000E+02
d-Na023-MT801-Vysotskij-F0984003-E0003.552.1970                  1 1.40000E+02 1.70000E+02
d-Na023-MT801-Vysotskij-F0984003-E0003.562.1970                  1 9.00000E+01 1.70000E+02
d-Na023-MT801-Vysotskij-F0984003-E0003.576.1970                  1 9.00000E+01 1.60000E+02
d-Na023-MT801-Vysotskij-F0984003-E0003.579.1970                  1 1.40000E+02 1.60000E+02
d-Na023-MT801-Vysotskij-F0984003-E0003.603.1970                  1 1.40000E+02 1.70000E+02
d-Na023-MT801-Vysotskij-F0984003-E0003.613.1970                  1 1.60000E+02 1.70000E+02
d-Na023-MT801-Vysotskij-F0984003-E0003.626.1970                  1 9.00000E+01 1.60000E+02
d-Na023-MT801-Vysotskij-F0984003-E0003.628.1970                  1 9.00000E+01 1.40000E+02
d-Na023-MT801-Vysotskij-F0984003-E0003.651.1970                  1 1.40000E+02 1.70000E+02
d-Na023-MT801-Vysotskij-F0984003-E0003.669.1970                  1 9.00000E+01 1.70000E+02
d-Na023-MT801-Vysotskij-F0984003-E0003.671.1970                  1 9.00000E+01 1.60000E+02
d-Na023-MT801-Vysotskij-F0984003-E0003.674.1970                  1 1.40000E+02 1.60000E+02
d-Na023-MT801-Vysotskij-F0984003-E0003.702.1970                  1 1.40000E+02 1.70000E+02
d-Na023-MT801-Vysotskij-F0984003-E0003.720.1970                  1 9.00000E+01 1.70000E+02
d-Na023-MT801-Vysotskij-F0984003-E0003.723.1970                  1 9.00000E+01 1.60000E+02
d-Na023-MT801-Vysotskij-F0984003-E0003.725.1970                  1 1.40000E+02 1.60000E+02
d-Na023-MT801-Vysotskij-F0984003-E0003.754.1970                  1 9.00000E+01 1.40000E+02
d-Na023-MT801-Vysotskij-F0984003-E0003.774.1970                  1 9.00000E+01 1.60000E+02
d-Na023-MT801-Vysotskij-F0984003-E0003.776.1970                  1 1.40000E+02 1.60000E+02
d-Na023-MT801-Vysotskij-F0984003-E0003.801.1970                  1 1.40000E+02 1.70000E+02
d-Na023-MT801-Vysotskij-F0984003-E0003.819.1970                  1 9.00000E+01 1.70000E+02
d-Na023-MT801-Vysotskij-F0984003-E0003.822.1970                  1 9.00000E+01 1.60000E+02
d-Na023-MT801-Vysotskij-F0984003-E0003.828.1970                  1 1.40000E+02 1.60000E+02
d-Na023-MT801-Vysotskij-F0984003-E0003.853.1970                  1 9.00000E+01 1.40000E+02
d-Na023-MT801-Vysotskij-F0984003-E0003.869.1970                  1 9.00000E+01 1.70000E+02
d-Na023-MT801-Vysotskij-F0984003-E0003.870.1970                  1 1.60000E+02 1.70000E+02
d-Na023-MT801-Vysotskij-F0984003-E0003.875.1970                  1 1.40000E+02 1.60000E+02
d-Na023-MT801-Vysotskij-F0984003-E0003.904.1970                  1 9.00000E+01 1.40000E+02
d-Na023-MT801-Vysotskij-F0984003-E0003.917.1970                  1 9.00000E+01 1.70000E+02
d-Na023-MT801-Vysotskij-F0984003-E0003.918.1970                  1 1.60000E+02 1.70000E+02
d-Na023-MT801-Vysotskij-F0984003-E0003.927.1970                  1 1.40000E+02 1.60000E+02
d-Na023-MT801-Vysotskij-F0984003-E0003.956.1970                  1 1.40000E+02 1.70000E+02
d-Na023-MT801-Vysotskij-F0984003-E0003.965.1970                  1 9.00000E+01 1.70000E+02
d-Na023-MT801-Vysotskij-F0984003-E0003.968.1970                  1 9.00000E+01 1.60000E+02
d-Na023-MT801-Vysotskij-F0984003-E0003.974.1970                  1 1.40000E+02 1.60000E+02
d-Na023-MT801-Vysotskij-F0984003-E0004.007.1970                  1 1.40000E+02 1.70000E+02
d-Na023-MT801-Vysotskij-F0984003-E0004.017.1970                  1 9.00000E+01 1.70000E+02
d-Na023-MT801-Vysotskij-F0984003-E0004.020.1970                  2 9.00000E+01 1.60000E+02
d-Na023-MT801-Vysotskij-F0984004-E0002.300.1970                 14 3.87430E+01 1.68590E+02
d-Na023-MT801-Vysotskij-F0984004-E0002.500.1970                 14 3.93460E+01 1.67880E+02
d-Na023-MT801-Vysotskij-F0984004-E0002.800.1970                 14 3.99940E+01 1.68220E+02
d-Na023-MT801-Vysotskij-F0984004-E0003.000.1970                 14 3.87270E+01 1.68230E+02
d-Na023-MT801-Vysotskij-F0984004-E0003.350.1970                 14 3.87270E+01 1.67180E+02
d-Na023-MT801-Vysotskij-F0984004-E0003.500.1970                 14 4.02090E+01 1.67770E+02
d-Na023-MT801-Vysotskij-F0984004-E0003.650.1970                 14 3.90710E+01 1.67800E+02
d-Na023-MT801-Vysotskij-F0984004-E0003.800.1970                 14 3.90710E+01 1.68050E+02
d-Na023-MT801-Vysotskij-F0984004-E0004.000.1970                 14 3.95930E+01 1.69090E+02
d-Na023-MT801-Vysotskij-F0984005-E0002.300.1970                 14 3.86380E+01 1.68040E+02
d-Na023-MT801-Vysotskij-F0984005-E0002.500.1970                 14 3.91440E+01 1.68590E+02
d-Na023-MT801-Vysotskij-F0984005-E0002.800.1970                  8 3.99590E+01 1.68340E+02
d-Na023-MT801-Vysotskij-F0984005-E0003.000.1970                 14 3.88120E+01 1.68950E+02
d-Na023-MT801-Vysotskij-F0984005-E0003.350.1970                 13 3.88120E+01 1.68270E+02
d-Na023-MT801-Vysotskij-F0984005-E0003.500.1970                 14 4.16790E+01 1.70260E+02
d-Na023-MT801-Vysotskij-F0984005-E0003.650.1970                 14 4.18310E+01 1.71050E+02
d-Na023-MT801-Vysotskij-F0984005-E0003.800.1970                 14 4.16900E+01 1.70300E+02
d-Na023-MT801-Vysotskij-F0984005-E0004.000.1970                 14 4.16900E+01 1.71060E+02
