#              Filename                                         N    min         max
n-Ho165-MT151-Alfimenkov-405220021.1981                         56 3.92000E-06 3.06600E-04
n-Ho165-MT151-Alfimenkov-405220022.1981                         55 3.92000E-06 3.06600E-04
n-Ho165-MT151-Asghar-211090051.1968                             47 8.14000E-06 2.61000E-04
n-Ho165-MT151-Asghar-211090052.1968                             28 3.54200E-05 2.61000E-04
n-Ho165-MT151-Asghar-211090053.1968                             15 3.54200E-05 2.39100E-04
n-Ho165-MT151-Bokhovko-41177016.1991                             2 5.02500E-01 5.02500E-01
n-Ho165-MT151-Brunhart-11771002.1965                             2 1.82000E-05 2.13000E-05
n-Ho165-MT151-Camarda-10765011.1974                              1 3.00500E-01 3.00500E-01
n-Ho165-MT151-Camarda-10765011A001.1974                          1 3.00500E-01 3.00500E-01
n-Ho165-MT151-Chandramoleswar-304080041.1966                     1 3.92000E-06 3.92000E-06
n-Ho165-MT151-Chandramoleswar-304080043.1966                     1 3.92000E-06 3.92000E-06
n-Ho165-MT151-Coceva-210500021.1977                             78 3.92000E-06 3.86000E-04
n-Ho165-MT151-Coceva-210500022.1977                             66 3.92000E-06 3.84600E-04
n-Ho165-MT151-Coceva-21050003.1977                              16 2.50000E-05 1.88100E-03
n-Ho165-MT151-Coceva-21050004.1977                              16 2.50000E-05 1.88100E-03
n-Ho165-MT151-Danon-137250141.1998                               7-1.09000E-05 2.11940E-05
n-Ho165-MT151-Danon-137250142.1998                               5 3.91410E-06 2.11940E-05
n-Ho165-MT151-Danon-137250143.1998                               7-1.09000E-05 2.11940E-05
n-Ho165-MT151-Dilg-20583048.1972                                 1 2.70000E-03 2.70000E-03
n-Ho165-MT151-Footejr-121070051.1953                             5 3.96000E-06 3.90000E-05
n-Ho165-MT151-Gibbons-11329096.1961                              2 1.05000E-01 1.05000E-01
n-Ho165-MT151-Harvey-119120531.1955                             19 3.92000E-06 1.30000E-04
n-Ho165-MT151-Harvey-119120532.1955                             19 3.92000E-06 1.30000E-04
n-Ho165-MT151-Harvey-119120533.1955                             19 3.92000E-06 1.30000E-04
n-Ho165-MT151-Huffman-136400031.1996                           109 8.17000E-06 4.95100E-04
n-Ho165-MT151-Karzhavina-40032002.1967                          89 3.91000E-06 5.10400E-04
n-Ho165-MT151-Karzhavina-40032003.1967                          74 3.91000E-06 4.95000E-04
n-Ho165-MT151-Karzhavina-40032004.1967                          74 3.91000E-06 4.95000E-04
n-Ho165-MT151-Karzhavina-40032005.1967                          17 3.91000E-06 1.06300E-04
n-Ho165-MT151-Karzhavina-40032007.1967                           1 2.49455E-04 2.49455E-04
n-Ho165-MT151-Knopf-224500461.1997                               2-1.10000E-05 0.00000E+00
n-Ho165-MT151-Knopf-224500462.1997                               2-1.10000E-05 0.00000E+00
n-Ho165-MT151-Knopf-224500463.1997                               2-1.10000E-05 0.00000E+00
n-Ho165-MT151-Knopf-224500464.1997                               2-1.10000E-05 0.00000E+00
n-Ho165-MT151-Konks-40362020.1968                                1 4.00000E-02 4.00000E-02
n-Ho165-MT151-Konks-403620221.1968                               1 4.00000E-02 4.00000E-02
n-Ho165-MT151-Konks-403620222.1968                               1 4.00000E-02 4.00000E-02
n-Ho165-MT151-Konks-403620223.1968                               1 4.00000E-02 4.00000E-02
n-Ho165-MT151-Konks-40362023.1968                                1 4.00000E-02 4.00000E-02
n-Ho165-MT151-Macklin-105310061.1976                            51 2.59190E-03 3.06770E-03
n-Ho165-MT151-Macklin-105310061A001.1976                        51 2.59190E-03 3.06770E-03
n-Ho165-MT151-Marshak-11984003.1961                              2 3.96000E-06 1.28000E-05
n-Ho165-MT151-Masyanov-411230021.1992                           28 3.92000E-06 1.28100E-04
n-Ho165-MT151-Masyanov-411230022.1992                           19 8.16000E-06 1.28100E-04
n-Ho165-MT151-Masyanov-411230024.1992                           19 8.16000E-06 1.28100E-04
n-Ho165-MT151-Masyanov-411230031.1992                           28 3.92000E-06 1.28100E-04
n-Ho165-MT151-Masyanov-411230032.1992                           28 3.92000E-06 1.28100E-04
n-Ho165-MT151-Masyanov-411230041.1992                            1 1.37000E-04 1.37000E-04
n-Ho165-MT151-Navalkar-310980061.1968                            1 3.92000E+00 3.92000E+00
n-Ho165-MT151-Poenitz-10167002.1970                             14 1.83000E-05 8.60000E-05
n-Ho165-MT151-Poenitz-10167002A001.1970                         14 1.83000E-05 8.60000E-05
n-Ho165-MT151-Postma-11160002.1962                               2 3.92000E-06 1.28000E-05
n-Ho165-MT151-Postma-11160002A001.1962                           2 3.92000E-06 1.28000E-05
n-Ho165-MT151-Schermer-121230031.1964                            1 3.92400E-06 3.92400E-06
n-Ho165-MT151-Schermer-121230033.1964                            1 3.92400E-06 3.92400E-06
n-Ho165-MT151-Tellier-20119003.1970                             86 8.16000E-06 6.44200E-04
n-Ho165-MT151-Tellier-20119005.1970                            278 8.16000E-06 1.23300E-03
n-Ho165-MT151-Tellier-20119006.1970                            126 8.16000E-06 1.21800E-03
n-Ho165-MT151-Tellier-20119007.1970                             72 1.24000E-03 1.72000E-03
n-Ho165-MT151-Tellier-20119008.1970                              1 6.22500E-04 6.22500E-04
n-Ho165-MT151-Tellier-20119009.1970                              1 1.05000E-01 1.05000E-01
