#              Filename                                         N    min         max     
p-Mg000-rp011022-Lagunassolar-C0095006.1990                     38 2.65000E+01 6.68000E+01
p-Mg000-rp011022-Sisterson-C0196016.1996                         3 4.99000E+01 6.74000E+01
p-Mg000-rp011022-Sisterson-C0196017.1996                         3 1.01100E+02 1.58900E+02
p-Mg000-rp011022-Sisterson-C0196018.1996                         3 2.00000E+02 5.00000E+02
p-Mg000-rp011022-Korteling-C0253004.1970                         3 1.00000E+02 3.00000E+02
p-Mg000-rp011022-Bartell-C2004007.1951                          13 1.06400E+01 3.05000E+01
p-Mg000-rp011022-Pulfer-D0053002.1979                           20 1.51100E+01 7.10200E+01
p-Mg000-rp011022-Pulfer-D0053003.1979                            1 1.82000E+03 1.82000E+03
p-Mg000-rp011022-Steyn-D1013004.2021                            27 5.87000E+00 6.67800E+01
p-Mg000-rp011022-Batzel-D4101003.1954                           12 1.00000E+01 3.17500E+01
p-Mg000-rp011022-Raisbeck-O00940062.1975                         1 1.00000E+03 1.00000E+03
p-Mg000-rp011022-Raisbeck-O00940072.1975                         1 2.00000E+03 2.00000E+03
p-Mg000-rp011022-Raisbeck-O00940082.1975                         1 3.00000E+03 3.00000E+03
p-Mg000-rp011022-Raisbeck-O00940092.1975                         1 2.30000E+04 2.30000E+04
p-Mg000-rp011022-Baros-O2015002.1984                             3 1.00000E+03 2.40000E+04
p-Mg000-rp011022-Raisbeck-O2056005.1974                          1 6.00000E+02 6.00000E+02
p-Mg000-rp011022-Bimbot-O2134028.1971                            2 5.00000E+01 1.00000E+02
p-Mg000-rp011022-Rayudu-O0073021.1964                            4 1.30000E+02 3.96000E+02
p-Mg000-rp011022-Rayudu-O0077025.1968                            5 5.00000E+02 2.90000E+03
p-Mg000-rp011022-Michel-O00780032.1989                           1 6.00000E+02 6.00000E+02
p-Mg000-rp011022-Michel-O0276463.1997                          117 8.25000E+00 1.60000E+03
p-Mg000-rp011022-Michel-O0277016.1995                            4 8.00000E+02 2.60000E+03
p-Mg000-rp011022-Bodemann-O0282006.1993                          7 3.04000E+01 9.80000E+01
p-Mg000-rp011022-Schiekel-O0284010.1996                          4 2.54000E+02 3.96000E+02
p-Mg000-rp011022-Korteling-O0412039.1967                         1 4.00000E+02 4.00000E+02
p-Mg000-rp011022-Heydegger-O05010021.1976                        4 1.19000E+02 4.35000E+02
p-Mg000-rp011022-Furukawa-O0972005.1971                         14 6.57000E+00 4.99000E+01
