#              Filename                                         N    min         max
n-Er000-MT001-Bernstein-11745012.1952                           19 3.01000E-08 2.30000E-07
n-Er000-MT001-Conner-11320011.1958                               3 1.31400E+01 1.56000E+01
n-Er000-MT001-Danon-13725019.1998                                1 2.53000E-08 2.53000E-08
n-Er000-MT001-Dilg-20583022.1972                                 1 2.70000E-03 2.70000E-03
n-Er000-MT001-Fosterjr-10047072.1971                           234 2.25700E+00 1.49460E+01
n-Er000-MT001-Fosterjr-10047072A001.1971                       234 2.25700E+00 1.49460E+01
n-Er000-MT001-Haugsnes-11733009.1967                             1 1.41000E+01 1.41000E+01
n-Er000-MT001-Hughes-11259003.1958                             522 1.09000E-06 4.40000E-03
n-Er000-MT001-Kellie-20418010.1974                             587 8.00000E-01 9.02300E+00
n-Er000-MT001-Knopf-22450031.1997                                1 5.68000E-10 5.68000E-10
n-Er000-MT001-Knorr-21498008.1970                                8 1.37000E-10 3.16800E-09
n-Er000-MT001-Knorr-22505004.1966                                7 3.43000E-10 2.50400E-09
n-Er000-MT001-Malik-10501027.1970                                4 3.30000E-08 2.70000E-07
n-Er000-MT001-Malik-10501027A001.1970                            4 3.30000E-08 2.70000E-07
n-Er000-MT001-Moller-12097007.1960                              86 2.05700E-07 8.88900E-07
n-Er000-MT001-Ohno-23384004.1965                                31 6.36200E-10 2.26800E-08
n-Er000-MT001-Okazaki-12061004.1954                             27 5.00000E-02 2.95000E+00
n-Er000-MT001-Roesser-12079002.1960                            126 1.03000E-09 6.50000E-07
n-Er000-MT001-Sailor-12110004.1954                              77 1.04000E-06 5.56000E-05
n-Er000-MT001-Seth-11781016.1965                                49 5.00000E-03 1.95000E-01
n-Er000-MT001-Seth-11781017.1965                                44 2.10000E-01 6.40000E-01
n-Er000-MT001-Tuckey-214750022.1961                              2 4.60000E-07 5.80000E-07
n-Er000-MT001-Wang-31688002.2010                               563 1.83440E-07 2.00613E-04
n-Er000-MT001-Zimmerman-30224010.1967                           23 5.49000E-09 2.95000E-07
n-Er000-MT001-Zimmerman-30224011.1967                            1 2.53000E-08 2.53000E-08
