#              Filename                                         N    min         max
g-C012-MT002-Dodge-M0414002-ang-E0023.500.1983                   3 4.50000E+01 1.35000E+02
g-C012-MT002-Dodge-M0414002-ang-E0025.900.1983                   1 9.00000E+01 1.35000E+02
g-C012-MT002-Dodge-M0414002-ang-E0026.000.1983                   1 9.00000E+01 1.35000E+02
g-C012-MT002-Dodge-M0414002-ang-E0030.000.1983                   1 9.00000E+01 1.35000E+02
g-C012-MT002-Hager-M0549002-ang-E0058.000.1995                   4 6.00000E+01 1.35000E+02
g-C012-MT002-Hager-M0549003-ang-E0075.000.1995                   5 4.50000E+01 1.35000E+02
g-C012-MT002-Ludwig-M0875002-ang-E0061.000.1992                  2 9.00000E+01 9.00000E+01
g-C012-MT002-Ludwig-M0875003-ang-E0061.000.1992                  2 9.00000E+01 9.00000E+01
g-C012-MT002-Myers-G0037002-ang-E0065.500.2014                   2 6.00000E+01 1.20000E+02
g-C012-MT002-Myers-G0037002-ang-E0069.600.2014                   2 6.00000E+01 1.50000E+02
g-C012-MT002-Myers-G0037002-ang-E0075.700.2014                   2 6.00000E+01 1.20000E+02
g-C012-MT002-Myers-G0037002-ang-E0077.900.2014                   2 6.00000E+01 1.50000E+02
g-C012-MT002-Myers-G0037002-ang-E0085.800.2014                   3 6.00000E+01 1.50000E+02
g-C012-MT002-Myers-G0037002-ang-E0086.100.2014                   2 6.00000E+01 1.50000E+02
g-C012-MT002-Myers-G0037002-ang-E0086.200.2014                   2 6.00000E+01 1.20000E+02
g-C012-MT002-Myers-G0037002-ang-E0093.400.2014                   2 6.00000E+01 1.50000E+02
g-C012-MT002-Myers-G0037002-ang-E0094.800.2014                   2 6.00000E+01 1.50000E+02
g-C012-MT002-Myers-G0037003-ang-E0065.500.2014                  20 6.00000E+01 1.20000E+02
g-C012-MT002-Warkentin-L0191002-ang-E0086.000.2001              20 3.50000E+01 1.50000E+02
g-C012-MT002-Wright-M0409002-ang-E0022.500.1985                 31 4.50000E+01 4.50000E+01
g-C012-MT002-Wright-M0409003-ang-E0022.500.1985                 31 1.35000E+02 1.35000E+02
g-C012-MT002-Wright-M0409004-ang-E0032.600.1985                  8 9.00000E+01 9.00000E+01
g-C012-MT002-Wright-M0581002-ang-E0022.500.1985                 70 4.50000E+01 1.35000E+02
