#              Filename                                         N    min         max
p-Te128-MT002-Foster-C2691003-ang-E0007.728.1968                 1 9.05000E+01 1.20400E+02
p-Te128-MT002-Foster-C2691003-ang-E0007.737.1968                 1 1.20400E+02 1.50200E+02
p-Te128-MT002-Foster-C2691003-ang-E0007.741.1968                 1 9.05000E+01 1.50200E+02
p-Te128-MT002-Foster-C2691003-ang-E0007.747.1968                 1 9.05000E+01 1.20400E+02
p-Te128-MT002-Foster-C2691003-ang-E0007.748.1968                 1 9.05000E+01 1.20400E+02
p-Te128-MT002-Foster-C2691003-ang-E0007.753.1968                 1 9.05000E+01 1.70100E+02
p-Te128-MT002-Foster-C2691003-ang-E0007.755.1968                 1 1.50200E+02 1.70100E+02
p-Te128-MT002-Foster-C2691003-ang-E0007.759.1968                 1 9.05000E+01 1.50200E+02
p-Te128-MT002-Foster-C2691003-ang-E0007.763.1968                 3 9.05000E+01 1.50200E+02
p-Te128-MT002-Foster-C2691003-ang-E0007.765.1968                 1 1.20400E+02 1.70100E+02
p-Te128-MT002-Foster-C2691003-ang-E0007.769.1968                 1 1.50200E+02 1.70100E+02
p-Te128-MT002-Foster-C2691003-ang-E0007.778.1968                 1 9.05000E+01 1.50200E+02
p-Te128-MT002-Foster-C2691003-ang-E0007.784.1968                 1 9.05000E+01 1.70100E+02
p-Te128-MT002-Foster-C2691003-ang-E0007.786.1968                 1 1.20400E+02 1.70100E+02
p-Te128-MT002-Foster-C2691003-ang-E0007.788.1968                 1 9.05000E+01 1.20400E+02
p-Te128-MT002-Foster-C2691003-ang-E0007.791.1968                 1 9.05000E+01 1.50200E+02
p-Te128-MT002-Foster-C2691003-ang-E0007.798.1968                 1 1.20400E+02 1.50200E+02
p-Te128-MT002-Foster-C2691003-ang-E0007.800.1968                 1 9.05000E+01 1.20400E+02
p-Te128-MT002-Foster-C2691003-ang-E0007.801.1968                 1 9.05000E+01 1.70100E+02
p-Te128-MT002-Foster-C2691003-ang-E0007.804.1968                 1 1.20400E+02 1.70100E+02
p-Te128-MT002-Foster-C2691003-ang-E0007.810.1968                 2 1.20400E+02 1.70100E+02
p-Te128-MT002-Foster-C2691003-ang-E0007.812.1968                 1 1.20400E+02 1.50200E+02
p-Te128-MT002-Foster-C2691003-ang-E0007.815.1968                 1 9.05000E+01 1.20400E+02
p-Te128-MT002-Foster-C2691003-ang-E0007.820.1968                 1 9.05000E+01 1.70100E+02
p-Te128-MT002-Foster-C2691003-ang-E0007.826.1968                 1 1.50200E+02 1.70100E+02
p-Te128-MT002-Foster-C2691003-ang-E0007.828.1968                 1 9.05000E+01 1.50200E+02
p-Te128-MT002-Foster-C2691003-ang-E0007.830.1968                 1 9.05000E+01 1.20400E+02
p-Te128-MT002-Foster-C2691003-ang-E0007.833.1968                 1 1.20400E+02 1.50200E+02
p-Te128-MT002-Foster-C2691003-ang-E0007.834.1968                 2 1.50200E+02 1.70100E+02
p-Te128-MT002-Foster-C2691003-ang-E0007.840.1968                 1 9.05000E+01 1.70100E+02
p-Te128-MT002-Foster-C2691003-ang-E0007.842.1968                 1 9.05000E+01 1.70100E+02
p-Te128-MT002-Foster-C2691003-ang-E0007.844.1968                 1 1.20400E+02 1.70100E+02
p-Te128-MT002-Foster-C2691003-ang-E0007.845.1968                 1 1.20400E+02 1.50200E+02
p-Te128-MT002-Foster-C2691003-ang-E0007.848.1968                 1 9.05000E+01 1.50200E+02
p-Te128-MT002-Foster-C2691003-ang-E0007.853.1968                 1 9.05000E+01 1.20400E+02
p-Te128-MT002-Foster-C2691003-ang-E0007.855.1968                 1 9.05000E+01 1.20400E+02
p-Te128-MT002-Foster-C2691003-ang-E0007.858.1968                 1 9.05000E+01 1.70100E+02
p-Te128-MT002-Foster-C2691003-ang-E0007.859.1968                 1 9.05000E+01 1.70100E+02
p-Te128-MT002-Foster-C2691003-ang-E0007.865.1968                 1 9.05000E+01 1.50200E+02
p-Te128-MT002-Foster-C2691003-ang-E0007.870.1968                 1 1.50200E+02 1.70100E+02
p-Te128-MT002-Foster-C2691003-ang-E0007.873.1968                 1 1.20400E+02 1.70100E+02
p-Te128-MT002-Foster-C2691003-ang-E0007.878.1968                 2 9.05000E+01 1.50200E+02
p-Te128-MT002-Foster-C2691003-ang-E0007.882.1968                 1 9.05000E+01 1.70100E+02
p-Te128-MT002-Foster-C2691003-ang-E0007.883.1968                 1 9.05000E+01 1.70100E+02
p-Te128-MT002-Foster-C2691003-ang-E0007.884.1968                 1 9.05000E+01 1.50200E+02
p-Te128-MT002-Matoba-E1415005-ang-E0051.900.1975                27 6.60004E+00 8.58000E+01
