#              Filename                                         N    min         max
n-Ce000-MT001-Adib-30906002.1979                               169 1.80495E-07 9.25758E-04
n-Ce000-MT001-Angeli-30141014.1971                               1 1.47000E+01 1.47000E+01
n-Ce000-MT001-Carter-11897003.1955                              38 4.60000E-06 1.93000E-04
n-Ce000-MT001-Conner-11320007.1958                               3 1.31400E+01 1.56000E+01
n-Ce000-MT001-Coon-12524044.1952                                 1 1.41200E+01 1.41200E+01
n-Ce000-MT001-Dilg-20583013.1972                                 1 2.70000E-03 2.70000E-03
n-Ce000-MT001-Egelstaff-21037005.1955                           50 2.90000E-06 3.41000E-05
n-Ce000-MT001-Fosterjr-10047062.1971                           254 2.26000E+00 1.48660E+01
n-Ce000-MT001-Fosterjr-10047062A001.1971                       254 2.26000E+00 1.48660E+01
n-Ce000-MT001-Franz-22117011.1988                               22 1.60000E+02 5.75000E+02
n-Ce000-MT001-Gayther-21038002.1957                            192 2.88000E-06 3.60000E-02
n-Ce000-MT001-Hibdon-11261029.1949                               2 1.20000E-04 3.45000E-04
n-Ce000-MT001-Islam-30134005.1973                              101 1.01300E+00 2.01300E+00
n-Ce000-MT001-Kellie-20418003.1974                             642 7.00020E-01 9.03430E+00
n-Ce000-MT001-Knopf-21922009.1982                                3 5.70000E-10 5.19000E-06
n-Ce000-MT001-Manero-20170004.1968                              67 3.29000E+00 5.18000E+00
n-Ce000-MT001-Miller-11712018.1952                              90 5.00000E-03 3.21000E+00
n-Ce000-MT001-Newson-11834008.1956                              86 5.25000E-03 5.57000E-02
n-Ce000-MT001-Peterson-11108033.1960                             4 1.75000E+01 2.78000E+01
n-Ce000-MT001-Peterson-11108033A001.1960                         4 1.75000E+01 2.78000E+01
n-Ce000-MT001-Pineo-10542013.1974                               77 1.43800E-02 6.28800E-01
n-Ce000-MT001-Pineo-10542013A001.1974                           77 1.43800E-02 6.28800E-01
n-Ce000-MT001-Wells-11121018.1963                               24 1.20800E+00 1.78700E+00
n-Ce000-MT001-Wells-11121018A001.1963                           24 1.20800E+00 1.78700E+00
