#              Filename                                         N    min         max
n-V000-MT001-Abfalterer-13753016.2001                          467 5.29300E+00 5.59100E+02
n-V000-MT001-Abfalterer-13794007.2000                          717 7.50000E-01 2.99700E+00
n-V000-MT001-Bendt-11652002.1953                                30 1.25000E-08 5.80000E-06
n-V000-MT001-Bennett-11265005.1957                              14 2.25000E+00 2.74900E+00
n-V000-MT001-Blair-11666002.1950                               137 1.30000E-02 1.00000E+00
n-V000-MT001-Brockhouse-11653002.1953                           14 2.10000E-08 4.53000E-06
n-V000-MT001-Cabe-20480011.1973                                388 1.15000E+00 6.09300E+00
n-V000-MT001-Cabe-20480012.1973                                571 7.20000E-02 1.19500E+00
n-V000-MT001-Ceulemans-20369004.1970                             9 2.52400E-08 1.00300E-06
n-V000-MT001-Cierjacks-20011005.1969                          6178 3.60020E-01 3.19780E+01
n-V000-MT001-Cote-11641005.1958                                108 4.01000E-04 8.94500E-02
n-V000-MT001-Cote-11641006.1958                                 37 6.42000E-05 3.95000E-04
n-V000-MT001-Dilg-20602009.1974                                  1 1.88000E-05 1.88000E-05
n-V000-MT001-Filippov-40082008.1968                             13 7.00000E-02 2.05000E+00
n-V000-MT001-Franz-22117006.1988                                22 1.60000E+02 5.75000E+02
n-V000-MT001-Galloway-11522006.1966                            347 1.99600E+00 1.00600E+01
n-V000-MT001-Garg-10716011.1978                               3719 5.84700E-04 2.19300E-01
n-V000-MT001-Garg-10716011A001.1978                           3719 5.84700E-04 2.19300E-01
n-V000-MT001-Goodman-11057010.1952                               1 1.40000E+01 1.40000E+01
n-V000-MT001-Goodman-11057010A001.1952                           1 1.40000E+01 1.40000E+01
n-V000-MT001-Guenther-10686002.1977                             46 5.04000E-01 5.25500E+00
n-V000-MT001-Guenther-10686002A001.1977                         46 5.04000E-01 5.25500E+00
n-V000-MT001-Hibdon-11386005.1952                               19 1.95000E-03 2.50700E-02
n-V000-MT001-Kent-11617011.1962                                  1 3.66000E+00 3.66000E+00
n-V000-MT001-Koester-22217016.1990                               1 1.97000E-03 1.97000E-03
n-V000-MT001-Koester-22241012.1993                               5 1.26000E-06 1.97000E-03
n-V000-MT001-Lasday-11041006.1951                                1 1.39000E+01 1.39000E+01
n-V000-MT001-Lasday-11041006A001.1951                            1 1.39000E+01 1.39000E+01
n-V000-MT001-Manero-20209002.1965                               42 3.19000E+00 5.22000E+00
n-V000-MT001-Palevsky-11663002.1953                             48 8.66000E-10 3.61000E-08
n-V000-MT001-Peterson-11108016.1960                              4 1.75000E+01 2.77000E+01
n-V000-MT001-Peterson-11108016A001.1960                          4 1.75000E+01 2.77000E+01
n-V000-MT001-Policroniades-31468003.1994                         7 2.98000E+00 6.71000E+00
n-V000-MT001-Polo-12840002.1983                                  8 1.00000E-13 1.30000E-12
n-V000-MT001-Rayburn-11026015.1965                               1 1.44000E-06 1.44000E-06
n-V000-MT001-Rayburn-11026015A001.1965                           1 1.44000E-06 1.44000E-06
n-V000-MT001-Rustad-11586003.1965                                1 2.53000E-08 2.53000E-08
n-V000-MT001-Schmunk-11634003.1960                              93 2.03000E-09 2.85600E-07
n-V000-MT001-Smith-10008005.1970                               404 1.00800E-01 5.06200E-01
n-V000-MT001-Smith-10008005A001.1970                           404 1.00800E-01 5.06200E-01
n-V000-MT001-Smith-10008006.1970                               798 5.05580E-01 1.44060E+00
n-V000-MT001-Smith-10008006A001.1970                           798 5.05580E-01 1.44060E+00
n-V000-MT001-Vertebnyi-40294002.1973                            63 7.00000E-09 1.10000E-04
n-V000-MT001-Vertebnyi-40294003.1973                             4 2.53000E-08 2.53000E-08
n-V000-MT001-Vertebnyi-40294011.1973                             1 2.53000E-08 2.53000E-08
n-V000-MT001-Western-12069014.1966                               1 1.47000E+01 1.47000E+01
