#              Filename                                         N    min         max
n-H003-MT002-Basar-31048004-ang-E0014.400.1967                  11 6.26000E+01 1.66000E+02
n-H003-MT002-Basar-31048005-ang-E0014.400.1967                  11 6.26000E+01 1.60600E+02
n-H003-MT002-Cambou-21223004-ang-E0014.580.1961                 28 5.97000E+01 1.80000E+02
n-H003-MT002-Coon-11040002-ang-E0014.300.1951                    8 6.27000E+01 1.80000E+02
n-H003-MT002-Coon-11040002-ang-E0014.300A001.1951                8 6.27000E+01 1.80000E+02
n-H003-MT002-Debertin-21507002-ang-E0014.100.1967                8 8.07000E+01 1.74000E+02
n-H003-MT002-Debertin-21507003-ang-E0018.000.1967                9 6.62000E+01 1.74000E+02
n-H003-MT002-Frenje-14305002-ang-E0014.100.2011                 41 4.49000E+01 1.68500E+02
n-H003-MT002-Fuschini-21222003-ang-E0015.200.1967                2 0.00000E+00 1.50000E+01
n-H003-MT002-Kootsey-11166002-ang-E0014.100.1968                 7 4.20000E+01 1.58400E+02
n-H003-MT002-Kootsey-11166002-ang-E0014.100A001.1968             7 4.20000E+01 1.58400E+02
n-H003-MT002-Seagrave-10159012-ang-E0006.000.1972                9 2.35000E+01 1.35000E+02
n-H003-MT002-Seagrave-10159012-ang-E0006.000A001.1972            9 2.35000E+01 1.35000E+02
n-H003-MT002-Seagrave-10159012-ang-E0009.000.1972                9 2.35000E+01 1.35000E+02
n-H003-MT002-Seagrave-10159012-ang-E0009.000A001.1972            9 2.35000E+01 1.35000E+02
n-H003-MT002-Seagrave-10159014-ang-E0018.000.1972               14 2.40000E+01 1.34000E+02
n-H003-MT002-Seagrave-10159014-ang-E0018.000A001.1972           14 2.40000E+01 1.34000E+02
n-H003-MT002-Seagrave-10159014-ang-E0019.500.1972               11 2.80000E+01 1.32600E+02
n-H003-MT002-Seagrave-10159014-ang-E0019.500A001.1972           11 2.80000E+01 1.32600E+02
n-H003-MT002-Seagrave-10159014-ang-E0021.000.1972               11 2.80000E+01 1.35000E+02
n-H003-MT002-Seagrave-11107003-ang-E0001.000.1960               44 2.00000E+01 1.52100E+02
n-H003-MT002-Shirato-20714002-ang-E0014.100.1976                 5 3.99998E+00 3.96000E+01
