#              Filename                                         N    min         max
n-Cr000-MT052-Kinney-10413005-ang-E0004.070.1974                 3 4.85000E+01 8.64000E+01
n-Cr000-MT052-Kinney-10413005-ang-E0004.070A001.1974             3 4.85000E+01 8.64000E+01
n-Cr000-MT052-Kinney-10413005-ang-E0004.340.1974                12 4.85000E+01 1.37400E+02
n-Cr000-MT052-Kinney-10413005-ang-E0004.340A001.1974            12 4.85000E+01 1.37400E+02
n-Cr000-MT052-Kinney-10413005-ang-E0004.650.1974                 3 2.55000E+01 8.63000E+01
n-Cr000-MT052-Kinney-10413005-ang-E0004.650A001.1974             3 2.55000E+01 8.63000E+01
n-Cr000-MT052-Kinney-10413005-ang-E0004.920.1974                15 2.55000E+01 1.37400E+02
n-Cr000-MT052-Kinney-10413005-ang-E0004.920A001.1974            15 2.55000E+01 1.37400E+02
n-Cr000-MT052-Kinney-10413005-ang-E0005.230.1974                 3 4.83000E+01 8.62000E+01
n-Cr000-MT052-Kinney-10413005-ang-E0005.230A001.1974             3 4.83000E+01 8.62000E+01
n-Cr000-MT052-Kinney-10413005-ang-E0005.500.1974                 3 2.80000E+01 6.35000E+01
n-Cr000-MT052-Kinney-10413005-ang-E0005.500A001.1974             3 2.80000E+01 6.35000E+01
n-Cr000-MT052-Kinney-10413005-ang-E0006.440.1974                15 2.80000E+01 1.35200E+02
n-Cr000-MT052-Kinney-10413005-ang-E0006.440A001.1974            15 2.80000E+01 1.35200E+02
n-Cr000-MT052-Kinney-10413005-ang-E0007.030.1974                 3 4.31000E+01 8.60000E+01
n-Cr000-MT052-Kinney-10413005-ang-E0007.030A001.1974             3 4.31000E+01 8.60000E+01
n-Cr000-MT052-Kinney-10413005-ang-E0007.540.1974                16 4.31000E+01 1.35200E+02
n-Cr000-MT052-Kinney-10413005-ang-E0007.540A001.1974            16 4.31000E+01 1.35200E+02
n-Cr000-MT052-Kinney-10413005-ang-E0008.040.1974                 3 4.31000E+01 8.59000E+01
n-Cr000-MT052-Kinney-10413005-ang-E0008.040A001.1974             3 4.31000E+01 8.59000E+01
n-Cr000-MT052-Kinney-10413005-ang-E0008.560.1974                12 4.31000E+01 1.35100E+02
n-Cr000-MT052-Kinney-10413005-ang-E0008.560A001.1974            12 4.31000E+01 1.35100E+02
