#              Filename                                         N    min         max
n-Cd113-MT151-Asami-213260061.1968                               6 1.83400E-05 2.14300E-04
n-Cd113-MT151-Asami-213260063.1968                               1 1.83400E-05 1.83400E-05
n-Cd113-MT151-Beeman-12626003.1947                               1 1.76000E-07 1.76000E-07
n-Cd113-MT151-Bollinger-12043004.1964                            6 2.00000E-07 2.15000E-04
n-Cd113-MT151-Brockhouse-116530091.1953                          1 1.80000E-07 1.80000E-07
n-Cd113-MT151-Brockhouse-116530093.1953                          1 1.80000E-07 1.80000E-07
n-Cd113-MT151-Brockhouse-116530094.1953                          1 1.80000E-07 1.80000E-07
n-Cd113-MT151-Corvi-22318003.1994                               23 1.84100E-05 1.26840E-03
n-Cd113-MT151-Corvi-22318004.1994                               21 7.08000E-06 4.90100E-04
n-Cd113-MT151-Desjardins-126270061.1959                          4 8.49000E-05 2.15400E-04
n-Cd113-MT151-Desjardins-126270062.1959                          4 8.49000E-05 2.15400E-04
n-Cd113-MT151-Desjardins-126270063.1959                          4 8.49000E-05 2.15400E-04
n-Cd113-MT151-Desjardins-126270064.1959                          3 8.49000E-05 2.15400E-04
n-Cd113-MT151-Frank-410080031.1988                               1 7.00000E-06 7.00000E-06
n-Cd113-MT151-Frank-410080032.1988                               1 7.00000E-06 7.00000E-06
n-Cd113-MT151-Frank-410080033.1988                               1 7.00000E-06 7.00000E-06
n-Cd113-MT151-Frankle-135450021.1992                            23 7.00000E-06 4.92400E-04
n-Cd113-MT151-Frankle-135450022.1992                            23 7.00000E-06 4.92400E-04
n-Cd113-MT151-Frankle-135450023.1992                             9 7.00000E-06 1.06100E-04
n-Cd113-MT151-Frankle-135450031.1992                             1 2.53500E-04 2.53500E-04
n-Cd113-MT151-Frankle-136290041.1994                           435 1.83650E-05 1.49470E-02
n-Cd113-MT151-Frankle-136290042.1994                           226 1.83650E-05 3.99470E-03
n-Cd113-MT151-Frankle-136290043.1994                           435 1.83650E-05 1.49470E-02
n-Cd113-MT151-Frankle-136290044.1994                           226 1.83650E-05 3.99470E-03
n-Cd113-MT151-Harz-204170031.1974                                1 1.78300E-07 1.78300E-07
n-Cd113-MT151-Harz-204170032.1974                                1 1.78300E-07 1.78300E-07
n-Cd113-MT151-Harz-204170033.1974                                1 1.78300E-07 1.78300E-07
n-Cd113-MT151-Harz-204170034.1974                                1 1.78300E-07 1.78300E-07
n-Cd113-MT151-Jackson-11992008.1961                              9 2.00000E-07 2.15400E-04
n-Cd113-MT151-Julien-206870251.1969                              2 6.37000E-05 8.50000E-05
n-Cd113-MT151-Julien-206870252.1969                              2 6.37000E-05 8.50000E-05
n-Cd113-MT151-Julien-206870253.1969                              2 6.37000E-05 8.50000E-05
n-Cd113-MT151-Julien-206870254.1969                              1 6.37000E-05 6.37000E-05
n-Cd113-MT151-Julien-206870255.1969                              1 6.37000E-05 6.37000E-05
n-Cd113-MT151-Julien-206870256.1969                              2 6.37000E-05 8.50000E-05
n-Cd113-MT151-Karzhavina-40405007.1973                          14 1.83000E-05 4.30800E-04
n-Cd113-MT151-King-100400111.1969                                3 1.93000E-04 2.32000E-04
n-Cd113-MT151-King-100400111A001.1969                            3 1.93000E-04 2.32000E-04
n-Cd113-MT151-King-100400112.1969                                3 1.93000E-04 2.32000E-04
n-Cd113-MT151-King-100400112A001.1969                            3 1.93000E-04 2.32000E-04
n-Cd113-MT151-King-100400113.1969                                3 1.93000E-04 2.32000E-04
n-Cd113-MT151-King-100400113A001.1969                            3 1.93000E-04 2.32000E-04
n-Cd113-MT151-King-100400114.1969                                3 1.93000E-04 2.32000E-04
n-Cd113-MT151-King-100400114A001.1969                            3 1.93000E-04 2.32000E-04
n-Cd113-MT151-Kopecky-230770051.2009                             3 1.78500E-07 1.78800E-07
n-Cd113-MT151-Kopecky-230770052.2009                             3 1.78500E-07 1.78800E-07
n-Cd113-MT151-Kopecky-230770053.2009                             3 1.78500E-07 1.78800E-07
n-Cd113-MT151-Kopecky-230770061.2009                             1 1.78600E-07 1.78600E-07
n-Cd113-MT151-Kopecky-230770062.2009                             1 1.78600E-07 1.78600E-07
n-Cd113-MT151-Kopecky-230770063.2009                             1 1.78600E-07 1.78600E-07
n-Cd113-MT151-Kopecky-230770064.2009                             1 1.78600E-07 1.78600E-07
n-Cd113-MT151-Kopecky-230770065.2009                             1 1.78600E-07 1.78600E-07
n-Cd113-MT151-Kopecky-230770071.2009                             1 1.78700E-07 1.78700E-07
n-Cd113-MT151-Kopecky-230770072.2009                             1 1.78700E-07 1.78700E-07
n-Cd113-MT151-Kopecky-230770073.2009                             1 1.78700E-07 1.78700E-07
n-Cd113-MT151-Liou-105270061.1974                               37 1.78000E-07 2.24120E-03
n-Cd113-MT151-Liou-105270061A001.1974                           37 1.78000E-07 2.24120E-03
n-Cd113-MT151-Liou-105270062.1974                               37 1.78000E-07 2.24120E-03
n-Cd113-MT151-Liou-105270062A001.1974                           37 1.78000E-07 2.24120E-03
n-Cd113-MT151-Liou-105270071.1974                               19 1.84000E-05 1.36400E-03
n-Cd113-MT151-Liou-105270071A001.1974                           19 1.84000E-05 1.36400E-03
n-Cd113-MT151-Liou-105270072.1974                               19 1.84000E-05 1.36400E-03
n-Cd113-MT151-Liou-105270072A001.1974                           19 1.84000E-05 1.36400E-03
n-Cd113-MT151-Liou-105270073.1974                               14 8.48200E-05 1.36400E-03
n-Cd113-MT151-Liou-105270073A001.1974                           14 8.48200E-05 1.36400E-03
n-Cd113-MT151-Liou-105270202.1974                                1 1.12069E-03 1.12069E-03
n-Cd113-MT151-Liou-105270202A001.1974                            1 1.12069E-03 1.12069E-03
n-Cd113-MT151-Rainwater-116850091.1947                           1 1.76000E-07 1.76000E-07
n-Cd113-MT151-Rainwater-116850092.1947                           1 1.76000E-07 1.76000E-07
n-Cd113-MT151-Schwartz-121520101.1956                            3 1.84000E-05 1.09000E-04
n-Cd113-MT151-Schwartz-121520102.1956                            2 1.84000E-05 1.09000E-04
n-Cd113-MT151-Shchepkin-412680051.1966                          22 1.78000E-07 8.58000E-04
n-Cd113-MT151-Shchepkin-412680052.1966                          12 1.78000E-07 5.52000E-04
n-Cd113-MT151-Shchepkin-412680053.1966                          22 1.78000E-07 8.58000E-04
n-Cd113-MT151-Shchepkin-412680054.1966                          22 1.78000E-07 8.58000E-04
n-Cd113-MT151-Shchepkin-412680055.1966                          13 1.78000E-07 5.52000E-04
n-Cd113-MT151-Shchepkin-41268012.1966                            1 1.50089E-04 1.50089E-04
n-Cd113-MT151-Simpson-119680061.1957                             6 1.86000E-05 2.15000E-04
n-Cd113-MT151-Simpson-119680062.1957                             1 6.39000E-05 6.39000E-05
n-Cd113-MT151-Simpson-119680063.1957                             6 1.86000E-05 2.15000E-04
n-Cd113-MT151-Simpson-119680064.1957                             6 1.86000E-05 2.15000E-04
n-Cd113-MT151-Volev-231960311.2013                              28 1.78700E-07 1.62834E-03
n-Cd113-MT151-Volev-231960312.2013                              28 1.78700E-07 1.62834E-03
n-Cd113-MT151-Volev-231960313.2013                              10 1.78700E-07 1.46820E-03
n-Cd113-MT151-Volev-231960314.2013                              17 1.78700E-07 1.62834E-03
n-Cd113-MT151-Widder-210340051.1968                              1 1.77600E-07 1.77600E-07
n-Cd113-MT151-Widder-210340052.1968                              1 1.77600E-07 1.77600E-07
n-Cd113-MT151-Widder-21034007.1968                               1 1.77600E-07 1.77600E-07
