#              Filename                                         N    min         max
n-Rb087-MT151-Beer-131770051.1989                               54 2.66830E-04 4.67280E-02
n-Rb087-MT151-Beer-131770053.1989                               14 3.77240E-04 3.71140E-02
n-Rb087-MT151-Beer-131770054.1989                               14 3.77240E-04 3.71140E-02
n-Rb087-MT151-Beer-131770055.1989                               14 3.77240E-04 3.71140E-02
n-Rb087-MT151-Bowey-21117007.1957                                1 3.70000E-04 3.70000E-04
n-Rb087-MT151-Good-114020161.1958                                4 5.00000E-03 8.55000E-03
n-Rb087-MT151-Grebenyuk-40028008.1969                           10 2.69500E-04 2.34700E-02
n-Rb087-MT151-Grebenyuk-40028009.1969                            1 3.78000E-04 3.78000E-04
n-Rb087-MT151-Grebenyuk-40028010.1969                            3 3.78000E-04 8.79000E-03
n-Rb087-MT151-Grebenyuk-40028011.1969                            1 1.18697E-02 1.18697E-02
n-Rb087-MT151-Iliescu-40809006.1965                              1 6.50000E-04 6.50000E-04
n-Rb087-MT151-Iliescu-408090071.1965                             2 2.67000E-04 3.78000E-04
n-Rb087-MT151-Iliescu-408090072.1965                             1 3.78000E-04 3.78000E-04
n-Rb087-MT151-KimKhiSannn-412110111.1965                         1 3.78000E-04 3.78000E-04
n-Rb087-MT151-KimKhiSannn-412110112.1965                         1 3.78000E-04 3.78000E-04
n-Rb087-MT151-KimKhiSannn-412110113.1965                         1 3.78000E-04 3.78000E-04
n-Rb087-MT151-Ohkubo-217470031.1980                             42 2.67100E-04 1.01150E-01
n-Rb087-MT151-Ohkubo-217470032.1980                             16 2.67100E-04 2.38600E-02
n-Rb087-MT151-Ohkubo-217470033.1980                              6 3.76900E-04 1.10600E-02
n-Rb087-MT151-Ohkubo-217470034.1980                              6 3.76900E-04 1.10600E-02
n-Rb087-MT151-Ohkubo-227640091.1984                             30 2.67100E-04 4.86260E-02
n-Rb087-MT151-Ohkubo-227640093.1984                              6 3.76900E-04 1.10600E-02
