#              Filename                                         N    min         max
a-Li006-MT002-Balakrishnan-A1515002-ang-E0003.257.1971           1 8.36000E+01 1.00100E+02
a-Li006-MT002-Balakrishnan-A1515002-ang-E0003.260.1971           1 5.64000E+01 1.00100E+02
a-Li006-MT002-Balakrishnan-A1515002-ang-E0003.268.1971           1 4.30000E+01 5.64000E+01
a-Li006-MT002-Balakrishnan-A1515002-ang-E0003.272.1971           2 4.30000E+01 8.36000E+01
a-Li006-MT002-Balakrishnan-A1515002-ang-E0003.273.1971           1 5.64000E+01 1.00100E+02
a-Li006-MT002-Balakrishnan-A1515002-ang-E0003.275.1971           1 8.36000E+01 1.00100E+02
a-Li006-MT002-Balakrishnan-A1515002-ang-E0003.277.1971           1 8.36000E+01 1.00100E+02
a-Li006-MT002-Balakrishnan-A1515002-ang-E0003.279.1971           1 4.30000E+01 1.00100E+02
a-Li006-MT002-Balakrishnan-A1515002-ang-E0003.286.1971           1 4.30000E+01 4.30000E+01
a-Li006-MT002-Bingham-A1528002-ang-E0011.610.1971                1 3.29000E+01 4.46000E+01
a-Li006-MT002-Bingham-A1528002-ang-E0011.630.1971                2 3.29000E+01 6.75000E+01
a-Li006-MT002-Bingham-A1528002-ang-E0011.670.1971                1 4.46000E+01 5.61000E+01
a-Li006-MT002-Bingham-A1528002-ang-E0011.720.1971                1 4.46000E+01 6.75000E+01
a-Li006-MT002-Bingham-A1528002-ang-E0011.740.1971                1 2.12000E+01 6.75000E+01
a-Li006-MT002-Bingham-A1528002-ang-E0011.760.1971                1 2.12000E+01 3.29000E+01
a-Li006-MT002-Bingham-A1528002-ang-E0011.770.1971                1 3.29000E+01 5.61000E+01
a-Li006-MT002-Bingham-A1528002-ang-E0011.800.1971                1 4.46000E+01 5.61000E+01
a-Li006-MT002-Bingham-A1528002-ang-E0011.830.1971                1 4.46000E+01 6.75000E+01
a-Li006-MT002-Bingham-A1528002-ang-E0011.840.1971                1 2.12000E+01 6.75000E+01
a-Li006-MT002-Bingham-A1528002-ang-E0011.850.1971                1 2.12000E+01 3.29000E+01
a-Li006-MT002-Bingham-A1528002-ang-E0011.860.1971                1 3.29000E+01 4.46000E+01
a-Li006-MT002-Bingham-A1528002-ang-E0011.920.1971                1 4.46000E+01 6.75000E+01
a-Li006-MT002-Bingham-A1528002-ang-E0011.930.1971                1 3.29000E+01 6.75000E+01
a-Li006-MT002-Bingham-A1528002-ang-E0011.950.1971                1 2.12000E+01 3.29000E+01
a-Li006-MT002-Bingham-A1528002-ang-E0011.970.1971                1 2.12000E+01 5.61000E+01
a-Li006-MT002-Bingham-A1528002-ang-E0012.000.1971                1 5.61000E+01 6.75000E+01
a-Li006-MT002-Bingham-A1528002-ang-E0012.020.1971                1 4.46000E+01 6.75000E+01
a-Li006-MT002-Bingham-A1528002-ang-E0012.030.1971                1 3.29000E+01 4.46000E+01
a-Li006-MT002-Bingham-A1528002-ang-E0012.040.1971                1 3.29000E+01 5.61000E+01
a-Li006-MT002-Bingham-A1528002-ang-E0012.070.1971                1 2.12000E+01 5.61000E+01
a-Li006-MT002-Bingham-A1528002-ang-E0012.080.1971                1 2.12000E+01 3.29000E+01
a-Li006-MT002-Bingham-A1528002-ang-E0012.130.1971                2 2.12000E+01 6.75000E+01
a-Li006-MT002-Bingham-A1528002-ang-E0012.150.1971                3 2.12000E+01 5.61000E+01
a-Li006-MT002-Bingham-A1528002-ang-E0012.240.1971                2 2.12000E+01 6.75000E+01
a-Li006-MT002-Bingham-A1528002-ang-E0012.250.1971                2 2.12000E+01 6.75000E+01
a-Li006-MT002-Bingham-A1528002-ang-E0012.290.1971                1 5.61000E+01 6.75000E+01
a-Li006-MT002-Bingham-A1528002-ang-E0012.300.1971                1 4.46000E+01 5.61000E+01
a-Li006-MT002-Bingham-A1528002-ang-E0012.310.1971                1 3.29000E+01 4.46000E+01
a-Li006-MT002-Bingham-A1528002-ang-E0012.330.1971                1 2.12000E+01 3.29000E+01
a-Li006-MT002-Bingham-A1528002-ang-E0012.350.1971                1 2.12000E+01 6.75000E+01
a-Li006-MT002-Bingham-A1528002-ang-E0012.360.1971                1 5.61000E+01 6.75000E+01
a-Li006-MT002-Bingham-A1528002-ang-E0012.390.1971                1 5.61000E+01 6.75000E+01
a-Li006-MT002-Bingham-A1528002-ang-E0012.400.1971                1 4.46000E+01 6.75000E+01
a-Li006-MT002-Bingham-A1528002-ang-E0012.420.1971                1 3.29000E+01 4.46000E+01
a-Li006-MT002-Bingham-A1528002-ang-E0012.430.1971                1 2.12000E+01 3.29000E+01
a-Li006-MT002-Bingham-A1528002-ang-E0012.440.1971                1 2.12000E+01 6.75000E+01
a-Li006-MT002-Bingham-A1528002-ang-E0012.450.1971                1 5.61000E+01 6.75000E+01
a-Li006-MT002-Bingham-A1528002-ang-E0012.480.1971                1 3.29000E+01 5.61000E+01
a-Li006-MT002-Bingham-A1528002-ang-E0012.490.1971                1 3.29000E+01 6.75000E+01
a-Li006-MT002-Bingham-A1528002-ang-E0012.520.1971                1 3.29000E+01 6.75000E+01
a-Li006-MT002-Bingham-A1528002-ang-E0012.540.1971                2 3.29000E+01 6.75000E+01
a-Li006-MT002-Bingham-A1528002-ang-E0012.550.1971                2 4.46000E+01 4.46000E+01
a-Li006-MT002-Bingham-A1528003-ang-E0012.000.1971               38 1.12000E+01 1.31100E+02
a-Li006-MT002-Bingham-A1528003-ang-E0012.540.1971               34 1.38000E+01 1.20500E+02
a-Li006-MT002-Bingham-A1528003-ang-E0014.000.1971               33 1.25000E+01 1.29700E+02
a-Li006-MT002-Bingham-A1528003-ang-E0014.040.1971               37 1.25000E+01 1.29500E+02
a-Li006-MT002-Bingham-A1528003-ang-E0015.540.1971               40 1.27000E+01 1.30500E+02
a-Li006-MT002-Bingham-A1528003-ang-E0016.000.1971               37 1.29000E+01 1.30300E+02
a-Li006-MT002-Bingham-A1528003-ang-E0017.040.1971               36 9.40003E+00 1.19700E+02
a-Li006-MT002-Bingham-A1528003-ang-E0018.000.1971               36 9.40003E+00 1.22800E+02
a-Li006-MT002-Bingham-A1528003-ang-E0018.540.1971               38 1.23000E+01 1.28700E+02
a-Li006-MT002-Blieden-F0167011-ang-E0009.531.1963                1 2.00000E+01 4.50000E+01
a-Li006-MT002-Blieden-F0167011-ang-E0009.553.1963                1 2.00000E+01 4.50000E+01
a-Li006-MT002-Blieden-F0167011-ang-E0009.590.1963                1 2.00000E+01 4.50000E+01
a-Li006-MT002-Blieden-F0167011-ang-E0009.607.1963                1 2.00000E+01 4.50000E+01
a-Li006-MT002-Blieden-F0167011-ang-E0009.634.1963                1 2.00000E+01 4.50000E+01
a-Li006-MT002-Blieden-F0167011-ang-E0009.651.1963                1 2.00000E+01 4.50000E+01
a-Li006-MT002-Blieden-F0167011-ang-E0009.688.1963                1 2.00000E+01 4.50000E+01
a-Li006-MT002-Blieden-F0167011-ang-E0009.705.1963                1 2.00000E+01 4.50000E+01
a-Li006-MT002-Blieden-F0167011-ang-E0009.737.1963                1 2.00000E+01 4.50000E+01
a-Li006-MT002-Blieden-F0167011-ang-E0009.754.1963                1 2.00000E+01 4.50000E+01
a-Li006-MT002-Blieden-F0167011-ang-E0009.786.1963                1 2.00000E+01 4.50000E+01
a-Li006-MT002-Blieden-F0167011-ang-E0009.803.1963                1 2.00000E+01 4.50000E+01
a-Li006-MT002-Blieden-F0167011-ang-E0009.835.1963                1 2.00000E+01 4.50000E+01
a-Li006-MT002-Blieden-F0167011-ang-E0009.852.1963                1 2.00000E+01 4.50000E+01
a-Li006-MT002-Blieden-F0167011-ang-E0009.884.1963                1 2.00000E+01 4.50000E+01
a-Li006-MT002-Blieden-F0167011-ang-E0009.901.1963                1 2.00000E+01 4.50000E+01
a-Li006-MT002-Blieden-F0167011-ang-E0009.934.1963                1 2.00000E+01 4.50000E+01
a-Li006-MT002-Blieden-F0167011-ang-E0009.960.1963                1 2.00000E+01 4.50000E+01
a-Li006-MT002-Blieden-F0167011-ang-E0009.987.1963                1 2.00000E+01 4.50000E+01
a-Li006-MT002-Blieden-F0167011-ang-E0010.000.1963                1 2.00000E+01 4.50000E+01
a-Li006-MT002-Blieden-F0167011-ang-E0010.030.1963                1 2.00000E+01 4.50000E+01
a-Li006-MT002-Blieden-F0167011-ang-E0010.110.1963                1 2.00000E+01 4.50000E+01
a-Li006-MT002-Blieden-F0167011-ang-E0010.130.1963                1 2.00000E+01 4.50000E+01
a-Li006-MT002-Blieden-F0167011-ang-E0010.200.1963                1 2.00000E+01 4.50000E+01
a-Li006-MT002-Blieden-F0167011-ang-E0010.230.1963                1 2.00000E+01 4.50000E+01
a-Li006-MT002-Blieden-F0167011-ang-E0010.300.1963                1 2.00000E+01 4.50000E+01
a-Li006-MT002-Blieden-F0167011-ang-E0010.340.1963                1 2.00000E+01 4.50000E+01
a-Li006-MT002-Blieden-F0167011-ang-E0010.410.1963                1 2.00000E+01 4.50000E+01
a-Li006-MT002-Blieden-F0167011-ang-E0010.430.1963                1 2.00000E+01 2.00000E+01
a-Li006-MT002-Blieden-F0167014-ang-E0010.000.1963               26 1.64000E+01 9.83000E+01
a-Li006-MT002-Blieden-F0167014-ang-E0012.540.1963               34 1.64000E+01 1.09700E+02
a-Li006-MT002-Bohlen-A1505002-ang-E0002.497.1972                21 1.11900E+02 1.11900E+02
a-Li006-MT002-Bohlen-A1505006-ang-E0003.914.1972                60 2.20000E+01 1.38600E+02
a-Li006-MT002-Bragin-F0777002-ang-E0036.600.1986                44 8.69999E+00 1.61100E+02
a-Li006-MT002-Bragin-F0777004-ang-E0050.500.1986                32 2.00000E+01 1.60100E+02
a-Li006-MT002-Burtebaev-D0771004-ang-E0050.500.1996             32 2.01000E+01 1.60500E+02
a-Li006-MT002-Davydov-F1199002-ang-E0036.600.1971               42 1.33000E+01 1.57400E+02
a-Li006-MT002-Foroughi-O1126002-ang-E0059.000.1979              52 5.39997E+00 1.39300E+02
a-Li006-MT002-Green-C0457008-ang-E0024.981.1996                 50 6.10002E+00 1.46600E+02
a-Li006-MT002-Hauser-D0216002-ang-E0104.000.1969                40 5.99999E+00 5.03000E+01
a-Li006-MT002-Heusi-F0046002-ang-E0001.400.1981                164 2.42000E+01 1.39000E+02
a-Li006-MT002-Matsuki-E2264003-ang-E0029.400.1968               18 1.45000E+01 5.44000E+01
a-Li006-MT002-Meyer-F0788002-ang-E0001.400.1967                  6 3.97000E+01 9.10000E+01
a-Li006-MT002-Meyer-F0788002-ang-E0001.700.1967                  6 3.98000E+01 1.00600E+02
a-Li006-MT002-Meyer-F0788003-ang-E0001.994.1967                  1 5.64000E+01 7.26000E+01
a-Li006-MT002-Meyer-F0788003-ang-E0001.996.1967                  1 7.26000E+01 8.39000E+01
a-Li006-MT002-Meyer-F0788003-ang-E0001.999.1967                  1 5.64000E+01 8.39000E+01
a-Li006-MT002-Meyer-F0788003-ang-E0002.021.1967                  1 5.64000E+01 7.26000E+01
a-Li006-MT002-Meyer-F0788003-ang-E0002.023.1967                  1 7.26000E+01 8.39000E+01
a-Li006-MT002-Meyer-F0788003-ang-E0002.026.1967                  1 5.64000E+01 8.39000E+01
a-Li006-MT002-Meyer-F0788003-ang-E0002.048.1967                  1 5.64000E+01 7.26000E+01
a-Li006-MT002-Meyer-F0788003-ang-E0002.049.1967                  1 7.26000E+01 8.39000E+01
a-Li006-MT002-Meyer-F0788003-ang-E0002.050.1967                  1 5.64000E+01 8.39000E+01
a-Li006-MT002-Meyer-F0788003-ang-E0002.072.1967                  1 5.64000E+01 7.26000E+01
a-Li006-MT002-Meyer-F0788003-ang-E0002.073.1967                  1 7.26000E+01 8.39000E+01
a-Li006-MT002-Meyer-F0788003-ang-E0002.077.1967                  1 5.64000E+01 8.39000E+01
a-Li006-MT002-Meyer-F0788003-ang-E0002.099.1967                  1 5.64000E+01 7.26000E+01
a-Li006-MT002-Meyer-F0788003-ang-E0002.101.1967                  1 7.26000E+01 8.39000E+01
a-Li006-MT002-Meyer-F0788003-ang-E0002.104.1967                  1 5.64000E+01 8.39000E+01
a-Li006-MT002-Meyer-F0788003-ang-E0002.125.1967                  1 5.64000E+01 7.26000E+01
a-Li006-MT002-Meyer-F0788003-ang-E0002.127.1967                  1 7.26000E+01 8.39000E+01
a-Li006-MT002-Meyer-F0788003-ang-E0002.129.1967                  1 5.64000E+01 8.39000E+01
a-Li006-MT002-Meyer-F0788003-ang-E0002.150.1967                  1 5.64000E+01 7.26000E+01
a-Li006-MT002-Meyer-F0788003-ang-E0002.154.1967                  1 7.26000E+01 8.39000E+01
a-Li006-MT002-Meyer-F0788003-ang-E0002.156.1967                  1 5.64000E+01 8.39000E+01
a-Li006-MT002-Meyer-F0788003-ang-E0002.178.1967                  1 5.64000E+01 7.26000E+01
a-Li006-MT002-Meyer-F0788003-ang-E0002.180.1967                  1 7.26000E+01 8.39000E+01
a-Li006-MT002-Meyer-F0788003-ang-E0002.183.1967                  1 5.64000E+01 8.39000E+01
a-Li006-MT002-Meyer-F0788003-ang-E0002.204.1967                  1 5.64000E+01 7.26000E+01
a-Li006-MT002-Meyer-F0788003-ang-E0002.206.1967                  1 7.26000E+01 8.39000E+01
a-Li006-MT002-Meyer-F0788003-ang-E0002.209.1967                  1 5.64000E+01 8.39000E+01
a-Li006-MT002-Meyer-F0788003-ang-E0002.231.1967                  1 5.64000E+01 7.26000E+01
a-Li006-MT002-Meyer-F0788003-ang-E0002.233.1967                  1 7.26000E+01 8.39000E+01
a-Li006-MT002-Meyer-F0788003-ang-E0002.235.1967                  1 5.64000E+01 8.39000E+01
a-Li006-MT002-Meyer-F0788003-ang-E0002.257.1967                  1 5.64000E+01 7.26000E+01
a-Li006-MT002-Meyer-F0788003-ang-E0002.260.1967                  1 7.26000E+01 8.39000E+01
a-Li006-MT002-Meyer-F0788003-ang-E0002.262.1967                  1 5.64000E+01 8.39000E+01
a-Li006-MT002-Meyer-F0788003-ang-E0002.283.1967                  1 5.64000E+01 7.26000E+01
a-Li006-MT002-Meyer-F0788003-ang-E0002.284.1967                  1 7.26000E+01 8.39000E+01
a-Li006-MT002-Meyer-F0788003-ang-E0002.287.1967                  1 5.64000E+01 8.39000E+01
a-Li006-MT002-Meyer-F0788003-ang-E0002.309.1967                  1 5.64000E+01 7.26000E+01
a-Li006-MT002-Meyer-F0788003-ang-E0002.312.1967                  1 7.26000E+01 8.39000E+01
a-Li006-MT002-Meyer-F0788003-ang-E0002.314.1967                  1 5.64000E+01 8.39000E+01
a-Li006-MT002-Meyer-F0788003-ang-E0002.336.1967                  1 5.64000E+01 7.26000E+01
a-Li006-MT002-Meyer-F0788003-ang-E0002.338.1967                  1 7.26000E+01 8.39000E+01
a-Li006-MT002-Meyer-F0788003-ang-E0002.339.1967                  1 5.64000E+01 8.39000E+01
a-Li006-MT002-Meyer-F0788003-ang-E0002.362.1967                  1 5.64000E+01 7.26000E+01
a-Li006-MT002-Meyer-F0788003-ang-E0002.364.1967                  1 7.26000E+01 8.39000E+01
a-Li006-MT002-Meyer-F0788003-ang-E0002.366.1967                  1 5.64000E+01 8.39000E+01
a-Li006-MT002-Meyer-F0788003-ang-E0002.389.1967                  1 5.64000E+01 7.26000E+01
a-Li006-MT002-Meyer-F0788003-ang-E0002.391.1967                  1 7.26000E+01 8.39000E+01
a-Li006-MT002-Meyer-F0788003-ang-E0002.393.1967                  1 5.64000E+01 8.39000E+01
a-Li006-MT002-Meyer-F0788003-ang-E0002.415.1967                  1 5.64000E+01 7.26000E+01
a-Li006-MT002-Meyer-F0788003-ang-E0002.415A001.1967              1 7.26000E+01 8.39000E+01
a-Li006-MT002-Meyer-F0788003-ang-E0002.419.1967                  1 5.64000E+01 8.39000E+01
a-Li006-MT002-Meyer-F0788003-ang-E0002.442.1967                  1 5.64000E+01 7.26000E+01
a-Li006-MT002-Meyer-F0788003-ang-E0002.443.1967                  1 7.26000E+01 8.39000E+01
a-Li006-MT002-Meyer-F0788003-ang-E0002.445.1967                  1 5.64000E+01 8.39000E+01
a-Li006-MT002-Meyer-F0788003-ang-E0002.467.1967                  1 5.64000E+01 7.26000E+01
a-Li006-MT002-Meyer-F0788003-ang-E0002.468.1967                  1 7.26000E+01 8.39000E+01
a-Li006-MT002-Meyer-F0788003-ang-E0002.470.1967                  1 5.64000E+01 8.39000E+01
a-Li006-MT002-Meyer-F0788003-ang-E0002.493.1967                  1 5.64000E+01 7.26000E+01
a-Li006-MT002-Meyer-F0788003-ang-E0002.494.1967                  1 7.26000E+01 8.39000E+01
a-Li006-MT002-Meyer-F0788003-ang-E0002.496.1967                  1 5.64000E+01 8.39000E+01
a-Li006-MT002-Meyer-F0788003-ang-E0002.520.1967                  1 5.64000E+01 7.26000E+01
a-Li006-MT002-Meyer-F0788003-ang-E0002.520A001.1967              1 7.26000E+01 8.39000E+01
a-Li006-MT002-Meyer-F0788003-ang-E0002.523.1967                  1 5.64000E+01 8.39000E+01
a-Li006-MT002-Meyer-F0788003-ang-E0002.547.1967                  1 5.64000E+01 7.26000E+01
a-Li006-MT002-Meyer-F0788003-ang-E0002.548.1967                  1 7.26000E+01 8.39000E+01
a-Li006-MT002-Meyer-F0788003-ang-E0002.550.1967                  1 5.64000E+01 8.39000E+01
a-Li006-MT002-Meyer-F0788003-ang-E0002.573.1967                  1 5.64000E+01 7.26000E+01
a-Li006-MT002-Meyer-F0788003-ang-E0002.574.1967                  1 7.26000E+01 8.39000E+01
a-Li006-MT002-Meyer-F0788003-ang-E0002.576.1967                  1 5.64000E+01 8.39000E+01
a-Li006-MT002-Meyer-F0788003-ang-E0002.598.1967                  1 5.64000E+01 7.26000E+01
a-Li006-MT002-Meyer-F0788003-ang-E0002.601.1967                  1 7.26000E+01 8.39000E+01
a-Li006-MT002-Meyer-F0788003-ang-E0002.602.1967                  1 5.64000E+01 8.39000E+01
a-Li006-MT002-Meyer-F0788003-ang-E0002.624.1967                  1 5.64000E+01 7.26000E+01
a-Li006-MT002-Meyer-F0788003-ang-E0002.626.1967                  1 7.26000E+01 8.39000E+01
a-Li006-MT002-Meyer-F0788003-ang-E0002.630.1967                  1 5.64000E+01 8.39000E+01
a-Li006-MT002-Meyer-F0788003-ang-E0002.650.1967                  1 5.64000E+01 7.26000E+01
a-Li006-MT002-Meyer-F0788003-ang-E0002.654.1967                  1 7.26000E+01 8.39000E+01
a-Li006-MT002-Meyer-F0788003-ang-E0002.655.1967                  1 5.64000E+01 8.39000E+01
a-Li006-MT002-Meyer-F0788003-ang-E0002.677.1967                  1 5.64000E+01 7.26000E+01
a-Li006-MT002-Meyer-F0788003-ang-E0002.681.1967                  1 7.26000E+01 8.39000E+01
a-Li006-MT002-Meyer-F0788003-ang-E0002.681A001.1967              1 5.64000E+01 8.39000E+01
a-Li006-MT002-Meyer-F0788003-ang-E0002.703.1967                  1 5.64000E+01 7.26000E+01
a-Li006-MT002-Meyer-F0788003-ang-E0002.705.1967                  1 7.26000E+01 8.39000E+01
a-Li006-MT002-Meyer-F0788003-ang-E0002.708.1967                  1 5.64000E+01 8.39000E+01
a-Li006-MT002-Meyer-F0788003-ang-E0002.731.1967                  1 5.64000E+01 7.26000E+01
a-Li006-MT002-Meyer-F0788003-ang-E0002.733.1967                  1 7.26000E+01 8.39000E+01
a-Li006-MT002-Meyer-F0788003-ang-E0002.734.1967                  1 5.64000E+01 8.39000E+01
a-Li006-MT002-Meyer-F0788003-ang-E0002.755.1967                  1 5.64000E+01 7.26000E+01
a-Li006-MT002-Meyer-F0788003-ang-E0002.758.1967                  1 7.26000E+01 8.39000E+01
a-Li006-MT002-Meyer-F0788003-ang-E0002.760.1967                  1 4.50000E+01 8.39000E+01
a-Li006-MT002-Meyer-F0788003-ang-E0002.761.1967                  1 3.00000E+01 4.50000E+01
a-Li006-MT002-Meyer-F0788003-ang-E0002.761A001.1967              2 3.00000E+01 1.00100E+02
a-Li006-MT002-Meyer-F0788003-ang-E0002.761A002.1967              2 1.00100E+02 1.10100E+02
a-Li006-MT002-Meyer-F0788003-ang-E0002.763.1967                  1 7.10000E+01 1.10100E+02
a-Li006-MT002-Meyer-F0788003-ang-E0002.765.1967                  1 4.50000E+01 7.10000E+01
a-Li006-MT002-Meyer-F0788003-ang-E0002.765A001.1967              1 3.00000E+01 4.50000E+01
a-Li006-MT002-Meyer-F0788003-ang-E0002.765A002.1967              1 3.00000E+01 1.00100E+02
a-Li006-MT002-Meyer-F0788003-ang-E0002.765A003.1967              2 3.00000E+01 1.10100E+02
a-Li006-MT002-Meyer-F0788003-ang-E0002.767.1967                  3 3.00000E+01 1.00100E+02
a-Li006-MT002-Meyer-F0788003-ang-E0002.767A001.1967              1 1.00100E+02 1.10100E+02
a-Li006-MT002-Meyer-F0788003-ang-E0002.768.1967                  1 4.50000E+01 1.10100E+02
a-Li006-MT002-Meyer-F0788003-ang-E0002.770.1967                  2 3.00000E+01 7.10000E+01
a-Li006-MT002-Meyer-F0788003-ang-E0002.770A001.1967              2 3.00000E+01 1.10100E+02
a-Li006-MT002-Meyer-F0788003-ang-E0002.770A002.1967              1 7.10000E+01 1.10100E+02
a-Li006-MT002-Meyer-F0788003-ang-E0002.772.1967                  1 3.00000E+01 7.10000E+01
a-Li006-MT002-Meyer-F0788003-ang-E0002.772A001.1967              2 3.00000E+01 1.00100E+02
a-Li006-MT002-Meyer-F0788003-ang-E0002.772A002.1967              2 4.50000E+01 1.10100E+02
a-Li006-MT002-Meyer-F0788003-ang-E0002.774.1967                  1 3.00000E+01 4.50000E+01
a-Li006-MT002-Meyer-F0788003-ang-E0002.774A001.1967              3 3.00000E+01 1.10100E+02
a-Li006-MT002-Meyer-F0788003-ang-E0002.774A002.1967              1 7.10000E+01 1.00100E+02
a-Li006-MT002-Meyer-F0788003-ang-E0002.776.1967                  1 4.50000E+01 7.10000E+01
a-Li006-MT002-Meyer-F0788003-ang-E0002.776A001.1967              2 3.00000E+01 1.10100E+02
a-Li006-MT002-Meyer-F0788003-ang-E0002.776A002.1967              2 3.00000E+01 1.00100E+02
a-Li006-MT002-Meyer-F0788003-ang-E0002.778.1967                  2 3.00000E+01 1.10100E+02
a-Li006-MT002-Meyer-F0788003-ang-E0002.778A001.1967              3 3.00000E+01 1.00100E+02
a-Li006-MT002-Meyer-F0788003-ang-E0002.780.1967                  2 3.00000E+01 1.10100E+02
a-Li006-MT002-Meyer-F0788003-ang-E0002.781.1967                  2 3.00000E+01 1.00100E+02
a-Li006-MT002-Meyer-F0788003-ang-E0002.781A001.1967              1 4.50000E+01 5.64000E+01
a-Li006-MT002-Meyer-F0788003-ang-E0002.782.1967                  1 5.64000E+01 1.00100E+02
a-Li006-MT002-Meyer-F0788003-ang-E0002.783.1967                  1 3.00000E+01 1.00100E+02
a-Li006-MT002-Meyer-F0788003-ang-E0002.783A001.1967              4 3.00000E+01 1.10100E+02
a-Li006-MT002-Meyer-F0788003-ang-E0002.784.1967                  1 7.10000E+01 7.26000E+01
a-Li006-MT002-Meyer-F0788003-ang-E0002.785.1967                  3 3.00000E+01 1.10100E+02
a-Li006-MT002-Meyer-F0788003-ang-E0002.785A001.1967              2 3.00000E+01 8.39000E+01
a-Li006-MT002-Meyer-F0788003-ang-E0002.787.1967                  1 3.00000E+01 8.39000E+01
a-Li006-MT002-Meyer-F0788003-ang-E0002.787A001.1967              4 3.00000E+01 1.10100E+02
a-Li006-MT002-Meyer-F0788003-ang-E0002.787A002.1967              1 4.50000E+01 7.10000E+01
a-Li006-MT002-Meyer-F0788003-ang-E0002.789.1967                  3 3.00000E+01 1.10100E+02
a-Li006-MT002-Meyer-F0788003-ang-E0002.789A001.1967              2 3.00000E+01 1.00100E+02
a-Li006-MT002-Meyer-F0788003-ang-E0002.792.1967                  2 3.00000E+01 1.10100E+02
a-Li006-MT002-Meyer-F0788003-ang-E0002.792A001.1967              2 3.00000E+01 7.10000E+01
a-Li006-MT002-Meyer-F0788003-ang-E0002.792A002.1967              1 4.50000E+01 1.00100E+02
a-Li006-MT002-Meyer-F0788003-ang-E0002.794.1967                  1 4.50000E+01 1.00100E+02
a-Li006-MT002-Meyer-F0788003-ang-E0002.794A001.1967              3 3.00000E+01 1.10100E+02
a-Li006-MT002-Meyer-F0788003-ang-E0002.794A002.1967              1 3.00000E+01 4.50000E+01
a-Li006-MT002-Meyer-F0788003-ang-E0002.796.1967                  4 3.00000E+01 1.10100E+02
a-Li006-MT002-Meyer-F0788003-ang-E0002.796A001.1967              1 3.00000E+01 1.10100E+02
a-Li006-MT002-Meyer-F0788003-ang-E0002.798.1967                  1 1.00100E+02 1.10100E+02
a-Li006-MT002-Meyer-F0788003-ang-E0002.800.1967                  1 1.00100E+02 1.10100E+02
a-Li006-MT002-Meyer-F0788003-ang-E0002.800A001.1967              1 4.50000E+01 1.10100E+02
a-Li006-MT002-Meyer-F0788003-ang-E0002.800A002.1967              2 3.00000E+01 7.10000E+01
a-Li006-MT002-Meyer-F0788003-ang-E0002.801.1967                  1 3.00000E+01 5.64000E+01
a-Li006-MT002-Meyer-F0788003-ang-E0002.808.1967                  1 5.64000E+01 7.26000E+01
a-Li006-MT002-Meyer-F0788003-ang-E0002.810.1967                  1 7.26000E+01 8.39000E+01
a-Li006-MT002-Meyer-F0788003-ang-E0002.813.1967                  1 5.64000E+01 8.39000E+01
a-Li006-MT002-Meyer-F0788003-ang-E0002.836.1967                  1 5.64000E+01 7.26000E+01
a-Li006-MT002-Meyer-F0788003-ang-E0002.837.1967                  1 7.26000E+01 8.39000E+01
a-Li006-MT002-Meyer-F0788003-ang-E0002.839.1967                  1 5.64000E+01 8.39000E+01
a-Li006-MT002-Meyer-F0788003-ang-E0002.861.1967                  1 5.64000E+01 7.26000E+01
a-Li006-MT002-Meyer-F0788003-ang-E0002.863.1967                  1 7.26000E+01 8.39000E+01
a-Li006-MT002-Meyer-F0788003-ang-E0002.865.1967                  1 5.64000E+01 8.39000E+01
a-Li006-MT002-Meyer-F0788003-ang-E0002.887.1967                  1 5.64000E+01 7.26000E+01
a-Li006-MT002-Meyer-F0788003-ang-E0002.890.1967                  1 7.26000E+01 8.39000E+01
a-Li006-MT002-Meyer-F0788003-ang-E0002.891.1967                  1 5.64000E+01 8.39000E+01
a-Li006-MT002-Meyer-F0788003-ang-E0002.914.1967                  1 5.64000E+01 7.26000E+01
a-Li006-MT002-Meyer-F0788003-ang-E0002.916.1967                  1 7.26000E+01 8.39000E+01
a-Li006-MT002-Meyer-F0788003-ang-E0002.917.1967                  1 5.64000E+01 8.39000E+01
a-Li006-MT002-Meyer-F0788003-ang-E0002.939.1967                  1 5.64000E+01 7.26000E+01
a-Li006-MT002-Meyer-F0788003-ang-E0002.942.1967                  1 7.26000E+01 8.39000E+01
a-Li006-MT002-Meyer-F0788003-ang-E0002.944.1967                  1 5.64000E+01 8.39000E+01
a-Li006-MT002-Meyer-F0788003-ang-E0002.966.1967                  1 5.64000E+01 7.26000E+01
a-Li006-MT002-Meyer-F0788003-ang-E0002.969.1967                  1 7.26000E+01 8.39000E+01
a-Li006-MT002-Meyer-F0788003-ang-E0002.970.1967                  1 5.64000E+01 8.39000E+01
a-Li006-MT002-Meyer-F0788003-ang-E0002.992.1967                  1 5.64000E+01 7.26000E+01
a-Li006-MT002-Meyer-F0788003-ang-E0002.995.1967                  1 7.26000E+01 8.39000E+01
a-Li006-MT002-Meyer-F0788003-ang-E0002.997.1967                  1 5.64000E+01 8.39000E+01
a-Li006-MT002-Meyer-F0788003-ang-E0003.020.1967                  1 5.64000E+01 7.26000E+01
a-Li006-MT002-Meyer-F0788003-ang-E0003.021.1967                  1 7.26000E+01 8.39000E+01
a-Li006-MT002-Meyer-F0788003-ang-E0003.024.1967                  1 5.64000E+01 8.39000E+01
a-Li006-MT002-Meyer-F0788003-ang-E0003.045.1967                  1 5.64000E+01 7.26000E+01
a-Li006-MT002-Meyer-F0788003-ang-E0003.047.1967                  1 7.26000E+01 8.39000E+01
a-Li006-MT002-Meyer-F0788003-ang-E0003.049.1967                  1 5.64000E+01 8.39000E+01
a-Li006-MT002-Meyer-F0788003-ang-E0003.072.1967                  1 5.64000E+01 7.26000E+01
a-Li006-MT002-Meyer-F0788003-ang-E0003.073.1967                  1 7.26000E+01 8.39000E+01
a-Li006-MT002-Meyer-F0788003-ang-E0003.075.1967                  1 5.64000E+01 8.39000E+01
a-Li006-MT002-Meyer-F0788003-ang-E0003.097.1967                  1 5.64000E+01 7.26000E+01
a-Li006-MT002-Meyer-F0788003-ang-E0003.100.1967                  1 7.26000E+01 8.39000E+01
a-Li006-MT002-Meyer-F0788003-ang-E0003.102.1967                  1 5.64000E+01 8.39000E+01
a-Li006-MT002-Meyer-F0788003-ang-E0003.125.1967                  1 5.64000E+01 7.26000E+01
a-Li006-MT002-Meyer-F0788003-ang-E0003.125A001.1967              1 7.26000E+01 8.39000E+01
a-Li006-MT002-Meyer-F0788003-ang-E0003.127.1967                  1 5.64000E+01 8.39000E+01
a-Li006-MT002-Meyer-F0788003-ang-E0003.150.1967                  1 5.64000E+01 7.26000E+01
a-Li006-MT002-Meyer-F0788003-ang-E0003.152.1967                  1 7.26000E+01 8.39000E+01
a-Li006-MT002-Meyer-F0788003-ang-E0003.154.1967                  1 5.64000E+01 8.39000E+01
a-Li006-MT002-Meyer-F0788003-ang-E0003.177.1967                  1 5.64000E+01 7.26000E+01
a-Li006-MT002-Meyer-F0788003-ang-E0003.180.1967                  1 7.26000E+01 8.39000E+01
a-Li006-MT002-Meyer-F0788003-ang-E0003.181.1967                  1 5.64000E+01 8.39000E+01
a-Li006-MT002-Meyer-F0788003-ang-E0003.203.1967                  1 5.64000E+01 7.26000E+01
a-Li006-MT002-Meyer-F0788003-ang-E0003.205.1967                  1 7.26000E+01 8.39000E+01
a-Li006-MT002-Meyer-F0788003-ang-E0003.207.1967                  1 5.64000E+01 8.39000E+01
a-Li006-MT002-Meyer-F0788003-ang-E0003.229.1967                  1 5.64000E+01 7.26000E+01
a-Li006-MT002-Meyer-F0788003-ang-E0003.231.1967                  1 7.26000E+01 8.39000E+01
a-Li006-MT002-Meyer-F0788003-ang-E0003.233.1967                  1 5.64000E+01 8.39000E+01
a-Li006-MT002-Meyer-F0788003-ang-E0003.256.1967                  1 5.64000E+01 7.26000E+01
a-Li006-MT002-Meyer-F0788003-ang-E0003.257.1967                  1 7.26000E+01 8.39000E+01
a-Li006-MT002-Meyer-F0788003-ang-E0003.259.1967                  1 5.64000E+01 8.39000E+01
a-Li006-MT002-Meyer-F0788003-ang-E0003.282.1967                  1 5.64000E+01 7.26000E+01
a-Li006-MT002-Meyer-F0788003-ang-E0003.284.1967                  1 7.26000E+01 8.39000E+01
a-Li006-MT002-Meyer-F0788003-ang-E0003.287.1967                  1 3.33000E+01 8.39000E+01
a-Li006-MT002-Meyer-F0788003-ang-E0003.293.1967                  1 3.33000E+01 1.20200E+02
a-Li006-MT002-Meyer-F0788003-ang-E0003.295.1967                  1 1.00100E+02 1.20200E+02
a-Li006-MT002-Meyer-F0788003-ang-E0003.295A001.1967              1 1.00100E+02 1.00100E+02
a-Li006-MT002-Samanta-O1173002-ang-E0050.000.1992               27 7.10001E+00 7.52000E+01
