#              Filename                                         N    min         max
n-Pr141-MT151-Alfimenkov-405220051.1981                         27 8.50000E-05 5.59200E-03
n-Pr141-MT151-Alfimenkov-405220052.1981                         27 8.50000E-05 5.59200E-03
n-Pr141-MT151-Becvar-41273003.1969                               2 8.51000E-05 1.12000E-04
n-Pr141-MT151-Becvar-41273006.1969                               7 5.05000E-05 6.31000E-04
n-Pr141-MT151-Becvar-416290022.1969                             41 8.48000E-05 6.35700E-04
n-Pr141-MT151-Block-12074002.1964                               26 8.54000E-05 1.89000E-03
n-Pr141-MT151-Dilg-20583042.1972                                 1 2.70000E-03 2.70000E-03
n-Pr141-MT151-Feigenbaum-10733002.1978                          40 5.05400E-05 5.26600E-03
n-Pr141-MT151-Feigenbaum-10733002A001.1978                      40 5.05400E-05 5.26600E-03
n-Pr141-MT151-Gibbons-11329092.1961                              2 1.05000E-01 1.05000E-01
n-Pr141-MT151-Gibbons-113290931.1961                             1 1.05000E-01 1.05000E-01
n-Pr141-MT151-Gibbons-113290932.1961                             1 1.05000E-01 1.05000E-01
n-Pr141-MT151-Kapchigashev-40778060.1966                         1 2.50000E-02 2.50000E-02
n-Pr141-MT151-Morgenstern-20684023.1969                         18 8.48000E-05 1.48380E-03
n-Pr141-MT151-Morgenstern-20684024.1969                          1 3.00000E-03 3.00000E-03
n-Pr141-MT151-Morgenstern-206840251.1969                        79 8.48000E-05 5.72400E-03
n-Pr141-MT151-Morgenstern-206840252.1969                        23 2.15600E-04 5.72400E-03
n-Pr141-MT151-Morgenstern-206840253.1969                        38 2.15600E-04 5.72400E-03
n-Pr141-MT151-Morgenstern-206840254.1969                        73 8.48000E-05 5.72400E-03
n-Pr141-MT151-Morgenstern-206840255.1969                        23 2.15600E-04 5.72400E-03
n-Pr141-MT151-Morgenstern-20684027.1969                          1 3.00000E-03 3.00000E-03
n-Pr141-MT151-Mughabgab-126380021.1969                          13-1.00000E-03 7.05000E-01
n-Pr141-MT151-Mughabgab-126380022.1969                          13-1.00000E-03 7.05000E-01
n-Pr141-MT151-Nishimura-20302011.1977                            1 1.30000E-01 1.30000E-01
n-Pr141-MT151-WANGNAIYENNN-412100022.1964                       10 8.51000E-05 9.42000E-04
n-Pr141-MT151-WANGNAIYENNN-412100023.1964                        6 2.16700E-04 9.42000E-04
n-Pr141-MT151-WANGNAIYENNN-412100031.1964                       14 5.05000E-05 9.42000E-04
n-Pr141-MT151-WANGNAIYENNN-412100032.1964                       14 5.05000E-05 9.42000E-04
n-Pr141-MT151-WANGNAIYENNN-412100042.1964                        1 5.00500E-04 5.00500E-04
n-Pr141-MT151-WANGNAIYENNN-412100044.1964                        1 5.00500E-04 5.00500E-04
n-Pr141-MT151-Wynchank-119130191.1968                          125 8.52400E-05 1.00490E-02
n-Pr141-MT151-Wynchank-119130192.1968                          125 8.52400E-05 1.00490E-02
n-Pr141-MT151-Wynchank-11913020.1968                            21 2.18650E-04 4.00200E-03
n-Pr141-MT151-Wynchank-11913021.1968                             1 5.00000E-05 5.00000E-05
n-Pr141-MT151-Wynchank-11913022.1968                             6 1.00000E-03 7.50000E-03
