#              Filename                                         N    min         max
n-W000-MT002-Annand-22029002-ang-E0003.000.1985                 22 9.00000E+01 9.00000E+01
n-W000-MT002-Becker-11511033-ang-E0003.200.1966                 12 2.00990E+01 1.30203E+02
n-W000-MT002-Begum-21664013-ang-E0016.100.1979                  11 2.00000E+01 1.60000E+02
n-W000-MT002-Begum-30633004-ang-E0002.900.1981                  11 2.00000E+01 1.60000E+02
n-W000-MT002-CaoJianhuaa-32521004-ang-E0014.700.1988             8 4.52200E+01 1.50160E+02
n-W000-MT002-Cox-10332029-ang-E0000.872.1972                     8 2.10000E+01 1.57000E+02
n-W000-MT002-Cox-10332029-ang-E0000.872A001.1972                 8 2.10000E+01 1.57000E+02
n-W000-MT002-Hill-11321010-ang-E0005.000.1958                   13 3.00029E+01 1.49997E+02
n-W000-MT002-Hollandsworth-10319008-ang-E0007.550.1975           6 2.69994E+00 1.41000E+01
n-W000-MT002-Hollandsworth-10319008-ang-E0007.550A001.1975       6 2.69994E+00 1.41000E+01
n-W000-MT002-Kazakova-40706049-ang-E0002.000.1965                8 2.00000E+01 1.60000E+02
n-W000-MT002-Korzh-40765009-ang-E0000.300.1964                  24 3.00029E+01 1.39996E+02
n-W000-MT002-Kuchnir-11977003-ang-E0000.840.1968                18 1.74999E+00 1.50000E+01
n-W000-MT002-MaGongguii-30762008-ang-E0014.200.1988              5 1.69996E+00 1.00000E+01
n-W000-MT002-Nauta-20199005-ang-E0014.100.1956                  15 1.80000E+01 9.00000E+01
n-W000-MT002-Schmidt-22962024-ang-E0007.190.2006                 8 0.00000E+00 0.00000E+00
n-W000-MT002-Smith-12156002-ang-E0000.350.1960                 115 3.00000E+01 1.44000E+02
n-W000-MT002-Takahashi-22155092-ang-E0014.100.1992              16 1.50000E+01 1.60000E+02
n-W000-MT002-Thomson-11495046-ang-E0007.000.1963                 1 9.00000E+01 9.00000E+01
n-W000-MT002-Tsukada-20304020-ang-E0001.370.1969                24 3.00000E+01 1.40100E+02
n-W000-MT002-Walt-11215045-ang-E0004.100.1955                   11 1.41000E+01 1.51600E+02
n-W000-MT002-Walt-11215045-ang-E0004.100A001.1955               11 1.41000E+01 1.51600E+02
n-W000-MT002-Walt-11637067-ang-E0001.000.1954                    9 3.05000E+01 1.49200E+02
