#              Filename                                         N    min         max
d-Ni058-MT648-Iwamoto-E1586011-E0056.000.1994                   12 4.90001E+00 4.10000E+01
d-Ni058-MT648-Iwamoto-E1586012-E0056.000.1994                   12 4.90001E+00 4.09000E+01
d-Ni058-MT648-Iwamoto-E1586013-E0056.000.1994                   12 4.90001E+00 4.10000E+01
d-Ni058-MT648-Iwamoto-E1586014-E0056.000.1994                   11 4.99999E+00 4.63000E+01
d-Ni058-MT648-Iwamoto-E1586027-E0056.000.1994                   12 4.99999E+00 4.13000E+01
d-Ni058-MT648-Iwamoto-E1586038-E0056.000.1994                   11 1.10000E+01 4.61000E+01
d-Ni058-MT648-Iwamoto-E1586041-E0056.000.1994                   11 5.09997E+00 4.52000E+01
d-Ni058-MT648-Iwamoto-E1586042-E0056.000.1994                   10 5.19999E+00 4.54000E+01
d-Ni058-MT648-Iwamoto-E1586043-E0056.000.1994                   12 4.79996E+00 4.49000E+01
d-Ni058-MT648-Iwamoto-E1586044-E0056.000.1994                   12 5.09997E+00 4.13000E+01
d-Ni058-MT648-Iwamoto-E1586049-E0056.000.1994                   12 4.99999E+00 4.11000E+01
d-Ni058-MT648-Iwamoto-E1586050-E0056.000.1994                   12 4.99999E+00 4.12000E+01
d-Ni058-MT648-Iwamoto-E1586051-E0056.000.1994                   11 4.90001E+00 4.61000E+01
d-Ni058-MT648-Iwamoto-E1586052-E0056.000.1994                    9 1.11000E+01 4.51000E+01
d-Ni058-MT648-Iwamoto-E1586057-E0056.000.1994                    9 1.10000E+01 4.52000E+01
d-Ni058-MT648-Iwamoto-E1586058-E0056.000.1994                   10 4.99999E+00 4.49000E+01
d-Ni058-MT648-Iwamoto-E1586059-E0056.000.1994                   11 4.90001E+00 4.12000E+01
d-Ni058-MT648-Iwamoto-E1586060-E0056.000.1994                   11 4.99999E+00 4.53000E+01
d-Ni058-MT648-Iwamoto-E1586065-E0056.000.1994                   12 4.69999E+00 4.12000E+01
d-Ni058-MT648-Iwamoto-E1586066-E0056.000.1994                   10 4.79996E+00 4.60000E+01
