#              Filename                                         N    min         max
p-C012-MT800-Barnard-O0256024-E0011.600.1966                     9 2.66000E+01 7.78000E+01
p-C012-MT800-Bauer-C1850028-E0016.300.1964                       1 8.80000E+01 8.80000E+01
p-C012-MT800-Bertrand-C0925018-E0061.000.1973                   10 1.19000E+01 4.52000E+01
p-C012-MT800-Gambarini-F0303009-E0038.000.1969                  31 1.50000E+01 1.69300E+02
p-C012-MT800-Guazzoni-O0323002-E0019.100.1971                   16 1.62000E+01 1.63700E+02
p-C012-MT800-Guazzoni-O0323003-E0019.900.1971                   16 1.66000E+01 1.63900E+02
p-C012-MT800-Guazzoni-O0323004-E0021.000.1971                   17 1.60000E+01 1.66800E+02
p-C012-MT800-Guazzoni-O0323005-E0022.100.1971                   16 1.62000E+01 1.61900E+02
p-C012-MT800-Guazzoni-O0323006-E0023.100.1971                   16 1.52000E+01 1.65300E+02
p-C012-MT800-Guazzoni-O0323007-E0024.100.1971                   17 1.67000E+01 1.65700E+02
p-C012-MT800-Guazzoni-O0323008-E0025.000.1971                   17 1.57000E+01 1.66000E+02
p-C012-MT800-Guazzoni-O0323009-E0025.500.1971                   17 1.56000E+01 1.65200E+02
p-C012-MT800-Guazzoni-O0323010-E0026.200.1971                   32 9.30001E+00 1.70500E+02
p-C012-MT800-Guazzoni-O0323011-E0028.000.1971                   16 2.54000E+01 1.63700E+02
p-C012-MT800-Guazzoni-O0323012-E0029.600.1971                   17 1.80000E+01 1.68400E+02
p-C012-MT800-Guazzoni-O0323013-E0031.500.1971                   16 2.31000E+01 1.68500E+02
p-C012-MT800-Guazzoni-O0323014-E0032.700.1971                   17 1.70000E+01 1.66500E+02
p-C012-MT800-Guazzoni-O0323015-E0034.500.1971                   16 2.24000E+01 1.69000E+02
p-C012-MT800-Guazzoni-O0323016-E0035.900.1971                   17 1.66000E+01 1.67000E+02
p-C012-MT800-Guazzoni-O0323017-E0037.500.1971                   31 1.65000E+01 1.72300E+02
p-C012-MT800-Guazzoni-O0323018-E0039.600.1971                   17 1.66000E+01 1.66100E+02
p-C012-MT800-Guazzoni-O0323019-E0042.500.1971                   16 2.61000E+01 1.66200E+02
p-C012-MT800-Guazzoni-O0323020-E0044.000.1971                   17 1.51000E+01 1.65700E+02
