#              Filename                                         N    min         max
p-V051-MT002-Egan-C2662004-ang-E0002.170.1972                  425 1.63000E+02 1.63000E+02
p-V051-MT002-Fulmer-C1019006-ang-E0022.200.1962                  1 9.00000E+01 9.00000E+01
p-V051-MT002-Lamba-F0891002-ang-E0004.003.1968                   1 1.40000E+02 1.60000E+02
p-V051-MT002-Lamba-F0891002-ang-E0004.003A001.1968               1 1.20000E+02 1.60000E+02
p-V051-MT002-Lamba-F0891002-ang-E0004.003A002.1968               1 1.00000E+02 1.20000E+02
p-V051-MT002-Lamba-F0891002-ang-E0004.003A003.1968               1 1.00000E+02 1.20000E+02
p-V051-MT002-Lamba-F0891002-ang-E0004.006.1968                   1 1.20000E+02 1.40000E+02
p-V051-MT002-Lamba-F0891002-ang-E0004.006A001.1968               1 1.00000E+02 1.40000E+02
p-V051-MT002-Lamba-F0891002-ang-E0004.007.1968                   1 1.00000E+02 1.40000E+02
p-V051-MT002-Lamba-F0891002-ang-E0004.010.1968                   1 1.40000E+02 1.60000E+02
p-V051-MT002-Lamba-F0891002-ang-E0004.010A001.1968               1 1.20000E+02 1.60000E+02
p-V051-MT002-Lamba-F0891002-ang-E0004.011.1968                   1 1.20000E+02 1.40000E+02
p-V051-MT002-Lamba-F0891002-ang-E0004.013.1968                   1 1.20000E+02 1.40000E+02
p-V051-MT002-Lamba-F0891002-ang-E0004.013A001.1968               1 1.00000E+02 1.20000E+02
p-V051-MT002-Lamba-F0891002-ang-E0004.015.1968                   1 1.00000E+02 1.40000E+02
p-V051-MT002-Lamba-F0891002-ang-E0004.017.1968                   1 1.40000E+02 1.60000E+02
p-V051-MT002-Lamba-F0891002-ang-E0004.017A001.1968               1 1.20000E+02 1.60000E+02
p-V051-MT002-Lamba-F0891002-ang-E0004.018.1968                   1 1.00000E+02 1.20000E+02
p-V051-MT002-Lamba-F0891002-ang-E0004.020.1968                   1 1.00000E+02 1.60000E+02
p-V051-MT002-Lamba-F0891002-ang-E0004.022.1968                   1 1.40000E+02 1.60000E+02
p-V051-MT002-Lamba-F0891002-ang-E0004.024.1968                   1 1.20000E+02 1.40000E+02
p-V051-MT002-Lamba-F0891002-ang-E0004.025.1968                   1 1.00000E+02 1.20000E+02
p-V051-MT002-Lamba-F0891002-ang-E0004.025A001.1968               1 1.00000E+02 1.60000E+02
p-V051-MT002-Lamba-F0891002-ang-E0004.027.1968                   1 1.20000E+02 1.60000E+02
p-V051-MT002-Lamba-F0891002-ang-E0004.028.1968                   1 1.20000E+02 1.40000E+02
p-V051-MT002-Lamba-F0891002-ang-E0004.028A001.1968               1 1.20000E+02 1.40000E+02
p-V051-MT002-Lamba-F0891002-ang-E0004.028A002.1968               1 1.00000E+02 1.20000E+02
p-V051-MT002-Lamba-F0891002-ang-E0004.030.1968                   1 1.00000E+02 1.60000E+02
p-V051-MT002-Lamba-F0891002-ang-E0004.032.1968                   1 1.20000E+02 1.60000E+02
p-V051-MT002-Lamba-F0891002-ang-E0004.032A001.1968               1 1.20000E+02 1.40000E+02
p-V051-MT002-Lamba-F0891002-ang-E0004.033.1968                   1 1.40000E+02 1.40000E+02
p-V051-MT002-Perey-C2165003-ang-E0011.000.1968                  28 2.50000E+01 1.69200E+02
