#              Filename                                         N    min         max
n-Nb093-MT051-Kammerdiener-14329066-ang-E0014.000.1972          19 2.47000E+01 1.44600E+02
n-Nb093-MT051-Kammerdiener-14329067-ang-E0014.000.1972          19 2.47000E+01 1.44600E+02
n-Nb093-MT051-Kammerdiener-14329068-ang-E0014.000.1972          19 2.47000E+01 1.44600E+02
n-Nb093-MT051-Kammerdiener-14329069-ang-E0014.000.1972          19 2.47000E+01 1.44600E+02
n-Nb093-MT051-Kammerdiener-14329070-ang-E0014.000.1972          18 2.47000E+01 1.44600E+02
n-Nb093-MT051-Salnikov-40037045-ang-E0014.360.1971               5 3.10000E+01 1.51000E+02
n-Nb093-MT051-Salnikov-40037046-ang-E0014.360.1971               5 3.10000E+01 1.51000E+02
n-Nb093-MT051-Schmidt-22975003-ang-E0007.100.2007              275 2.56000E+01 1.59900E+02
n-Nb093-MT051-Schmidt-22975004-ang-E0007.100.2007               34 2.55000E+01 1.59800E+02
n-Nb093-MT051-Schmidt-22975004-ang-E0008.090.2007               33 2.52000E+01 1.59700E+02
n-Nb093-MT051-Schmidt-22975004-ang-E0009.090.2007               34 2.52000E+01 1.59400E+02
n-Nb093-MT051-Schmidt-22975004-ang-E0009.970.2007               33 2.47000E+01 1.53700E+02
n-Nb093-MT051-Schmidt-22975004-ang-E0011.100.2007               34 2.47000E+01 1.59100E+02
n-Nb093-MT051-Schmidt-22975004-ang-E0012.000.2007               34 2.45000E+01 1.59100E+02
n-Nb093-MT051-Schmidt-22975004-ang-E0013.070.2007               31 2.45000E+01 1.58800E+02
n-Nb093-MT051-Schmidt-22975004-ang-E0014.100.2007               23 2.51000E+01 1.47100E+02
n-Nb093-MT051-Thomson-11495026-ang-E0005.000.1963               28 2.01000E+01 1.51400E+02
n-Nb093-MT051-Thomson-11495027-ang-E0004.000.1963                6 9.00000E+01 9.00000E+01
