#              Filename                                         N    min         max
n-O000-MT002-Bauer-11346009-ang-E0014.000.1963                  19 1.72000E+01 1.29800E+02
n-O000-MT002-Beach-11418003-ang-E0014.000.1967                  22 1.24000E+01 1.51600E+02
n-O000-MT002-Bostrom-11357006-ang-E0003.070.1957                73 2.30000E+01 1.50000E+02
n-O000-MT002-Bostrom-11357007-ang-E0003.070.1957               136 2.30000E+01 1.50000E+02
n-O000-MT002-Bostrom-11357008-ang-E0004.500.1957                13 3.00000E+01 1.50000E+02
n-O000-MT002-Chasejr-11350011-ang-E0004.990.1961                83 2.00000E+01 1.50000E+02
n-O000-MT002-Conner-11388005-ang-E0014.100.1953                 19 2.44000E+01 1.52500E+02
n-O000-MT002-Fowler-10028002-ang-E0001.833.1970                 12 1.89000E+01 1.45000E+02
n-O000-MT002-Fowler-10028002-ang-E0001.833A001.1970             12 1.89000E+01 1.45000E+02
n-O000-MT002-Fowler-10028002-ang-E0003.211.1970                 12 1.91000E+01 1.45100E+02
n-O000-MT002-Fowler-11401002-ang-E0001.000.1958                 10 3.17883E+01 1.38590E+02
n-O000-MT002-Fowler-11401002-ang-E0001.210.1958                 10 3.17883E+01 1.38590E+02
n-O000-MT002-Fowler-11401003-ang-E0000.730.1958                 10 3.06834E+01 1.39464E+02
n-O000-MT002-Fowler-11401003-ang-E0001.500.1958                 10 3.17883E+01 1.36886E+02
n-O000-MT002-Fowler-11401003-ang-E0001.750.1958                 10 3.06834E+01 1.37731E+02
n-O000-MT002-Fowler-11401003-ang-E0002.150.1958                 10 3.06834E+01 1.37731E+02
n-O000-MT002-Hunzinger-20981002-ang-E0002.000.1962              10 6.57952E+01 1.29792E+02
n-O000-MT002-Hunzinger-20981002-ang-E0002.200.1962              23 5.31301E+01 1.47140E+02
n-O000-MT002-Hunzinger-20981002-ang-E0002.340.1962              22 4.94584E+01 1.47140E+02
n-O000-MT002-Hunzinger-20981002-ang-E0002.560.1962              30 4.94584E+01 1.46099E+02
n-O000-MT002-Hunzinger-20981002-ang-E0002.760.1962              30 5.31301E+01 1.43130E+02
n-O000-MT002-Islam-13194002-ang-E0018.000.1987                  23 1.21000E+01 1.54800E+02
n-O000-MT002-Islam-13194002-ang-E0020.000.1987                  49 1.21000E+01 1.58700E+02
n-O000-MT002-Islam-13194002-ang-E0022.000.1987                  28 1.21000E+01 1.56100E+02
n-O000-MT002-Islam-13194002-ang-E0026.000.1987                  26 1.21000E+01 1.59000E+02
n-O000-MT002-Johnson-11419002-ang-E0003.266.1967               168 1.88000E+01 1.45600E+02
n-O000-MT002-Lane-10415009-ang-E0000.126.1961                  712 2.33000E+01 1.44200E+02
n-O000-MT002-Martin-11371002-ang-E0001.510.1962                  7 0.00000E+00 9.35891E+01
n-O000-MT002-Martin-11371002-ang-E0001.750.1962                  7 2.12512E+01 1.23477E+02
n-O000-MT002-Okazaki-11392003-ang-E0000.410.1955                18 4.31000E+01 1.30100E+02
n-O000-MT002-Phillips-11207006-ang-E0003.000.1960              109 2.00000E+01 1.50000E+02
n-O000-MT002-Vanzyl-21374005-ang-E0136.000.1956                  5 0.00000E+00 1.76000E+01
