#              Filename                                         N    min         max
p-Cr052-MT601-Antropov-F1144006-ang-E0006.000.1971              17 4.59000E+01 1.64300E+02
p-Cr052-MT601-Antropov-F1144008-ang-E0006.000.1971              48 4.75000E+01 1.68300E+02
p-Cr052-MT601-Bjerregaard-F1038003-ang-E0003.619.1964           25 1.45000E+02 1.45000E+02
p-Cr052-MT601-Funsten-C1326006-ang-E0017.450.1964               43 2.45000E+01 8.99000E+01
p-Cr052-MT601-Krivonosov-F0920006-ang-E0002.573.1976             5 5.60000E+01 5.60000E+01
p-Cr052-MT601-Ozawa-F1060004-ang-E0003.200.1985                  1 1.20000E+02 1.60000E+02
p-Cr052-MT601-Ozawa-F1060004-ang-E0003.201.1985                  1 1.20000E+02 1.60000E+02
p-Cr052-MT601-Ozawa-F1060004-ang-E0003.201A001.1985              1 1.20000E+02 1.35000E+02
p-Cr052-MT601-Ozawa-F1060004-ang-E0003.201A002.1985              2 9.00000E+01 1.60000E+02
p-Cr052-MT601-Ozawa-F1060004-ang-E0003.201A003.1985              2 9.00000E+01 9.00000E+01
p-Cr052-MT601-Perey-C2165031-ang-E0011.000.1968                 33 1.50000E+01 1.65000E+02
p-Cr052-MT601-Peterson-O0402003-ang-E0017.500.1969              23 1.53000E+01 1.33900E+02
p-Cr052-MT601-Prokopenko-D5158003-ang-E0006.900.1963            22 4.88000E+01 1.60700E+02
p-Cr052-MT601-Romanovskii-F0978009-ang-E0006.300.1977            8 8.96000E+01 1.60000E+02
p-Cr052-MT601-Ruh-F0905004-ang-E0004.000.1970                    1 1.20000E+02 1.35000E+02
p-Cr052-MT601-Ruh-F0905004-ang-E0005.002.1970                    1 5.00000E+01 1.20000E+02
p-Cr052-MT601-Ruh-F0905004-ang-E0005.002A001.1970                1 5.00000E+01 7.00000E+01
p-Cr052-MT601-Ruh-F0905004-ang-E0005.002A002.1970                1 7.00000E+01 9.00000E+01
p-Cr052-MT601-Ruh-F0905004-ang-E0005.006.1970                    1 9.00000E+01 1.50000E+02
p-Cr052-MT601-Ruh-F0905004-ang-E0005.007.1970                    1 1.05000E+02 1.50000E+02
p-Cr052-MT601-Ruh-F0905004-ang-E0005.007A001.1970                1 7.00000E+01 1.05000E+02
p-Cr052-MT601-Ruh-F0905004-ang-E0005.022.1970                    1 7.00000E+01 1.35000E+02
p-Cr052-MT601-Ruh-F0905004-ang-E0005.023.1970                    1 5.00000E+01 1.35000E+02
p-Cr052-MT601-Ruh-F0905004-ang-E0005.025.1970                    1 5.00000E+01 9.00000E+01
p-Cr052-MT601-Ruh-F0905004-ang-E0005.026.1970                    1 9.00000E+01 1.05000E+02
p-Cr052-MT601-Ruh-F0905004-ang-E0005.027.1970                    1 1.05000E+02 1.20000E+02
p-Cr052-MT601-Ruh-F0905004-ang-E0005.028.1970                    1 1.20000E+02 1.50000E+02
p-Cr052-MT601-Ruh-F0905004-ang-E0005.032.1970                    1 7.00000E+01 1.50000E+02
p-Cr052-MT601-Ruh-F0905004-ang-E0005.042.1970                    1 7.00000E+01 1.35000E+02
p-Cr052-MT601-Ruh-F0905004-ang-E0005.043.1970                    1 5.00000E+01 1.35000E+02
p-Cr052-MT601-Ruh-F0905004-ang-E0005.045.1970                    1 5.00000E+01 9.00000E+01
p-Cr052-MT601-Ruh-F0905004-ang-E0005.046.1970                    1 9.00000E+01 1.20000E+02
p-Cr052-MT601-Ruh-F0905004-ang-E0005.047.1970                    1 1.05000E+02 1.20000E+02
p-Cr052-MT601-Ruh-F0905004-ang-E0005.050.1970                    2 1.05000E+02 1.50000E+02
p-Cr052-MT601-Ruh-F0905004-ang-E0005.060.1970                    1 5.00000E+01 1.35000E+02
p-Cr052-MT601-Ruh-F0905004-ang-E0005.062.1970                    1 5.00000E+01 9.00000E+01
p-Cr052-MT601-Ruh-F0905004-ang-E0005.063.1970                    1 7.00000E+01 9.00000E+01
p-Cr052-MT601-Ruh-F0905004-ang-E0005.064.1970                    1 7.00000E+01 1.20000E+02
p-Cr052-MT601-Ruh-F0905004-ang-E0005.065.1970                    1 1.05000E+02 1.20000E+02
p-Cr052-MT601-Ruh-F0905004-ang-E0005.067.1970                    1 1.05000E+02 1.50000E+02
p-Cr052-MT601-Ruh-F0905004-ang-E0005.067A001.1970                1 5.00000E+01 1.50000E+02
p-Cr052-MT601-Ruh-F0905004-ang-E0005.082.1970                    1 5.00000E+01 1.20000E+02
p-Cr052-MT601-Ruh-F0905004-ang-E0005.085.1970                    1 7.00000E+01 1.20000E+02
p-Cr052-MT601-Ruh-F0905004-ang-E0005.085A001.1970                1 7.00000E+01 9.00000E+01
p-Cr052-MT601-Ruh-F0905004-ang-E0005.085A002.1970                1 9.00000E+01 1.35000E+02
p-Cr052-MT601-Ruh-F0905004-ang-E0005.086.1970                    1 1.05000E+02 1.35000E+02
p-Cr052-MT601-Ruh-F0905004-ang-E0005.087.1970                    1 1.05000E+02 1.50000E+02
p-Cr052-MT601-Ruh-F0905004-ang-E0005.087A001.1970                1 5.00000E+01 1.50000E+02
p-Cr052-MT601-Ruh-F0905004-ang-E0005.101.1970                    1 5.00000E+01 1.20000E+02
p-Cr052-MT601-Ruh-F0905004-ang-E0005.102.1970                    1 9.00000E+01 1.20000E+02
p-Cr052-MT601-Ruh-F0905004-ang-E0005.102A001.1970                1 7.00000E+01 9.00000E+01
p-Cr052-MT601-Ruh-F0905004-ang-E0005.105.1970                    1 7.00000E+01 1.05000E+02
p-Cr052-MT601-Ruh-F0905004-ang-E0005.110.1970                    1 1.05000E+02 1.50000E+02
p-Cr052-MT601-Ruh-F0905004-ang-E0005.110A001.1970                1 5.00000E+01 1.50000E+02
p-Cr052-MT601-Ruh-F0905004-ang-E0005.121.1970                    1 5.00000E+01 1.20000E+02
p-Cr052-MT601-Ruh-F0905004-ang-E0005.122.1970                    1 1.20000E+02 1.35000E+02
p-Cr052-MT601-Ruh-F0905004-ang-E0005.123.1970                    1 7.00000E+01 1.35000E+02
p-Cr052-MT601-Ruh-F0905004-ang-E0005.124.1970                    1 7.00000E+01 9.00000E+01
p-Cr052-MT601-Ruh-F0905004-ang-E0005.125.1970                    1 9.00000E+01 1.05000E+02
p-Cr052-MT601-Ruh-F0905004-ang-E0005.130.1970                    1 1.05000E+02 1.50000E+02
p-Cr052-MT601-Ruh-F0905004-ang-E0005.130A001.1970                1 9.00000E+01 1.50000E+02
p-Cr052-MT601-Ruh-F0905004-ang-E0005.136.1970                    1 5.00000E+01 9.00000E+01
p-Cr052-MT601-Ruh-F0905004-ang-E0005.141.1970                    1 5.00000E+01 1.35000E+02
p-Cr052-MT601-Ruh-F0905004-ang-E0005.143.1970                    1 7.00000E+01 1.35000E+02
p-Cr052-MT601-Ruh-F0905004-ang-E0005.143A001.1970                1 7.00000E+01 1.20000E+02
p-Cr052-MT601-Ruh-F0905004-ang-E0005.144.1970                    1 1.20000E+02 1.50000E+02
p-Cr052-MT601-Ruh-F0905004-ang-E0005.147.1970                    1 1.05000E+02 1.50000E+02
p-Cr052-MT601-Ruh-F0905004-ang-E0005.149.1970                    1 9.00000E+01 1.05000E+02
p-Cr052-MT601-Ruh-F0905004-ang-E0005.150.1970                    1 9.00000E+01 1.35000E+02
p-Cr052-MT601-Ruh-F0905004-ang-E0005.160.1970                    1 1.35000E+02 1.50000E+02
p-Cr052-MT601-Ruh-F0905004-ang-E0005.162.1970                    1 1.20000E+02 1.50000E+02
p-Cr052-MT601-Ruh-F0905004-ang-E0005.164.1970                    1 7.00000E+01 1.20000E+02
p-Cr052-MT601-Ruh-F0905004-ang-E0005.166.1970                    1 5.00000E+01 7.00000E+01
p-Cr052-MT601-Ruh-F0905004-ang-E0005.167.1970                    1 5.00000E+01 1.50000E+02
p-Cr052-MT601-Ruh-F0905004-ang-E0005.167A001.1970                1 1.05000E+02 1.50000E+02
p-Cr052-MT601-Ruh-F0905004-ang-E0005.172.1970                    1 9.00000E+01 1.05000E+02
p-Cr052-MT601-Ruh-F0905004-ang-E0005.173.1970                    1 9.00000E+01 1.35000E+02
p-Cr052-MT601-Ruh-F0905004-ang-E0005.180.1970                    1 7.00000E+01 1.35000E+02
p-Cr052-MT601-Ruh-F0905004-ang-E0005.183.1970                    1 5.00000E+01 7.00000E+01
p-Cr052-MT601-Ruh-F0905004-ang-E0005.184.1970                    1 5.00000E+01 1.20000E+02
p-Cr052-MT601-Ruh-F0905004-ang-E0005.184A001.1970                1 1.05000E+02 1.20000E+02
p-Cr052-MT601-Ruh-F0905004-ang-E0005.186.1970                    1 9.00000E+01 1.05000E+02
p-Cr052-MT601-Ruh-F0905004-ang-E0005.187.1970                    1 9.00000E+01 1.50000E+02
p-Cr052-MT601-Ruh-F0905004-ang-E0005.187A001.1970                1 1.35000E+02 1.50000E+02
p-Cr052-MT601-Ruh-F0905004-ang-E0005.200.1970                    1 5.00000E+01 1.35000E+02
p-Cr052-MT601-Ruh-F0905004-ang-E0005.201.1970                    1 5.00000E+01 1.20000E+02
p-Cr052-MT601-Ruh-F0905004-ang-E0005.204.1970                    1 7.00000E+01 1.20000E+02
p-Cr052-MT601-Ruh-F0905004-ang-E0005.206.1970                    1 7.00000E+01 1.05000E+02
p-Cr052-MT601-Ruh-F0905004-ang-E0005.206A001.1970                1 9.00000E+01 1.05000E+02
p-Cr052-MT601-Ruh-F0905004-ang-E0005.207.1970                    1 9.00000E+01 1.50000E+02
p-Cr052-MT601-Ruh-F0905004-ang-E0005.210.1970                    1 1.20000E+02 1.50000E+02
p-Cr052-MT601-Ruh-F0905004-ang-E0005.224.1970                    1 7.00000E+01 1.20000E+02
p-Cr052-MT601-Ruh-F0905004-ang-E0005.225.1970                    1 7.00000E+01 1.05000E+02
p-Cr052-MT601-Ruh-F0905004-ang-E0005.226.1970                    1 1.05000E+02 1.35000E+02
p-Cr052-MT601-Ruh-F0905004-ang-E0005.226A001.1970                1 5.00000E+01 1.35000E+02
p-Cr052-MT601-Ruh-F0905004-ang-E0005.227.1970                    1 5.00000E+01 9.00000E+01
p-Cr052-MT601-Ruh-F0905004-ang-E0005.227A001.1970                1 9.00000E+01 1.50000E+02
p-Cr052-MT601-Ruh-F0905004-ang-E0005.233.1970                    1 1.35000E+02 1.50000E+02
p-Cr052-MT601-Ruh-F0905004-ang-E0005.243.1970                    1 1.20000E+02 1.35000E+02
p-Cr052-MT601-Ruh-F0905004-ang-E0005.244.1970                    1 7.00000E+01 1.20000E+02
p-Cr052-MT601-Ruh-F0905004-ang-E0005.245.1970                    1 7.00000E+01 1.05000E+02
p-Cr052-MT601-Ruh-F0905004-ang-E0005.246.1970                    1 5.00000E+01 1.05000E+02
p-Cr052-MT601-Ruh-F0905004-ang-E0005.246A001.1970                1 5.00000E+01 1.50000E+02
p-Cr052-MT601-Ruh-F0905004-ang-E0005.250.1970                    1 9.00000E+01 1.50000E+02
p-Cr052-MT601-Ruh-F0905004-ang-E0005.252.1970                    1 9.00000E+01 1.35000E+02
p-Cr052-MT601-Ruh-F0905004-ang-E0005.260.1970                    1 7.00000E+01 1.35000E+02
p-Cr052-MT601-Ruh-F0905004-ang-E0005.260A001.1970                1 7.00000E+01 1.05000E+02
p-Cr052-MT601-Ruh-F0905004-ang-E0005.260A002.1970                1 5.00000E+01 1.05000E+02
p-Cr052-MT601-Ruh-F0905004-ang-E0005.263.1970                    1 5.00000E+01 1.20000E+02
p-Cr052-MT601-Ruh-F0905004-ang-E0005.264.1970                    1 9.00000E+01 1.20000E+02
p-Cr052-MT601-Ruh-F0905004-ang-E0005.267.1970                    1 9.00000E+01 1.50000E+02
p-Cr052-MT601-Ruh-F0905004-ang-E0005.268.1970                    1 5.00000E+01 1.50000E+02
p-Cr052-MT601-Ruh-F0905004-ang-E0005.283.1970                    1 5.00000E+01 7.00000E+01
p-Cr052-MT601-Ruh-F0905004-ang-E0005.286.1970                    1 7.00000E+01 1.35000E+02
p-Cr052-MT601-Ruh-F0905004-ang-E0005.286A001.1970                1 1.05000E+02 1.35000E+02
p-Cr052-MT601-Ruh-F0905004-ang-E0005.286A002.1970                1 1.05000E+02 1.20000E+02
p-Cr052-MT601-Ruh-F0905004-ang-E0005.287.1970                    1 1.20000E+02 1.50000E+02
p-Cr052-MT601-Ruh-F0905004-ang-E0005.288.1970                    1 9.00000E+01 1.50000E+02
p-Cr052-MT601-Ruh-F0905004-ang-E0005.290.1970                    1 7.00000E+01 9.00000E+01
p-Cr052-MT601-Ruh-F0905004-ang-E0005.303.1970                    1 5.00000E+01 7.00000E+01
p-Cr052-MT601-Ruh-F0905004-ang-E0005.303A001.1970                1 5.00000E+01 1.35000E+02
p-Cr052-MT601-Ruh-F0905004-ang-E0005.303A002.1970                1 1.20000E+02 1.35000E+02
p-Cr052-MT601-Ruh-F0905004-ang-E0005.304.1970                    1 1.05000E+02 1.20000E+02
p-Cr052-MT601-Ruh-F0905004-ang-E0005.309.1970                    1 9.00000E+01 1.05000E+02
p-Cr052-MT601-Ruh-F0905004-ang-E0005.309A001.1970                1 9.00000E+01 1.50000E+02
p-Cr052-MT601-Ruh-F0905004-ang-E0005.311.1970                    1 5.00000E+01 1.50000E+02
p-Cr052-MT601-Ruh-F0905004-ang-E0005.323.1970                    1 5.00000E+01 1.35000E+02
p-Cr052-MT601-Ruh-F0905004-ang-E0005.323A001.1970                1 7.00000E+01 1.35000E+02
p-Cr052-MT601-Ruh-F0905004-ang-E0005.325.1970                    1 7.00000E+01 1.20000E+02
p-Cr052-MT601-Ruh-F0905004-ang-E0005.327.1970                    1 1.05000E+02 1.20000E+02
p-Cr052-MT601-Ruh-F0905004-ang-E0005.328.1970                    1 1.05000E+02 1.50000E+02
p-Cr052-MT601-Ruh-F0905004-ang-E0005.331.1970                    1 9.00000E+01 1.50000E+02
p-Cr052-MT601-Ruh-F0905004-ang-E0005.335.1970                    1 5.00000E+01 9.00000E+01
p-Cr052-MT601-Ruh-F0905004-ang-E0005.340.1970                    1 5.00000E+01 1.35000E+02
p-Cr052-MT601-Ruh-F0905004-ang-E0005.343.1970                    1 7.00000E+01 1.35000E+02
p-Cr052-MT601-Ruh-F0905004-ang-E0005.345.1970                    1 7.00000E+01 1.20000E+02
p-Cr052-MT601-Ruh-F0905004-ang-E0005.347.1970                    1 1.20000E+02 1.50000E+02
p-Cr052-MT601-Ruh-F0905004-ang-E0005.348.1970                    1 9.00000E+01 1.50000E+02
p-Cr052-MT601-Ruh-F0905004-ang-E0005.349.1970                    1 9.00000E+01 1.05000E+02
p-Cr052-MT601-Ruh-F0905004-ang-E0005.351.1970                    1 1.05000E+02 1.35000E+02
p-Cr052-MT601-Ruh-F0905004-ang-E0005.360.1970                    1 5.00000E+01 1.35000E+02
p-Cr052-MT601-Ruh-F0905004-ang-E0005.363.1970                    1 5.00000E+01 1.20000E+02
p-Cr052-MT601-Ruh-F0905004-ang-E0005.364.1970                    1 7.00000E+01 1.20000E+02
p-Cr052-MT601-Ruh-F0905004-ang-E0005.365.1970                    1 7.00000E+01 1.05000E+02
p-Cr052-MT601-Ruh-F0905004-ang-E0005.366.1970                    1 1.05000E+02 1.50000E+02
p-Cr052-MT601-Ruh-F0905004-ang-E0005.368.1970                    1 9.00000E+01 1.50000E+02
p-Cr052-MT601-Ruh-F0905004-ang-E0005.369.1970                    1 7.00000E+01 9.00000E+01
p-Cr052-MT601-Ruh-F0905004-ang-E0005.377.1970                    1 7.00000E+01 1.35000E+02
p-Cr052-MT601-Ruh-F0905004-ang-E0005.383.1970                    1 1.20000E+02 1.35000E+02
p-Cr052-MT601-Ruh-F0905004-ang-E0005.384.1970                    1 5.00000E+01 1.20000E+02
p-Cr052-MT601-Ruh-F0905004-ang-E0005.385.1970                    1 5.00000E+01 7.00000E+01
p-Cr052-MT601-Ruh-F0905004-ang-E0005.385A001.1970                1 7.00000E+01 1.05000E+02
p-Cr052-MT601-Ruh-F0905004-ang-E0005.386.1970                    1 9.00000E+01 1.05000E+02
p-Cr052-MT601-Ruh-F0905004-ang-E0005.386A001.1970                1 9.00000E+01 1.50000E+02
p-Cr052-MT601-Ruh-F0905004-ang-E0005.388.1970                    1 5.00000E+01 1.50000E+02
p-Cr052-MT601-Ruh-F0905004-ang-E0005.399.1970                    1 5.00000E+01 1.05000E+02
p-Cr052-MT601-Ruh-F0905004-ang-E0005.403.1970                    1 1.05000E+02 1.35000E+02
p-Cr052-MT601-Ruh-F0905004-ang-E0005.403A001.1970                1 7.00000E+01 1.35000E+02
p-Cr052-MT601-Ruh-F0905004-ang-E0005.404.1970                    1 7.00000E+01 1.20000E+02
p-Cr052-MT601-Ruh-F0905004-ang-E0005.407.1970                    1 9.00000E+01 1.20000E+02
p-Cr052-MT601-Ruh-F0905004-ang-E0005.409.1970                    1 9.00000E+01 1.50000E+02
p-Cr052-MT601-Ruh-F0905004-ang-E0005.414.1970                    1 1.35000E+02 1.50000E+02
p-Cr052-MT601-Ruh-F0905004-ang-E0005.415.1970                    1 1.35000E+02 1.50000E+02
p-Cr052-MT601-Ruh-F0905004-ang-E0005.419.1970                    1 1.35000E+02 1.50000E+02
p-Cr052-MT601-Ruh-F0905004-ang-E0005.423.1970                    1 5.00000E+01 1.35000E+02
p-Cr052-MT601-Ruh-F0905004-ang-E0005.425.1970                    2 5.00000E+01 1.20000E+02
p-Cr052-MT601-Ruh-F0905004-ang-E0005.427.1970                    1 9.00000E+01 1.20000E+02
p-Cr052-MT601-Ruh-F0905004-ang-E0005.429.1970                    1 9.00000E+01 1.50000E+02
p-Cr052-MT601-Ruh-F0905004-ang-E0005.431.1970                    1 1.05000E+02 1.50000E+02
p-Cr052-MT601-Ruh-F0905004-ang-E0005.431A001.1970                1 7.00000E+01 1.05000E+02
p-Cr052-MT601-Ruh-F0905004-ang-E0005.439.1970                    1 7.00000E+01 1.35000E+02
p-Cr052-MT601-Ruh-F0905004-ang-E0005.441.1970                    1 5.00000E+01 1.35000E+02
p-Cr052-MT601-Ruh-F0905004-ang-E0005.442.1970                    1 5.00000E+01 9.00000E+01
p-Cr052-MT601-Ruh-F0905004-ang-E0005.443.1970                    1 9.00000E+01 1.20000E+02
p-Cr052-MT601-Ruh-F0905004-ang-E0005.444.1970                    1 1.20000E+02 1.50000E+02
p-Cr052-MT601-Ruh-F0905004-ang-E0005.446.1970                    1 1.05000E+02 1.50000E+02
p-Cr052-MT601-Ruh-F0905004-ang-E0005.446A001.1970                1 1.05000E+02 1.35000E+02
p-Cr052-MT601-Ruh-F0905004-ang-E0005.458.1970                    1 9.00000E+01 1.35000E+02
p-Cr052-MT601-Ruh-F0905004-ang-E0005.460.1970                    1 5.00000E+01 9.00000E+01
p-Cr052-MT601-Ruh-F0905004-ang-E0005.464.1970                    1 5.00000E+01 1.50000E+02
p-Cr052-MT601-Ruh-F0905004-ang-E0005.466.1970                    1 1.05000E+02 1.50000E+02
p-Cr052-MT601-Ruh-F0905004-ang-E0005.466A001.1970                1 1.05000E+02 1.20000E+02
p-Cr052-MT601-Ruh-F0905004-ang-E0005.467.1970                    1 1.20000E+02 1.35000E+02
p-Cr052-MT601-Ruh-F0905004-ang-E0005.481.1970                    1 5.00000E+01 1.35000E+02
p-Cr052-MT601-Ruh-F0905004-ang-E0005.482.1970                    1 5.00000E+01 7.00000E+01
p-Cr052-MT601-Ruh-F0905004-ang-E0005.482A001.1970                1 7.00000E+01 1.20000E+02
p-Cr052-MT601-Ruh-F0905004-ang-E0005.487.1970                    1 9.00000E+01 1.20000E+02
p-Cr052-MT601-Ruh-F0905004-ang-E0005.488.1970                    1 9.00000E+01 1.05000E+02
p-Cr052-MT601-Ruh-F0905004-ang-E0005.489.1970                    1 1.05000E+02 1.50000E+02
p-Cr052-MT601-Ruh-F0905004-ang-E0005.489A001.1970                1 7.00000E+01 1.50000E+02
p-Cr052-MT601-Ruh-F0905004-ang-E0005.501.1970                    1 7.00000E+01 1.35000E+02
p-Cr052-MT601-Ruh-F0905004-ang-E0005.504.1970                    1 5.00000E+01 1.35000E+02
p-Cr052-MT601-Ruh-F0905004-ang-E0005.504A001.1970                1 5.00000E+01 9.00000E+01
p-Cr052-MT601-Ruh-F0905004-ang-E0005.505.1970                    1 9.00000E+01 1.20000E+02
p-Cr052-MT601-Ruh-F0905004-ang-E0005.507.1970                    1 1.05000E+02 1.20000E+02
p-Cr052-MT601-Ruh-F0905004-ang-E0005.508.1970                    1 1.05000E+02 1.50000E+02
p-Cr052-MT601-Ruh-F0905004-ang-E0005.509.1970                    1 5.00000E+01 1.50000E+02
p-Cr052-MT601-Ruh-F0905004-ang-E0005.521.1970                    1 5.00000E+01 1.20000E+02
p-Cr052-MT601-Ruh-F0905004-ang-E0005.524.1970                    2 1.05000E+02 1.35000E+02
p-Cr052-MT601-Ruh-F0905004-ang-E0005.525.1970                    1 7.00000E+01 1.05000E+02
p-Cr052-MT601-Ruh-F0905004-ang-E0005.526.1970                    1 7.00000E+01 1.50000E+02
p-Cr052-MT601-Ruh-F0905004-ang-E0005.528.1970                    1 9.00000E+01 1.50000E+02
p-Cr052-MT601-Ruh-F0905004-ang-E0005.530.1970                    1 9.00000E+01 1.05000E+02
p-Cr052-MT601-Ruh-F0905004-ang-E0005.542.1970                    1 1.05000E+02 1.35000E+02
p-Cr052-MT601-Ruh-F0905004-ang-E0005.544.1970                    1 5.00000E+01 1.35000E+02
p-Cr052-MT601-Ruh-F0905004-ang-E0005.544A001.1970                1 5.00000E+01 1.50000E+02
p-Cr052-MT601-Ruh-F0905004-ang-E0005.546.1970                    1 7.00000E+01 1.50000E+02
p-Cr052-MT601-Ruh-F0905004-ang-E0005.546A001.1970                1 7.00000E+01 1.05000E+02
p-Cr052-MT601-Ruh-F0905004-ang-E0005.548.1970                    1 1.05000E+02 1.20000E+02
p-Cr052-MT601-Ruh-F0905004-ang-E0005.549.1970                    1 9.00000E+01 1.20000E+02
p-Cr052-MT601-Ruh-F0905004-ang-E0005.550.1970                    1 5.00000E+01 9.00000E+01
p-Cr052-MT601-Ruh-F0905004-ang-E0005.561.1970                    1 5.00000E+01 7.00000E+01
p-Cr052-MT601-Ruh-F0905004-ang-E0005.564.1970                    1 7.00000E+01 1.20000E+02
p-Cr052-MT601-Ruh-F0905004-ang-E0005.564A001.1970                1 1.20000E+02 1.35000E+02
p-Cr052-MT601-Ruh-F0905004-ang-E0005.567.1970                    1 9.00000E+01 1.35000E+02
p-Cr052-MT601-Ruh-F0905004-ang-E0005.568.1970                    1 9.00000E+01 1.05000E+02
p-Cr052-MT601-Ruh-F0905004-ang-E0005.571.1970                    1 1.05000E+02 1.50000E+02
p-Cr052-MT601-Ruh-F0905004-ang-E0005.572.1970                    1 7.00000E+01 1.50000E+02
p-Cr052-MT601-Ruh-F0905004-ang-E0005.581.1970                    1 5.00000E+01 7.00000E+01
p-Cr052-MT601-Ruh-F0905004-ang-E0005.581A001.1970                1 5.00000E+01 1.35000E+02
p-Cr052-MT601-Ruh-F0905004-ang-E0005.587.1970                    1 9.00000E+01 1.35000E+02
p-Cr052-MT601-Ruh-F0905004-ang-E0005.587A001.1970                1 9.00000E+01 1.05000E+02
p-Cr052-MT601-Ruh-F0905004-ang-E0005.588.1970                    1 1.05000E+02 1.20000E+02
p-Cr052-MT601-Ruh-F0905004-ang-E0005.589.1970                    1 1.20000E+02 1.50000E+02
p-Cr052-MT601-Ruh-F0905004-ang-E0005.592.1970                    1 5.00000E+01 1.50000E+02
p-Cr052-MT601-Ruh-F0905004-ang-E0005.601.1970                    1 5.00000E+01 1.35000E+02
p-Cr052-MT601-Ruh-F0905004-ang-E0005.601A001.1970                1 7.00000E+01 1.35000E+02
p-Cr052-MT601-Ruh-F0905004-ang-E0005.603.1970                    1 7.00000E+01 1.50000E+02
p-Cr052-MT601-Ruh-F0905004-ang-E0005.606.1970                    1 9.00000E+01 1.50000E+02
p-Cr052-MT601-Ruh-F0905004-ang-E0005.607.1970                    1 9.00000E+01 1.05000E+02
p-Cr052-MT601-Ruh-F0905004-ang-E0005.608.1970                    1 1.05000E+02 1.20000E+02
p-Cr052-MT601-Ruh-F0905004-ang-E0005.612.1970                    1 7.00000E+01 1.20000E+02
p-Cr052-MT601-Ruh-F0905004-ang-E0005.623.1970                    1 5.00000E+01 7.00000E+01
p-Cr052-MT601-Ruh-F0905004-ang-E0005.623A001.1970                1 5.00000E+01 1.35000E+02
p-Cr052-MT601-Ruh-F0905004-ang-E0005.624.1970                    1 9.00000E+01 1.35000E+02
p-Cr052-MT601-Ruh-F0905004-ang-E0005.624A001.1970                1 9.00000E+01 1.05000E+02
p-Cr052-MT601-Ruh-F0905004-ang-E0005.628.1970                    1 1.05000E+02 1.20000E+02
p-Cr052-MT601-Ruh-F0905004-ang-E0005.629.1970                    1 1.20000E+02 1.50000E+02
p-Cr052-MT601-Ruh-F0905004-ang-E0005.632.1970                    1 5.00000E+01 1.50000E+02
p-Cr052-MT601-Ruh-F0905004-ang-E0005.640.1970                    1 5.00000E+01 7.00000E+01
p-Cr052-MT601-Ruh-F0905004-ang-E0005.641.1970                    1 7.00000E+01 1.35000E+02
p-Cr052-MT601-Ruh-F0905004-ang-E0005.644.1970                    1 1.20000E+02 1.35000E+02
p-Cr052-MT601-Ruh-F0905004-ang-E0005.647.1970                    1 9.00000E+01 1.20000E+02
p-Cr052-MT601-Ruh-F0905004-ang-E0005.647A001.1970                1 9.00000E+01 1.50000E+02
p-Cr052-MT601-Ruh-F0905004-ang-E0005.649.1970                    1 1.05000E+02 1.50000E+02
p-Cr052-MT601-Ruh-F0905004-ang-E0005.651.1970                    1 5.00000E+01 1.05000E+02
p-Cr052-MT601-Ruh-F0905004-ang-E0005.663.1970                    1 5.00000E+01 1.35000E+02
p-Cr052-MT601-Ruh-F0905004-ang-E0005.664.1970                    1 7.00000E+01 1.35000E+02
p-Cr052-MT601-Ruh-F0905004-ang-E0005.666.1970                    1 7.00000E+01 1.20000E+02
p-Cr052-MT601-Ruh-F0905004-ang-E0005.666A001.1970                1 9.00000E+01 1.20000E+02
p-Cr052-MT601-Ruh-F0905004-ang-E0005.667.1970                    1 9.00000E+01 1.05000E+02
p-Cr052-MT601-Ruh-F0905004-ang-E0005.670.1970                    1 1.05000E+02 1.50000E+02
p-Cr052-MT601-Ruh-F0905004-ang-E0005.672.1970                    1 1.20000E+02 1.50000E+02
p-Cr052-MT601-Ruh-F0905004-ang-E0005.681.1970                    1 7.00000E+01 1.20000E+02
p-Cr052-MT601-Ruh-F0905004-ang-E0005.682.1970                    1 5.00000E+01 7.00000E+01
p-Cr052-MT601-Ruh-F0905004-ang-E0005.683.1970                    1 5.00000E+01 9.00000E+01
p-Cr052-MT601-Ruh-F0905004-ang-E0005.684.1970                    1 9.00000E+01 1.35000E+02
p-Cr052-MT601-Ruh-F0905004-ang-E0005.684A001.1970                1 1.05000E+02 1.35000E+02
p-Cr052-MT601-Ruh-F0905004-ang-E0005.687.1970                    1 1.05000E+02 1.50000E+02
p-Cr052-MT601-Ruh-F0905004-ang-E0005.692.1970                    1 5.00000E+01 1.50000E+02
p-Cr052-MT601-Ruh-F0905004-ang-E0005.703.1970                    1 5.00000E+01 7.00000E+01
p-Cr052-MT601-Ruh-F0905004-ang-E0005.704.1970                    1 7.00000E+01 1.35000E+02
p-Cr052-MT601-Ruh-F0905004-ang-E0005.707.1970                    1 9.00000E+01 1.35000E+02
p-Cr052-MT601-Ruh-F0905004-ang-E0005.709.1970                    1 9.00000E+01 1.20000E+02
p-Cr052-MT601-Ruh-F0905004-ang-E0005.709A001.1970                1 1.05000E+02 1.20000E+02
p-Cr052-MT601-Ruh-F0905004-ang-E0005.712.1970                    1 1.05000E+02 1.50000E+02
p-Cr052-MT601-Ruh-F0905004-ang-E0005.714.1970                    1 1.35000E+02 1.50000E+02
p-Cr052-MT601-Ruh-F0905004-ang-E0005.721.1970                    1 7.00000E+01 1.35000E+02
p-Cr052-MT601-Ruh-F0905004-ang-E0005.725.1970                    1 5.00000E+01 7.00000E+01
p-Cr052-MT601-Ruh-F0905004-ang-E0005.726.1970                    1 5.00000E+01 1.05000E+02
p-Cr052-MT601-Ruh-F0905004-ang-E0005.727.1970                    1 1.05000E+02 1.20000E+02
p-Cr052-MT601-Ruh-F0905004-ang-E0005.729.1970                    2 9.00000E+01 1.50000E+02
p-Cr052-MT601-Ruh-F0905004-ang-E0005.729A001.1970                1 9.00000E+01 1.20000E+02
p-Cr052-MT601-Ruh-F0905004-ang-E0005.738.1970                    1 1.05000E+02 1.20000E+02
p-Cr052-MT601-Ruh-F0905004-ang-E0005.739.1970                    1 7.00000E+01 1.05000E+02
p-Cr052-MT601-Ruh-F0905004-ang-E0005.742.1970                    1 5.00000E+01 7.00000E+01
p-Cr052-MT601-Ruh-F0905004-ang-E0005.746.1970                    1 5.00000E+01 1.35000E+02
p-Cr052-MT601-Ruh-F0905004-ang-E0005.747.1970                    1 1.20000E+02 1.35000E+02
p-Cr052-MT601-Ruh-F0905004-ang-E0005.749.1970                    1 1.05000E+02 1.20000E+02
p-Cr052-MT601-Ruh-F0905004-ang-E0005.750.1970                    1 1.05000E+02 1.50000E+02
p-Cr052-MT601-Ruh-F0905004-ang-E0005.752.1970                    1 5.00000E+01 1.50000E+02
p-Cr052-MT601-Ruh-F0905004-ang-E0005.765.1970                    1 5.00000E+01 7.00000E+01
p-Cr052-MT601-Ruh-F0905004-ang-E0005.767.1970                    1 7.00000E+01 1.05000E+02
p-Cr052-MT601-Ruh-F0905004-ang-E0005.769.1970                    1 1.05000E+02 1.35000E+02
p-Cr052-MT601-Ruh-F0905004-ang-E0005.770.1970                    1 9.00000E+01 1.35000E+02
p-Cr052-MT601-Ruh-F0905004-ang-E0005.771.1970                    1 9.00000E+01 1.20000E+02
p-Cr052-MT601-Ruh-F0905004-ang-E0005.772.1970                    1 1.20000E+02 1.50000E+02
p-Cr052-MT601-Ruh-F0905004-ang-E0005.778.1970                    1 5.00000E+01 1.50000E+02
p-Cr052-MT601-Ruh-F0905004-ang-E0005.782.1970                    1 5.00000E+01 7.00000E+01
p-Cr052-MT601-Ruh-F0905004-ang-E0005.784.1970                    1 7.00000E+01 1.05000E+02
p-Cr052-MT601-Ruh-F0905004-ang-E0005.787.1970                    1 1.05000E+02 1.35000E+02
p-Cr052-MT601-Ruh-F0905004-ang-E0005.787A001.1970                1 9.00000E+01 1.35000E+02
p-Cr052-MT601-Ruh-F0905004-ang-E0005.789.1970                    1 9.00000E+01 1.20000E+02
p-Cr052-MT601-Ruh-F0905004-ang-E0005.789A001.1970                1 1.20000E+02 1.50000E+02
p-Cr052-MT601-Ruh-F0905004-ang-E0005.792.1970                    1 5.00000E+01 1.50000E+02
p-Cr052-MT601-Ruh-F0905004-ang-E0005.802.1970                    1 5.00000E+01 7.00000E+01
p-Cr052-MT601-Ruh-F0905004-ang-E0005.804.1970                    1 7.00000E+01 1.35000E+02
p-Cr052-MT601-Ruh-F0905004-ang-E0005.804A001.1970                1 9.00000E+01 1.35000E+02
p-Cr052-MT601-Ruh-F0905004-ang-E0005.806.1970                    1 9.00000E+01 1.20000E+02
p-Cr052-MT601-Ruh-F0905004-ang-E0005.809.1970                    1 1.20000E+02 1.50000E+02
p-Cr052-MT601-Ruh-F0905004-ang-E0005.809A001.1970                1 1.05000E+02 1.50000E+02
p-Cr052-MT601-Ruh-F0905004-ang-E0005.810.1970                    1 5.00000E+01 1.05000E+02
p-Cr052-MT601-Ruh-F0905004-ang-E0005.822.1970                    1 5.00000E+01 7.00000E+01
p-Cr052-MT601-Ruh-F0905004-ang-E0005.824.1970                    1 7.00000E+01 1.35000E+02
p-Cr052-MT601-Ruh-F0905004-ang-E0005.824A001.1970                1 1.20000E+02 1.35000E+02
p-Cr052-MT601-Ruh-F0905004-ang-E0005.826.1970                    1 1.05000E+02 1.20000E+02
p-Cr052-MT601-Ruh-F0905004-ang-E0005.827.1970                    1 1.05000E+02 1.50000E+02
p-Cr052-MT601-Ruh-F0905004-ang-E0005.830.1970                    1 9.00000E+01 1.50000E+02
p-Cr052-MT601-Ruh-F0905004-ang-E0005.831.1970                    1 5.00000E+01 9.00000E+01
p-Cr052-MT601-Ruh-F0905004-ang-E0005.842.1970                    1 5.00000E+01 1.35000E+02
p-Cr052-MT601-Ruh-F0905004-ang-E0005.844.1970                    1 9.00000E+01 1.35000E+02
p-Cr052-MT601-Ruh-F0905004-ang-E0005.845.1970                    1 7.00000E+01 9.00000E+01
p-Cr052-MT601-Ruh-F0905004-ang-E0005.846.1970                    1 7.00000E+01 1.20000E+02
p-Cr052-MT601-Ruh-F0905004-ang-E0005.852.1970                    1 7.00000E+01 1.20000E+02
p-Cr052-MT601-Ruh-F0905004-ang-E0005.852A001.1970                1 7.00000E+01 1.05000E+02
p-Cr052-MT601-Ruh-F0905004-ang-E0005.852A002.1970                1 1.05000E+02 1.50000E+02
p-Cr052-MT601-Ruh-F0905004-ang-E0005.855.1970                    1 1.35000E+02 1.50000E+02
p-Cr052-MT601-Ruh-F0905004-ang-E0005.862.1970                    1 7.00000E+01 1.35000E+02
p-Cr052-MT601-Ruh-F0905004-ang-E0005.864.1970                    1 5.00000E+01 7.00000E+01
p-Cr052-MT601-Ruh-F0905004-ang-E0005.865.1970                    1 5.00000E+01 1.20000E+02
p-Cr052-MT601-Ruh-F0905004-ang-E0005.866.1970                    1 9.00000E+01 1.20000E+02
p-Cr052-MT601-Ruh-F0905004-ang-E0005.868.1970                    1 9.00000E+01 1.05000E+02
p-Cr052-MT601-Ruh-F0905004-ang-E0005.872.1970                    2 7.00000E+01 1.50000E+02
p-Cr052-MT601-Ruh-F0905004-ang-E0005.881.1970                    1 5.00000E+01 7.00000E+01
p-Cr052-MT601-Ruh-F0905004-ang-E0005.881A001.1970                1 5.00000E+01 1.35000E+02
p-Cr052-MT601-Ruh-F0905004-ang-E0005.882.1970                    1 9.00000E+01 1.35000E+02
p-Cr052-MT601-Ruh-F0905004-ang-E0005.888.1970                    1 9.00000E+01 1.20000E+02
p-Cr052-MT601-Ruh-F0905004-ang-E0005.889.1970                    1 1.05000E+02 1.20000E+02
p-Cr052-MT601-Ruh-F0905004-ang-E0005.889A001.1970                1 1.05000E+02 1.50000E+02
p-Cr052-MT601-Ruh-F0905004-ang-E0005.892.1970                    1 5.00000E+01 1.50000E+02
p-Cr052-MT601-Ruh-F0905004-ang-E0005.901.1970                    1 5.00000E+01 1.35000E+02
p-Cr052-MT601-Ruh-F0905004-ang-E0005.902.1970                    1 7.00000E+01 1.35000E+02
p-Cr052-MT601-Ruh-F0905004-ang-E0005.904.1970                    1 7.00000E+01 1.05000E+02
p-Cr052-MT601-Ruh-F0905004-ang-E0005.904A001.1970                1 9.00000E+01 1.05000E+02
p-Cr052-MT601-Ruh-F0905004-ang-E0005.905.1970                    1 9.00000E+01 1.20000E+02
p-Cr052-MT601-Ruh-F0905004-ang-E0005.906.1970                    1 1.20000E+02 1.50000E+02
p-Cr052-MT601-Ruh-F0905004-ang-E0005.910.1970                    1 7.00000E+01 1.50000E+02
p-Cr052-MT601-Ruh-F0905004-ang-E0005.921.1970                    1 5.00000E+01 7.00000E+01
p-Cr052-MT601-Ruh-F0905004-ang-E0005.921A001.1970                1 5.00000E+01 1.35000E+02
p-Cr052-MT601-Ruh-F0905004-ang-E0005.922.1970                    1 1.20000E+02 1.35000E+02
p-Cr052-MT601-Ruh-F0905004-ang-E0005.926.1970                    1 1.05000E+02 1.20000E+02
p-Cr052-MT601-Ruh-F0905004-ang-E0005.927.1970                    1 9.00000E+01 1.05000E+02
p-Cr052-MT601-Ruh-F0905004-ang-E0005.928.1970                    1 9.00000E+01 1.50000E+02
p-Cr052-MT601-Ruh-F0905004-ang-E0005.930.1970                    1 7.00000E+01 1.50000E+02
p-Cr052-MT601-Ruh-F0905004-ang-E0005.943.1970                    1 5.00000E+01 7.00000E+01
p-Cr052-MT601-Ruh-F0905004-ang-E0005.944.1970                    1 5.00000E+01 1.35000E+02
p-Cr052-MT601-Ruh-F0905004-ang-E0005.945.1970                    1 1.35000E+02 1.50000E+02
p-Cr052-MT601-Ruh-F0905004-ang-E0005.950.1970                    1 9.00000E+01 1.50000E+02
p-Cr052-MT601-Ruh-F0905004-ang-E0005.950A001.1970                1 9.00000E+01 1.20000E+02
p-Cr052-MT601-Ruh-F0905004-ang-E0005.951.1970                    1 1.05000E+02 1.20000E+02
p-Cr052-MT601-Ruh-F0905004-ang-E0005.952.1970                    1 7.00000E+01 1.05000E+02
p-Cr052-MT601-Ruh-F0905004-ang-E0005.962.1970                    1 5.00000E+01 7.00000E+01
p-Cr052-MT601-Ruh-F0905004-ang-E0005.964.1970                    1 5.00000E+01 9.00000E+01
p-Cr052-MT601-Ruh-F0905004-ang-E0005.967.1970                    1 9.00000E+01 1.35000E+02
p-Cr052-MT601-Ruh-F0905004-ang-E0005.968.1970                    1 1.20000E+02 1.35000E+02
p-Cr052-MT601-Ruh-F0905004-ang-E0005.969.1970                    1 1.05000E+02 1.20000E+02
p-Cr052-MT601-Ruh-F0905004-ang-E0005.971.1970                    1 1.05000E+02 1.50000E+02
p-Cr052-MT601-Ruh-F0905004-ang-E0005.972.1970                    1 7.00000E+01 1.50000E+02
p-Cr052-MT601-Ruh-F0905004-ang-E0005.982.1970                    1 5.00000E+01 7.00000E+01
p-Cr052-MT601-Ruh-F0905004-ang-E0005.984.1970                    1 5.00000E+01 1.05000E+02
p-Cr052-MT601-Ruh-F0905004-ang-E0005.985.1970                    1 9.00000E+01 1.05000E+02
p-Cr052-MT601-Ruh-F0905004-ang-E0005.987.1970                    1 9.00000E+01 1.20000E+02
p-Cr052-MT601-Ruh-F0905004-ang-E0005.988.1970                    1 1.20000E+02 1.35000E+02
p-Cr052-MT601-Ruh-F0905004-ang-E0005.990.1970                    1 1.35000E+02 1.50000E+02
p-Cr052-MT601-Ruh-F0905004-ang-E0005.995.1970                    1 1.35000E+02 1.50000E+02
p-Cr052-MT601-Ruh-F0905004-ang-E0006.005.1970                    1 5.00000E+01 1.35000E+02
p-Cr052-MT601-Ruh-F0905004-ang-E0006.006.1970                    1 5.00000E+01 7.00000E+01
p-Cr052-MT601-Ruh-F0905004-ang-E0006.007.1970                    1 7.00000E+01 1.05000E+02
p-Cr052-MT601-Ruh-F0905004-ang-E0006.008.1970                    2 9.00000E+01 1.20000E+02
p-Cr052-MT601-Ruh-F0905004-ang-E0006.010.1970                    1 9.00000E+01 1.50000E+02
p-Cr052-MT601-Ruh-F0905004-ang-E0006.013.1970                    1 5.00000E+01 1.50000E+02
p-Cr052-MT601-Ruh-F0905004-ang-E0006.026.1970                    1 5.00000E+01 9.00000E+01
p-Cr052-MT601-Ruh-F0905004-ang-E0006.029.1970                    1 7.00000E+01 9.00000E+01
p-Cr052-MT601-Ruh-F0905004-ang-E0006.030.1970                    1 7.00000E+01 1.35000E+02
p-Cr052-MT601-Ruh-F0905004-ang-E0006.030A001.1970                1 1.20000E+02 1.35000E+02
p-Cr052-MT601-Ruh-F0905004-ang-E0006.031.1970                    1 1.20000E+02 1.50000E+02
p-Cr052-MT601-Ruh-F0905004-ang-E0006.033.1970                    1 1.05000E+02 1.50000E+02
p-Cr052-MT601-Ruh-F0905004-ang-E0006.034.1970                    1 7.00000E+01 1.05000E+02
p-Cr052-MT601-Ruh-F0905004-ang-E0006.045.1970                    1 5.00000E+01 7.00000E+01
p-Cr052-MT601-Ruh-F0905004-ang-E0006.046.1970                    1 5.00000E+01 9.00000E+01
p-Cr052-MT601-Ruh-F0905004-ang-E0006.047.1970                    1 9.00000E+01 1.35000E+02
p-Cr052-MT601-Ruh-F0905004-ang-E0006.048.1970                    1 1.20000E+02 1.35000E+02
p-Cr052-MT601-Ruh-F0905004-ang-E0006.048A001.1970                1 1.05000E+02 1.20000E+02
p-Cr052-MT601-Ruh-F0905004-ang-E0006.051.1970                    1 1.05000E+02 1.50000E+02
p-Cr052-MT601-Ruh-F0905004-ang-E0006.053.1970                    1 5.00000E+01 1.50000E+02
p-Cr052-MT601-Ruh-F0905004-ang-E0006.063.1970                    1 5.00000E+01 7.00000E+01
p-Cr052-MT601-Ruh-F0905004-ang-E0006.065.1970                    1 7.00000E+01 1.35000E+02
p-Cr052-MT601-Ruh-F0905004-ang-E0006.065A001.1970                1 1.20000E+02 1.35000E+02
p-Cr052-MT601-Ruh-F0905004-ang-E0006.066.1970                    1 9.00000E+01 1.20000E+02
p-Cr052-MT601-Ruh-F0905004-ang-E0006.069.1970                    1 9.00000E+01 1.50000E+02
p-Cr052-MT601-Ruh-F0905004-ang-E0006.070.1970                    1 1.35000E+02 1.50000E+02
p-Cr052-MT601-Ruh-F0905004-ang-E0006.079.1970                    1 7.00000E+01 1.35000E+02
p-Cr052-MT601-Ruh-F0905004-ang-E0006.082.1970                    1 5.00000E+01 7.00000E+01
p-Cr052-MT601-Ruh-F0905004-ang-E0006.083.1970                    1 5.00000E+01 1.20000E+02
p-Cr052-MT601-Ruh-F0905004-ang-E0006.086.1970                    1 9.00000E+01 1.20000E+02
p-Cr052-MT601-Ruh-F0905004-ang-E0006.086A001.1970                1 9.00000E+01 1.50000E+02
p-Cr052-MT601-Ruh-F0905004-ang-E0006.088.1970                    1 1.05000E+02 1.50000E+02
p-Cr052-MT601-Ruh-F0905004-ang-E0006.089.1970                    1 7.00000E+01 1.05000E+02
p-Cr052-MT601-Ruh-F0905004-ang-E0006.099.1970                    1 7.00000E+01 1.05000E+02
p-Cr052-MT601-Ruh-F0905004-ang-E0006.103.1970                    1 9.00000E+01 1.05000E+02
p-Cr052-MT601-Ruh-F0905004-ang-E0006.103A001.1970                1 5.00000E+01 9.00000E+01
p-Cr052-MT601-Ruh-F0905004-ang-E0006.106.1970                    1 5.00000E+01 1.20000E+02
p-Cr052-MT601-Ruh-F0905004-ang-E0006.106A001.1970                1 1.20000E+02 1.50000E+02
p-Cr052-MT601-Ruh-F0905004-ang-E0006.108.1970                    1 1.35000E+02 1.50000E+02
p-Cr052-MT601-Ruh-F0905004-ang-E0006.108A001.1970                1 7.00000E+01 1.35000E+02
p-Cr052-MT601-Ruh-F0905004-ang-E0006.122.1970                    1 5.00000E+01 7.00000E+01
p-Cr052-MT601-Ruh-F0905004-ang-E0006.123.1970                    1 5.00000E+01 1.05000E+02
p-Cr052-MT601-Ruh-F0905004-ang-E0006.123A001.1970                1 9.00000E+01 1.05000E+02
p-Cr052-MT601-Ruh-F0905004-ang-E0006.123A002.1970                1 9.00000E+01 1.20000E+02
p-Cr052-MT601-Ruh-F0905004-ang-E0006.126.1970                    1 1.20000E+02 1.35000E+02
p-Cr052-MT601-Ruh-F0905004-ang-E0006.128.1970                    1 1.35000E+02 1.50000E+02
p-Cr052-MT601-Ruh-F0905004-ang-E0006.131.1970                    1 5.00000E+01 1.50000E+02
p-Cr052-MT601-Ruh-F0905004-ang-E0006.142.1970                    1 5.00000E+01 7.00000E+01
p-Cr052-MT601-Ruh-F0905004-ang-E0006.144.1970                    1 7.00000E+01 1.35000E+02
p-Cr052-MT601-Ruh-F0905004-ang-E0006.145.1970                    1 1.20000E+02 1.35000E+02
p-Cr052-MT601-Ruh-F0905004-ang-E0006.146.1970                    1 1.05000E+02 1.20000E+02
p-Cr052-MT601-Ruh-F0905004-ang-E0006.149.1970                    1 9.00000E+01 1.05000E+02
p-Cr052-MT601-Ruh-F0905004-ang-E0006.152.1970                    1 9.00000E+01 1.50000E+02
p-Cr052-MT601-Ruh-F0905004-ang-E0006.156.1970                    1 7.00000E+01 1.50000E+02
p-Cr052-MT601-Ruh-F0905004-ang-E0006.159.1970                    1 5.00000E+01 7.00000E+01
p-Cr052-MT601-Ruh-F0905004-ang-E0006.162.1970                    2 5.00000E+01 1.35000E+02
p-Cr052-MT601-Ruh-F0905004-ang-E0006.166.1970                    1 1.05000E+02 1.20000E+02
p-Cr052-MT601-Ruh-F0905004-ang-E0006.168.1970                    1 9.00000E+01 1.05000E+02
p-Cr052-MT601-Ruh-F0905004-ang-E0006.169.1970                    1 9.00000E+01 1.50000E+02
p-Cr052-MT601-Ruh-F0905004-ang-E0006.171.1970                    1 7.00000E+01 1.50000E+02
p-Cr052-MT601-Ruh-F0905004-ang-E0006.181.1970                    1 7.00000E+01 1.20000E+02
p-Cr052-MT601-Ruh-F0905004-ang-E0006.183.1970                    1 5.00000E+01 1.20000E+02
p-Cr052-MT601-Ruh-F0905004-ang-E0006.185.1970                    1 5.00000E+01 9.00000E+01
p-Cr052-MT601-Ruh-F0905004-ang-E0006.186.1970                    2 9.00000E+01 1.35000E+02
p-Cr052-MT601-Ruh-F0905004-ang-E0006.188.1970                    1 1.35000E+02 1.50000E+02
p-Cr052-MT601-Ruh-F0905004-ang-E0006.194.1970                    1 7.00000E+01 1.50000E+02
p-Cr052-MT601-Ruh-F0905004-ang-E0006.201.1970                    1 7.00000E+01 1.35000E+02
p-Cr052-MT601-Ruh-F0905004-ang-E0006.205.1970                    1 5.00000E+01 1.35000E+02
p-Cr052-MT601-Ruh-F0905004-ang-E0006.208.1970                    1 5.00000E+01 1.20000E+02
p-Cr052-MT601-Ruh-F0905004-ang-E0006.208A001.1970                1 9.00000E+01 1.20000E+02
p-Cr052-MT601-Ruh-F0905004-ang-E0006.208A002.1970                1 9.00000E+01 1.50000E+02
p-Cr052-MT601-Ruh-F0905004-ang-E0006.216.1970                    1 1.05000E+02 1.50000E+02
p-Cr052-MT601-Ruh-F0905004-ang-E0006.217.1970                    1 9.00000E+01 1.05000E+02
p-Cr052-MT601-Ruh-F0905004-ang-E0006.220.1970                    1 9.00000E+01 1.35000E+02
p-Cr052-MT601-Ruh-F0905004-ang-E0006.222.1970                    1 7.00000E+01 1.35000E+02
p-Cr052-MT601-Ruh-F0905004-ang-E0006.226.1970                    1 5.00000E+01 7.00000E+01
p-Cr052-MT601-Ruh-F0905004-ang-E0006.228.1970                    1 5.00000E+01 1.20000E+02
p-Cr052-MT601-Ruh-F0905004-ang-E0006.228A001.1970                1 1.05000E+02 1.20000E+02
p-Cr052-MT601-Ruh-F0905004-ang-E0006.231.1970                    1 1.05000E+02 1.50000E+02
p-Cr052-MT601-Ruh-F0905004-ang-E0006.234.1970                    1 5.00000E+01 1.50000E+02
p-Cr052-MT601-Ruh-F0905004-ang-E0006.239.1970                    1 5.00000E+01 1.35000E+02
p-Cr052-MT601-Ruh-F0905004-ang-E0006.242.1970                    1 7.00000E+01 1.35000E+02
p-Cr052-MT601-Ruh-F0905004-ang-E0006.243.1970                    1 7.00000E+01 9.00000E+01
p-Cr052-MT601-Ruh-F0905004-ang-E0006.245.1970                    1 9.00000E+01 1.20000E+02
p-Cr052-MT601-Ruh-F0905004-ang-E0006.245A001.1970                1 1.05000E+02 1.20000E+02
p-Cr052-MT601-Ruh-F0905004-ang-E0006.248.1970                    1 1.05000E+02 1.50000E+02
p-Cr052-MT601-Ruh-F0905004-ang-E0006.251.1970                    1 7.00000E+01 1.50000E+02
p-Cr052-MT601-Ruh-F0905004-ang-E0006.258.1970                    1 7.00000E+01 9.00000E+01
p-Cr052-MT601-Ruh-F0905004-ang-E0006.260.1970                    1 5.00000E+01 9.00000E+01
p-Cr052-MT601-Ruh-F0905004-ang-E0006.261.1970                    1 5.00000E+01 1.20000E+02
p-Cr052-MT601-Ruh-F0905004-ang-E0006.262.1970                    2 1.05000E+02 1.35000E+02
p-Cr052-MT601-Ruh-F0905004-ang-E0006.266.1970                    1 1.05000E+02 1.50000E+02
p-Cr052-MT601-Ruh-F0905004-ang-E0006.271.1970                    1 7.00000E+01 1.50000E+02
p-Cr052-MT601-Ruh-F0905004-ang-E0006.281.1970                    1 5.00000E+01 7.00000E+01
p-Cr052-MT601-Ruh-F0905004-ang-E0006.281A001.1970                1 5.00000E+01 1.20000E+02
p-Cr052-MT601-Ruh-F0905004-ang-E0006.282.1970                    1 9.00000E+01 1.20000E+02
p-Cr052-MT601-Ruh-F0905004-ang-E0006.285.1970                    1 9.00000E+01 1.35000E+02
p-Cr052-MT601-Ruh-F0905004-ang-E0006.285A001.1970                1 1.05000E+02 1.35000E+02
p-Cr052-MT601-Ruh-F0905004-ang-E0006.288.1970                    1 1.05000E+02 1.50000E+02
p-Cr052-MT601-Ruh-F0905004-ang-E0006.291.1970                    1 5.00000E+01 1.50000E+02
p-Cr052-MT601-Ruh-F0905004-ang-E0006.298.1970                    1 5.00000E+01 1.20000E+02
p-Cr052-MT601-Ruh-F0905004-ang-E0006.302.1970                    1 1.20000E+02 1.35000E+02
p-Cr052-MT601-Ruh-F0905004-ang-E0006.303.1970                    1 7.00000E+01 1.35000E+02
p-Cr052-MT601-Ruh-F0905004-ang-E0006.306.1970                    1 7.00000E+01 9.00000E+01
p-Cr052-MT601-Ruh-F0905004-ang-E0006.307.1970                    1 9.00000E+01 1.05000E+02
p-Cr052-MT601-Ruh-F0905004-ang-E0006.308.1970                    1 1.05000E+02 1.50000E+02
p-Cr052-MT601-Ruh-F0905004-ang-E0006.308A001.1970                1 5.00000E+01 1.50000E+02
p-Cr052-MT601-Ruh-F0905004-ang-E0006.321.1970                    1 5.00000E+01 1.20000E+02
p-Cr052-MT601-Ruh-F0905004-ang-E0006.322.1970                    1 7.00000E+01 1.20000E+02
p-Cr052-MT601-Ruh-F0905004-ang-E0006.323.1970                    1 7.00000E+01 1.35000E+02
p-Cr052-MT601-Ruh-F0905004-ang-E0006.323A001.1970                1 9.00000E+01 1.35000E+02
p-Cr052-MT601-Ruh-F0905004-ang-E0006.327.1970                    1 9.00000E+01 1.05000E+02
p-Cr052-MT601-Ruh-F0905004-ang-E0006.328.1970                    1 1.05000E+02 1.50000E+02
p-Cr052-MT601-Ruh-F0905004-ang-E0006.331.1970                    1 5.00000E+01 1.50000E+02
p-Cr052-MT601-Ruh-F0905004-ang-E0006.341.1970                    1 5.00000E+01 1.35000E+02
p-Cr052-MT601-Ruh-F0905004-ang-E0006.343.1970                    1 9.00000E+01 1.35000E+02
p-Cr052-MT601-Ruh-F0905004-ang-E0006.344.1970                    1 9.00000E+01 1.20000E+02
p-Cr052-MT601-Ruh-F0905004-ang-E0006.345.1970                    1 7.00000E+01 1.20000E+02
p-Cr052-MT601-Ruh-F0905004-ang-E0006.345A001.1970                1 7.00000E+01 1.05000E+02
p-Cr052-MT601-Ruh-F0905004-ang-E0006.351.1970                    1 1.05000E+02 1.50000E+02
p-Cr052-MT601-Ruh-F0905004-ang-E0006.351A001.1970                1 5.00000E+01 1.50000E+02
p-Cr052-MT601-Ruh-F0905004-ang-E0006.361.1970                    1 5.00000E+01 9.00000E+01
p-Cr052-MT601-Ruh-F0905004-ang-E0006.361A001.1970                1 7.00000E+01 9.00000E+01
p-Cr052-MT601-Ruh-F0905004-ang-E0006.363.1970                    1 7.00000E+01 1.35000E+02
p-Cr052-MT601-Ruh-F0905004-ang-E0006.363A001.1970                1 1.20000E+02 1.35000E+02
p-Cr052-MT601-Ruh-F0905004-ang-E0006.365.1970                    1 1.05000E+02 1.20000E+02
p-Cr052-MT601-Ruh-F0905004-ang-E0006.371.1970                    1 1.05000E+02 1.50000E+02
p-Cr052-MT601-Ruh-F0905004-ang-E0006.374.1970                    1 7.00000E+01 1.50000E+02
p-Cr052-MT601-Ruh-F0905004-ang-E0006.382.1970                    1 7.00000E+01 9.00000E+01
p-Cr052-MT601-Ruh-F0905004-ang-E0006.384.1970                    1 9.00000E+01 1.20000E+02
p-Cr052-MT601-Ruh-F0905004-ang-E0006.385.1970                    1 5.00000E+01 1.20000E+02
p-Cr052-MT601-Ruh-F0905004-ang-E0006.386.1970                    1 5.00000E+01 1.35000E+02
p-Cr052-MT601-Ruh-F0905004-ang-E0006.389.1970                    1 1.05000E+02 1.35000E+02
p-Cr052-MT601-Ruh-F0905004-ang-E0006.391.1970                    1 1.05000E+02 1.50000E+02
p-Cr052-MT601-Ruh-F0905004-ang-E0006.394.1970                    1 1.20000E+02 1.50000E+02
p-Cr052-MT601-Ruh-F0905004-ang-E0006.397.1970                    1 5.00000E+01 1.20000E+02
p-Cr052-MT601-Ruh-F0905004-ang-E0006.401.1970                    1 5.00000E+01 7.00000E+01
p-Cr052-MT601-Ruh-F0905004-ang-E0006.402.1970                    1 7.00000E+01 1.05000E+02
p-Cr052-MT601-Ruh-F0905004-ang-E0006.405.1970                    1 1.05000E+02 1.35000E+02
p-Cr052-MT601-Ruh-F0905004-ang-E0006.406.1970                    1 9.00000E+01 1.35000E+02
p-Cr052-MT601-Ruh-F0905004-ang-E0006.407.1970                    1 9.00000E+01 1.20000E+02
p-Cr052-MT601-Ruh-F0905004-ang-E0006.408.1970                    1 1.20000E+02 1.50000E+02
p-Cr052-MT601-Ruh-F0905004-ang-E0006.411.1970                    1 5.00000E+01 1.50000E+02
p-Cr052-MT601-Ruh-F0905004-ang-E0006.418.1970                    1 5.00000E+01 7.00000E+01
p-Cr052-MT601-Ruh-F0905004-ang-E0006.422.1970                    1 7.00000E+01 1.20000E+02
p-Cr052-MT601-Ruh-F0905004-ang-E0006.425.1970                    1 1.20000E+02 1.35000E+02
p-Cr052-MT601-Ruh-F0905004-ang-E0006.426.1970                    1 9.00000E+01 1.35000E+02
p-Cr052-MT601-Ruh-F0905004-ang-E0006.427.1970                    1 9.00000E+01 1.50000E+02
p-Cr052-MT601-Ruh-F0905004-ang-E0006.429.1970                    1 1.05000E+02 1.50000E+02
p-Cr052-MT601-Ruh-F0905004-ang-E0006.431.1970                    1 5.00000E+01 1.05000E+02
p-Cr052-MT601-Ruh-F0905004-ang-E0006.440.1970                    1 5.00000E+01 9.00000E+01
p-Cr052-MT601-Ruh-F0905004-ang-E0006.441.1970                    1 9.00000E+01 1.35000E+02
p-Cr052-MT601-Ruh-F0905004-ang-E0006.443.1970                    1 7.00000E+01 1.35000E+02
p-Cr052-MT601-Ruh-F0905004-ang-E0006.445.1970                    1 7.00000E+01 1.20000E+02
p-Cr052-MT601-Ruh-F0905004-ang-E0006.445A001.1970                1 1.20000E+02 1.50000E+02
p-Cr052-MT601-Ruh-F0905004-ang-E0006.449.1970                    1 1.05000E+02 1.50000E+02
p-Cr052-MT601-Ruh-F0905004-ang-E0006.451.1970                    1 7.00000E+01 1.05000E+02
p-Cr052-MT601-Ruh-F0905004-ang-E0006.456.1970                    1 5.00000E+01 7.00000E+01
p-Cr052-MT601-Ruh-F0905004-ang-E0006.463.1970                    1 5.00000E+01 9.00000E+01
p-Cr052-MT601-Ruh-F0905004-ang-E0006.464.1970                    1 9.00000E+01 1.35000E+02
p-Cr052-MT601-Ruh-F0905004-ang-E0006.466.1970                    1 1.05000E+02 1.35000E+02
p-Cr052-MT601-Ruh-F0905004-ang-E0006.468.1970                    1 1.05000E+02 1.20000E+02
p-Cr052-MT601-Ruh-F0905004-ang-E0006.468A001.1970                1 1.20000E+02 1.50000E+02
p-Cr052-MT601-Ruh-F0905004-ang-E0006.472.1970                    1 7.00000E+01 1.50000E+02
p-Cr052-MT601-Ruh-F0905004-ang-E0006.482.1970                    1 5.00000E+01 7.00000E+01
p-Cr052-MT601-Ruh-F0905004-ang-E0006.483.1970                    1 5.00000E+01 1.35000E+02
p-Cr052-MT601-Ruh-F0905004-ang-E0006.483A001.1970                1 9.00000E+01 1.35000E+02
p-Cr052-MT601-Ruh-F0905004-ang-E0006.484.1970                    1 9.00000E+01 1.20000E+02
p-Cr052-MT601-Ruh-F0905004-ang-E0006.485.1970                    1 1.05000E+02 1.20000E+02
p-Cr052-MT601-Ruh-F0905004-ang-E0006.488.1970                    1 1.05000E+02 1.50000E+02
p-Cr052-MT601-Ruh-F0905004-ang-E0006.500.1970                    1 7.00000E+01 1.50000E+02
p-Cr052-MT601-Ruh-F0905004-ang-E0006.502.1970                    1 5.00000E+01 7.00000E+01
p-Cr052-MT601-Ruh-F0905004-ang-E0006.503.1970                    1 5.00000E+01 1.35000E+02
p-Cr052-MT601-Ruh-F0905004-ang-E0006.503A001.1970                1 1.20000E+02 1.35000E+02
p-Cr052-MT601-Ruh-F0905004-ang-E0006.505.1970                    1 9.00000E+01 1.20000E+02
p-Cr052-MT601-Ruh-F0905004-ang-E0006.506.1970                    1 9.00000E+01 1.05000E+02
p-Cr052-MT601-Ruh-F0905004-ang-E0006.508.1970                    2 1.05000E+02 1.50000E+02
