#              Filename                                         N    min         max
h-Si028-MT651-Chowdhury-D0599002-E0017.000.1984                 46 5.50000E+00 6.10000E+01
h-Si028-MT651-Ejiri-E2251002-E0027.141.1966                     10 5.69997E+00 4.48000E+01
h-Si028-MT651-Ejiri-E2251003-E0027.141.1966                     10 5.80002E+00 4.46000E+01
h-Si028-MT651-Ejiri-E2251004-E0027.141.1966                     10 5.60000E+00 4.54000E+01
h-Si028-MT651-Ejiri-E2251005-E0027.141.1966                      8 5.99999E+00 4.06000E+01
h-Si028-MT651-Ejiri-E2251006-E0027.141.1966                      9 6.40000E+00 4.06000E+01
h-Si028-MT651-Ejiri-E2251007-E0027.141.1966                      7 5.99999E+00 3.05000E+01
h-Si028-MT651-Ejiri-E2251008-E0027.141.1966                      7 5.30001E+00 3.06000E+01
h-Si028-MT651-Koyama-E1405002-E0029.300.1977                    27 1.16000E+01 8.43000E+01
h-Si028-MT651-Koyama-E1405003-E0029.300.1977                    28 1.24000E+01 8.53000E+01
h-Si028-MT651-Koyama-E1405004-E0029.300.1977                    28 1.03000E+01 8.42000E+01
h-Si028-MT651-Koyama-E1405005-E0029.300.1977                    21 9.49999E+00 7.81000E+01
h-Si028-MT651-Koyama-E1405006-E0029.300.1977                    27 8.49999E+00 8.30000E+01
h-Si028-MT651-Koyama-E1405007-E0029.300.1977                    22 1.58000E+01 8.37000E+01
h-Si028-MT651-Koyama-E1405008-E0029.300.1977                    23 9.09999E+00 8.05000E+01
h-Si028-MT651-Koyama-E1405009-E0029.300.1977                    12 1.46000E+01 4.98000E+01
h-Si028-MT651-Koyama-E1405010-E0029.300.1977                    12 1.62000E+01 6.02000E+01
h-Si028-MT651-Leleux-D0022003-E0035.300.1974                   124 8.99997E+00 5.71000E+01
h-Si028-MT651-Leleux-D0022004-E0035.300.1974                    23 8.89998E+00 5.74000E+01
h-Si028-MT651-Matsuoka-E0801007-E0000.090.1982                  32 1.35330E+01 6.50020E+01
h-Si028-MT651-Matsuoka-E0801008-E0000.090.1982                  32 1.36700E+01 6.43900E+01
h-Si028-MT651-Mertens-O2283004-E0018.000.1970                   31 1.23000E+01 1.64800E+02
h-Si028-MT651-Mertens-O2283004-E0018.000A001.1970               31 1.12000E+01 1.64400E+02
h-Si028-MT651-Mertens-O2283004-E0018.000A002.1970               31 1.00000E+01 1.63600E+02
h-Si028-MT651-Mertens-O2283004-E0020.000.1970                   45 1.23000E+01 1.63800E+02
h-Si028-MT651-Mertens-O2283004-E0020.000A001.1970               46 1.12000E+01 1.63400E+02
h-Si028-MT651-Mertens-O2283004-E0020.000A002.1970               46 1.00000E+01 1.63200E+02
h-Si028-MT651-Peterson-C2188008-E0038.500.1975                  16 2.69994E+00 5.03000E+01
h-Si028-MT651-Peterson-C2188009-E0038.500.1975                  17 2.50006E+00 4.98000E+01
h-Si028-MT651-Peterson-C2188010-E0038.500.1975                   9 1.99000E+01 5.01000E+01
h-Si028-MT651-Peterson-C2188011-E0038.500.1975                  13 2.90009E+00 5.01000E+01
h-Si028-MT651-Peterson-C2188012-E0038.500.1975                  17 2.30002E+00 5.00000E+01
h-Si028-MT651-Peterson-C2188013-E0038.500.1975                  17 2.50006E+00 5.01000E+01
h-Si028-MT651-Peterson-C2188014-E0038.500.1975                  17 2.50006E+00 5.03000E+01
h-Si028-MT651-Peterson-C2188016-E0038.500.1975                  13 4.50002E+00 4.61000E+01
h-Si028-MT651-Vernotte-O2282010-E0025.000.1994                  27 5.19999E+00 3.17000E+01
