#              Filename                                         N    min         max
p-Mg024-MT601-Antropov-F1135005-ang-E0005.940.1970              21 2.24000E+01 1.59400E+02
p-Mg024-MT601-Blanpied-C0580003-ang-E0800.000.1982             789 5.09997E+00 3.02000E+01
p-Mg024-MT601-Blanpied-C0689004-ang-E0800.000.1988            1324 4.79996E+00 2.44000E+01
p-Mg024-MT601-Chubinskiy-F0245002-ang-E0005.716.1984             1 1.33000E+02 1.63000E+02
p-Mg024-MT601-Chubinskiy-F0245002-ang-E0005.717.1984             1 1.20000E+02 1.63000E+02
p-Mg024-MT601-Chubinskiy-F0245002-ang-E0005.756.1984             1 1.20000E+02 1.63000E+02
p-Mg024-MT601-Chubinskiy-F0245002-ang-E0005.757.1984             1 1.33000E+02 1.63000E+02
p-Mg024-MT601-Chubinskiy-F0245002-ang-E0005.757A001.1984         1 9.00000E+01 1.33000E+02
p-Mg024-MT601-Chubinskiy-F0245002-ang-E0005.789.1984             1 9.00000E+01 1.20000E+02
p-Mg024-MT601-Chubinskiy-F0245002-ang-E0005.789A001.1984         1 1.20000E+02 1.63000E+02
p-Mg024-MT601-Chubinskiy-F0245002-ang-E0005.795.1984             1 1.33000E+02 1.63000E+02
p-Mg024-MT601-Chubinskiy-F0245002-ang-E0005.795A001.1984         1 1.33000E+02 1.33000E+02
p-Mg024-MT601-Crawley-C0618005-ang-E0017.500.1967               77 1.51000E+01 1.30100E+02
p-Mg024-MT601-Crawley-C0828009-ang-E0017.500.1968               77 1.51000E+01 1.30100E+02
p-Mg024-MT601-Dahlgren-D0193002-ang-E0185.000.1967              21 3.99998E+00 3.20000E+01
p-Mg024-MT601-Dahlgren-D0193004-ang-E0185.000.1967             120 4.15129E+00 4.00670E+01
p-Mg024-MT601-Eenmaa-C1206003-ang-E0030.500.1974               121 1.24000E+01 1.55000E+02
p-Mg024-MT601-Galanina-F1277003-ang-E0007.400.2015              29 2.01000E+01 1.60100E+02
p-Mg024-MT601-Golubev-F1366002-ang-E0002.402.1975               14 1.50000E+02 1.50000E+02
p-Mg024-MT601-Golubev-F1366003-ang-E0003.980.1975               15 9.00000E+01 9.00000E+01
p-Mg024-MT601-Greenless-O2096003-ang-E0008.860.1956              8 1.19000E+01 1.51100E+02
p-Mg024-MT601-Greenless-O2096003-ang-E0009.620.1956              9 1.23000E+01 1.50500E+02
p-Mg024-MT601-Gubin-F0866007-ang-E0005.954.1974                163 8.00000E+01 8.00000E+01
p-Mg024-MT601-Gustova-F1019004-ang-E0006.030.1968               26 4.15000E+01 1.63500E+02
p-Mg024-MT601-Hasell-C0623004-ang-E0020.000.1983               890 1.01000E+01 1.65200E+02
p-Mg024-MT601-Hasell-C0623005-ang-E0039.900.1983               453 1.01000E+01 1.70100E+02
p-Mg024-MT601-Herman-O1090003-ang-E0009.100.1976                88 3.46000E+01 1.65800E+02
p-Mg024-MT601-Hicks-C1426006-ang-E0250.000.1988                 34 6.69999E+00 4.63000E+01
p-Mg024-MT601-Horowitz-C2358002-ang-E0100.000.1969              11 1.07000E+01 5.72000E+01
p-Mg024-MT601-Hulubei-D0889003-ang-E0007.060.1965               12 9.90000E+00 4.95000E+01
p-Mg024-MT601-Kato-E0926014-ang-E0065.000.1985                  16 1.50000E+01 9.00000E+01
p-Mg024-MT601-Matsuda-E1941002-ang-E0015.700.1961               18 9.00000E+01 9.00000E+01
p-Mg024-MT601-Matsuda-E1941031-ang-E0007.320.1961               16 2.00000E+01 1.65100E+02
p-Mg024-MT601-Matsuda-E1941032-ang-E0007.630.1961               15 2.00000E+01 1.65100E+02
p-Mg024-MT601-Matsuda-E1941033-ang-E0007.700.1961               16 2.00000E+01 1.65100E+02
p-Mg024-MT601-Matsuda-E1941034-ang-E0007.790.1961               16 2.00000E+01 1.65100E+02
p-Mg024-MT601-Matsuda-E1941035-ang-E0008.300.1961               14 2.00000E+01 1.65100E+02
p-Mg024-MT601-Matsuda-E1941036-ang-E0008.790.1961               15 2.00000E+01 1.65100E+02
p-Mg024-MT601-Matsuda-E1941037-ang-E0008.920.1961               15 2.00000E+01 1.65100E+02
p-Mg024-MT601-Matsuda-E1941038-ang-E0009.090.1961               15 2.00000E+01 1.65100E+02
p-Mg024-MT601-Matsuda-E1941039-ang-E0009.260.1961               15 2.00000E+01 1.65100E+02
p-Mg024-MT601-Matsuda-E1941040-ang-E0009.390.1961               15 2.00000E+01 1.65100E+02
p-Mg024-MT601-Matsuda-E1941041-ang-E0009.560.1961               15 2.00000E+01 1.65100E+02
p-Mg024-MT601-Matsuda-E1941042-ang-E0009.720.1961               15 2.00000E+01 1.65100E+02
p-Mg024-MT601-Matsuda-E1941043-ang-E0009.860.1961               15 2.00000E+01 1.65100E+02
p-Mg024-MT601-Matsuda-E1941044-ang-E0010.030.1961               15 2.00000E+01 1.65100E+02
p-Mg024-MT601-Matsuda-E1941045-ang-E0010.200.1961               15 2.00000E+01 1.65100E+02
p-Mg024-MT601-Matsuda-E1941046-ang-E0010.640.1961               15 2.51000E+01 1.65100E+02
p-Mg024-MT601-Matsuda-E1941047-ang-E0011.150.1961               15 2.51000E+01 1.65100E+02
p-Mg024-MT601-Matsuda-E1941048-ang-E0011.620.1961               15 2.51000E+01 1.65100E+02
p-Mg024-MT601-Matsuda-E1941049-ang-E0012.100.1961               15 2.51000E+01 1.65100E+02
p-Mg024-MT601-Matsuda-E1941050-ang-E0012.620.1961               14 2.51000E+01 1.65100E+02
p-Mg024-MT601-Matsuda-E1941051-ang-E0013.150.1961               15 2.51000E+01 1.65100E+02
p-Mg024-MT601-Matsuda-E1941052-ang-E0013.590.1961               15 2.51000E+01 1.65100E+02
p-Mg024-MT601-Matsuda-E1941053-ang-E0014.060.1961               15 2.51000E+01 1.65100E+02
p-Mg024-MT601-Matsuda-E1941054-ang-E0014.450.1961               15 3.01000E+01 1.65100E+02
p-Mg024-MT601-Matsuda-E1941055-ang-E0014.870.1961               15 3.01000E+01 1.65100E+02
p-Mg024-MT601-Matsuda-E1941056-ang-E0015.330.1961               15 3.01000E+01 1.65100E+02
p-Mg024-MT601-Matsuda-E1941057-ang-E0015.850.1961               15 3.01000E+01 1.65100E+02
p-Mg024-MT601-Matsuda-E1941065-ang-E0007.920.1961               14 3.00000E+01 3.00000E+01
p-Mg024-MT601-Matsuda-E1941066-ang-E0007.830.1961               15 6.00000E+01 6.00000E+01
p-Mg024-MT601-Matsuda-E1941067-ang-E0007.830.1961               13 9.00000E+01 9.00000E+01
p-Mg024-MT601-Matsuda-E1941068-ang-E0007.830.1961               15 1.25000E+02 1.25000E+02
p-Mg024-MT601-Matsuda-E1941069-ang-E0007.830.1961                6 1.55000E+02 1.55000E+02
p-Mg024-MT601-Matsuda-E1941070-ang-E0008.860.1961                9 1.65000E+02 1.65000E+02
p-Mg024-MT601-Oda-E2218009-ang-E0007.740.1960                   22 1.85000E+01 1.65800E+02
p-Mg024-MT601-Oda-E2218009-ang-E0011.000.1960                   22 2.32000E+01 1.65300E+02
p-Mg024-MT601-Oda-E2218009-ang-E0014.100.1960                   23 2.32000E+01 1.65000E+02
p-Mg024-MT601-Ohnuma-E0120008-ang-E0051.930.1980                23 9.69998E+00 1.19900E+02
p-Mg024-MT601-Pignanelli-F0256006-ang-E0035.000.1986            24 9.80000E+00 1.60600E+02
p-Mg024-MT601-Ruh-F0905002-ang-E0005.006.1970                   50 9.00000E+01 9.00000E+01
p-Mg024-MT601-Rush-D0294003-ang-E0049.500.1967                 133 1.00000E+01 1.45100E+02
p-Mg024-MT601-Stovall-O0166006-ang-E0039.700.1964               17 8.89998E+00 9.09000E+01
p-Mg024-MT601-Teitelman-C2056003-ang-E0005.623.1969              1 8.80000E+01 1.65000E+02
p-Mg024-MT601-Teitelman-C2056003-ang-E0005.624.1969              1 8.80000E+01 8.80000E+01
p-Mg024-MT601-Yamabe-E2207002-ang-E0004.800.1958                10 9.00000E+01 9.00000E+01
p-Mg024-MT601-Yamabe-E2207003-ang-E0005.100.1958                12 2.26000E+01 1.66000E+02
p-Mg024-MT601-Yamabe-E2207004-ang-E0005.400.1958                12 2.25000E+01 1.65300E+02
p-Mg024-MT601-Yamabe-E2210006-ang-E0004.800.1958                10 9.00000E+01 9.00000E+01
p-Mg024-MT601-Yamabe-E2210007-ang-E0004.800.1958                13 2.96000E+01 1.65000E+02
p-Mg024-MT601-Yamabe-E2210008-ang-E0005.100.1958                12 2.27000E+01 1.64500E+02
p-Mg024-MT601-Yamabe-E2210009-ang-E0005.400.1958                12 2.28000E+01 1.65700E+02
p-Mg024-MT601-Yamabe-E2210010-ang-E0005.700.1958                10 3.05000E+01 1.65600E+02
