#              Filename                                         N    min         max
n-Cd000-MT001-Akyuez-20228002.1967                              43 2.50000E-08 1.00000E-06
n-Cd000-MT001-Akyuez-20228009.1967                               1 1.81000E-07 1.81000E-07
n-Cd000-MT001-Baker-14687002.1941                               21 2.49000E-07 5.49000E-07
n-Cd000-MT001-Baker-14687003.1941                               18-2.20000E-08 4.60000E-07
n-Cd000-MT001-Baker-146870052.1941                               1 1.40000E-07 1.40000E-07
n-Cd000-MT001-Bowen-21103006.1961                               64 1.58000E+01 1.17500E+02
n-Cd000-MT001-Bratenahl-11155022.1958                           10 6.83000E+00 1.45000E+01
n-Cd000-MT001-Bratenahl-11155022A001.1958                       10 6.83000E+00 1.45000E+01
n-Cd000-MT001-Brockhouse-11653004.1953                          11 6.00000E-08 3.50000E-07
n-Cd000-MT001-Carpenter-13850007.1959                            1 1.11000E+02 1.11000E+02
n-Cd000-MT001-Coon-12524036.1952                                 1 1.41200E+01 1.41200E+01
n-Cd000-MT001-Dilg-20583005.1972                                 1 2.70000E-03 2.70000E-03
n-Cd000-MT001-Fields-11260018.1947                               5 2.40000E-02 8.30000E-01
n-Cd000-MT001-Filippov-40082018.1968                             5 4.00000E-02 2.40000E-01
n-Cd000-MT001-Fosterjr-10047053.1971                           235 2.34800E+00 1.49780E+01
n-Cd000-MT001-Fosterjr-10047053A001.1971                       235 2.34800E+00 1.49780E+01
n-Cd000-MT001-Green-10225013.1973                              370 4.86400E-01 8.53100E+00
n-Cd000-MT001-Green-10225013A001.1973                          370 4.86400E-01 8.53100E+00
n-Cd000-MT001-Green-10225014.1973                              330 9.05800E-01 9.17500E+00
n-Cd000-MT001-Green-10225014A001.1973                          330 9.05800E-01 9.17500E+00
n-Cd000-MT001-Harz-20417002.1974                               848 3.10100E-08 5.60600E-06
n-Cd000-MT001-Haugsnes-11733006.1967                             1 1.41000E+01 1.41000E+01
n-Cd000-MT001-Hoehne-21091002.1961                               8 1.83000E-10 2.80000E-09
n-Cd000-MT001-Jain-11904006.1965                                10 1.00000E-02 1.00000E-01
n-Cd000-MT001-Johnson-11292005.1953                             32 3.40000E-01 3.31000E+00
n-Cd000-MT001-Jones-10194008.1971                                1 2.55770E+04 2.55770E+04
n-Cd000-MT001-Jones-10194008A001.1971                            1 2.55770E+04 2.55770E+04
n-Cd000-MT001-Khaletskij-40709007.1956                           1 1.48000E+01 1.48000E+01
n-Cd000-MT001-Knopf-22782025.1995                                2 1.26000E-06 5.19000E-06
n-Cd000-MT001-Mccallum-21122005.1960                            11 1.27900E+01 2.08000E+01
n-Cd000-MT001-Murthy-10403008.1975                               7 3.30730E+04 2.72060E+05
n-Cd000-MT001-Murthy-10403008A001.1975                           7 3.30730E+04 2.72060E+05
n-Cd000-MT001-Nedzel-13568012.1954                               1 4.10000E+02 4.10000E+02
n-Cd000-MT001-Nereson-11308016.1954                             29 2.80100E+00 1.31870E+01
n-Cd000-MT001-Ortega-30378002.1975                              11 1.84400E+01 2.19500E+01
n-Cd000-MT001-Palmer-11804011.1956                             160 1.13000E-06 9.25000E-03
n-Cd000-MT001-Palmgren-20097002.1968                             3 7.60000E-12 1.08000E-11
n-Cd000-MT001-Parker-13026008.1970                               1 4.83740E+03 4.83740E+03
n-Cd000-MT001-Peterson-11108029.1960                             4 1.73000E+01 2.88000E+01
n-Cd000-MT001-Peterson-11108029A001.1960                         4 1.73000E+01 2.88000E+01
n-Cd000-MT001-Poenitz-12853034.1983                              8 4.70000E-02 1.97000E-01
n-Cd000-MT001-Poenitz-12853035.1983                             20 2.15000E-01 1.60000E+00
n-Cd000-MT001-Poenitz-12853036.1983                             67 1.81700E+00 2.01800E+01
n-Cd000-MT001-Poenitz-12853037.1983                             24 9.85000E-01 4.40000E+00
n-Cd000-MT001-Popov-40932004.1985                               26 2.00000E-02 1.10000E+00
n-Cd000-MT001-Rainwater-11685003.1947                           64 8.00000E-09 5.12000E-07
n-Cd000-MT001-Rainwater-11685013.1947                           30 2.20000E-08 6.66000E-07
n-Cd000-MT001-Rainwater-11685014.1947                           12 7.28000E-07 2.09600E-06
n-Cd000-MT001-Rainwater-11685015.1947                           26 1.00500E-06 3.10740E-03
n-Cd000-MT001-Sawyer-119820022.1947                              1 1.78000E-07 1.78000E-07
n-Cd000-MT001-Schneider-11514004.1968                            6 9.94000E+01 1.51900E+02
n-Cd000-MT001-Seth-11781012.1965                                88 6.00000E-03 6.40000E-01
n-Cd000-MT001-Simpson-11968002.1957                            321 1.51400E-05 4.98500E-04
n-Cd000-MT001-Snowdon-11965004.1954                              1 3.70000E+00 3.70000E+00
n-Cd000-MT001-Taylor-21378006.1953                              11 3.00000E+01 1.39000E+02
n-Cd000-MT001-Tsukada-22628014.1966                              2 3.95000E+00 4.70000E+00
n-Cd000-MT001-Volev-23196034.2013                                1 2.53000E-08 2.53000E-08
n-Cd000-MT001-Walt-11215032.1955                                 1 4.10000E+00 4.10000E+00
n-Cd000-MT001-Walt-11215032A001.1955                             1 4.10000E+00 4.10000E+00
n-Cd000-MT001-Walt-11746005.1953                                23 6.00000E-02 2.97500E+00
n-Cd000-MT001-Walton-11359004.1960                             143 5.05000E-09 3.60000E-07
n-Cd000-MT001-Whalen-11540006.1966                             533 1.00000E-01 6.48700E-01
n-Cd000-MT001-Widder-21034002.1968                             285 1.00900E-08 2.28100E-06
n-Cd000-MT001-Widder-21034004.1968                               1 2.53000E-08 2.53000E-08
