#              Filename                                         N    min         max
n-Cr000-MT051-Almenramstrom-20788005.1975                        5 2.02000E+00 3.01000E+00
n-Cr000-MT051-Biryukov-41302012.1975                             1 9.10000E+00 9.10000E+00
n-Cr000-MT051-Eliot-21385002.1954                                1 2.50000E+00 2.50000E+00
n-Cr000-MT051-Guenther-12750004.1982                            38 2.10000E+00 3.95000E+00
n-Cr000-MT051-Kinney-10413018.1974                              11 4.07000E+00 8.56000E+00
n-Cr000-MT051-Kinney-10413018A001.1974                          11 4.07000E+00 8.56000E+00
n-Cr000-MT051-Kinney-10413020.1974                               3 4.65000E+00 5.50000E+00
n-Cr000-MT051-Kinney-10413020A001.1974                           3 4.65000E+00 5.50000E+00
n-Cr000-MT051-Kinney-10413022.1974                               3 4.65000E+00 5.50000E+00
n-Cr000-MT051-Kinney-10413022A001.1974                           3 4.65000E+00 5.50000E+00
n-Cr000-MT051-Kinney-10413023.1974                               3 4.65000E+00 5.50000E+00
n-Cr000-MT051-Kinney-10413023A001.1974                           3 4.65000E+00 5.50000E+00
n-Cr000-MT051-Kinney-10413024.1974                               1 8.56000E+00 8.56000E+00
n-Cr000-MT051-Kinney-10413024A001.1974                           1 8.56000E+00 8.56000E+00
n-Cr000-MT051-Lebedev-40499003.1979                              1 4.70000E+00 4.70000E+00
n-Cr000-MT051-Salnikov-40372009.1957                             1 2.34000E+00 2.34000E+00
n-Cr000-MT051-Takahashi-22075219.1987                            1 1.41000E+01 1.41000E+01
n-Cr000-MT051-Towle-20905010.1967                                1 7.00000E+00 7.00000E+00
