#              Filename                                         N    min         max
n-Cf249-MT151-Anufriev-407350031.1983                           43 7.05000E-07 6.55800E-05
n-Cf249-MT151-Anufriev-407350032.1983                           43 7.05000E-07 6.55800E-05
n-Cf249-MT151-Anufriev-407350033.1983                           43 7.05000E-07 6.55800E-05
n-Cf249-MT151-Anufriev-407350041.1983                            1 3.32250E-05 3.32250E-05
n-Cf249-MT151-Anufriev-407350042.1983                            1 3.32250E-05 3.32250E-05
n-Cf249-MT151-Benjamin-107240031.1983                           55 7.00000E-07 8.98000E-05
n-Cf249-MT151-Benjamin-107240031A001.1983                       55 7.00000E-07 8.98000E-05
n-Cf249-MT151-Benjamin-107240033.1983                           55 7.00000E-07 8.98000E-05
n-Cf249-MT151-Benjamin-107240033A001.1983                       55 7.00000E-07 8.98000E-05
n-Cf249-MT151-Benjamin-107240042.1983                            1 4.52500E-05 4.52500E-05
n-Cf249-MT151-Benjamin-107240042A001.1983                        1 4.52500E-05 4.52500E-05
n-Cf249-MT151-Dabbs-103490021.1974                              11 7.08000E-07 1.68200E-05
n-Cf249-MT151-Dabbs-103490021A001.1974                          11 7.08000E-07 1.68200E-05
n-Cf249-MT151-Dabbs-103490023.1974                              11 7.08000E-07 1.68200E-05
n-Cf249-MT151-Dabbs-103490023A001.1974                          11 7.08000E-07 1.68200E-05
n-Cf249-MT151-Dabbs-103490031.1974                               1 7.10000E-07 7.10000E-07
n-Cf249-MT151-Dabbs-103490031A001.1974                           1 7.10000E-07 7.10000E-07
n-Cf249-MT151-Dabbs-103490032.1974                               1 7.10000E-07 7.10000E-07
n-Cf249-MT151-Dabbs-103490032A001.1974                           1 7.10000E-07 7.10000E-07
n-Cf249-MT151-Silbert-102920031.1973                            43 1.60000E-05 6.93000E-05
n-Cf249-MT151-Silbert-102920031A001.1973                        43 1.60000E-05 6.93000E-05
n-Cf249-MT151-Silbert-102920032.1973                            43 1.60000E-05 6.93000E-05
n-Cf249-MT151-Silbert-102920032A001.1973                        43 1.60000E-05 6.93000E-05
n-Cf249-MT151-Silbert-10292004.1973                              1 6.20000E-05 6.20000E-05
n-Cf249-MT151-Silbert-10292004A001.1973                          1 6.20000E-05 6.20000E-05
n-Cf249-MT151-Silbert-10292005.1973                              1 4.25000E-05 4.25000E-05
n-Cf249-MT151-Silbert-10292005A001.1973                          1 4.25000E-05 4.25000E-05
