#              Filename                                         N    min         max
p-C012-MT610-Geramb-F0740003-ang-E0024.000.1975                 34 1.66000E+01 1.61800E+02
p-C012-MT610-Geramb-F0740003-ang-E0026.000.1975                 32 2.03000E+01 1.62300E+02
p-C012-MT610-Geramb-F0740003-ang-E0028.000.1975                 32 2.03000E+01 1.60100E+02
p-C012-MT610-Geramb-F0740003-ang-E0030.000.1975                 28 2.06000E+01 1.60900E+02
p-C012-MT610-Geramb-F0740003-ang-E0032.000.1975                 27 2.04000E+01 1.61300E+02
p-C012-MT610-Geramb-F0740003-ang-E0034.000.1975                 23 2.04000E+01 1.60300E+02
p-C012-MT610-Geramb-F0740003-ang-E0036.000.1975                 29 2.17000E+01 1.56700E+02
p-C012-MT610-Geramb-F0740003-ang-E0038.000.1975                 29 2.20000E+01 1.62400E+02
p-C012-MT610-Geramb-F0740003-ang-E0040.000.1975                 26 2.23000E+01 1.62700E+02
p-C012-MT610-Geramb-F0740003-ang-E0042.500.1975                 28 2.25000E+01 1.63100E+02
p-C012-MT610-Geramb-F0740003-ang-E0045.000.1975                 27 2.22000E+01 1.63300E+02
p-C012-MT610-Horowitz-C2389007-ang-E0100.000.1970               10 1.09000E+01 5.92000E+01
p-C012-MT610-Hosono-E0013003-ang-E0050.000.1978                  8 2.00000E+01 7.08000E+01
p-C012-MT610-Hosono-E0013003-ang-E0065.000.1978                 16 2.01000E+01 9.52000E+01
p-C012-MT610-Ieki-E1316002-ang-E0035.000.1990                   16 1.17000E+01 1.20400E+02
p-C012-MT610-Jones-T0169002-ang-E0318.000.1994                   7 3.08838E+00 1.92774E+01
p-C012-MT610-Jones-T0169002-ang-E0398.000.1994                  36 3.10085E+00 2.76612E+01
p-C012-MT610-Jones-T0169002-ang-E0597.000.1994                  15 2.80582E+00 1.82242E+01
p-C012-MT610-Jones-T0169002-ang-E0698.000.1994                  16 2.80582E+00 1.80831E+01
p-C012-MT610-Kirkdickens-O0212024-ang-E0027.800.1963            12 1.98000E+01 1.51000E+02
p-C012-MT610-Measday-F1018002-ang-E0014.882.1963                 6 9.00000E+01 9.00000E+01
p-C012-MT610-Tamii-E2150002-ang-E0295.000.2009                  27 2.54878E-01 2.09400E+01
