#              Filename                                         N    min         max
p-F019-MT800-Cuzzocrea-A0189002-E0002.050.1980                  12 1.55000E+01 1.49900E+02
p-F019-MT800-Cuzzocrea-A0189002-E0002.070.1980                  17 1.55000E+01 1.56700E+02
p-F019-MT800-Cuzzocrea-A0189002-E0002.090.1980                  10 2.61000E+01 1.55700E+02
p-F019-MT800-Cuzzocrea-A0189002-E0002.110.1980                  16 2.67000E+01 1.58200E+02
p-F019-MT800-Cuzzocrea-A0189002-E0002.120.1980                  14 2.67000E+01 1.45700E+02
p-F019-MT800-Cuzzocrea-A0189002-E0002.130.1980                  17 2.74000E+01 1.58200E+02
p-F019-MT800-Cuzzocrea-A0189002-E0002.150.1980                  14 2.85000E+01 1.57900E+02
p-F019-MT800-Cuzzocrea-A0189002-E0002.160.1980                  15 2.85000E+01 1.46200E+02
p-F019-MT800-Cuzzocrea-A0189002-E0002.180.1980                  15 2.83000E+01 1.69900E+02
p-F019-MT800-Cuzzocrea-A0189002-E0002.200.1980                  17 2.83000E+01 1.52200E+02
p-F019-MT800-Cuzzocrea-A0189002-E0002.230.1980                  13 2.89000E+01 1.47700E+02
p-F019-MT800-Cuzzocrea-A0189002-E0002.260.1980                  16 2.89000E+01 1.47300E+02
p-F019-MT800-Cuzzocrea-A0189002-E0002.290.1980                  16 2.92000E+01 1.47100E+02
p-F019-MT800-Dieumegard-D0134002-E0000.510.1980                575 1.50000E+02 1.50000E+02
p-F019-MT800-Gambarini-F0303011-E0038.000.1969                  32 1.37000E+01 1.70500E+02
p-F019-MT800-Golicheff-D0388002-E0000.505.1974                  85 1.50000E+02 1.50000E+02
p-F019-MT800-Holmgren-C2575002-E0022.800.1963                   33 8.39997E+00 1.69100E+02
p-F019-MT800-Ignatenko-A0663002-E0007.500.2002                  35 2.00000E+01 1.60500E+02
p-F019-MT800-Isoya-E1859002-E0000.630.1958                     122 9.00000E+01 9.00000E+01
p-F019-MT800-Kuan-F0970003-E0005.647.1972                        1 1.47800E+02 1.68000E+02
p-F019-MT800-Kuan-F0970003-E0005.648.1972                        1 1.23000E+02 1.47800E+02
p-F019-MT800-Kuan-F0970003-E0005.648A001.1972                    1 1.23000E+02 1.23000E+02
p-F019-MT800-Lombardo-O2174003-E0000.648.2013                   12 1.82000E+01 1.60100E+02
p-F019-MT800-Lombardo-O2174003-E0000.749.2013                   13 1.82000E+01 1.58200E+02
p-F019-MT800-Lombardo-O2278003-E0000.327.2015                   11 2.11000E+01 1.40500E+02
p-F019-MT800-Lombardo-O2278004-E0000.387.2015                   11 2.11000E+01 1.40400E+02
p-F019-MT800-Lombardo-O2278005-E0000.486.2015                   11 1.94000E+01 1.49700E+02
p-F019-MT800-Lombardo-O2278006-E0000.616.2015                   12 2.24000E+01 1.49600E+02
p-F019-MT800-Ouichaoui-F0979002-E0001.484.1985                   1 1.13180E+02 1.58130E+02
p-F019-MT800-Ouichaoui-F0979002-E0001.489.1985                   1 1.13180E+02 1.58130E+02
p-F019-MT800-Ouichaoui-F0979002-E0001.493.1985                   1 5.76800E+01 1.13180E+02
p-F019-MT800-Ouichaoui-F0979002-E0001.494.1985                   1 5.76800E+01 9.46500E+01
p-F019-MT800-Ouichaoui-F0979002-E0001.495.1985                   1 9.46500E+01 1.58130E+02
p-F019-MT800-Ouichaoui-F0979002-E0001.498.1985                   1 1.39370E+02 1.58130E+02
p-F019-MT800-Ouichaoui-F0979002-E0001.500.1985                   1 1.13180E+02 1.39370E+02
p-F019-MT800-Ouichaoui-F0979002-E0001.504.1985                   1 9.46500E+01 1.13180E+02
p-F019-MT800-Ouichaoui-F0979002-E0001.504A001.1985               1 5.76800E+01 9.46500E+01
p-F019-MT800-Ouichaoui-F0979002-E0001.505.1985                   1 5.76800E+01 1.58130E+02
p-F019-MT800-Ouichaoui-F0979002-E0001.508.1985                   1 1.39370E+02 1.58130E+02
p-F019-MT800-Ouichaoui-F0979002-E0001.511.1985                   1 1.13180E+02 1.39370E+02
p-F019-MT800-Ouichaoui-F0979002-E0001.513.1985                   1 5.76800E+01 1.13180E+02
p-F019-MT800-Ouichaoui-F0979002-E0001.514.1985                   1 5.76800E+01 9.46500E+01
p-F019-MT800-Ouichaoui-F0979002-E0001.515.1985                   1 9.46500E+01 1.58130E+02
p-F019-MT800-Ouichaoui-F0979002-E0001.518.1985                   1 1.39370E+02 1.58130E+02
p-F019-MT800-Ouichaoui-F0979002-E0001.520.1985                   1 1.13180E+02 1.39370E+02
p-F019-MT800-Ouichaoui-F0979002-E0001.524.1985                   1 9.46500E+01 1.13180E+02
p-F019-MT800-Ouichaoui-F0979002-E0001.525.1985                   1 5.76800E+01 9.46500E+01
p-F019-MT800-Ouichaoui-F0979002-E0001.525A001.1985               1 5.76800E+01 1.58130E+02
p-F019-MT800-Ouichaoui-F0979002-E0001.528.1985                   1 1.39370E+02 1.58130E+02
p-F019-MT800-Ouichaoui-F0979002-E0001.531.1985                   1 1.13180E+02 1.39370E+02
p-F019-MT800-Ouichaoui-F0979002-E0001.533.1985                   1 5.76800E+01 1.13180E+02
p-F019-MT800-Ouichaoui-F0979002-E0001.534.1985                   1 5.76800E+01 9.46500E+01
p-F019-MT800-Ouichaoui-F0979002-E0001.536.1985                   1 9.46500E+01 1.58130E+02
p-F019-MT800-Ouichaoui-F0979002-E0001.539.1985                   1 1.39370E+02 1.58130E+02
p-F019-MT800-Ouichaoui-F0979002-E0001.540.1985                   1 1.13180E+02 1.39370E+02
p-F019-MT800-Ouichaoui-F0979002-E0001.542.1985                   1 5.76800E+01 1.13180E+02
p-F019-MT800-Ouichaoui-F0979002-E0001.545.1985                   1 5.76800E+01 9.46500E+01
p-F019-MT800-Ouichaoui-F0979002-E0001.546.1985                   1 9.46500E+01 1.58130E+02
p-F019-MT800-Ouichaoui-F0979002-E0001.550.1985                   1 1.39370E+02 1.58130E+02
p-F019-MT800-Ouichaoui-F0979002-E0001.551.1985                   1 1.13180E+02 1.39370E+02
p-F019-MT800-Ouichaoui-F0979002-E0001.555.1985                   1 9.46500E+01 1.13180E+02
p-F019-MT800-Ouichaoui-F0979002-E0001.556.1985                   1 5.76800E+01 9.46500E+01
p-F019-MT800-Ouichaoui-F0979002-E0001.556A001.1985               1 5.76800E+01 1.58130E+02
p-F019-MT800-Ouichaoui-F0979002-E0001.559.1985                   1 1.39370E+02 1.58130E+02
p-F019-MT800-Ouichaoui-F0979002-E0001.561.1985                   1 1.13180E+02 1.39370E+02
p-F019-MT800-Ouichaoui-F0979002-E0001.562.1985                   1 5.76800E+01 1.13180E+02
p-F019-MT800-Ouichaoui-F0979002-E0001.565.1985                   1 5.76800E+01 9.46500E+01
p-F019-MT800-Ouichaoui-F0979002-E0001.566.1985                   1 9.46500E+01 1.58130E+02
p-F019-MT800-Ouichaoui-F0979002-E0001.570.1985                   1 1.39370E+02 1.58130E+02
p-F019-MT800-Ouichaoui-F0979002-E0001.571.1985                   1 1.13180E+02 1.39370E+02
p-F019-MT800-Ouichaoui-F0979002-E0001.575.1985                   1 5.76800E+01 1.13180E+02
p-F019-MT800-Ouichaoui-F0979002-E0001.576.1985                   1 5.76800E+01 9.46500E+01
p-F019-MT800-Ouichaoui-F0979002-E0001.577.1985                   1 9.46500E+01 1.58130E+02
p-F019-MT800-Ouichaoui-F0979002-E0001.579.1985                   1 1.39370E+02 1.58130E+02
p-F019-MT800-Ouichaoui-F0979002-E0001.583.1985                   1 1.13180E+02 1.39370E+02
p-F019-MT800-Ouichaoui-F0979002-E0001.584.1985                   1 9.46500E+01 1.13180E+02
p-F019-MT800-Ouichaoui-F0979002-E0001.587.1985                   1 5.76800E+01 9.46500E+01
p-F019-MT800-Ouichaoui-F0979002-E0001.587A001.1985               1 5.76800E+01 1.58130E+02
p-F019-MT800-Ouichaoui-F0979002-E0001.590.1985                   1 1.39370E+02 1.58130E+02
p-F019-MT800-Ouichaoui-F0979002-E0001.590A001.1985               1 1.13180E+02 1.39370E+02
p-F019-MT800-Ouichaoui-F0979002-E0001.595.1985                   1 5.76800E+01 1.13180E+02
p-F019-MT800-Ouichaoui-F0979002-E0001.596.1985                   1 5.76800E+01 9.46500E+01
p-F019-MT800-Ouichaoui-F0979002-E0001.598.1985                   1 9.46500E+01 1.58130E+02
p-F019-MT800-Ouichaoui-F0979002-E0001.601.1985                   1 1.39370E+02 1.58130E+02
p-F019-MT800-Ouichaoui-F0979002-E0001.601A001.1985               1 1.13180E+02 1.39370E+02
p-F019-MT800-Ouichaoui-F0979002-E0001.604.1985                   1 9.46500E+01 1.13180E+02
p-F019-MT800-Ouichaoui-F0979002-E0001.609.1985                   1 5.76800E+01 9.46500E+01
p-F019-MT800-Ouichaoui-F0979002-E0001.609A001.1985               1 5.76800E+01 1.58130E+02
p-F019-MT800-Ouichaoui-F0979002-E0001.610.1985                   1 1.39370E+02 1.58130E+02
p-F019-MT800-Ouichaoui-F0979002-E0001.610A001.1985               1 1.13180E+02 1.39370E+02
p-F019-MT800-Ouichaoui-F0979002-E0001.615.1985                   1 9.46500E+01 1.13180E+02
p-F019-MT800-Ouichaoui-F0979002-E0001.618.1985                   1 5.76800E+01 9.46500E+01
p-F019-MT800-Ouichaoui-F0979002-E0001.618A001.1985               1 5.76800E+01 1.58130E+02
p-F019-MT800-Ouichaoui-F0979002-E0001.620.1985                   1 1.39370E+02 1.58130E+02
p-F019-MT800-Ouichaoui-F0979002-E0001.621.1985                   1 1.13180E+02 1.39370E+02
p-F019-MT800-Ouichaoui-F0979002-E0001.626.1985                   1 5.76800E+01 1.13180E+02
p-F019-MT800-Ouichaoui-F0979002-E0001.627.1985                   1 5.76800E+01 9.46500E+01
p-F019-MT800-Ouichaoui-F0979002-E0001.629.1985                   1 9.46500E+01 1.58130E+02
p-F019-MT800-Ouichaoui-F0979002-E0001.630.1985                   1 1.39370E+02 1.58130E+02
p-F019-MT800-Ouichaoui-F0979002-E0001.632.1985                   1 1.13180E+02 1.39370E+02
p-F019-MT800-Ouichaoui-F0979002-E0001.635.1985                   1 5.76800E+01 1.13180E+02
p-F019-MT800-Ouichaoui-F0979002-E0001.637.1985                   1 5.76800E+01 9.46500E+01
p-F019-MT800-Ouichaoui-F0979002-E0001.638.1985                   1 9.46500E+01 1.58130E+02
p-F019-MT800-Ouichaoui-F0979002-E0001.640.1985                   1 1.39370E+02 1.58130E+02
p-F019-MT800-Ouichaoui-F0979002-E0001.641.1985                   1 5.76800E+01 1.39370E+02
p-F019-MT800-Ouichaoui-F0979002-E0001.643.1985                   1 5.76800E+01 1.13180E+02
p-F019-MT800-Ouichaoui-F0979002-E0001.646.1985                   1 1.13180E+02 1.13180E+02
p-F019-MT800-Ouichaoui-F0982004-E0002.709.1986                   1 6.68000E+01 1.44600E+02
p-F019-MT800-Ouichaoui-F0982004-E0002.710.1986                   1 6.68000E+01 1.22300E+02
p-F019-MT800-Ouichaoui-F0982004-E0002.710A001.1986               1 1.22300E+02 1.58300E+02
p-F019-MT800-Ouichaoui-F0982004-E0002.714.1986                   1 6.68000E+01 1.58300E+02
p-F019-MT800-Ouichaoui-F0982004-E0002.714A001.1986               1 6.68000E+01 1.44600E+02
p-F019-MT800-Ouichaoui-F0982004-E0002.715.1986                   1 1.44600E+02 1.58300E+02
p-F019-MT800-Ouichaoui-F0982004-E0002.718.1986                   1 6.68000E+01 1.58300E+02
p-F019-MT800-Ouichaoui-F0982004-E0002.719.1986                   1 6.68000E+01 1.22300E+02
p-F019-MT800-Ouichaoui-F0982004-E0002.721.1986                   1 1.22300E+02 1.44600E+02
p-F019-MT800-Ouichaoui-F0982004-E0002.724.1986                   2 1.22300E+02 1.58300E+02
p-F019-MT800-Ouichaoui-F0982004-E0002.725.1986                   1 6.68000E+01 1.22300E+02
p-F019-MT800-Ouichaoui-F0982004-E0002.725A001.1986               1 6.68000E+01 1.58300E+02
p-F019-MT800-Ouichaoui-F0982004-E0002.729.1986                   1 6.68000E+01 1.58300E+02
p-F019-MT800-Ouichaoui-F0982004-E0002.729A001.1986               2 6.68000E+01 1.44600E+02
p-F019-MT800-Ouichaoui-F0982004-E0002.731.1986                   1 1.22300E+02 1.44600E+02
p-F019-MT800-Ouichaoui-F0982004-E0002.734.1986                   1 1.44600E+02 1.58300E+02
p-F019-MT800-Ouichaoui-F0982004-E0002.735.1986                   1 6.68000E+01 1.58300E+02
p-F019-MT800-Ouichaoui-F0982004-E0002.736.1986                   1 6.68000E+01 1.22300E+02
p-F019-MT800-Ouichaoui-F0982004-E0002.736A001.1986               1 1.22300E+02 1.44600E+02
p-F019-MT800-Ouichaoui-F0982004-E0002.739.1986                   1 6.68000E+01 1.44600E+02
p-F019-MT800-Ouichaoui-F0982004-E0002.740.1986                   1 6.68000E+01 1.58300E+02
p-F019-MT800-Ouichaoui-F0982004-E0002.740A001.1986               1 1.22300E+02 1.58300E+02
p-F019-MT800-Ouichaoui-F0982004-E0002.741.1986                   1 6.68000E+01 1.22300E+02
p-F019-MT800-Ouichaoui-F0982004-E0002.742.1986                   1 6.68000E+01 1.58300E+02
p-F019-MT800-Ouichaoui-F0982004-E0002.743.1986                   1 1.44600E+02 1.58300E+02
p-F019-MT800-Ouichaoui-F0982004-E0002.743A001.1986               1 1.22300E+02 1.44600E+02
p-F019-MT800-Ouichaoui-F0982004-E0002.744.1986                   1 6.68000E+01 1.22300E+02
p-F019-MT800-Ouichaoui-F0982004-E0002.745.1986                   1 6.68000E+01 1.58300E+02
p-F019-MT800-Ouichaoui-F0982004-E0002.746.1986                   1 1.22300E+02 1.58300E+02
p-F019-MT800-Ouichaoui-F0982004-E0002.746A001.1986               1 1.22300E+02 1.44600E+02
p-F019-MT800-Ouichaoui-F0982004-E0002.747.1986                   1 6.68000E+01 1.44600E+02
p-F019-MT800-Ouichaoui-F0982004-E0002.748.1986                   1 6.68000E+01 1.22300E+02
p-F019-MT800-Ouichaoui-F0982004-E0002.749.1986                   1 1.22300E+02 1.44600E+02
p-F019-MT800-Ouichaoui-F0982004-E0002.749A001.1986               1 1.44600E+02 1.58300E+02
p-F019-MT800-Ouichaoui-F0982004-E0002.749A002.1986               1 6.68000E+01 1.58300E+02
p-F019-MT800-Ouichaoui-F0982004-E0002.750.1986                   1 6.68000E+01 1.44600E+02
p-F019-MT800-Ouichaoui-F0982004-E0002.751.1986                   1 1.44600E+02 1.58300E+02
p-F019-MT800-Ouichaoui-F0982004-E0002.751A001.1986               1 1.22300E+02 1.58300E+02
p-F019-MT800-Ouichaoui-F0982004-E0002.752.1986                   1 6.68000E+01 1.22300E+02
p-F019-MT800-Ouichaoui-F0982004-E0002.753.1986                   1 6.68000E+01 1.44600E+02
p-F019-MT800-Ouichaoui-F0982004-E0002.753A001.1986               1 1.44600E+02 1.58300E+02
p-F019-MT800-Ouichaoui-F0982004-E0002.754.1986                   1 1.22300E+02 1.58300E+02
p-F019-MT800-Ouichaoui-F0982004-E0002.755.1986                   1 6.68000E+01 1.22300E+02
p-F019-MT800-Ouichaoui-F0982004-E0002.757.1986                   1 6.68000E+01 1.44600E+02
p-F019-MT800-Ouichaoui-F0982004-E0002.757A001.1986               1 1.44600E+02 1.58300E+02
p-F019-MT800-Ouichaoui-F0982004-E0002.757A002.1986               1 1.22300E+02 1.58300E+02
p-F019-MT800-Ouichaoui-F0982004-E0002.757A003.1986               1 6.68000E+01 1.22300E+02
p-F019-MT800-Ouichaoui-F0982004-E0002.759.1986                   1 6.68000E+01 1.44600E+02
p-F019-MT800-Ouichaoui-F0982004-E0002.760.1986                   1 1.44600E+02 1.58300E+02
p-F019-MT800-Ouichaoui-F0982004-E0002.760A001.1986               1 1.22300E+02 1.58300E+02
p-F019-MT800-Ouichaoui-F0982004-E0002.760A002.1986               1 6.68000E+01 1.22300E+02
p-F019-MT800-Ouichaoui-F0982004-E0002.762.1986                   1 6.68000E+01 1.58300E+02
p-F019-MT800-Ouichaoui-F0982004-E0002.763.1986                   1 1.44600E+02 1.58300E+02
p-F019-MT800-Ouichaoui-F0982004-E0002.763A001.1986               1 1.22300E+02 1.44600E+02
p-F019-MT800-Ouichaoui-F0982004-E0002.764.1986                   1 6.68000E+01 1.22300E+02
p-F019-MT800-Ouichaoui-F0982004-E0002.765.1986                   1 6.68000E+01 1.58300E+02
p-F019-MT800-Ouichaoui-F0982004-E0002.765A001.1986               1 1.22300E+02 1.58300E+02
p-F019-MT800-Ouichaoui-F0982004-E0002.766.1986                   1 1.22300E+02 1.44600E+02
p-F019-MT800-Ouichaoui-F0982004-E0002.766A001.1986               1 1.22300E+02 1.44600E+02
p-F019-MT800-Ouichaoui-F0982004-E0002.768.1986                   1 1.22300E+02 1.58300E+02
p-F019-MT800-Ouichaoui-F0982004-E0002.768A001.1986               1 6.68000E+01 1.58300E+02
p-F019-MT800-Ouichaoui-F0982004-E0002.769.1986                   1 6.68000E+01 1.44600E+02
p-F019-MT800-Ouichaoui-F0982004-E0002.770.1986                   1 1.22300E+02 1.44600E+02
p-F019-MT800-Ouichaoui-F0982004-E0002.771.1986                   1 1.22300E+02 1.44600E+02
p-F019-MT800-Ouichaoui-F0982004-E0002.771A001.1986               1 6.68000E+01 1.44600E+02
p-F019-MT800-Ouichaoui-F0982004-E0002.772.1986                   1 6.68000E+01 1.58300E+02
p-F019-MT800-Ouichaoui-F0982004-E0002.772A001.1986               1 1.22300E+02 1.58300E+02
p-F019-MT800-Ouichaoui-F0982004-E0002.774.1986                   1 6.68000E+01 1.22300E+02
p-F019-MT800-Ouichaoui-F0982004-E0002.774A001.1986               1 6.68000E+01 1.44600E+02
p-F019-MT800-Ouichaoui-F0982004-E0002.775.1986                   1 1.44600E+02 1.58300E+02
p-F019-MT800-Ouichaoui-F0982004-E0002.776.1986                   1 6.68000E+01 1.58300E+02
p-F019-MT800-Ouichaoui-F0982004-E0002.780.1986                   1 6.68000E+01 1.58300E+02
p-F019-MT800-Ouichaoui-F0982004-E0002.780A001.1986               1 1.22300E+02 1.58300E+02
p-F019-MT800-Ouichaoui-F0982004-E0002.780A002.1986               2 6.68000E+01 1.44600E+02
p-F019-MT800-Ouichaoui-F0982004-E0002.784.1986                   1 6.68000E+01 1.44600E+02
p-F019-MT800-Ouichaoui-F0982004-E0002.785.1986                   1 1.44600E+02 1.58300E+02
p-F019-MT800-Ouichaoui-F0982004-E0002.785A001.1986               1 1.22300E+02 1.58300E+02
p-F019-MT800-Ouichaoui-F0982004-E0002.786.1986                   1 6.68000E+01 1.22300E+02
p-F019-MT800-Ouichaoui-F0982004-E0002.789.1986                   1 6.68000E+01 1.58300E+02
p-F019-MT800-Ouichaoui-F0982004-E0002.789A001.1986               1 1.22300E+02 1.58300E+02
p-F019-MT800-Ouichaoui-F0982004-E0002.790.1986                   1 1.22300E+02 1.44600E+02
p-F019-MT800-Ouichaoui-F0982004-E0002.791.1986                   1 1.44600E+02 1.58300E+02
p-F019-MT800-Ouichaoui-F0982004-E0002.801.1986                   1 1.44600E+02 1.58300E+02
p-F019-MT800-Ouichaoui-F0982004-E0002.955.1986                   1 1.22300E+02 1.44600E+02
p-F019-MT800-Ouichaoui-F0982004-E0002.955A001.1986               1 6.68000E+01 1.22300E+02
p-F019-MT800-Ouichaoui-F0982004-E0002.956.1986                   2 6.68000E+01 1.58300E+02
p-F019-MT800-Ouichaoui-F0982004-E0002.956A001.1986               1 6.68000E+01 1.58300E+02
p-F019-MT800-Ouichaoui-F0982004-E0002.957.1986                   1 6.68000E+01 1.58300E+02
p-F019-MT800-Ouichaoui-F0982004-E0002.957A001.1986               1 9.46500E+01 1.58300E+02
p-F019-MT800-Ouichaoui-F0982004-E0002.957A002.1986               1 9.46500E+01 1.22300E+02
p-F019-MT800-Ouichaoui-F0982004-E0002.958.1986                   1 1.22300E+02 1.44600E+02
p-F019-MT800-Ouichaoui-F0982004-E0002.958A001.1986               1 6.68000E+01 1.44600E+02
p-F019-MT800-Ouichaoui-F0982004-E0002.959.1986                   1 6.68000E+01 1.22300E+02
p-F019-MT800-Ouichaoui-F0982004-E0002.959A001.1986               2 1.22300E+02 1.58300E+02
p-F019-MT800-Ouichaoui-F0982004-E0002.960.1986                   1 9.46500E+01 1.44600E+02
p-F019-MT800-Ouichaoui-F0982004-E0002.960A001.1986               1 9.46500E+01 1.58300E+02
p-F019-MT800-Ouichaoui-F0982004-E0002.961.1986                   1 1.22300E+02 1.58300E+02
p-F019-MT800-Ouichaoui-F0982004-E0002.962.1986                   2 6.68000E+01 1.44600E+02
p-F019-MT800-Ouichaoui-F0982004-E0002.962A001.1986               1 6.68000E+01 9.46500E+01
p-F019-MT800-Ouichaoui-F0982004-E0002.962A002.1986               1 9.46500E+01 9.46500E+01
p-F019-MT800-Paneta-O2061006-E0001.498.2012                    133 1.40000E+02 1.70000E+02
p-F019-MT800-Ranken-C1006002-E0001.193.1958                    307 1.60000E+02 1.60000E+02
p-F019-MT800-Stabler-F0794002-E0013.500.1977                    46 1.75000E+01 1.70200E+02
p-F019-MT800-Stabler-F0794002-E0014.500.1977                    35 2.01000E+01 1.59900E+02
p-F019-MT800-Stabler-F0794002-E0015.000.1977                    39 2.01000E+01 1.71200E+02
p-F019-MT800-Stabler-F0794002-E0015.500.1977                    37 2.18000E+01 1.60000E+02
p-F019-MT800-Stabler-F0794002-E0016.000.1977                    36 1.69000E+01 1.63400E+02
p-F019-MT800-Stabler-F0794002-E0016.500.1977                    44 1.69000E+01 1.69900E+02
p-F019-MT800-Stabler-F0794002-E0017.000.1977                    39 2.06000E+01 1.62400E+02
p-F019-MT800-Stabler-F0794002-E0018.000.1977                    38 2.72000E+01 1.71900E+02
p-F019-MT800-Stabler-F0794004-E0012.009.1977                     1 1.58100E+02 1.69000E+02
p-F019-MT800-Stabler-F0794004-E0012.016.1977                     1 1.36500E+02 1.58100E+02
p-F019-MT800-Stabler-F0794004-E0012.045.1977                     1 1.15400E+02 1.36500E+02
p-F019-MT800-Stabler-F0794004-E0012.051.1977                     1 9.50000E+01 1.15400E+02
p-F019-MT800-Stabler-F0794004-E0012.084.1977                     1 9.50000E+01 1.69000E+02
p-F019-MT800-Stabler-F0794004-E0012.403.1977                     1 1.58100E+02 1.69000E+02
p-F019-MT800-Stabler-F0794004-E0012.429.1977                     1 1.15400E+02 1.58100E+02
p-F019-MT800-Stabler-F0794004-E0012.438.1977                     1 1.15400E+02 1.36500E+02
p-F019-MT800-Stabler-F0794004-E0012.442.1977                     1 9.49000E+01 1.36500E+02
p-F019-MT800-Stabler-F0794004-E0012.454.1977                     1 9.49000E+01 1.69000E+02
p-F019-MT800-Stabler-F0794004-E0012.724.1977                     1 1.58100E+02 1.69000E+02
p-F019-MT800-Stabler-F0794004-E0012.734.1977                     1 1.36500E+02 1.58100E+02
p-F019-MT800-Stabler-F0794004-E0012.745.1977                     1 1.15400E+02 1.36500E+02
p-F019-MT800-Stabler-F0794004-E0012.757.1977                     1 9.49000E+01 1.15400E+02
p-F019-MT800-Stabler-F0794004-E0012.776.1977                     1 9.49000E+01 1.58100E+02
p-F019-MT800-Stabler-F0794004-E0013.020.1977                     1 1.58100E+02 1.69000E+02
p-F019-MT800-Stabler-F0794004-E0013.026.1977                     1 1.36500E+02 1.69000E+02
p-F019-MT800-Stabler-F0794004-E0013.040.1977                     1 9.49000E+01 1.36500E+02
p-F019-MT800-Stabler-F0794004-E0013.062.1977                     1 9.49000E+01 1.69000E+02
p-F019-MT800-Stabler-F0794004-E0013.256.1977                     1 1.58100E+02 1.69000E+02
p-F019-MT800-Stabler-F0794004-E0013.267.1977                     1 1.36500E+02 1.58100E+02
p-F019-MT800-Stabler-F0794004-E0013.287.1977                     1 1.15300E+02 1.36500E+02
p-F019-MT800-Stabler-F0794004-E0013.309.1977                     1 9.49000E+01 1.15300E+02
p-F019-MT800-Stabler-F0794004-E0013.315.1977                     1 9.49000E+01 1.69000E+02
p-F019-MT800-Stabler-F0794004-E0013.505.1977                     1 1.58100E+02 1.69000E+02
p-F019-MT800-Stabler-F0794004-E0013.506.1977                     1 1.36400E+02 1.58100E+02
p-F019-MT800-Stabler-F0794004-E0013.538.1977                     1 9.48000E+01 1.36400E+02
p-F019-MT800-Stabler-F0794004-E0013.559.1977                     1 9.48000E+01 1.69000E+02
p-F019-MT800-Stabler-F0794004-E0013.751.1977                     1 1.58100E+02 1.69000E+02
p-F019-MT800-Stabler-F0794004-E0013.770.1977                     1 1.36400E+02 1.58100E+02
p-F019-MT800-Stabler-F0794004-E0013.774.1977                     1 1.15300E+02 1.36400E+02
p-F019-MT800-Stabler-F0794004-E0013.792.1977                     1 9.48000E+01 1.15300E+02
p-F019-MT800-Stabler-F0794004-E0013.830.1977                     1 9.48000E+01 1.69000E+02
p-F019-MT800-Stabler-F0794004-E0013.970.1977                     1 1.58100E+02 1.69000E+02
p-F019-MT800-Stabler-F0794004-E0013.976.1977                     1 1.15300E+02 1.58100E+02
p-F019-MT800-Stabler-F0794004-E0014.012.1977                     1 1.15300E+02 1.36400E+02
p-F019-MT800-Stabler-F0794004-E0014.013.1977                     1 9.48000E+01 1.36400E+02
p-F019-MT800-Stabler-F0794004-E0014.044.1977                     1 9.48000E+01 1.58000E+02
p-F019-MT800-Stabler-F0794004-E0014.211.1977                     1 1.58000E+02 1.69000E+02
p-F019-MT800-Stabler-F0794004-E0014.213.1977                     1 1.36400E+02 1.69000E+02
p-F019-MT800-Stabler-F0794004-E0014.232.1977                     1 1.15300E+02 1.36400E+02
p-F019-MT800-Stabler-F0794004-E0014.250.1977                     1 9.48000E+01 1.15300E+02
p-F019-MT800-Stabler-F0794004-E0014.265.1977                     1 9.48000E+01 1.58000E+02
p-F019-MT800-Stabler-F0794004-E0014.306.1977                     1 1.36400E+02 1.58000E+02
p-F019-MT800-Stabler-F0794004-E0014.330.1977                     1 1.15300E+02 1.36400E+02
p-F019-MT800-Stabler-F0794004-E0014.333.1977                     1 1.15300E+02 1.69000E+02
p-F019-MT800-Stabler-F0794004-E0014.337.1977                     1 9.48000E+01 1.69000E+02
p-F019-MT800-Stabler-F0794004-E0014.363.1977                     1 9.48000E+01 1.58000E+02
p-F019-MT800-Stabler-F0794004-E0014.514.1977                     1 1.58000E+02 1.69000E+02
p-F019-MT800-Stabler-F0794004-E0014.516.1977                     1 1.36400E+02 1.69000E+02
p-F019-MT800-Stabler-F0794004-E0014.534.1977                     1 1.15300E+02 1.36400E+02
p-F019-MT800-Stabler-F0794004-E0014.552.1977                     1 9.48000E+01 1.15300E+02
p-F019-MT800-Stabler-F0794004-E0014.565.1977                     1 9.48000E+01 1.58000E+02
p-F019-MT800-Stabler-F0794004-E0014.765.1977                     1 1.58000E+02 1.69000E+02
p-F019-MT800-Stabler-F0794004-E0014.766.1977                     1 1.36400E+02 1.69000E+02
p-F019-MT800-Stabler-F0794004-E0014.780.1977                     1 9.48000E+01 1.36400E+02
p-F019-MT800-Stabler-F0794004-E0014.800.1977                     1 9.48000E+01 1.15200E+02
p-F019-MT800-Stabler-F0794004-E0014.802.1977                     1 1.15200E+02 1.58000E+02
p-F019-MT800-Stabler-F0794004-E0015.003.1977                     1 1.58000E+02 1.69000E+02
p-F019-MT800-Stabler-F0794004-E0015.004.1977                     1 1.58000E+02 1.69000E+02
p-F019-MT800-Stabler-F0794004-E0015.012.1977                     1 1.36400E+02 1.58000E+02
p-F019-MT800-Stabler-F0794004-E0015.026.1977                     1 1.15200E+02 1.36400E+02
p-F019-MT800-Stabler-F0794004-E0015.038.1977                     1 9.47000E+01 1.15200E+02
p-F019-MT800-Stabler-F0794004-E0015.070.1977                     1 9.47000E+01 1.69000E+02
p-F019-MT800-Stabler-F0794004-E0015.248.1977                     1 1.58000E+02 1.69000E+02
p-F019-MT800-Stabler-F0794004-E0015.260.1977                     1 1.36300E+02 1.58000E+02
p-F019-MT800-Stabler-F0794004-E0015.270.1977                     1 1.15200E+02 1.36300E+02
p-F019-MT800-Stabler-F0794004-E0015.284.1977                     1 9.47000E+01 1.15200E+02
p-F019-MT800-Stabler-F0794004-E0015.314.1977                     1 9.47000E+01 1.69000E+02
p-F019-MT800-Stabler-F0794004-E0015.395.1977                     1 1.58000E+02 1.69000E+02
p-F019-MT800-Stabler-F0794004-E0015.420.1977                     1 1.15200E+02 1.58000E+02
p-F019-MT800-Stabler-F0794004-E0015.421.1977                     1 1.15200E+02 1.36300E+02
p-F019-MT800-Stabler-F0794004-E0015.437.1977                     1 9.47000E+01 1.36300E+02
p-F019-MT800-Stabler-F0794004-E0015.451.1977                     1 9.47000E+01 1.58000E+02
p-F019-MT800-Stabler-F0794004-E0015.501.1977                     1 1.58000E+02 1.69000E+02
p-F019-MT800-Stabler-F0794004-E0015.505.1977                     1 1.36300E+02 1.69000E+02
p-F019-MT800-Stabler-F0794004-E0015.522.1977                     1 1.15200E+02 1.36300E+02
p-F019-MT800-Stabler-F0794004-E0015.531.1977                     1 9.47000E+01 1.15200E+02
p-F019-MT800-Stabler-F0794004-E0015.575.1977                     1 9.47000E+01 1.58000E+02
p-F019-MT800-Stabler-F0794004-E0015.612.1977                     1 1.15200E+02 1.58000E+02
p-F019-MT800-Stabler-F0794004-E0015.614.1977                     1 1.15200E+02 1.69000E+02
p-F019-MT800-Stabler-F0794004-E0015.616.1977                     1 1.36300E+02 1.69000E+02
p-F019-MT800-Stabler-F0794004-E0015.621.1977                     1 9.47000E+01 1.36300E+02
p-F019-MT800-Stabler-F0794004-E0015.661.1977                     1 9.47000E+01 1.58000E+02
p-F019-MT800-Stabler-F0794004-E0015.808.1977                     1 1.58000E+02 1.69000E+02
p-F019-MT800-Stabler-F0794004-E0015.812.1977                     1 1.36300E+02 1.69000E+02
p-F019-MT800-Stabler-F0794004-E0015.832.1977                     1 1.15200E+02 1.36300E+02
p-F019-MT800-Stabler-F0794004-E0015.848.1977                     1 9.47000E+01 1.15200E+02
p-F019-MT800-Stabler-F0794004-E0015.858.1977                     1 9.47000E+01 1.69000E+02
p-F019-MT800-Stabler-F0794004-E0015.990.1977                     1 1.58000E+02 1.69000E+02
p-F019-MT800-Stabler-F0794004-E0016.011.1977                     1 1.36300E+02 1.58000E+02
p-F019-MT800-Stabler-F0794004-E0016.014.1977                     1 1.15200E+02 1.36300E+02
p-F019-MT800-Stabler-F0794004-E0016.026.1977                     1 9.47000E+01 1.15200E+02
p-F019-MT800-Stabler-F0794004-E0016.064.1977                     1 9.47000E+01 1.58000E+02
p-F019-MT800-Stabler-F0794004-E0016.212.1977                     1 1.58000E+02 1.69000E+02
p-F019-MT800-Stabler-F0794004-E0016.218.1977                     1 1.36300E+02 1.69000E+02
p-F019-MT800-Stabler-F0794004-E0016.222.1977                     1 1.15200E+02 1.36300E+02
p-F019-MT800-Stabler-F0794004-E0016.230.1977                     1 9.47000E+01 1.15200E+02
p-F019-MT800-Stabler-F0794004-E0016.267.1977                     1 9.47000E+01 1.36300E+02
p-F019-MT800-Stabler-F0794004-E0016.413.1977                     1 1.36300E+02 1.58000E+02
p-F019-MT800-Stabler-F0794004-E0016.415.1977                     1 1.58000E+02 1.69000E+02
p-F019-MT800-Stabler-F0794004-E0016.419.1977                     1 1.15100E+02 1.69000E+02
p-F019-MT800-Stabler-F0794004-E0016.437.1977                     1 9.47000E+01 1.15100E+02
p-F019-MT800-Stabler-F0794004-E0016.457.1977                     1 9.47000E+01 1.69000E+02
p-F019-MT800-Stabler-F0794004-E0016.513.1977                     1 1.36300E+02 1.69000E+02
p-F019-MT800-Stabler-F0794004-E0016.521.1977                     2 1.15100E+02 1.58000E+02
p-F019-MT800-Stabler-F0794004-E0016.534.1977                     1 9.46000E+01 1.15100E+02
p-F019-MT800-Stabler-F0794004-E0016.566.1977                     1 9.46000E+01 1.58000E+02
p-F019-MT800-Stabler-F0794004-E0016.604.1977                     1 1.36300E+02 1.58000E+02
p-F019-MT800-Stabler-F0794004-E0016.620.1977                     1 1.36300E+02 1.69000E+02
p-F019-MT800-Stabler-F0794004-E0016.635.1977                     1 1.15100E+02 1.69000E+02
p-F019-MT800-Stabler-F0794004-E0016.645.1977                     1 9.46000E+01 1.15100E+02
p-F019-MT800-Stabler-F0794004-E0016.675.1977                     1 9.46000E+01 1.69000E+02
p-F019-MT800-Stabler-F0794004-E0016.800.1977                     1 1.58000E+02 1.69000E+02
p-F019-MT800-Stabler-F0794004-E0016.825.1977                     1 1.36300E+02 1.58000E+02
p-F019-MT800-Stabler-F0794004-E0016.826.1977                     1 1.15100E+02 1.36300E+02
p-F019-MT800-Stabler-F0794004-E0016.827.1977                     1 9.46000E+01 1.15100E+02
p-F019-MT800-Stabler-F0794004-E0016.853.1977                     1 9.46000E+01 1.69000E+02
p-F019-MT800-Stabler-F0794004-E0016.997.1977                     1 1.58000E+02 1.69000E+02
p-F019-MT800-Stabler-F0794004-E0017.020.1977                     1 1.36300E+02 1.58000E+02
p-F019-MT800-Stabler-F0794004-E0017.022.1977                     1 1.15100E+02 1.36300E+02
p-F019-MT800-Stabler-F0794004-E0017.024.1977                     1 9.46000E+01 1.15100E+02
p-F019-MT800-Stabler-F0794004-E0017.058.1977                     1 9.46000E+01 1.69000E+02
p-F019-MT800-Stabler-F0794004-E0017.256.1977                     1 1.36300E+02 1.69000E+02
p-F019-MT800-Stabler-F0794004-E0017.262.1977                     1 1.36300E+02 1.58000E+02
p-F019-MT800-Stabler-F0794004-E0017.266.1977                     1 1.15100E+02 1.58000E+02
p-F019-MT800-Stabler-F0794004-E0017.284.1977                     1 9.46000E+01 1.15100E+02
p-F019-MT800-Stabler-F0794004-E0017.308.1977                     1 9.46000E+01 1.69000E+02
p-F019-MT800-Stabler-F0794004-E0017.500.1977                     1 1.36300E+02 1.69000E+02
p-F019-MT800-Stabler-F0794004-E0017.509.1977                     1 1.36300E+02 1.58000E+02
p-F019-MT800-Stabler-F0794004-E0017.523.1977                     1 1.15100E+02 1.58000E+02
p-F019-MT800-Stabler-F0794004-E0017.531.1977                     1 9.46000E+01 1.15100E+02
p-F019-MT800-Stabler-F0794004-E0017.546.1977                     1 9.46000E+01 1.69000E+02
p-F019-MT800-Stabler-F0794004-E0017.736.1977                     1 1.58000E+02 1.69000E+02
p-F019-MT800-Stabler-F0794004-E0017.745.1977                     1 1.15100E+02 1.58000E+02
p-F019-MT800-Stabler-F0794004-E0017.768.1977                     1 1.15100E+02 1.36200E+02
p-F019-MT800-Stabler-F0794004-E0017.779.1977                     1 9.46000E+01 1.36200E+02
p-F019-MT800-Stabler-F0794004-E0017.802.1977                     1 9.46000E+01 1.58000E+02
p-F019-MT800-Stabler-F0794004-E0018.009.1977                     1 1.15100E+02 1.58000E+02
p-F019-MT800-Stabler-F0794004-E0018.013.1977                     2 1.15100E+02 1.69000E+02
p-F019-MT800-Stabler-F0794004-E0018.016.1977                     2 9.46000E+01 1.69000E+02
p-F019-MT800-Temmer-F0010010-E0003.265.1962                    319 7.00000E+01 7.00000E+01
p-F019-MT800-Temmer-F0010011-E0011.000.1962                     26 1.92000E+01 1.60200E+02
p-F019-MT800-Teplov-F1338002-E0005.080.1960                     16 2.29000E+01 1.57900E+02
p-F019-MT800-Teplov-F1338002-E0005.230.1960                     20 2.45000E+01 1.59400E+02
p-F019-MT800-Teplov-F1338002-E0005.380.1960                     17 2.38000E+01 1.61900E+02
p-F019-MT800-Teplov-F1338002-E0005.520.1960                     15 1.92000E+01 1.59000E+02
p-F019-MT800-Teplov-F1338002-E0005.670.1960                     24 1.92000E+01 1.60400E+02
p-F019-MT800-Teplov-F1338002-E0005.820.1960                     17 1.99000E+01 1.63800E+02
p-F019-MT800-Teplov-F1338002-E0005.960.1960                     16 1.63000E+01 1.56800E+02
p-F019-MT800-Teplov-F1338002-E0006.100.1960                     17 1.63000E+01 1.57000E+02
p-F019-MT800-Teplov-F1338002-E0006.240.1960                     19 1.67000E+01 1.56600E+02
p-F019-MT800-Teplov-F1338002-E0006.370.1960                     21 2.04000E+01 1.63500E+02
p-F019-MT800-Teplov-F1338002-E0006.520.1960                     17 2.13000E+01 1.61900E+02
p-F019-MT800-Teplov-F1338003-E0005.077.1960                      1 3.00000E+01 9.00000E+01
p-F019-MT800-Teplov-F1338003-E0005.081.1960                      1 3.00000E+01 1.50000E+02
p-F019-MT800-Teplov-F1338003-E0005.082.1960                      1 3.00000E+01 1.50000E+02
p-F019-MT800-Teplov-F1338003-E0005.231.1960                      1 3.00000E+01 9.00000E+01
p-F019-MT800-Teplov-F1338003-E0005.233.1960                      1 9.00000E+01 1.50000E+02
p-F019-MT800-Teplov-F1338003-E0005.238.1960                      1 1.50000E+02 1.50000E+02
p-F019-MT800-Yamashita-E2231002-E0007.400.1961                  15 2.04000E+01 1.60300E+02
p-F019-MT800-Yamashita-E2231003-E0006.900.1961                  15 2.01000E+01 1.58500E+02
p-F019-MT800-Yamashita-E2231004-E0006.500.1961                  15 2.01000E+01 1.60800E+02
p-F019-MT800-Yamashita-E2231005-E0006.000.1961                  15 2.06000E+01 1.61200E+02
