#              Filename                                         N    min         max
n-Co059-MT002-Abdelharith-30464032-ang-E0003.400.1976           11 1.49000E+01 1.50100E+02
n-Co059-MT002-Becker-11511010-ang-E0003.200.1966                14 2.00000E+01 1.50000E+02
n-Co059-MT002-Bredin-11496006-ang-E0001.950.1964                10 3.00000E+01 1.20000E+02
n-Co059-MT002-Cox-10332005-ang-E0000.896.1972                    8 2.10000E+01 1.57000E+02
n-Co059-MT002-Cox-10332005-ang-E0000.896A001.1972                8 2.10000E+01 1.57000E+02
n-Co059-MT002-Cox-11519006-ang-E0000.677.1966                  512 1.99988E+01 1.60001E+02
n-Co059-MT002-Ferrer-10633009-ang-E0011.010.1977                27 1.50000E+01 1.55000E+02
n-Co059-MT002-Ferrer-10633009-ang-E0011.010A001.1977            27 1.50000E+01 1.55000E+02
n-Co059-MT002-Fujita-21722040-ang-E0014.100.1972                 1 1.10000E+02 1.10000E+02
n-Co059-MT002-Gorlov-40221008-ang-E0004.000.1965                17 1.09167E+01 1.69750E+02
n-Co059-MT002-Guenther-10328003-ang-E0001.800.1974             425 2.32000E+01 1.53500E+02
n-Co059-MT002-Hansen-12935006-ang-E0014.600.1985                15 9.35501E+00 1.59348E+02
n-Co059-MT002-Holmqvist-20019111-ang-E0001.460.1969             11 1.99000E+01 1.50000E+02
n-Co059-MT002-Holmqvist-20019112-ang-E0002.000.1969            136 1.99000E+01 1.50000E+02
n-Co059-MT002-Kinney-10112012-ang-E0005.000.1970               108 2.50000E+01 2.50000E+01
n-Co059-MT002-Korzh-40042017-ang-E0001.500.1968                  8 3.01276E+01 1.41440E+02
n-Co059-MT002-Korzh-40767005-ang-E0000.500.1966                 16 3.00029E+01 1.39996E+02
n-Co059-MT002-Lam-12962004-ang-E0023.000.1985                   24 1.37000E+01 8.40000E+01
n-Co059-MT002-Lambert-11538006-ang-E0003.150.1966               13 2.00000E+01 1.40000E+02
n-Co059-MT002-Machwe-11572016-ang-E0003.660.1959                24 1.07000E+01 1.60100E+02
n-Co059-MT002-Nagadi-13903004-ang-E0009.953.2003                37 1.74000E+01 1.59700E+02
n-Co059-MT002-Nagadi-13903004-ang-E0011.944.2003                37 1.73000E+01 1.59600E+02
n-Co059-MT002-Nagadi-13903004-ang-E0015.425.2003                38 1.66000E+01 1.59500E+02
n-Co059-MT002-Nagadi-13903004-ang-E0016.879.2003                38 1.62000E+01 1.60200E+02
n-Co059-MT002-Nagadi-13903004-ang-E0018.862.2003                40 1.62000E+01 1.59300E+02
n-Co059-MT002-Nagadi-13980002-ang-E0010.000.1991                37 1.68000E+01 1.58600E+02
n-Co059-MT002-Nagadi-13980002-ang-E0012.000.1991                37 1.64000E+01 1.58600E+02
n-Co059-MT002-Nagadi-13980002-ang-E0014.000.1991                38 1.63000E+01 1.58600E+02
n-Co059-MT002-Nagadi-13980002-ang-E0015.500.1991                33 1.63000E+01 1.58600E+02
n-Co059-MT002-Olsson-22048016-ang-E0021.600.1987                36 1.00000E+01 1.60000E+02
n-Co059-MT002-Pierre-11486015-ang-E0013.950.1959                18 1.10000E+01 1.38300E+02
n-Co059-MT002-Simakov-40530003-ang-E0004.990.1981               24 3.06000E+01 1.50600E+02
n-Co059-MT002-Smith-13131002-ang-E0001.570.1988                240 1.83000E+01 1.57000E+02
n-Co059-MT002-Smith-13131003-ang-E0004.500.1988                 31 1.93000E+01 1.57000E+02
n-Co059-MT002-Smith-13131003-ang-E0005.000.1988                 31 2.01000E+01 2.01000E+01
n-Co059-MT002-Takahashi-22155076-ang-E0014.100.1992             16 1.50000E+01 1.60000E+02
n-Co059-MT002-Tutubalin-40417004-ang-E0014.700.1973             15 1.00000E+01 1.20000E+02
n-Co059-MT002-Velkley-10384015-ang-E0008.970.1974               27 3.00000E+01 1.60000E+02
n-Co059-MT002-Velkley-10384015-ang-E0008.970A001.1974           27 3.00000E+01 1.60000E+02
n-Co059-MT002-Walt-11637010-ang-E0001.000.1954                   9 3.07000E+01 1.49200E+02
n-Co059-MT002-Weddell-11695004-ang-E0004.400.1956                1 9.00000E+01 9.00000E+01
