#              Filename                                         N    min         max
n-Mo096-MT151-Brown-147830021.2017                              74 1.13330E-04 1.95716E-02
n-Mo096-MT151-Brown-147830022.2017                              74 1.13330E-04 1.95716E-02
n-Mo096-MT151-Brown-147830024.2017                              74 1.13330E-04 1.95716E-02
n-Mo096-MT151-Brown-147830025.2017                              74 1.13330E-04 1.95716E-02
n-Mo096-MT151-Brown-147830026.2017                              74 1.13330E-04 1.95716E-02
n-Mo096-MT151-Harvey-119120471.1955                              1 1.33000E-04 1.33000E-04
n-Mo096-MT151-Harvey-119120472.1955                              1 1.33000E-04 1.33000E-04
n-Mo096-MT151-Harvey-119120473.1955                              1 1.33000E-04 1.33000E-04
n-Mo096-MT151-Julien-206870171.1969                              1 1.30960E-04 1.30960E-04
n-Mo096-MT151-Julien-206870172.1969                              1 1.30960E-04 1.30960E-04
n-Mo096-MT151-Julien-206870173.1969                              1 1.30960E-04 1.30960E-04
n-Mo096-MT151-Julien-206870174.1969                              1 1.30960E-04 1.30960E-04
n-Mo096-MT151-Julien-206870175.1969                              1 1.30960E-04 1.30960E-04
n-Mo096-MT151-Julien-206870176.1969                              1 1.30960E-04 1.30960E-04
n-Mo096-MT151-Julien-206870177.1969                              1 1.30960E-04 1.30960E-04
n-Mo096-MT151-Kapchigashev-40778028.1966                         1 2.50000E-02 2.50000E-02
n-Mo096-MT151-KimKhiSannn-412110081.1965                         1 1.32600E-04 1.32600E-04
n-Mo096-MT151-KimKhiSannn-412110082.1965                         1 1.32600E-04 1.32600E-04
n-Mo096-MT151-Leinweber-142630261.2010                           6 1.13290E-04 1.49840E-03
n-Mo096-MT151-Leinweber-142630262.2010                           1 1.31171E-04 1.31171E-04
n-Mo096-MT151-Leinweber-142630263.2010                           6 1.13290E-04 1.49840E-03
n-Mo096-MT151-Pevzner-400910051.1963                             4-3.66000E-03 1.14500E-04
n-Mo096-MT151-Pevzner-400910052.1963                             3-3.30000E-03 1.14500E-04
n-Mo096-MT151-Pevzner-400910053.1963                             3-3.30000E-03 1.14500E-04
n-Mo096-MT151-Pevzner-400910131.1963                             1 7.50350E-03 7.50350E-03
n-Mo096-MT151-Radkevich-403820131.1956                           1 1.34000E-04 1.34000E-04
n-Mo096-MT151-Radkevich-403820132.1956                           1 1.34000E-04 1.34000E-04
n-Mo096-MT151-Radkevich-403820141.1956                           1 1.34000E-04 1.34000E-04
n-Mo096-MT151-Radkevich-403820142.1956                           1 1.34000E-04 1.34000E-04
n-Mo096-MT151-Radkevich-403820151.1956                           1 1.34000E-04 1.34000E-04
n-Mo096-MT151-Shwe-119140061.1969                                2 1.13500E-04 1.31300E-04
n-Mo096-MT151-Shwe-119140062.1969                                2 1.13500E-04 1.31300E-04
n-Mo096-MT151-Shwe-119140063.1969                                2 1.13500E-04 1.31300E-04
n-Mo096-MT151-Wang-316030051.2008                                2 1.14700E-04 1.31400E-04
n-Mo096-MT151-Wang-316030052.2008                                2 1.14700E-04 1.31400E-04
n-Mo096-MT151-Wang-316030053.2008                                2 1.14700E-04 1.31400E-04
n-Mo096-MT151-Wang-316030054.2008                                2 1.14700E-04 1.31400E-04
n-Mo096-MT151-Wang-316030055.2008                                2 1.14700E-04 1.31400E-04
n-Mo096-MT151-Weigmann-20398017.1971                             6 1.31400E-04 4.31730E-03
n-Mo096-MT151-Weigmann-20398018.1971                            22 1.13410E-04 7.05100E-03
n-Mo096-MT151-Weigmann-20398019.1971                             1 2.21500E-03 2.21500E-03
n-Mo096-MT151-Weigmann-20398020.1971                             8 1.13410E-04 4.94190E-03
n-Mo096-MT151-Weigmann-20398021.1971                            24 1.13410E-04 7.05100E-03
