#              Filename                                         N    min         max     
n-In000-rp049001-Block-105940022.1972                            1 2.43000E-02 2.43000E-02
n-In000-rp049001-Meadows-11028015.1961                           1 2.53000E-08 2.53000E-08
n-In000-rp049001-Block-105940022A001.1972                        1 2.43000E-02 2.43000E-02
n-In000-rp049001-Meadows-11028015A001.1961                       1 2.53000E-08 2.53000E-08
n-In000-rp049001-Gibbons-11329032.1961                          61 7.30000E-03 9.83000E-01
n-In000-rp049001-Gibbons-11329106.1961                           3 3.00000E-02 1.67000E-01
n-In000-rp049001-Diven-11616018.1960                             7 1.75000E-01 1.00000E+00
n-In000-rp049001-Schmitt-11778008.1960                           1 2.40000E-02 2.40000E-02
n-In000-rp049001-Block-11935007.1961                            44 1.95000E-04 8.20000E-03
n-In000-rp049001-Haddad-11944003.1963                          242 1.05000E-06 2.13000E-02
n-In000-rp049001-Poenitz-12832006.1982                          12 5.00000E-01 4.00000E+00
n-In000-rp049001-Block-14393004.1960                            17 5.13300E-02 3.08000E-01
n-In000-rp049001-Block-14393005.1960                            23 2.55500E-02 1.91700E-01
n-In000-rp049001-Block-14393006.1960                            45 7.47900E-03 2.04900E-01
n-In000-rp049001-Block-14393007.1960                             2 2.51200E-02 4.60600E-02
n-In000-rp049001-Block-14393008.1960                            18 2.65700E-04 9.52000E-03
n-In000-rp049001-Hellstroem-20194005.1973                       14 3.00000E-02 1.50000E+00
n-In000-rp049001-Fuketa-20275005.1960                            1 2.53000E-08 2.53000E-08
n-In000-rp049001-Kompe-20358017.1969                            69 1.25000E-02 1.58000E-01
n-In000-rp049001-Tattersall-20638032.1960                        1 2.53000E-08 2.53000E-08
n-In000-rp049001-Carre-20658020.1966                             1 2.53000E-08 2.53000E-08
n-In000-rp049001-Sokolowski-22615004.1969                        1 2.53000E-08 2.53000E-08
n-In000-rp049001-JungranYoonn-22802003.2002                    262 3.09000E-09 2.37200E-02
n-In000-rp049001-Spitz-30114019.1968                            21 1.08000E-02 5.02000E-02
n-In000-rp049001-Spitz-30114020.1968                            26 9.90000E-03 9.40000E-02
n-In000-rp049001-Budnar-30532036.1979                            1 1.41000E+01 1.41000E+01
n-In000-rp049001-XuHaishann-32105004.1988                        6 3.40000E-01 1.68000E+00
n-In000-rp049001-Belanova-40072010.1965                          1 2.40000E-02 2.40000E-02
n-In000-rp049001-Belanova-400720281.1965                         1 2.40000E-02 2.40000E-02
n-In000-rp049001-Belanova-400720282.1965                         1 2.40000E-02 2.40000E-02
n-In000-rp049001-Koroleva-40074005.1965                          1 2.40000E-02 2.40000E-02
n-In000-rp049001-Kononov-40520003.1977                          70 5.50000E-03 3.42500E-01
n-In000-rp049001-Popov-40797007.1962                           137 1.10000E-06 5.40000E-02
