#              Filename                                         N    min         max
n-Cm246-MT151-Alekseev-415330061.2010                            6 4.31500E-06 2.50700E-04
n-Cm246-MT151-Alekseev-415330062.2010                            6 4.31500E-06 2.50700E-04
n-Cm246-MT151-Belanova-404320061.1975                            5 4.32000E-06 1.57000E-04
n-Cm246-MT151-Belanova-404320062.1975                            2 4.32000E-06 1.52900E-05
n-Cm246-MT151-Belanova-404320063.1975                            5 4.32000E-06 1.57000E-04
n-Cm246-MT151-Benjamin-104610041.1974                            1 4.31500E-06 4.31500E-06
n-Cm246-MT151-Benjamin-104610041A001.1974                        1 4.31500E-06 4.31500E-06
n-Cm246-MT151-Benjamin-104610042.1974                            1 4.31500E-06 4.31500E-06
n-Cm246-MT151-Benjamin-104610042A001.1974                        1 4.31500E-06 4.31500E-06
n-Cm246-MT151-Benjamin-104610043.1974                            1 4.31500E-06 4.31500E-06
n-Cm246-MT151-Benjamin-104610043A001.1974                        1 4.31500E-06 4.31500E-06
n-Cm246-MT151-Benjamin-104610051.1974                            4 1.53300E-05 1.58500E-04
n-Cm246-MT151-Benjamin-104610051A001.1974                        4 1.53300E-05 1.58500E-04
n-Cm246-MT151-Benjamin-104610052.1974                            4 1.53300E-05 1.58500E-04
n-Cm246-MT151-Benjamin-104610052A001.1974                        4 1.53300E-05 1.58500E-04
n-Cm246-MT151-Berreth-102710071.1972                             2 4.31000E-06 1.52900E-05
n-Cm246-MT151-Berreth-102710071A001.1972                         2 4.31000E-06 1.52900E-05
n-Cm246-MT151-Berreth-102710072.1972                             2 4.31000E-06 1.52900E-05
n-Cm246-MT151-Berreth-102710072A001.1972                         2 4.31000E-06 1.52900E-05
n-Cm246-MT151-Berreth-102710073.1972                             2 4.31000E-06 1.52900E-05
n-Cm246-MT151-Berreth-102710073A001.1972                         2 4.31000E-06 1.52900E-05
n-Cm246-MT151-Cote-125700061.1964                                5 4.33000E-06 8.45000E-05
n-Cm246-MT151-Cote-125700062.1964                                2 4.33000E-06 2.69000E-05
n-Cm246-MT151-Cote-125700063.1964                                1 4.33000E-06 4.33000E-06
n-Cm246-MT151-Cote-125700064.1964                                1 4.33000E-06 4.33000E-06
n-Cm246-MT151-Cote-12570007.1964                                 1 4.22500E-05 4.22500E-05
n-Cm246-MT151-Kawase-237410051.2021                             22 4.31470E-06 6.29930E-04
n-Cm246-MT151-Kimura-231410061.2012                              1 4.31700E-06 4.31700E-06
n-Cm246-MT151-Kimura-231410062.2012                              1 4.31700E-06 4.31700E-06
n-Cm246-MT151-Kimura-231410063.2012                              1 4.31700E-06 4.31700E-06
n-Cm246-MT151-Kimura-231410101.2012                              2 4.31100E-06 1.53100E-05
n-Cm246-MT151-Kimura-231410102.2012                              2 4.31100E-06 1.53100E-05
n-Cm246-MT151-Kimura-231410103.2012                              2 4.31100E-06 1.53100E-05
n-Cm246-MT151-Kimura-231410151.2012                              2 4.31400E-06 1.53100E-05
n-Cm246-MT151-Kimura-231410152.2012                              2 4.31400E-06 1.53100E-05
n-Cm246-MT151-Kimura-231410153.2012                              2 4.31400E-06 1.53100E-05
n-Cm246-MT151-Maguirejr-127880061.1985                           4 1.20000E-06 1.58500E-04
n-Cm246-MT151-Moore-101210051.1971                               8 8.44300E-05 3.81100E-04
n-Cm246-MT151-Moore-101210051A001.1971                           8 8.44300E-05 3.81100E-04
n-Cm246-MT151-Moore-101210052.1971                               8 8.44300E-05 3.81100E-04
n-Cm246-MT151-Moore-101210052A001.1971                           8 8.44300E-05 3.81100E-04
n-Cm246-MT151-Moore-101210183.1971                               1 2.32765E-04 2.32765E-04
n-Cm246-MT151-Moore-101210183A001.1971                           1 2.32765E-04 2.32765E-04
