#              Filename                                         N    min         max
p-Mg024-MT002-Artemov-F1140002-ang-E0014.049.1978                1 1.29000E+02 1.57000E+02
p-Mg024-MT002-Artemov-F1140002-ang-E0014.058.1978                1 1.29000E+02 1.57000E+02
p-Mg024-MT002-Artemov-F1140002-ang-E0014.071.1978                1 1.29000E+02 1.57000E+02
p-Mg024-MT002-Artemov-F1140002-ang-E0014.084.1978                1 1.29000E+02 1.57000E+02
p-Mg024-MT002-Artemov-F1140002-ang-E0014.101.1978                1 1.29000E+02 1.57000E+02
p-Mg024-MT002-Artemov-F1140002-ang-E0014.106.1978                1 1.29000E+02 1.57000E+02
p-Mg024-MT002-Artemov-F1140002-ang-E0014.121.1978                1 1.29000E+02 1.57000E+02
p-Mg024-MT002-Artemov-F1140002-ang-E0014.134.1978                1 1.29000E+02 1.57000E+02
p-Mg024-MT002-Artemov-F1140002-ang-E0014.152.1978                1 1.29000E+02 1.57000E+02
p-Mg024-MT002-Artemov-F1140002-ang-E0014.159.1978                1 1.29000E+02 1.57000E+02
p-Mg024-MT002-Artemov-F1140002-ang-E0014.171.1978                1 1.29000E+02 1.57000E+02
p-Mg024-MT002-Artemov-F1140002-ang-E0014.185.1978                1 1.29000E+02 1.57000E+02
p-Mg024-MT002-Artemov-F1140002-ang-E0014.204.1978                1 1.29000E+02 1.57000E+02
p-Mg024-MT002-Artemov-F1140002-ang-E0014.211.1978                1 1.29000E+02 1.57000E+02
p-Mg024-MT002-Artemov-F1140002-ang-E0014.224.1978                1 1.29000E+02 1.57000E+02
p-Mg024-MT002-Artemov-F1140002-ang-E0014.237.1978                1 1.29000E+02 1.57000E+02
p-Mg024-MT002-Artemov-F1140002-ang-E0014.250.1978                1 1.29000E+02 1.57000E+02
p-Mg024-MT002-Artemov-F1140002-ang-E0014.262.1978                1 1.29000E+02 1.57000E+02
p-Mg024-MT002-Artemov-F1140002-ang-E0014.281.1978                1 1.29000E+02 1.57000E+02
p-Mg024-MT002-Artemov-F1140002-ang-E0014.286.1978                1 1.29000E+02 1.57000E+02
p-Mg024-MT002-Artemov-F1140002-ang-E0014.301.1978                1 1.29000E+02 1.57000E+02
p-Mg024-MT002-Artemov-F1140002-ang-E0014.314.1978                1 1.29000E+02 1.57000E+02
p-Mg024-MT002-Artemov-F1140002-ang-E0014.327.1978                1 1.29000E+02 1.57000E+02
p-Mg024-MT002-Artemov-F1140002-ang-E0014.341.1978                1 1.29000E+02 1.57000E+02
p-Mg024-MT002-Artemov-F1140002-ang-E0014.351.1978                1 1.29000E+02 1.57000E+02
p-Mg024-MT002-Artemov-F1140002-ang-E0014.371.1978                1 1.29000E+02 1.57000E+02
p-Mg024-MT002-Artemov-F1140002-ang-E0014.382.1978                1 1.29000E+02 1.57000E+02
p-Mg024-MT002-Artemov-F1140002-ang-E0014.395.1978                1 1.29000E+02 1.57000E+02
p-Mg024-MT002-Artemov-F1140002-ang-E0014.406.1978                1 1.29000E+02 1.57000E+02
p-Mg024-MT002-Artemov-F1140002-ang-E0014.422.1978                1 1.29000E+02 1.57000E+02
p-Mg024-MT002-Artemov-F1140002-ang-E0014.430.1978                1 1.29000E+02 1.57000E+02
p-Mg024-MT002-Artemov-F1140002-ang-E0014.444.1978                1 1.29000E+02 1.57000E+02
p-Mg024-MT002-Artemov-F1140002-ang-E0014.459.1978                1 1.29000E+02 1.57000E+02
p-Mg024-MT002-Artemov-F1140002-ang-E0014.479.1978                1 1.29000E+02 1.57000E+02
p-Mg024-MT002-Artemov-F1140002-ang-E0014.483.1978                1 1.29000E+02 1.57000E+02
p-Mg024-MT002-Artemov-F1140002-ang-E0014.505.1978                1 1.29000E+02 1.57000E+02
p-Mg024-MT002-Artemov-F1140002-ang-E0014.509.1978                1 1.29000E+02 1.57000E+02
p-Mg024-MT002-Artemov-F1140002-ang-E0014.531.1978                1 1.29000E+02 1.57000E+02
p-Mg024-MT002-Blanpied-C0580002-ang-E0800.000.1982              64 5.09997E+00 3.02000E+01
p-Mg024-MT002-Blanpied-C0689002-ang-E0800.000.1988              51 4.79996E+00 2.44000E+01
p-Mg024-MT002-Crawley-C0618004-ang-E0017.500.1967               16 1.50000E+01 1.30100E+02
p-Mg024-MT002-Crawley-C0828008-ang-E0017.500.1968               16 1.50000E+01 1.30100E+02
p-Mg024-MT002-Eenmaa-C1206002-ang-E0030.500.1974                36 9.60001E+00 1.56600E+02
p-Mg024-MT002-Fabrici-O1199004-ang-E0015.490.1980              357 1.50000E+01 1.66000E+02
p-Mg024-MT002-Fulmer-C1019002-ang-E0022.200.1962                 1 8.73000E+01 8.73000E+01
p-Mg024-MT002-Galanina-F1277002-ang-E0007.400.2015              29 2.00000E+01 1.60000E+02
p-Mg024-MT002-Greenless-O2096002-ang-E0009.630.1956              9 6.79999E+00 1.38700E+02
p-Mg024-MT002-Gubin-F0866002-ang-E0006.002.1974                  1 1.49000E+02 1.60000E+02
p-Mg024-MT002-Gubin-F0866002-ang-E0006.003.1974                  1 1.41000E+02 1.49000E+02
p-Mg024-MT002-Gubin-F0866002-ang-E0006.005.1974                  1 9.10000E+01 1.41000E+02
p-Mg024-MT002-Gubin-F0866002-ang-E0006.007.1974                  2 9.10000E+01 1.30000E+02
p-Mg024-MT002-Gubin-F0866002-ang-E0006.014.1974                  1 1.10000E+02 1.30000E+02
p-Mg024-MT002-Gubin-F0866002-ang-E0006.027.1974                  2 8.00000E+01 1.20000E+02
p-Mg024-MT002-Gubin-F0866002-ang-E0006.028.1974                  1 6.00000E+01 8.00000E+01
p-Mg024-MT002-Gubin-F0866002-ang-E0006.029.1974                  1 6.00000E+01 1.49000E+02
p-Mg024-MT002-Gubin-F0866002-ang-E0006.033.1974                  1 7.00000E+01 1.49000E+02
p-Mg024-MT002-Gubin-F0866002-ang-E0006.034.1974                  1 7.00000E+01 1.60000E+02
p-Mg024-MT002-Gubin-F0866002-ang-E0006.037.1974                  1 9.10000E+01 1.60000E+02
p-Mg024-MT002-Gubin-F0866002-ang-E0006.039.1974                  1 9.10000E+01 1.30000E+02
p-Mg024-MT002-Gubin-F0866002-ang-E0006.046.1974                  2 1.00000E+02 1.41000E+02
p-Mg024-MT002-Gubin-F0866002-ang-E0006.049.1974                  1 8.00000E+01 1.00000E+02
p-Mg024-MT002-Gubin-F0866002-ang-E0006.059.1974                  1 6.00000E+01 8.00000E+01
p-Mg024-MT002-Gubin-F0866002-ang-E0006.066.1974                  1 6.00000E+01 1.20000E+02
p-Mg024-MT002-Gubin-F0866002-ang-E0006.067.1974                  1 1.10000E+02 1.20000E+02
p-Mg024-MT002-Gubin-F0866002-ang-E0006.071.1974                  1 7.00000E+01 1.10000E+02
p-Mg024-MT002-Gubin-F0866002-ang-E0006.072.1974                  4 7.00000E+01 1.60000E+02
p-Mg024-MT002-Gubin-F0866002-ang-E0006.076.1974                  1 8.00000E+01 1.00000E+02
p-Mg024-MT002-Gubin-F0866002-ang-E0006.078.1974                  1 8.00000E+01 1.30000E+02
p-Mg024-MT002-Gubin-F0866002-ang-E0006.082.1974                  2 6.00000E+01 1.41000E+02
p-Mg024-MT002-Gubin-F0866002-ang-E0006.095.1974                  1 6.00000E+01 8.00000E+01
p-Mg024-MT002-Gubin-F0866002-ang-E0006.098.1974                  1 8.00000E+01 9.10000E+01
p-Mg024-MT002-Gubin-F0866002-ang-E0006.099.1974                  2 9.10000E+01 1.20000E+02
p-Mg024-MT002-Gubin-F0866002-ang-E0006.104.1974                  2 1.10000E+02 1.60000E+02
p-Mg024-MT002-Gubin-F0866002-ang-E0006.107.1974                  1 1.00000E+02 1.49000E+02
p-Mg024-MT002-Gubin-F0866002-ang-E0006.108.1974                  1 7.00000E+01 1.00000E+02
p-Mg024-MT002-Gubin-F0866002-ang-E0006.114.1974                  1 7.00000E+01 1.30000E+02
p-Mg024-MT002-Gubin-F0866002-ang-E0006.116.1974                  1 1.30000E+02 1.41000E+02
p-Mg024-MT002-Gubin-F0866002-ang-E0006.117.1974                  1 9.10000E+01 1.41000E+02
p-Mg024-MT002-Gubin-F0866002-ang-E0006.122.1974                  1 9.10000E+01 1.10000E+02
p-Mg024-MT002-Gubin-F0866002-ang-E0006.128.1974                  2 8.00000E+01 1.20000E+02
p-Mg024-MT002-Gubin-F0866002-ang-E0006.129.1974                  1 8.00000E+01 1.00000E+02
p-Mg024-MT002-Gubin-F0866002-ang-E0006.137.1974                  1 1.00000E+02 1.49000E+02
p-Mg024-MT002-Gubin-F0866002-ang-E0006.138.1974                  2 6.00000E+01 1.60000E+02
p-Mg024-MT002-Gubin-F0866002-ang-E0006.139.1974                  1 6.00000E+01 9.10000E+01
p-Mg024-MT002-Gubin-F0866002-ang-E0006.149.1974                  1 9.10000E+01 1.30000E+02
p-Mg024-MT002-Gubin-F0866002-ang-E0006.151.1974                  1 1.30000E+02 1.41000E+02
p-Mg024-MT002-Gubin-F0866002-ang-E0006.154.1974                  1 7.00000E+01 1.41000E+02
p-Mg024-MT002-Gubin-F0866002-ang-E0006.155.1974                  1 7.00000E+01 1.20000E+02
p-Mg024-MT002-Gubin-F0866002-ang-E0006.159.1974                  1 1.10000E+02 1.20000E+02
p-Mg024-MT002-Gubin-F0866002-ang-E0006.160.1974                  1 1.00000E+02 1.10000E+02
p-Mg024-MT002-Gubin-F0866002-ang-E0006.170.1974                  1 8.00000E+01 1.00000E+02
p-Mg024-MT002-Gubin-F0866002-ang-E0006.173.1974                  1 8.00000E+01 1.60000E+02
p-Mg024-MT002-Gubin-F0866002-ang-E0006.174.1974                  1 6.00000E+01 1.60000E+02
p-Mg024-MT002-Gubin-F0866002-ang-E0006.175.1974                  1 6.00000E+01 1.49000E+02
p-Mg024-MT002-Gubin-F0866002-ang-E0006.176.1974                  1 9.10000E+01 1.49000E+02
p-Mg024-MT002-Gubin-F0866002-ang-E0006.185.1974                  1 7.00000E+01 9.10000E+01
p-Mg024-MT002-Gubin-F0866002-ang-E0006.192.1974                  2 7.00000E+01 1.30000E+02
p-Mg024-MT002-Gubin-F0866002-ang-E0006.193.1974                  1 1.30000E+02 1.41000E+02
p-Mg024-MT002-Gubin-F0866002-ang-E0006.194.1974                  1 1.00000E+02 1.41000E+02
p-Mg024-MT002-Gubin-F0866002-ang-E0006.201.1974                  1 8.00000E+01 1.00000E+02
p-Mg024-MT002-Gubin-F0866002-ang-E0006.202.1974                  2 6.00000E+01 1.60000E+02
p-Mg024-MT002-Gubin-F0866002-ang-E0006.203.1974                  1 6.00000E+01 1.10000E+02
p-Mg024-MT002-Gubin-F0866002-ang-E0006.204.1974                  1 1.10000E+02 1.49000E+02
p-Mg024-MT002-Gubin-F0866002-ang-E0006.208.1974                  1 9.10000E+01 1.49000E+02
p-Mg024-MT002-Gubin-F0866002-ang-E0006.216.1974                  1 9.10000E+01 1.30000E+02
p-Mg024-MT002-Gubin-F0866002-ang-E0006.219.1974                  1 1.30000E+02 1.41000E+02
p-Mg024-MT002-Gubin-F0866002-ang-E0006.222.1974                  1 1.20000E+02 1.41000E+02
p-Mg024-MT002-Gubin-F0866002-ang-E0006.226.1974                  1 7.00000E+01 1.20000E+02
p-Mg024-MT002-Gubin-F0866002-ang-E0006.228.1974                  2 7.00000E+01 1.10000E+02
p-Mg024-MT002-Gubin-F0866002-ang-E0006.231.1974                  1 8.00000E+01 1.00000E+02
p-Mg024-MT002-Gubin-F0866002-ang-E0006.232.1974                  1 1.00000E+02 1.60000E+02
p-Mg024-MT002-Gubin-F0866002-ang-E0006.237.1974                  1 6.00000E+01 1.60000E+02
p-Mg024-MT002-Gubin-F0866002-ang-E0006.243.1974                  3 6.00000E+01 1.49000E+02
p-Mg024-MT002-Gubin-F0866002-ang-E0006.253.1974                  1 8.00000E+01 1.41000E+02
p-Mg024-MT002-Gubin-F0866002-ang-E0006.255.1974                  1 8.00000E+01 1.00000E+02
p-Mg024-MT002-Gubin-F0866002-ang-E0006.260.1974                  2 1.00000E+02 1.20000E+02
p-Mg024-MT002-Gubin-F0866002-ang-E0006.262.1974                  1 7.00000E+01 1.10000E+02
p-Mg024-MT002-Gubin-F0866002-ang-E0006.270.1974                  1 7.00000E+01 9.10000E+01
p-Mg024-MT002-Gubin-F0866002-ang-E0006.272.1974                  2 6.00000E+01 1.60000E+02
p-Mg024-MT002-Gubin-F0866002-ang-E0006.276.1974                  1 6.00000E+01 8.00000E+01
p-Mg024-MT002-Gubin-F0866002-ang-E0006.277.1974                  1 8.00000E+01 1.49000E+02
p-Mg024-MT002-Gubin-F0866002-ang-E0006.280.1974                  1 1.30000E+02 1.49000E+02
p-Mg024-MT002-Gubin-F0866002-ang-E0006.286.1974                  1 1.20000E+02 1.30000E+02
p-Mg024-MT002-Gubin-F0866002-ang-E0006.294.1974                  2 9.10000E+01 1.41000E+02
p-Mg024-MT002-Gubin-F0866002-ang-E0006.298.1974                  2 9.10000E+01 1.10000E+02
p-Mg024-MT002-Gubin-F0866002-ang-E0006.299.1974                  1 1.00000E+02 1.60000E+02
p-Mg024-MT002-Gubin-F0866002-ang-E0006.301.1974                  1 1.49000E+02 1.60000E+02
p-Mg024-MT002-Gubin-F0866002-ang-E0006.305.1974                  1 7.00000E+01 1.49000E+02
p-Mg024-MT002-Gubin-F0866002-ang-E0006.307.1974                  1 7.00000E+01 8.00000E+01
p-Mg024-MT002-Gubin-F0866002-ang-E0006.308.1974                  1 6.00000E+01 8.00000E+01
p-Mg024-MT002-Gubin-F0866002-ang-E0006.311.1974                  1 6.00000E+01 1.30000E+02
p-Mg024-MT002-Gubin-F0866002-ang-E0006.322.1974                  2 1.00000E+02 1.41000E+02
p-Mg024-MT002-Gubin-F0866002-ang-E0006.328.1974                  1 1.00000E+02 1.10000E+02
p-Mg024-MT002-Gubin-F0866002-ang-E0006.332.1974                  1 9.10000E+01 1.10000E+02
p-Mg024-MT002-Gubin-F0866002-ang-E0006.335.1974                  1 9.10000E+01 1.60000E+02
p-Mg024-MT002-Gubin-F0866002-ang-E0006.336.1974                  1 8.00000E+01 1.60000E+02
p-Mg024-MT002-Gubin-F0866002-ang-E0006.337.1974                  1 8.00000E+01 1.20000E+02
p-Mg024-MT002-Gubin-F0866002-ang-E0006.340.1974                  1 6.00000E+01 1.20000E+02
p-Mg024-MT002-Gubin-F0866002-ang-E0006.343.1974                  1 6.00000E+01 1.49000E+02
p-Mg024-MT002-Gubin-F0866002-ang-E0006.346.1974                  1 7.00000E+01 1.49000E+02
p-Mg024-MT002-Gubin-F0866002-ang-E0006.348.1974                  1 7.00000E+01 8.00000E+01
p-Mg024-MT002-Gubin-F0866002-ang-E0006.358.1974                  1 8.00000E+01 1.41000E+02
p-Mg024-MT002-Gubin-F0866002-ang-E0006.360.1974                  1 1.30000E+02 1.41000E+02
p-Mg024-MT002-Gubin-F0866002-ang-E0006.362.1974                  1 1.00000E+02 1.30000E+02
p-Mg024-MT002-Gubin-F0866002-ang-E0006.364.1974                  1 9.10000E+01 1.00000E+02
p-Mg024-MT002-Gubin-F0866002-ang-E0006.368.1974                  2 9.10000E+01 1.60000E+02
p-Mg024-MT002-Gubin-F0866002-ang-E0006.370.1974                  1 1.20000E+02 1.60000E+02
p-Mg024-MT002-Gubin-F0866002-ang-E0006.376.1974                  1 1.20000E+02 1.49000E+02
p-Mg024-MT002-Gubin-F0866002-ang-E0006.378.1974                  1 7.00000E+01 1.49000E+02
p-Mg024-MT002-Gubin-F0866002-ang-E0006.384.1974                  1 6.00000E+01 7.00000E+01
p-Mg024-MT002-Gubin-F0866002-ang-E0006.386.1974                  1 6.00000E+01 8.00000E+01
p-Mg024-MT002-Gubin-F0866002-ang-E0006.389.1974                  1 8.00000E+01 1.41000E+02
p-Mg024-MT002-Gubin-F0866002-ang-E0006.395.1974                  1 9.10000E+01 1.41000E+02
p-Mg024-MT002-Gubin-F0866002-ang-E0006.399.1974                  1 9.10000E+01 1.30000E+02
p-Mg024-MT002-Gubin-F0866002-ang-E0006.400.1974                  1 1.10000E+02 1.30000E+02
p-Mg024-MT002-Gubin-F0866002-ang-E0006.407.1974                  2 1.10000E+02 1.20000E+02
p-Mg024-MT002-Gustova-F1019003-ang-E0006.030.1968               30 3.53000E+01 1.63700E+02
p-Mg024-MT002-Hasell-C0623002-ang-E0020.000.1983               208 1.00000E+01 1.70000E+02
p-Mg024-MT002-Hasell-C0623003-ang-E0039.900.1983               105 1.00000E+01 1.70000E+02
p-Mg024-MT002-Hatanaka-E0796002-ang-E0080.000.1984              26 7.70001E+00 6.28000E+01
p-Mg024-MT002-Herman-O1090002-ang-E0009.100.1976                26 3.52000E+01 1.64000E+02
p-Mg024-MT002-Hicks-C1426002-ang-E0250.000.1988                 39 2.59993E+00 4.63000E+01
p-Mg024-MT002-Kato-E0926012-ang-E0065.000.1985                  16 1.50000E+01 9.00000E+01
p-Mg024-MT002-Lazarev-F0762002-ang-E0005.764.1992               49 9.00000E+01 9.00000E+01
p-Mg024-MT002-Oda-E2218004-ang-E0007.740.1960                   24 1.55000E+01 1.65700E+02
p-Mg024-MT002-Oda-E2218004-ang-E0011.000.1960                   22 2.02000E+01 1.65500E+02
p-Mg024-MT002-Oda-E2218004-ang-E0014.100.1960                   23 2.02000E+01 1.65500E+02
p-Mg024-MT002-Prior-C0075002-ang-E0003.993.1991               1462 3.50000E+01 1.65000E+02
p-Mg024-MT002-Romanovskij-F0578002-ang-E0005.644.1984            1 1.10000E+02 1.50000E+02
p-Mg024-MT002-Romanovskij-F0578002-ang-E0005.649.1984            1 1.10000E+02 1.29600E+02
p-Mg024-MT002-Romanovskij-F0578002-ang-E0005.656.1984            1 1.10000E+02 1.29600E+02
p-Mg024-MT002-Romanovskij-F0578002-ang-E0005.674.1984            1 1.10000E+02 1.50000E+02
p-Mg024-MT002-Romanovskij-F0578002-ang-E0005.677.1984            1 1.50000E+02 1.60000E+02
p-Mg024-MT002-Romanovskij-F0578002-ang-E0005.687.1984            1 1.29600E+02 1.60000E+02
p-Mg024-MT002-Romanovskij-F0578002-ang-E0005.693.1984            1 1.10000E+02 1.29600E+02
p-Mg024-MT002-Romanovskij-F0578002-ang-E0005.700.1984            1 1.10000E+02 1.50000E+02
p-Mg024-MT002-Romanovskij-F0578002-ang-E0005.708.1984            1 1.50000E+02 1.60000E+02
p-Mg024-MT002-Romanovskij-F0578002-ang-E0005.714.1984            1 1.29600E+02 1.60000E+02
p-Mg024-MT002-Romanovskij-F0578002-ang-E0005.721.1984            1 1.10000E+02 1.29600E+02
p-Mg024-MT002-Romanovskij-F0578002-ang-E0005.727.1984            1 1.10000E+02 1.50000E+02
p-Mg024-MT002-Romanovskij-F0578002-ang-E0005.735.1984            1 1.50000E+02 1.60000E+02
p-Mg024-MT002-Romanovskij-F0578002-ang-E0005.739.1984            1 1.29600E+02 1.60000E+02
p-Mg024-MT002-Romanovskij-F0578002-ang-E0005.749.1984            1 1.10000E+02 1.29600E+02
p-Mg024-MT002-Romanovskij-F0578002-ang-E0005.753.1984            1 9.00000E+01 1.10000E+02
p-Mg024-MT002-Romanovskij-F0578002-ang-E0005.755.1984            1 9.00000E+01 1.50000E+02
p-Mg024-MT002-Romanovskij-F0578002-ang-E0005.760.1984            1 1.50000E+02 1.60000E+02
p-Mg024-MT002-Romanovskij-F0578002-ang-E0005.768.1984            1 1.29600E+02 1.60000E+02
p-Mg024-MT002-Romanovskij-F0578002-ang-E0005.774.1984            1 1.10000E+02 1.29600E+02
p-Mg024-MT002-Romanovskij-F0578002-ang-E0005.782.1984            1 1.10000E+02 1.50000E+02
p-Mg024-MT002-Romanovskij-F0578002-ang-E0005.786.1984            1 9.00000E+01 1.50000E+02
p-Mg024-MT002-Romanovskij-F0578002-ang-E0005.791.1984            1 9.00000E+01 1.60000E+02
p-Mg024-MT002-Romanovskij-F0578002-ang-E0005.797.1984            1 1.29600E+02 1.60000E+02
p-Mg024-MT002-Romanovskij-F0578002-ang-E0005.804.1984            1 9.00000E+01 1.29600E+02
p-Mg024-MT002-Romanovskij-F0578002-ang-E0005.809.1984            1 9.00000E+01 1.50000E+02
p-Mg024-MT002-Romanovskij-F0578002-ang-E0005.819.1984            1 1.10000E+02 1.50000E+02
p-Mg024-MT002-Romanovskij-F0578002-ang-E0005.821.1984            1 1.10000E+02 1.60000E+02
p-Mg024-MT002-Romanovskij-F0578002-ang-E0005.827.1984            1 9.00000E+01 1.60000E+02
p-Mg024-MT002-Romanovskij-F0578002-ang-E0005.838.1984            1 9.00000E+01 1.29600E+02
p-Mg024-MT002-Romanovskij-F0578002-ang-E0005.838A001.1984        1 1.29600E+02 1.50000E+02
p-Mg024-MT002-Romanovskij-F0578002-ang-E0005.848.1984            1 1.50000E+02 1.60000E+02
p-Mg024-MT002-Romanovskij-F0578002-ang-E0005.853.1984            1 9.00000E+01 1.60000E+02
p-Mg024-MT002-Romanovskij-F0578002-ang-E0005.858.1984            1 9.00000E+01 1.29600E+02
p-Mg024-MT002-Romanovskij-F0578002-ang-E0005.869.1984            1 1.10000E+02 1.29600E+02
p-Mg024-MT002-Romanovskij-F0578002-ang-E0005.874.1984            1 1.10000E+02 1.50000E+02
p-Mg024-MT002-Romanovskij-F0578002-ang-E0005.876.1984            1 9.00000E+01 1.50000E+02
p-Mg024-MT002-Romanovskij-F0578002-ang-E0005.879.1984            1 9.00000E+01 1.60000E+02
p-Mg024-MT002-Romanovskij-F0578002-ang-E0005.880.1984            1 1.29600E+02 1.60000E+02
p-Mg024-MT002-Romanovskij-F0578002-ang-E0005.894.1984            1 1.10000E+02 1.29600E+02
p-Mg024-MT002-Romanovskij-F0578002-ang-E0005.899.1984            1 1.10000E+02 1.50000E+02
p-Mg024-MT002-Romanovskij-F0578002-ang-E0005.906.1984            1 1.50000E+02 1.60000E+02
p-Mg024-MT002-Romanovskij-F0578002-ang-E0005.913.1984            1 9.00000E+01 1.60000E+02
p-Mg024-MT002-Romanovskij-F0578002-ang-E0005.914.1984            1 9.00000E+01 1.29600E+02
p-Mg024-MT002-Romanovskij-F0578002-ang-E0005.924.1984            1 1.10000E+02 1.29600E+02
p-Mg024-MT002-Romanovskij-F0578002-ang-E0005.924A001.1984        1 1.10000E+02 1.50000E+02
p-Mg024-MT002-Romanovskij-F0578002-ang-E0005.936.1984            1 1.50000E+02 1.60000E+02
p-Mg024-MT002-Romanovskij-F0578002-ang-E0005.937.1984            1 9.00000E+01 1.60000E+02
p-Mg024-MT002-Romanovskij-F0578002-ang-E0005.939.1984            1 9.00000E+01 1.10000E+02
p-Mg024-MT002-Romanovskij-F0578002-ang-E0005.955.1984            1 9.00000E+01 1.10000E+02
p-Mg024-MT002-Romanovskij-F0578002-ang-E0005.959.1984            1 9.00000E+01 1.29600E+02
p-Mg024-MT002-Romanovskij-F0578002-ang-E0005.962.1984            1 1.29600E+02 1.50000E+02
p-Mg024-MT002-Romanovskij-F0578002-ang-E0005.964.1984            1 1.50000E+02 1.60000E+02
p-Mg024-MT002-Romanovskij-F0578002-ang-E0005.964A001.1984        1 1.29600E+02 1.60000E+02
p-Mg024-MT002-Romanovskij-F0578002-ang-E0005.982.1984            1 1.10000E+02 1.29600E+02
p-Mg024-MT002-Romanovskij-F0578002-ang-E0005.983.1984            1 9.00000E+01 1.10000E+02
p-Mg024-MT002-Romanovskij-F0578002-ang-E0005.988.1984            1 9.00000E+01 1.50000E+02
p-Mg024-MT002-Romanovskij-F0578002-ang-E0005.990.1984            1 1.50000E+02 1.60000E+02
p-Mg024-MT002-Romanovskij-F0578002-ang-E0005.997.1984            1 1.29600E+02 1.60000E+02
p-Mg024-MT002-Romanovskij-F0578002-ang-E0006.010.1984            1 1.10000E+02 1.29600E+02
p-Mg024-MT002-Romanovskij-F0578002-ang-E0006.012.1984            1 9.00000E+01 1.10000E+02
p-Mg024-MT002-Romanovskij-F0578002-ang-E0006.013.1984            1 9.00000E+01 1.50000E+02
p-Mg024-MT002-Romanovskij-F0578002-ang-E0006.020.1984            1 1.50000E+02 1.60000E+02
p-Mg024-MT002-Romanovskij-F0578002-ang-E0006.025.1984            1 9.00000E+01 1.60000E+02
p-Mg024-MT002-Romanovskij-F0578002-ang-E0006.033.1984            1 9.00000E+01 1.10000E+02
p-Mg024-MT002-Romanovskij-F0578002-ang-E0006.040.1984            1 1.10000E+02 1.60000E+02
p-Mg024-MT002-Romanovskij-F0578002-ang-E0006.048.1984            1 1.29600E+02 1.60000E+02
p-Mg024-MT002-Romanovskij-F0578002-ang-E0006.048A001.1984        1 9.00000E+01 1.29600E+02
p-Mg024-MT002-Romanovskij-F0578002-ang-E0006.055.1984            1 9.00000E+01 1.50000E+02
p-Mg024-MT002-Romanovskij-F0578002-ang-E0006.057.1984            1 1.10000E+02 1.50000E+02
p-Mg024-MT002-Romanovskij-F0578002-ang-E0006.067.1984            1 1.10000E+02 1.60000E+02
p-Mg024-MT002-Romanovskij-F0578002-ang-E0006.081.1984            1 1.29600E+02 1.60000E+02
p-Mg024-MT002-Romanovskij-F0578002-ang-E0006.082.1984            1 9.00000E+01 1.29600E+02
p-Mg024-MT002-Romanovskij-F0578002-ang-E0006.086.1984            1 9.00000E+01 1.50000E+02
p-Mg024-MT002-Romanovskij-F0578002-ang-E0006.088.1984            1 1.10000E+02 1.50000E+02
p-Mg024-MT002-Romanovskij-F0578002-ang-E0006.095.1984            1 1.10000E+02 1.60000E+02
p-Mg024-MT002-Romanovskij-F0578002-ang-E0006.106.1984            1 1.29600E+02 1.60000E+02
p-Mg024-MT002-Romanovskij-F0578002-ang-E0006.108.1984            1 9.00000E+01 1.29600E+02
p-Mg024-MT002-Romanovskij-F0578002-ang-E0006.110.1984            1 9.00000E+01 1.50000E+02
p-Mg024-MT002-Romanovskij-F0578002-ang-E0006.111.1984            1 1.10000E+02 1.50000E+02
p-Mg024-MT002-Romanovskij-F0578002-ang-E0006.125.1984            1 9.00000E+01 1.10000E+02
p-Mg024-MT002-Romanovskij-F0578002-ang-E0006.134.1984            1 9.00000E+01 1.60000E+02
p-Mg024-MT002-Romanovskij-F0578002-ang-E0006.136.1984            1 1.29600E+02 1.60000E+02
p-Mg024-MT002-Romanovskij-F0578002-ang-E0006.138.1984            1 1.29600E+02 1.50000E+02
p-Mg024-MT002-Romanovskij-F0578002-ang-E0006.145.1984            1 1.10000E+02 1.50000E+02
p-Mg024-MT002-Romanovskij-F0578002-ang-E0006.164.1984            1 9.00000E+01 1.10000E+02
p-Mg024-MT002-Romanovskij-F0578002-ang-E0006.165.1984            1 9.00000E+01 1.60000E+02
p-Mg024-MT002-Romanovskij-F0578002-ang-E0006.171.1984            1 1.29600E+02 1.60000E+02
p-Mg024-MT002-Romanovskij-F0578002-ang-E0006.173.1984            1 1.29600E+02 1.50000E+02
p-Mg024-MT002-Romanovskij-F0578002-ang-E0006.177.1984            1 9.00000E+01 1.50000E+02
p-Mg024-MT002-Romanovskij-F0578002-ang-E0006.198.1984            1 9.00000E+01 1.60000E+02
p-Mg024-MT002-Romanovskij-F0578002-ang-E0006.203.1984            1 1.10000E+02 1.60000E+02
p-Mg024-MT002-Romanovskij-F0578002-ang-E0006.204.1984            1 1.10000E+02 1.29600E+02
p-Mg024-MT002-Romanovskij-F0578002-ang-E0006.208.1984            1 1.29600E+02 1.50000E+02
p-Mg024-MT002-Romanovskij-F0578002-ang-E0006.215.1984            1 9.00000E+01 1.50000E+02
p-Mg024-MT002-Romanovskij-F0578002-ang-E0006.226.1984            1 9.00000E+01 1.10000E+02
p-Mg024-MT002-Romanovskij-F0578002-ang-E0006.231.1984            1 1.10000E+02 1.29600E+02
p-Mg024-MT002-Romanovskij-F0578002-ang-E0006.239.1984            1 1.29600E+02 1.60000E+02
p-Mg024-MT002-Romanovskij-F0578002-ang-E0006.244.1984            1 9.00000E+01 1.60000E+02
p-Mg024-MT002-Romanovskij-F0578002-ang-E0006.255.1984            1 9.00000E+01 1.10000E+02
p-Mg024-MT002-Romanovskij-F0578002-ang-E0006.264.1984            1 1.10000E+02 1.29600E+02
p-Mg024-MT002-Romanovskij-F0578002-ang-E0006.274.1984            1 9.00000E+01 1.29600E+02
p-Mg024-MT002-Romanovskij-F0578002-ang-E0006.275.1984            1 9.00000E+01 1.50000E+02
p-Mg024-MT002-Romanovskij-F0578002-ang-E0006.502.1984            1 1.10000E+02 1.50000E+02
p-Mg024-MT002-Romanovskij-F0578002-ang-E0006.509.1984            1 1.10000E+02 1.60000E+02
p-Mg024-MT002-Romanovskij-F0578002-ang-E0006.514.1984            1 1.29600E+02 1.60000E+02
p-Mg024-MT002-Romanovskij-F0578002-ang-E0006.526.1984            1 1.29600E+02 1.50000E+02
p-Mg024-MT002-Romanovskij-F0578002-ang-E0006.532.1984            1 1.10000E+02 1.50000E+02
p-Mg024-MT002-Romanovskij-F0578002-ang-E0006.533.1984            1 1.10000E+02 1.60000E+02
p-Mg024-MT002-Romanovskij-F0578002-ang-E0006.546.1984            1 1.29600E+02 1.60000E+02
p-Mg024-MT002-Romanovskij-F0578002-ang-E0006.557.1984            1 1.29600E+02 1.50000E+02
p-Mg024-MT002-Romanovskij-F0578002-ang-E0006.565.1984            1 1.10000E+02 1.50000E+02
p-Mg024-MT002-Romanovskij-F0578002-ang-E0006.571.1984            1 1.10000E+02 1.60000E+02
p-Mg024-MT002-Romanovskij-F0578002-ang-E0006.575.1984            1 1.29600E+02 1.60000E+02
p-Mg024-MT002-Romanovskij-F0578002-ang-E0006.595.1984            1 9.00000E+01 1.29600E+02
p-Mg024-MT002-Romanovskij-F0578002-ang-E0006.597.1984            1 9.00000E+01 1.50000E+02
p-Mg024-MT002-Romanovskij-F0578002-ang-E0006.599.1984            1 1.50000E+02 1.60000E+02
p-Mg024-MT002-Romanovskij-F0578002-ang-E0006.601.1984            1 1.10000E+02 1.60000E+02
p-Mg024-MT002-Romanovskij-F0578002-ang-E0006.606.1984            1 9.00000E+01 1.10000E+02
p-Mg024-MT002-Romanovskij-F0578002-ang-E0006.620.1984            1 9.00000E+01 1.29600E+02
p-Mg024-MT002-Romanovskij-F0578002-ang-E0006.628.1984            1 1.29600E+02 1.50000E+02
p-Mg024-MT002-Romanovskij-F0578002-ang-E0006.632.1984            1 1.10000E+02 1.50000E+02
p-Mg024-MT002-Romanovskij-F0578002-ang-E0006.641.1984            1 1.10000E+02 1.60000E+02
p-Mg024-MT002-Romanovskij-F0578002-ang-E0006.643.1984            1 9.00000E+01 1.60000E+02
p-Mg024-MT002-Romanovskij-F0578002-ang-E0006.648.1984            1 9.00000E+01 1.29600E+02
p-Mg024-MT002-Romanovskij-F0578002-ang-E0006.669.1984            1 1.29600E+02 1.50000E+02
p-Mg024-MT002-Romanovskij-F0578002-ang-E0006.670.1984            1 1.10000E+02 1.50000E+02
p-Mg024-MT002-Romanovskij-F0578002-ang-E0006.673.1984            1 9.00000E+01 1.10000E+02
p-Mg024-MT002-Romanovskij-F0578002-ang-E0006.678.1984            1 9.00000E+01 1.60000E+02
p-Mg024-MT002-Romanovskij-F0578002-ang-E0006.678A001.1984        1 9.00000E+01 1.60000E+02
p-Mg024-MT002-Romanovskij-F0578002-ang-E0006.707.1984            1 9.00000E+01 1.29600E+02
p-Mg024-MT002-Romanovskij-F0578002-ang-E0006.710.1984            1 1.29600E+02 1.50000E+02
p-Mg024-MT002-Romanovskij-F0578002-ang-E0006.711.1984            1 1.10000E+02 1.50000E+02
p-Mg024-MT002-Romanovskij-F0578002-ang-E0006.717.1984            1 1.10000E+02 1.60000E+02
p-Mg024-MT002-Romanovskij-F0578002-ang-E0006.718.1984            1 9.00000E+01 1.60000E+02
p-Mg024-MT002-Romanovskij-F0578002-ang-E0006.734.1984            1 9.00000E+01 1.50000E+02
p-Mg024-MT002-Romanovskij-F0578002-ang-E0006.741.1984            1 1.10000E+02 1.50000E+02
p-Mg024-MT002-Romanovskij-F0578002-ang-E0006.743.1984            1 1.10000E+02 1.60000E+02
p-Mg024-MT002-Romanovskij-F0578002-ang-E0006.747.1984            1 1.29600E+02 1.60000E+02
p-Mg024-MT002-Romanovskij-F0578002-ang-E0006.748.1984            1 9.00000E+01 1.29600E+02
p-Mg024-MT002-Romanovskij-F0578002-ang-E0006.762.1984            1 9.00000E+01 1.10000E+02
p-Mg024-MT002-Romanovskij-F0578002-ang-E0006.775.1984            1 1.10000E+02 1.29600E+02
p-Mg024-MT002-Romanovskij-F0578002-ang-E0006.781.1984            1 1.29600E+02 1.50000E+02
p-Mg024-MT002-Romanovskij-F0578002-ang-E0006.783.1984            1 1.50000E+02 1.60000E+02
p-Mg024-MT002-Romanovskij-F0578002-ang-E0006.789.1984            1 9.00000E+01 1.60000E+02
p-Mg024-MT002-Romanovskij-F0578002-ang-E0006.792.1984            1 9.00000E+01 1.10000E+02
p-Mg024-MT002-Romanovskij-F0578002-ang-E0006.810.1984            1 1.10000E+02 1.29600E+02
p-Mg024-MT002-Romanovskij-F0578002-ang-E0006.815.1984            1 1.29600E+02 1.50000E+02
p-Mg024-MT002-Romanovskij-F0578002-ang-E0006.819.1984            1 1.50000E+02 1.60000E+02
p-Mg024-MT002-Romanovskij-F0578002-ang-E0006.821.1984            1 9.00000E+01 1.60000E+02
p-Mg024-MT002-Romanovskij-F0578002-ang-E0006.822.1984            1 9.00000E+01 1.10000E+02
p-Mg024-MT002-Romanovskij-F0578002-ang-E0006.842.1984            1 9.00000E+01 1.10000E+02
p-Mg024-MT002-Romanovskij-F0578002-ang-E0006.847.1984            1 9.00000E+01 1.29600E+02
p-Mg024-MT002-Romanovskij-F0578002-ang-E0006.853.1984            1 1.29600E+02 1.60000E+02
p-Mg024-MT002-Romanovskij-F0578002-ang-E0006.853A001.1984        1 1.50000E+02 1.60000E+02
p-Mg024-MT002-Romanovskij-F0578002-ang-E0006.859.1984            1 1.10000E+02 1.50000E+02
p-Mg024-MT002-Romanovskij-F0578002-ang-E0006.875.1984            1 9.00000E+01 1.10000E+02
p-Mg024-MT002-Romanovskij-F0578002-ang-E0006.879.1984            1 9.00000E+01 1.50000E+02
p-Mg024-MT002-Romanovskij-F0578002-ang-E0006.891.1984            1 1.50000E+02 1.60000E+02
p-Mg024-MT002-Romanovskij-F0578002-ang-E0006.892.1984            1 1.29600E+02 1.60000E+02
p-Mg024-MT002-Romanovskij-F0578002-ang-E0006.893.1984            1 1.10000E+02 1.29600E+02
p-Mg024-MT002-Romanovskij-F0578002-ang-E0006.905.1984            1 9.00000E+01 1.10000E+02
p-Mg024-MT002-Romanovskij-F0578002-ang-E0006.919.1984            1 9.00000E+01 1.60000E+02
p-Mg024-MT002-Romanovskij-F0578002-ang-E0006.928.1984            1 1.50000E+02 1.60000E+02
p-Mg024-MT002-Romanovskij-F0578002-ang-E0006.931.1984            1 1.10000E+02 1.50000E+02
p-Mg024-MT002-Romanovskij-F0578002-ang-E0006.936.1984            1 9.00000E+01 1.10000E+02
p-Mg024-MT002-Romanovskij-F0578002-ang-E0006.941.1984            1 9.00000E+01 9.00000E+01
p-Mg024-MT002-Romanovskij-F0578003-ang-E0004.186.1984            1 1.10000E+02 1.50000E+02
p-Mg024-MT002-Romanovskij-F0578003-ang-E0004.197.1984            1 1.30000E+02 1.50000E+02
p-Mg024-MT002-Romanovskij-F0578003-ang-E0004.201.1984            1 1.10000E+02 1.30000E+02
p-Mg024-MT002-Romanovskij-F0578003-ang-E0004.214.1984            1 1.10000E+02 1.30000E+02
p-Mg024-MT002-Romanovskij-F0578003-ang-E0004.229.1984            2 1.10000E+02 1.50000E+02
p-Mg024-MT002-Romanovskij-F0578003-ang-E0004.241.1984            1 1.10000E+02 1.30000E+02
p-Mg024-MT002-Romanovskij-F0578003-ang-E0004.252.1984            1 1.30000E+02 1.50000E+02
p-Mg024-MT002-Romanovskij-F0578003-ang-E0004.260.1984            1 1.10000E+02 1.50000E+02
p-Mg024-MT002-Romanovskij-F0578003-ang-E0004.269.1984            1 1.10000E+02 1.30000E+02
p-Mg024-MT002-Romanovskij-F0578003-ang-E0004.283.1984            1 1.10000E+02 1.30000E+02
p-Mg024-MT002-Romanovskij-F0578003-ang-E0004.287.1984            1 1.10000E+02 1.50000E+02
p-Mg024-MT002-Romanovskij-F0578003-ang-E0004.291.1984            1 1.30000E+02 1.50000E+02
p-Mg024-MT002-Romanovskij-F0578003-ang-E0004.312.1984            1 1.10000E+02 1.30000E+02
p-Mg024-MT002-Romanovskij-F0578003-ang-E0004.315.1984            2 9.00000E+01 1.50000E+02
p-Mg024-MT002-Romanovskij-F0578003-ang-E0004.336.1984            1 9.00000E+01 1.10000E+02
p-Mg024-MT002-Romanovskij-F0578003-ang-E0004.338.1984            2 1.10000E+02 1.50000E+02
p-Mg024-MT002-Romanovskij-F0578003-ang-E0004.340.1984            1 9.00000E+01 1.50000E+02
p-Mg024-MT002-Romanovskij-F0578003-ang-E0004.350.1984            1 9.00000E+01 1.10000E+02
p-Mg024-MT002-Romanovskij-F0578003-ang-E0004.361.1984            1 9.00000E+01 1.10000E+02
p-Mg024-MT002-Romanovskij-F0578003-ang-E0004.363.1984            1 9.00000E+01 1.30000E+02
p-Mg024-MT002-Romanovskij-F0578003-ang-E0004.365.1984            2 9.00000E+01 1.50000E+02
p-Mg024-MT002-Romanovskij-F0578003-ang-E0004.378.1984            1 9.00000E+01 1.10000E+02
p-Mg024-MT002-Romanovskij-F0578003-ang-E0004.388.1984            1 1.10000E+02 1.30000E+02
p-Mg024-MT002-Romanovskij-F0578003-ang-E0004.390.1984            1 9.00000E+01 1.30000E+02
p-Mg024-MT002-Romanovskij-F0578003-ang-E0004.397.1984            1 9.00000E+01 1.10000E+02
p-Mg024-MT002-Romanovskij-F0578003-ang-E0004.413.1984            1 9.00000E+01 1.10000E+02
p-Mg024-MT002-Romanovskij-F0578003-ang-E0004.415.1984            1 9.00000E+01 1.50000E+02
p-Mg024-MT002-Roy-C1332002-ang-E0015.000.1983                   17 1.54000E+01 6.45000E+01
p-Mg024-MT002-Roy-C1332002-ang-E0017.000.1983                   20 1.49000E+01 6.60000E+01
p-Mg024-MT002-Roy-C1332002-ang-E0019.000.1983                   33 1.49000E+01 1.45600E+02
p-Mg024-MT002-Roy-C1332002-ang-E0021.000.1983                   22 1.55000E+01 9.15000E+01
p-Mg024-MT002-Roy-C1332002-ang-E0023.000.1983                   31 1.57000E+01 1.45600E+02
p-Mg024-MT002-Roy-C1332002-ang-E0025.000.1983                   22 1.58000E+01 9.10000E+01
p-Mg024-MT002-Roy-C1332002-ang-E0027.000.1983                   31 1.60000E+01 1.35300E+02
p-Mg024-MT002-Rush-D0294002-ang-E0049.500.1967                  45 1.00000E+01 1.46100E+02
p-Mg024-MT002-Sakaguchi-E0166006-ang-E0065.000.1979             27 1.35000E+01 1.22600E+02
p-Mg024-MT002-Sakaguchi-O0032053S-ang-E0065.000.1983            27 1.35000E+01 1.22600E+02
p-Mg024-MT002-Schwandt-T0108003-ang-E0134.700.1982              17 7.49999E+00 5.53000E+01
p-Mg024-MT002-Teitelman-C2056002-ang-E0005.624.1969            349 8.80000E+01 8.80000E+01
p-Mg024-MT002-Valter-D5125002-ang-E0001.531.1963                27 8.76000E+01 8.76000E+01
p-Mg024-MT002-Valter-D5125003-ang-E0002.715.1963                95 8.76000E+01 8.76000E+01
p-Mg024-MT002-Valter-D5125004-ang-E0002.717.1963                91 1.23000E+02 1.23000E+02
p-Mg024-MT002-Valter-D5125005-ang-E0002.719.1963               106 1.39400E+02 1.39400E+02
p-Mg024-MT002-Wang-O1030003-ang-E0001.509.1972                   1 1.29900E+02 1.50000E+02
p-Mg024-MT002-Wang-O1030003-ang-E0001.510.1972                   1 1.29900E+02 1.50000E+02
p-Mg024-MT002-Wang-O1030003-ang-E0001.531.1972                   1 1.29900E+02 1.50000E+02
p-Mg024-MT002-Wang-O1030003-ang-E0001.536.1972                   1 1.50000E+02 1.50000E+02
p-Mg024-MT002-Wang-O1030004-ang-E0002.600.1972                  12 4.93000E+01 1.59600E+02
p-Mg024-MT002-Wang-O1030004-ang-E0002.800.1972                  14 5.06000E+01 1.58500E+02
p-Mg024-MT002-Wang-O1030004-ang-E0003.000.1972                  10 5.83000E+01 1.50500E+02
