#              Filename                                         N    min         max
n-Ba135-MT151-Alves-206880131.1969                              20 2.40000E-05 1.27700E-03
n-Ba135-MT151-Alves-206880132.1969                              20 2.40000E-05 1.27700E-03
n-Ba135-MT151-Alves-206880133.1969                              20 2.40000E-05 1.27700E-03
n-Ba135-MT151-Alves-206880134.1969                              17 2.40000E-05 9.40000E-04
n-Ba135-MT151-Alves-206880135.1969                              10 2.40000E-05 8.80000E-04
n-Ba135-MT151-Alves-20688015.1969                                1 6.75000E-04 6.75000E-04
n-Ba135-MT151-Becvar-41273002.1969                               1 2.45000E-05 2.45000E-05
n-Ba135-MT151-Becvar-412730041.1965                              1 2.45000E-05 2.45000E-05
n-Ba135-MT151-Becvar-412730042.1965                              1 2.45000E-05 2.45000E-05
n-Ba135-MT151-Becvar-41273005.1965                               7 2.45000E-05 3.24000E-04
n-Ba135-MT151-Berman-10313006.1973                              20 2.44000E-05 2.25600E-03
n-Ba135-MT151-Berman-10313006A001.1973                          20 2.44000E-05 2.25600E-03
n-Ba135-MT151-Bollinger-12043002.1964                            7 2.45000E-05 3.18000E-04
n-Ba135-MT151-Chrien-106430021.1974                             10 2.44000E-05 4.63400E-04
n-Ba135-MT151-Chrien-106430021A001.1974                         10 2.44000E-05 4.63400E-04
n-Ba135-MT151-KIMHISANNN-40815004.1965                           4 2.43000E-05 2.86000E-04
n-Ba135-MT151-KIMHISANNN-40815005.1965                           4 2.43000E-05 2.86000E-04
n-Ba135-MT151-KIMHISANNN-40815006.1965                           4 2.43000E-05 2.86000E-04
n-Ba135-MT151-Mizumoto-221260021.1988                           68 4.04500E-04 4.62000E-03
n-Ba135-MT151-Mizumoto-22126005.1988                             1 2.50000E-03 2.50000E-03
n-Ba135-MT151-Pilcher-120410031.1956                            10 8.20000E-05 5.16000E-04
n-Ba135-MT151-Pilcher-120410033.1956                             1 8.20000E-05 8.20000E-05
n-Ba135-MT151-Stolovy-118660071.1957                             4 2.45000E-05 1.06000E-04
n-Ba135-MT151-Stolovy-118660072.1957                             1 2.45000E-05 2.45000E-05
n-Ba135-MT151-Stolovy-118660073.1957                             1 2.45000E-05 2.45000E-05
n-Ba135-MT151-Stolovy-118660074.1957                             1 2.45000E-05 2.45000E-05
n-Ba135-MT151-Vandevyver-20469007.1971                           2 2.44000E-05 8.64000E-05
n-Ba135-MT151-Vandevyver-204690081.1971                         29 2.44000E-05 2.00000E-03
n-Ba135-MT151-Vandevyver-204690082.1971                         25 2.44000E-05 1.40500E-03
n-Ba135-MT151-Vandevyver-20469010.1971                           1 1.00200E-03 1.00200E-03
n-Ba135-MT151-Wetzel-10080003.1970                               3 2.44000E-05 8.80000E-05
n-Ba135-MT151-Wetzel-10080003A001.1970                           3 2.44000E-05 8.80000E-05
