#              Filename                                         N    min         max
a-Zr090-MT002-Duysebaev-F0561004-ang-E0040.000.2003             46 1.22000E+01 6.82000E+01
a-Zr090-MT002-Duysebaev-F05610082-ang-E0050.100.2003            67 1.57000E+01 7.48000E+01
a-Zr090-MT002-Hauser-D0216018-ang-E0104.000.1969                76 4.69999E+00 4.98000E+01
a-Zr090-MT002-Put-D0249005-ang-E0025.861.1977                    1 7.54000E+01 1.39600E+02
a-Zr090-MT002-Put-D0249005-ang-E0028.088.1977                    1 7.54000E+01 1.39600E+02
a-Zr090-MT002-Put-D0249005-ang-E0028.130.1977                    1 7.54000E+01 1.76000E+02
a-Zr090-MT002-Put-D0249005-ang-E0028.188.1977                    1 7.54000E+01 1.76000E+02
a-Zr090-MT002-Put-D0249005-ang-E0029.950.1977                    1 7.54000E+01 1.76000E+02
a-Zr090-MT002-Put-D0249005-ang-E0030.247.1977                    1 1.39600E+02 1.76000E+02
a-Zr090-MT002-Put-D0249005-ang-E0030.272.1977                    1 7.54000E+01 1.39600E+02
a-Zr090-MT002-Put-D0249005-ang-E0031.039.1977                    1 7.54000E+01 1.39600E+02
a-Zr090-MT002-Put-D0249005-ang-E0031.104.1977                    1 1.39600E+02 1.76000E+02
a-Zr090-MT002-Put-D0249005-ang-E0031.162.1977                    1 7.54000E+01 1.76000E+02
a-Zr090-MT002-Put-D0249005-ang-E0032.096.1977                    1 7.54000E+01 1.76000E+02
a-Zr090-MT002-Put-D0249005-ang-E0032.181.1977                    1 1.39600E+02 1.76000E+02
a-Zr090-MT002-Put-D0249005-ang-E0032.256.1977                    1 1.39600E+02 1.39600E+02
a-Zr090-MT002-Put-D0249006-ang-E0040.000.1977                  163 8.09999E+00 1.75000E+02
a-Zr090-MT002-Put-D0249006-ang-E0059.100.1977                  108 4.90001E+00 1.41900E+02
a-Zr090-MT002-Put-D0249006-ang-E0079.500.1977                  113 4.50002E+00 1.59900E+02
a-Zr090-MT002-Put-D0249006-ang-E0099.500.1977                  110 4.50002E+00 1.64000E+02
a-Zr090-MT002-Put-D0249006-ang-E0118.000.1977                   93 5.90000E+00 1.49100E+02
a-Zr090-MT002-Uchida-E1899019-ang-E0386.000.2004                59 2.69994E+00 2.49000E+01
