#              Filename                                         N    min         max
d-Be009-MT002-Cowley-F0182002-ang-E0015.800.1966                42 4.99999E+00 1.53600E+02
d-Be009-MT002-DaiCaNguyennn-F0164002-ang-E0014.250.1966         22 1.94000E+01 8.07000E+01
d-Be009-MT002-Djaloeis-F0176002-ang-E0004.989.1971               1 4.50000E+01 1.15000E+02
d-Be009-MT002-Djaloeis-F0176002-ang-E0004.996.1971               2 4.50000E+01 1.50000E+02
d-Be009-MT002-Djaloeis-F0176002-ang-E0005.005.1971               1 4.50000E+01 8.00000E+01
d-Be009-MT002-Djaloeis-F0176002-ang-E0005.187.1971               1 4.50000E+01 1.50000E+02
d-Be009-MT002-Djaloeis-F0176002-ang-E0005.202.1971               1 1.15000E+02 1.50000E+02
d-Be009-MT002-Djaloeis-F0176002-ang-E0005.208.1971               1 8.00000E+01 1.15000E+02
d-Be009-MT002-Djaloeis-F0176002-ang-E0005.213.1971               1 4.50000E+01 8.00000E+01
d-Be009-MT002-Djaloeis-F0176002-ang-E0005.387.1971               1 4.50000E+01 1.50000E+02
d-Be009-MT002-Djaloeis-F0176002-ang-E0005.399.1971               1 1.15000E+02 1.50000E+02
d-Be009-MT002-Djaloeis-F0176002-ang-E0005.404.1971               1 8.00000E+01 1.15000E+02
d-Be009-MT002-Djaloeis-F0176002-ang-E0005.410.1971               1 8.00000E+01 1.50000E+02
d-Be009-MT002-Djaloeis-F0176002-ang-E0005.592.1971               1 4.50000E+01 1.50000E+02
d-Be009-MT002-Djaloeis-F0176002-ang-E0005.597.1971               1 4.50000E+01 1.15000E+02
d-Be009-MT002-Djaloeis-F0176002-ang-E0005.598.1971               1 8.00000E+01 1.15000E+02
d-Be009-MT002-Djaloeis-F0176002-ang-E0005.606.1971               1 8.00000E+01 1.15000E+02
d-Be009-MT002-Djaloeis-F0176002-ang-E0005.794.1971               1 4.50000E+01 1.15000E+02
d-Be009-MT002-Djaloeis-F0176002-ang-E0005.797.1971               1 4.50000E+01 8.00000E+01
d-Be009-MT002-Djaloeis-F0176002-ang-E0005.802.1971               1 8.00000E+01 1.50000E+02
d-Be009-MT002-Djaloeis-F0176002-ang-E0005.810.1971               1 4.50000E+01 1.50000E+02
d-Be009-MT002-Djaloeis-F0176002-ang-E0005.982.1971               1 4.50000E+01 8.00000E+01
d-Be009-MT002-Djaloeis-F0176002-ang-E0006.000.1971               1 8.00000E+01 1.15000E+02
d-Be009-MT002-Djaloeis-F0176002-ang-E0006.002.1971               1 1.15000E+02 1.50000E+02
d-Be009-MT002-Djaloeis-F0176002-ang-E0006.006.1971               1 4.50000E+01 1.50000E+02
d-Be009-MT002-Djaloeis-F0176002-ang-E0006.192.1971               1 4.50000E+01 1.50000E+02
d-Be009-MT002-Djaloeis-F0176002-ang-E0006.205.1971               1 8.00000E+01 1.50000E+02
d-Be009-MT002-Djaloeis-F0176002-ang-E0006.207.1971               1 8.00000E+01 1.15000E+02
d-Be009-MT002-Djaloeis-F0176002-ang-E0006.208.1971               1 4.50000E+01 1.15000E+02
d-Be009-MT002-Djaloeis-F0176002-ang-E0006.388.1971               1 4.50000E+01 8.00000E+01
d-Be009-MT002-Djaloeis-F0176002-ang-E0006.403.1971               1 8.00000E+01 1.15000E+02
d-Be009-MT002-Djaloeis-F0176002-ang-E0006.404.1971               1 1.15000E+02 1.50000E+02
d-Be009-MT002-Djaloeis-F0176002-ang-E0006.412.1971               1 4.50000E+01 1.50000E+02
d-Be009-MT002-Djaloeis-F0176002-ang-E0006.585.1971               1 4.50000E+01 1.50000E+02
d-Be009-MT002-Djaloeis-F0176002-ang-E0006.595.1971               1 1.15000E+02 1.50000E+02
d-Be009-MT002-Djaloeis-F0176002-ang-E0006.598.1971               1 8.00000E+01 1.15000E+02
d-Be009-MT002-Djaloeis-F0176002-ang-E0006.599.1971               1 4.50000E+01 8.00000E+01
d-Be009-MT002-Djaloeis-F0176002-ang-E0006.779.1971               1 4.50000E+01 1.50000E+02
d-Be009-MT002-Djaloeis-F0176002-ang-E0006.794.1971               1 8.00000E+01 1.50000E+02
d-Be009-MT002-Djaloeis-F0176002-ang-E0006.795.1971               1 8.00000E+01 1.15000E+02
d-Be009-MT002-Djaloeis-F0176002-ang-E0006.814.1971               1 4.50000E+01 1.15000E+02
d-Be009-MT002-Djaloeis-F0176002-ang-E0006.974.1971               1 4.50000E+01 1.15000E+02
d-Be009-MT002-Djaloeis-F0176002-ang-E0006.995.1971               1 8.00000E+01 1.15000E+02
d-Be009-MT002-Djaloeis-F0176002-ang-E0007.014.1971               2 8.00000E+01 1.50000E+02
d-Be009-MT002-Djaloeis-F0176003-ang-E0006.300.1971              24 3.43000E+01 1.50900E+02
d-Be009-MT002-Dyachkov-F1189007-ang-E0018.000.2012              21 1.55000E+01 5.23000E+01
d-Be009-MT002-Generalov-F0524006-ang-E0004.000.2000            322 1.00000E+01 1.40000E+02
d-Be009-MT002-Nguyen-E2254002-ang-E0014.350.1966                 9 3.96000E+01 8.02000E+01
d-Be009-MT002-Nguyen-E2254003-ang-E0014.350.1966                13 1.89000E+01 8.04000E+01
d-Be009-MT002-Ntemou-O2454002-ang-E0001.577.2019               127 1.70000E+02 1.70000E+02
d-Be009-MT002-Powell-A1432006-ang-E0004.500.1970                15 3.01000E+01 1.30300E+02
d-Be009-MT002-Powell-A1432006-ang-E0004.750.1970                18 2.86000E+01 1.60000E+02
d-Be009-MT002-Powell-A1432006-ang-E0005.000.1970                21 2.86000E+01 1.59100E+02
d-Be009-MT002-Powell-A1432006-ang-E0005.250.1970                23 2.94000E+01 1.59600E+02
d-Be009-MT002-Powell-A1432006-ang-E0005.500.1970                22 2.94000E+01 1.60100E+02
d-Be009-MT002-Powell-A1432006-ang-E0005.750.1970                21 3.00000E+01 1.59900E+02
d-Be009-MT002-Powell-A1432006-ang-E0006.000.1970                22 3.02000E+01 1.60000E+02
d-Be009-MT002-Slobodrian-F0975002-ang-E0027.700.1962            26 9.80000E+00 1.40700E+02
d-Be009-MT002-Strzalkowski-F02360022-ang-E0012.800.1963         23 1.55000E+01 1.35500E+02
d-Be009-MT002-Summersgill-F0119007-ang-E0024.000.1958           28 7.49999E+00 1.67500E+02
d-Be009-MT002-Szczurek-F0588002-ang-E0007.000.1989              34 2.96000E+01 1.66400E+02
d-Be009-MT002-Szczurek-F0588008-ang-E0006.499.1989              11 1.60000E+02 1.60000E+02
d-Be009-MT002-Tanaka-E0029002-ang-E0012.350.1978                18 1.48000E+01 1.63200E+02
d-Be009-MT002-Tanaka-E0029002-ang-E0014.060.1978                18 1.57000E+01 1.65200E+02
d-Be009-MT002-Tanaka-E0029004-ang-E0012.170.1978                10 8.50000E+01 8.50000E+01
