#              Filename                                         N    min         max
n-Ag000-MT102-Ballini-22536002.1956                            237 2.80700E-05 8.94000E-05
n-Ag000-MT102-Belanova-40072008.1965                             1 2.40000E-02 2.40000E-02
n-Ag000-MT102-Belanova-400720261.1965                            1 2.40000E-02 2.40000E-02
n-Ag000-MT102-Belanova-400720262.1965                            1 2.40000E-02 2.40000E-02
n-Ag000-MT102-Belanova-400720263.1965                            1 2.40000E-02 2.40000E-02
n-Ag000-MT102-Belanova-400720264.1965                            1 2.40000E-02 2.40000E-02
n-Ag000-MT102-Bergqvist-20024002.1963                            8 1.80000E-02 3.00000E-01
n-Ag000-MT102-Block-11935005.1961                               42 1.90000E-04 8.40000E-03
n-Ag000-MT102-Bokhovko-40967004.1987                            58 4.50000E-03 3.90000E-01
n-Ag000-MT102-Booth-21786003.1937                                1 2.50000E+00 2.50000E+00
n-Ag000-MT102-Campbell-13497002.1970                             1 2.40000E-02 2.40000E-02
n-Ag000-MT102-Carre-20658018.1966                                1 2.53000E-08 2.53000E-08
n-Ag000-MT102-Chelnokov-40105005.1972                           26 2.00000E-04 3.46000E-02
n-Ag000-MT102-Diven-11616016.1960                                7 1.75000E-01 1.00000E+00
n-Ag000-MT102-Fink-13845006.1936                                 1 2.53000E-08 2.53000E-08
n-Ag000-MT102-Fuketa-20275004.1960                               1 2.53000E-08 2.53000E-08
n-Ag000-MT102-Gibbons-11329028.1961                              3 3.00000E-02 1.67000E-01
n-Ag000-MT102-Gibbons-11329029.1961                             50 9.80000E-03 1.60000E-01
n-Ag000-MT102-Green-21180005.1954                                1 2.53000E-08 2.53000E-08
n-Ag000-MT102-Haddad-11944002.1963                             275 1.00000E-08 2.70000E-02
n-Ag000-MT102-Hellstroem-20194003.1973                          13 4.00000E-02 1.50000E+00
n-Ag000-MT102-Isakov-40786002.1960                              37 3.70000E-05 9.80000E-03
n-Ag000-MT102-Kompe-20358011.1969                               65 1.29000E-02 1.52000E-01
n-Ag000-MT102-Kononov-40076013.1965                             18 2.90000E-02 1.38000E-01
n-Ag000-MT102-Leipunskiy-40244113.1958                           1 2.00000E-01 2.00000E-01
n-Ag000-MT102-Macklin-11679010.1967                              4 1.04000E-01 1.82000E-01
n-Ag000-MT102-Malik-10501005.1970                                4 7.00000E-08 8.35000E-07
n-Ag000-MT102-Malik-10501005A001.1970                            4 7.00000E-08 8.35000E-07
n-Ag000-MT102-Meadows-11028013.1961                              1 2.53000E-08 2.53000E-08
n-Ag000-MT102-Meadows-11028013A001.1961                          1 2.53000E-08 2.53000E-08
n-Ag000-MT102-Mitzel-21324005.1964                              54 2.50000E-05 2.00000E-02
n-Ag000-MT102-Mizumoto-21814004.1982                            36 3.60000E-03 6.50000E-01
n-Ag000-MT102-Moxon-20914005.1968                              610 1.05600E-04 1.25300E-02
n-Ag000-MT102-Mughabghab-V10014641.2006                          1 2.53000E-08 2.53000E-08
n-Ag000-MT102-Poenitz-12832002.1982                              9 5.00000E-01 2.00000E+00
n-Ag000-MT102-Schmitt-11778005.1960                              1 2.40000E-02 2.40000E-02
n-Ag000-MT102-Spitz-30114009.1968                               26 9.90000E-03 9.40000E-02
n-Ag000-MT102-Spitz-30114010.1968                               21 1.08000E-02 5.02000E-02
n-Ag000-MT102-Stroud-30506004.1972                               1 3.00000E-02 3.00000E-02
n-Ag000-MT102-Tattersall-20638028.1960                           1 2.53000E-08 2.53000E-08
n-Ag000-MT102-WangChunhaoo-32537002.1989                        22 1.09000E-02 9.99000E-02
n-Ag000-MT102-XuHaishann-32105003.1988                           6 3.40000E-01 1.68000E+00
n-Ag000-MT102-Yamamuro-20432003.1975                             1 2.40000E-02 2.40000E-02
