#              Filename                                         N    min         max
p-Mo092-MT651-Hisamochi-E1523002-E0065.000.1993                 13 4.50002E+00 4.50000E+01
p-Mo092-MT651-Hisamochi-E1523003-E0065.000.1993                 13 4.50002E+00 4.50000E+01
p-Mo092-MT651-Hisamochi-E1523004-E0065.000.1993                 13 4.69999E+00 4.49000E+01
p-Mo092-MT651-Hisamochi-E1523005-E0065.000.1993                 13 4.79996E+00 4.48000E+01
p-Mo092-MT651-Hisamochi-E1523006-E0065.000.1993                 13 4.59998E+00 4.49000E+01
p-Mo092-MT651-Hisamochi-E1523007-E0065.000.1993                 10 4.69999E+00 4.48000E+01
p-Mo092-MT651-Hisamochi-E1523008-E0065.000.1993                 11 4.79996E+00 4.48000E+01
p-Mo092-MT651-Hisamochi-E1523009-E0065.000.1993                 12 4.99999E+00 4.53000E+01
p-Mo092-MT651-Hisamochi-E1523010-E0065.000.1993                  5 4.90001E+00 2.29000E+01
p-Mo092-MT651-Hisamochi-E1523020-E0065.000.1993                 13 4.59998E+00 4.50000E+01
p-Mo092-MT651-Hisamochi-E1523021-E0065.000.1993                  5 4.79996E+00 2.28000E+01
p-Mo092-MT651-Hisamochi-E1523024-E0065.000.1993                 13 4.50002E+00 4.45000E+01
p-Mo092-MT651-Hisamochi-E1523025-E0065.000.1993                 13 4.69999E+00 4.47000E+01
p-Mo092-MT651-Hisamochi-E1523026-E0065.000.1993                 13 4.79996E+00 4.47000E+01
p-Mo092-MT651-Hisamochi-E1523027-E0065.000.1993                 12 7.49999E+00 4.48000E+01
p-Mo092-MT651-Hisamochi-E1523028-E0065.000.1993                 11 4.59998E+00 4.50000E+01
p-Mo092-MT651-Hisamochi-E1523029-E0065.000.1993                  5 1.06000E+01 2.28000E+01
p-Mo092-MT651-Hisamochi-E1523030-E0065.000.1993                  5 4.40002E+00 2.25000E+01
p-Mo092-MT651-Hisamochi-E1523038-E0065.000.1993                 13 4.59998E+00 4.47000E+01
p-Mo092-MT651-Hisamochi-E1523039-E0065.000.1993                 13 4.59998E+00 4.50000E+01
p-Mo092-MT651-Hisamochi-E1523040-E0065.000.1993                 10 4.50002E+00 4.47000E+01
p-Mo092-MT651-Hisamochi-E1523041-E0065.000.1993                  6 4.69999E+00 2.27000E+01
p-Mo092-MT651-Hisamochi-E1523046-E0065.000.1993                 11 7.40003E+00 4.49000E+01
p-Mo092-MT651-Hisamochi-E1523047-E0065.000.1993                 12 4.69999E+00 4.49000E+01
p-Mo092-MT651-Hisamochi-E1523048-E0065.000.1993                 12 4.40002E+00 4.49000E+01
p-Mo092-MT651-Hisamochi-E1523049-E0065.000.1993                 12 4.50002E+00 4.47000E+01
p-Mo092-MT651-Hisamochi-E1523050-E0065.000.1993                 12 4.59998E+00 4.49000E+01
p-Mo092-MT651-Hisamochi-E1523051-E0065.000.1993                 10 4.59998E+00 3.49000E+01
p-Mo092-MT651-Hisamochi-E1523052-E0065.000.1993                 10 4.69999E+00 3.46000E+01
p-Mo092-MT651-Hisamochi-E1523053-E0065.000.1993                  6 4.69999E+00 2.28000E+01
p-Mo092-MT651-Hisamochi-E1523054-E0065.000.1993                  6 4.69999E+00 2.28000E+01
p-Mo092-MT651-Hisamochi-E1523055-E0065.000.1993                  6 4.90001E+00 2.28000E+01
p-Mo092-MT651-Hisamochi-E1523066-E0065.000.1993                 13 4.69999E+00 4.49000E+01
p-Mo092-MT651-Hisamochi-E1523067-E0065.000.1993                 12 4.50002E+00 4.48000E+01
p-Mo092-MT651-Moinester-F0801002-E0040.000.1973                279 1.00000E+01 4.62000E+01
