#              Filename                                         N    min         max
n-Zn000-MT003-Beyster-11216009.1955                              3 1.00000E+00 4.50000E+00
n-Zn000-MT003-Beyster-11216009A001.1955                          3 1.00000E+00 4.50000E+00
n-Zn000-MT003-Beyster-11220017.1956                              2 2.50000E+00 7.00000E+00
n-Zn000-MT003-Beyster-11220017A001.1956                          2 2.50000E+00 7.00000E+00
n-Zn000-MT003-Flerov-40369015.1956                               1 1.45000E+01 1.45000E+01
n-Zn000-MT003-Graves-11304006.1953                               1 1.41000E+01 1.41000E+01
n-Zn000-MT003-Graves-11310006.1955                               1 1.41000E+01 1.41000E+01
n-Zn000-MT003-Macgregor-11226014.1957                            1 1.42000E+01 1.42000E+01
n-Zn000-MT003-Macgregor-11226014A001.1957                        1 1.42000E+01 1.42000E+01
n-Zn000-MT003-Machwe-11572029.1959                               1 3.66000E+00 3.66000E+00
n-Zn000-MT003-Oehler-30213012.1966                               1 9.60000E-01 9.60000E-01
n-Zn000-MT003-Pasechnik-40381009.1955                            1 3.30000E+00 3.30000E+00
n-Zn000-MT003-Pasechnik-40381010.1955                            1 4.10000E+00 4.10000E+00
n-Zn000-MT003-Schimmerling-10082020.1973                        15 3.79000E+02 1.73100E+03
n-Zn000-MT003-Schimmerling-10082020A001.1973                    15 3.79000E+02 1.73100E+03
n-Zn000-MT003-Strizhak-32239006.1958                             1 1.40000E+01 1.40000E+01
n-Zn000-MT003-Strizhak-40360009.1957                             1 1.40000E+01 1.40000E+01
n-Zn000-MT003-Strizhak-40782009.1956                             1 2.50000E+00 2.50000E+00
n-Zn000-MT003-Walt-11215023.1955                                 1 4.10000E+00 4.10000E+00
n-Zn000-MT003-Walt-11215023A001.1955                             1 4.10000E+00 4.10000E+00
