#              Filename                                         N    min         max
n-Sr086-MT151-Adamchuk-412320041.1965                            9 5.90000E-04 1.88000E-02
n-Sr086-MT151-Adamchuk-412320042.1965                            9 5.90000E-04 1.88000E-02
n-Sr086-MT151-Adamchuk-41232010.1965                             9 5.90000E-04 1.88000E-02
n-Sr086-MT151-Adamchuk-41232014.1965                             1 0.00000E+00 0.00000E+00
n-Sr086-MT151-Adamchuk-41232018.1965                             1 0.00000E+00 0.00000E+00
n-Sr086-MT151-Bilpuch-11599026.1961                              1 1.27500E-02 1.27500E-02
n-Sr086-MT151-Camarda-107440021.1970                            24 5.88400E-04 2.30870E-02
n-Sr086-MT151-Camarda-107440021A001.1970                        24 5.88400E-04 2.30870E-02
n-Sr086-MT151-Camarda-107440022.1970                            24 5.88400E-04 2.30870E-02
n-Sr086-MT151-Camarda-107440022A001.1970                        24 5.88400E-04 2.30870E-02
n-Sr086-MT151-Camarda-10744005.1970                              1 1.00005E-02 1.00005E-02
n-Sr086-MT151-Camarda-10744005A001.1970                          1 1.00005E-02 1.00005E-02
n-Sr086-MT151-Good-11402018.1958                                 3 3.00000E-03 1.13000E-02
n-Sr086-MT151-Hicks-304870041.1982                               2 2.01000E-02 2.01000E-02
n-Sr086-MT151-Hicks-304870042.1982                               3 2.01000E-02 2.01000E-02
n-Sr086-MT151-Hicks-304870043.1982                               3 2.01000E-02 2.01000E-02
n-Sr086-MT151-Hicks-304870081.1982                              72 3.25800E-03 3.71800E-02
n-Sr086-MT151-Hicks-304870083.1982                              10 3.25800E-03 2.83800E-02
n-Sr086-MT151-Hicks-304870084.1982                              10 3.25800E-03 2.83800E-02
