#              Filename                                         N    min         max
d-He003-MT103-Aliotta-A0228002.2001                             48 8.35567E-03 9.97343E-02
d-He003-MT103-Aliotta-A0228003.2001                             16 1.99302E-02 6.64951E-02
d-He003-MT103-Bonner-A1064004.1952                              19 1.88900E-01 1.59700E+00
d-He003-MT103-Booth-O2483004.1957                                5 1.10700E-01 5.03200E-01
d-He003-MT103-Engstler-A0411002.1988                            17 2.46334E-02 6.93137E-02
d-He003-MT103-Engstler-A0411003.1988                            11 1.13911E-02 3.12212E-02
d-He003-MT103-Engstler-A0411004.1988                            26 9.80665E-03 3.30391E-02
d-He003-MT103-Erramli-D0437002.2005                             16 3.60000E-01 1.00000E+00
d-He003-MT103-Geist-C0594005.1999                               28 2.54500E-01 6.46700E-01
d-He003-MT103-Geist-C05940071.1999                              15 2.44700E-01 6.84700E-01
d-He003-MT103-Geist-C05940072.1999                              15 2.44700E-01 6.84700E-01
d-He003-MT103-Jarvis-A1042003.1953                               3 2.90000E-02 4.40000E-02
d-He003-MT103-Krauss-A0409006.1987                              20 1.15912E-02 9.95008E-02
d-He003-MT103-Krauss-A0409007.1987                              12 4.93668E-02 2.85694E-01
d-He003-MT103-Krauss-A0409008.1987                               1 9.95008E-02 9.95008E-02
d-He003-MT103-Lacognata-O1661004.2005                           15 6.33763E-03 9.30465E-01
d-He003-MT103-Lacognata-O1661005.2005                           15 5.00000E-03 5.65000E-01
d-He003-MT103-Lattuada-C2236002.2016                            32 6.11907E-02 1.61084E-01
d-He003-MT103-Lattuada-C2236004.2016                             5 6.59789E-02 1.43747E-01
d-He003-MT103-LiZhichangg-S0001002.1977                         32 2.24000E-01 1.02250E+00
d-He003-MT103-Roy-T0046004.1981                                  6 1.46000E+01 3.99000E+01
d-He003-MT103-Schroeder-A1291002.1989                           47 1.05071E-02 7.00475E-02
d-He003-MT103-Stewart-C0012005.1960                              5 5.90000E+00 1.37000E+01
d-He003-MT103-Tuck-A1320002.1952                                 7 3.50000E-02 9.50000E-02
d-He003-MT103-Yarnell-C0987004.1953                              1 4.30000E-01 4.30000E-01
