#              Filename                                         N    min         max     
n-Pu239-MT459-Shima-10864009-E2.53E-08.1978                      4 2.53000E-08 2.53000E-08
n-Pu239-MT459-Maeck-10898003-E2.53E-08.1979                     31 2.53000E-08 2.53000E-08
n-Pu239-MT459-Dickens-10961002-E2.53E-08.1981                   28 2.53000E-08 2.53000E-08
n-Pu239-MT459-Shima-10864009-E2.53E-08A001.1978                  4 2.53000E-08 2.53000E-08
n-Pu239-MT459-Maeck-10898003-E2.53E-08A001.1979                 31 2.53000E-08 2.53000E-08
n-Pu239-MT459-Dickens-10961002-E2.53E-08A001.1981               28 2.53000E-08 2.53000E-08
n-Pu239-MT459-Bidinosti-12010008-E2.53E-08.1959                  6 2.53000E-08 2.53000E-08
n-Pu239-MT459-Larsen-12771006-E2.53E-08.1974                     5 2.53000E-08 2.53000E-08
n-Pu239-MT459-Gindler-12817002-E0000.170.1983                   24 1.70000E-01 1.70000E-01
n-Pu239-MT459-Gindler-12817002-E0001.000.1983                   23 1.00000E+00 1.00000E+00
n-Pu239-MT459-Gindler-12817002-E0002.000.1983                   24 2.00000E+00 2.00000E+00
n-Pu239-MT459-Gindler-12817002-E0003.400.1983                   24 3.40000E+00 3.40000E+00
n-Pu239-MT459-Gindler-12817002-E0004.500.1983                   23 4.50000E+00 4.50000E+00
n-Pu239-MT459-Gindler-12817002-E0006.100.1983                   20 6.10000E+00 6.10000E+00
n-Pu239-MT459-Gindler-12817002-E0007.900.1983                   20 7.90000E+00 7.90000E+00
n-Pu239-MT459-Okazaki-13076003-E2.53E-08.1965                    2 2.53000E-08 2.53000E-08
n-Pu239-MT459-Grayjr-13218004-E2.53E-08.1962                     2 2.53000E-08 2.53000E-08
n-Pu239-MT459-Ford-132550022-E0014.000.1976                      7 1.40000E+01 1.40000E+01
n-Pu239-MT459-Rider-13256002-E2.53E-08.1966                      9 2.53000E-08 2.53000E-08
n-Pu239-MT459-Rider-13256003-E2.53E-08.1966                      9 2.53000E-08 2.53000E-08
n-Pu239-MT459-Rider-13258004-E2.53E-08.1967                      2 2.53000E-08 2.53000E-08
n-Pu239-MT459-Lisman-13270007-E2.53E-08.1970                    12 2.53000E-08 2.53000E-08
n-Pu239-MT459-Lisman-13270008-E2.53E-08.1970                    19 2.53000E-08 2.53000E-08
n-Pu239-MT459-Lisman-13270009-E2.53E-08.1970                     4 2.53000E-08 2.53000E-08
n-Pu239-MT459-Lisman-13270010-E2.53E-08.1970                     2 2.53000E-08 2.53000E-08
n-Pu239-MT459-Lisman-13270019-E0000.500.1970                    24 5.00000E-01 5.00000E-01
n-Pu239-MT459-Lisman-13270020-E0000.500.1970                    21 5.00000E-01 5.00000E-01
n-Pu239-MT459-Lisman-13270021-E2.53E-08.1970                     1 1.00000E+20 0.00000E+00
n-Pu239-MT459-Ballou-13274007-E2.53E-08.1973                     6 2.53000E-08 2.53000E-08
n-Pu239-MT459-Ballou-13274012-E0015.000.1973                     6 1.50000E+01 1.50000E+01
n-Pu239-MT459-Ballou-13274013-E0015.000.1973                     3 1.50000E+01 1.50000E+01
n-Pu239-MT459-Ballou-13274014-E0015.000.1973                     1 1.00000E+20 0.00000E+00
n-Pu239-MT459-Tracy-13277006-E2.53E-08.1970                      1 1.00000E+20 0.00000E+00
n-Pu239-MT459-Tracy-13277007-E2.53E-08.1970                      2 2.53000E-08 2.53000E-08
n-Pu239-MT459-Jensen-13329002-E2.53E-08.1974                    10 2.53000E-08 2.53000E-08
n-Pu239-MT459-Jensen-13329003-E0000.450.1974                    10 4.50000E-01 4.50000E-01
n-Pu239-MT459-Fleming-13392002-E2.53E-08.1956                    4 2.53000E-08 2.53000E-08
n-Pu239-MT459-Finkle-13395004-E2.53E-08.1951                     2 2.53000E-08 2.53000E-08
n-Pu239-MT459-Finkle-13395005-E2.53E-08.1951                    18 2.53000E-08 2.53000E-08
n-Pu239-MT459-Glendenin-13400002-E2.53E-08.1951                  2 2.53000E-08 2.53000E-08
n-Pu239-MT459-Ford-134440072-E0014.000.1976                      4 1.40000E+01 1.40000E+01
n-Pu239-MT459-Maeck-13469002-E0000.500.1977                     42 5.00000E-01 5.00000E-01
n-Pu239-MT459-Maeck-13469003-E0000.225.1977                     42 2.25000E-01 2.25000E-01
n-Pu239-MT459-Bartholomew-13474003-E2.53E-08.1959                4 2.53000E-08 2.53000E-08
n-Pu239-MT459-Fickel-134800021-E2.53E-08.1959                   20 2.53000E-08 2.53000E-08
n-Pu239-MT459-Fickel-134800022-E2.53E-08.1959                   21 2.53000E-08 2.53000E-08
n-Pu239-MT459-Fickel-13482002-E2.53E-08.1959                    22 2.53000E-08 2.53000E-08
n-Pu239-MT459-Fritze-13484002-E2.53E-08.1958                     9 2.53000E-08 2.53000E-08
n-Pu239-MT459-Bhatia-144230041-E0008.900.2015                    9 8.90000E+00 8.90000E+00
n-Pu239-MT459-Finn-14441005-E0000.700.2015                      49 7.00000E-01 7.00000E-01
n-Pu239-MT459-Gooden-145550041-E0000.580.2016                   14 5.80000E-01 5.80000E-01
n-Pu239-MT459-Gooden-145550041-E0001.370.2016                   14 1.37000E+00 1.37000E+00
n-Pu239-MT459-Gooden-145550041-E0002.370.2016                   14 2.37000E+00 2.37000E+00
n-Pu239-MT459-Gooden-145550041-E0003.600.2016                   14 3.60000E+00 3.60000E+00
n-Pu239-MT459-Gooden-145550041-E0004.490.2016                   14 4.49000E+00 4.49000E+00
n-Pu239-MT459-Gooden-145550041-E0005.500.2016                   14 5.50000E+00 5.50000E+00
n-Pu239-MT459-Gooden-145550041-E0014.800.2016                   14 1.48000E+01 1.48000E+01
n-Pu239-MT459-Bunney-14564002-E2.53E-08.1958                     8 2.53000E-08 2.53000E-08
n-Pu239-MT459-Croall-21464002-E1.00E-06.1965                     7 1.00000E-06 1.00000E-06
n-Pu239-MT459-Croall-21464004-E1.00E-06.1965                     3 1.00000E-06 1.00000E-06
n-Pu239-MT459-Asghar-21544008-E2.53E-08.1978                    46 2.53000E-08 2.53000E-08
n-Pu239-MT459-Laurec-21708008-E0014.700.2010                    15 1.47000E+01 1.47000E+01
n-Pu239-MT459-Kaiser-21745002-E3.00E-07.1978                     7 3.00000E-07 3.00000E-07
n-Pu239-MT459-Sinclair-22066003-E0001.500.1971                   8 1.50000E+00 1.50000E+00
n-Pu239-MT459-Bernas-22257002-E2.53E-08.1991                     3 2.53000E-08 2.53000E-08
n-Pu239-MT459-Carrel-23178003-E2.53E-08.2011                    17 2.53000E-08 2.53000E-08
n-Pu239-MT459-Ditz-23808004-E2.53E-08.1988                      18 2.53000E-08 2.53000E-08
n-Pu239-MT459-Mathews-30508007-E2.53E-08.1977                   13 2.53000E-08 2.53000E-08
n-Pu239-MT459-Ramaswami-30575003-E2.50E-08.1980                 12 2.50000E-08 2.50000E-08
n-Pu239-MT459-Garlea-30752003-E0000.450.1982                     3 4.50000E-01 4.50000E-01
n-Pu239-MT459-Srivastava-30787002-E2.53E-08.1986                 4 2.53000E-08 2.53000E-08
n-Pu239-MT459-Nair-30797006-E2.53E-08.1985                       3 2.53000E-08 2.53000E-08
n-Pu239-MT459-LiuShilongg-32700002-E2.53E-08.2012                6 2.53000E-08 2.53000E-08
n-Pu239-MT459-Naik-33030006-E2.50E-08.1993                       4 2.50000E-08 2.50000E-08
n-Pu239-MT459-Jain-33118003-E2.53E-08.1984                      26 2.53000E-08 2.53000E-08
n-Pu239-MT459-Jain-33118004-E2.53E-08.1984                      19 2.53000E-08 2.53000E-08
n-Pu239-MT459-Jain-33118005-E2.53E-08.1984                       2 2.53000E-08 2.53000E-08
n-Pu239-MT459-Naik-33178002-E2.53E-08.2022                     169 2.53000E-08 2.53000E-08
n-Pu239-MT459-Naik-33178006-E2.53E-08.2022                     133 2.53000E-08 2.53000E-08
n-Pu239-MT459-Gudkov-41025003-E0003.000.1988                    15 3.00000E+00 3.00000E+00
n-Pu239-MT459-Bonyushkan-41070002-E0014.500.1961                 8 1.45000E+01 1.45000E+01
n-Pu239-MT459-Bonyushkan-41070006-E0014.500.1961                 1 1.00000E+20 0.00000E+00
n-Pu239-MT459-Roshchenko-41480003-E2.53E-08.2006                11 2.53000E-08 2.53000E-08
n-Pu239-MT459-Roshchenko-41480003-E0000.400.2006                11 4.00000E-01 4.00000E-01
n-Pu239-MT459-Roshchenko-41480003-E0001.110.2006                11 1.11000E+00 1.11000E+00
n-Pu239-MT459-Krizhansky-41707003-E0007.500.1959                 2 7.50000E+00 7.50000E+00
n-Pu239-MT459-Bak-41717005-E0001.000.1959                        2 1.00000E+00 1.00000E+00
n-Pu239-MT459-Golovanov-41743002-E0003.000.1982                  8 3.00000E+00 3.00000E+00
