#              Filename                                         N    min         max     
n-Np237-MT460-Naqvi-21661004-E0000.800.1980                     68 8.00000E-01 8.00000E-01
n-Np237-MT460-Naqvi-21661005-E0005.500.1980                     72 5.50000E+00 5.50000E+00
n-Np237-MT460-Mueller-21834012-E0000.800.1981                   88 8.00000E-01 8.00000E-01
n-Np237-MT460-Mueller-21834013-E0005.550.1981                   88 5.55000E+00 5.55000E+00
n-Np237-MT460-Hambsch-22470003-E0000.300.2000                   94 3.00000E-01 3.00000E-01
n-Np237-MT460-Hambsch-22470003-E0000.500.2000                  115 5.00000E-01 5.00000E-01
n-Np237-MT460-Hambsch-22470003-E0000.700.2000                  117 7.00000E-01 7.00000E-01
n-Np237-MT460-Hambsch-22470003-E0001.000.2000                  107 1.00000E+00 1.00000E+00
n-Np237-MT460-Hambsch-22470003-E0001.300.2000                  111 1.30000E+00 1.30000E+00
n-Np237-MT460-Hambsch-22470003-E0001.600.2000                  103 1.60000E+00 1.60000E+00
n-Np237-MT460-Hambsch-22470003-E0002.000.2000                  119 2.00000E+00 2.00000E+00
n-Np237-MT460-Hambsch-22470003-E0003.000.2000                  115 3.00000E+00 3.00000E+00
n-Np237-MT460-Hambsch-22470003-E0004.000.2000                  115 4.00000E+00 4.00000E+00
n-Np237-MT460-Hambsch-22470003-E0004.600.2000                  115 4.60000E+00 4.60000E+00
n-Np237-MT460-Hambsch-22470003-E0005.000.2000                  116 5.00000E+00 5.00000E+00
n-Np237-MT460-Hambsch-22470003-E0005.500.2000                  117 5.50000E+00 5.50000E+00
n-Np237-MT460-Kuzminov-40172002-E0000.800.1970                  41 8.00000E-01 8.00000E-01
n-Np237-MT460-Kuzminov-40172003-E0001.100.1970                  41 1.10000E+00 1.10000E+00
n-Np237-MT460-Kuzminov-40172004-E0001.400.1970                  41 1.40000E+00 1.40000E+00
n-Np237-MT460-Kuzminov-40172005-E0001.700.1970                  41 1.70000E+00 1.70000E+00
n-Np237-MT460-Kuzminov-40172006-E0002.200.1970                  41 2.20000E+00 2.20000E+00
n-Np237-MT460-Goverdovskiy-41334002-E0001.000.1997              86 1.00000E+00 1.00000E+00
n-Np237-MT460-Goverdovskiy-41334002-E0005.000.1997              86 5.00000E+00 5.00000E+00
n-Np237-MT460-Goverdovskii-41682006-E0001.000.1993              40 1.00000E+00 1.00000E+00
n-Np237-MT460-Goverdovskii-41682007-E0016.500.1993              42 1.65000E+01 1.65000E+01
