#              Filename                                         N    min         max
p-B010-MT603-Watson-F0093007-ang-E0005.100.1969                 23 3.51000E+01 1.65000E+02
p-B010-MT603-Watson-F0093007-ang-E0005.400.1969                 24 3.51000E+01 1.59400E+02
p-B010-MT603-Watson-F0093007-ang-E0005.700.1969                 26 2.40000E+01 1.67000E+02
p-B010-MT603-Watson-F0093007-ang-E0006.000.1969                 28 1.17000E+01 1.63200E+02
p-B010-MT603-Watson-F0093007-ang-E0006.300.1969                 30 1.17000E+01 1.60300E+02
p-B010-MT603-Watson-F0093007-ang-E0006.600.1969                 30 1.16000E+01 1.69200E+02
p-B010-MT603-Watson-F0093007-ang-E0006.900.1969                 32 1.16000E+01 1.60800E+02
p-B010-MT603-Watson-F0093007-ang-E0007.200.1969                 28 1.43000E+01 1.60500E+02
p-B010-MT603-Watson-F0093007-ang-E0007.500.1969                 31 1.37000E+01 1.63900E+02
p-B010-MT603-Watson-F0093007-ang-E0007.800.1969                 31 1.37000E+01 1.64000E+02
p-B010-MT603-Watson-F0093007-ang-E0008.000.1969                 31 1.35000E+01 1.65800E+02
p-B010-MT603-Watson-F0093007-ang-E0008.300.1969                 33 1.35000E+01 1.63500E+02
p-B010-MT603-Watson-F0093007-ang-E0008.600.1969                 31 2.03000E+01 1.65500E+02
p-B010-MT603-Watson-F0093007-ang-E0008.900.1969                 28 1.39000E+01 1.64700E+02
p-B010-MT603-Watson-F0093007-ang-E0009.200.1969                 31 1.39000E+01 1.63500E+02
p-B010-MT603-Watson-F0093007-ang-E0009.500.1969                 27 3.45000E+01 1.64500E+02
p-B010-MT603-Watson-F0093007-ang-E0009.800.1969                 27 1.39000E+01 1.64200E+02
p-B010-MT603-Watson-F0093007-ang-E0010.000.1969                 33 1.39000E+01 1.63200E+02
p-B010-MT603-Watson-F0093007-ang-E0010.300.1969                 30 1.46000E+01 1.70400E+02
p-B010-MT603-Watson-F0093007-ang-E0010.600.1969                 31 1.46000E+01 1.64800E+02
p-B010-MT603-Watson-F0093007-ang-E0010.900.1969                 31 1.45000E+01 1.66100E+02
p-B010-MT603-Watson-F0093007-ang-E0011.200.1969                 31 1.09000E+01 1.65200E+02
p-B010-MT603-Watson-F0093007-ang-E0011.500.1969                 33 1.09000E+01 1.61400E+02
p-B010-MT603-Watson-F0093007-ang-E0011.800.1969                 30 1.74000E+01 1.63000E+02
p-B010-MT603-Watson-F0093007-ang-E0012.000.1969                 27 1.98000E+01 1.60300E+02
p-B010-MT603-Watson-F0093007-ang-E0012.500.1969                 27 1.92000E+01 1.50900E+02
p-B010-MT603-Watson-F0093007-ang-E0013.000.1969                 28 1.90000E+01 1.59900E+02
p-B010-MT603-Watson-F0093007-ang-E0013.500.1969                 29 1.29000E+01 1.64500E+02
p-B010-MT603-Watson-F0093007-ang-E0014.000.1969                 28 1.29000E+01 1.58600E+02
p-B010-MT603-Watson-F0093007-ang-E0014.500.1969                 29 1.39000E+01 1.59100E+02
p-B010-MT603-Watson-F0093007-ang-E0015.000.1969                 30 1.39000E+01 1.60400E+02
p-B010-MT603-Watson-F0093007-ang-E0015.500.1969                 24 2.57000E+01 1.60100E+02
p-B010-MT603-Watson-F0093007-ang-E0016.000.1969                 28 2.57000E+01 1.60100E+02
p-B010-MT603-Watson-F0093007-ang-E0016.500.1969                 26 3.37000E+01 1.58000E+02
