#              Filename                                         N    min         max
n-Br000-MT151-Camarda-10765003.1974                              1 3.00500E-01 3.00500E-01
n-Br000-MT151-Camarda-10765003A001.1974                          1 3.00500E-01 3.00500E-01
n-Br000-MT151-Garg-118240101.1964                                7 1.35500E-04 6.46200E-04
n-Br000-MT151-Garg-118240102.1964                               11 1.35500E-04 6.46200E-04
n-Br000-MT151-Garg-118240103.1964                                7 1.35500E-04 6.46200E-04
n-Br000-MT151-Garg-118240111.1964                              153 1.01010E-04 3.93100E-03
n-Br000-MT151-Gibbons-11329080.1961                              2 1.05000E-01 1.05000E-01
n-Br000-MT151-Havensjr-117320101.1951                            4 3.57000E-05 1.36000E-04
n-Br000-MT151-Julien-206760141.1968                             43 3.57800E-05 1.96780E-03
n-Br000-MT151-Julien-206760142.1968                             43 3.57800E-05 1.96780E-03
n-Br000-MT151-Julien-206760143.1968                             19 5.64600E-04 1.87310E-03
n-Br000-MT151-Julien-206760144.1968                             19 5.64600E-04 1.87310E-03
n-Br000-MT151-Julien-206760145.1968                             19 5.64600E-04 1.87310E-03
n-Br000-MT151-Julien-206760146.1968                             19 5.64600E-04 1.87310E-03
n-Br000-MT151-Julien-20676016.1968                               1 1.00000E-03 1.00000E-03
n-Br000-MT151-Rosen-118280041.1959                              37 3.58000E-05 9.95000E-04
n-Br000-MT151-Rosen-118280042.1959                              35 3.58000E-05 9.95000E-04
n-Br000-MT151-Rosen-118280043.1959                               6 1.01200E-04 4.68000E-04
n-Br000-MT151-Rosen-118280052.1959                              12 3.58000E-05 6.46000E-04
n-Br000-MT151-Zeliger-412310021.1963                             1 2.04900E-04 2.04900E-04
n-Br000-MT151-Zeliger-412310022.1963                             1 2.04900E-04 2.04900E-04
n-Br000-MT151-Zeliger-412310023.1963                             1 2.04900E-04 2.04900E-04
n-Br000-MT151-Zeliger-412310025.1963                             1 2.04900E-04 2.04900E-04
