#              Filename                                         N    min         max
n-Zr090-MT151-Bartolome-100020211.1969                          10 3.84800E-03 1.72680E-02
n-Zr090-MT151-Bartolome-100020211A001.1969                      10 3.84800E-03 1.72680E-02
n-Zr090-MT151-Bartolome-100020212.1969                          10 3.84800E-03 1.72680E-02
n-Zr090-MT151-Bartolome-100020212A001.1969                      10 3.84800E-03 1.72680E-02
n-Zr090-MT151-Bartolome-100020213.1969                           6 3.84800E-03 1.72680E-02
n-Zr090-MT151-Bartolome-100020213A001.1969                       6 3.84800E-03 1.72680E-02
n-Zr090-MT151-Bartolome-100020291.1969                           2 1.05580E-02 1.05580E-02
n-Zr090-MT151-Bartolome-100020291A001.1969                       2 1.05580E-02 1.05580E-02
n-Zr090-MT151-Block-118940021.1963                               3 3.88000E-03 1.78000E-02
n-Zr090-MT151-Block-118940022.1963                               3 3.88000E-03 1.78000E-02
n-Zr090-MT151-Block-118940023.1963                               3 3.88000E-03 1.78000E-02
n-Zr090-MT151-Block-118940024.1963                               3 3.88000E-03 1.78000E-02
n-Zr090-MT151-Block-12074004.1964                                4 3.86000E-03 8.84000E-03
n-Zr090-MT151-Good-118760031.1968                               13 3.80000E-03 6.80000E-02
n-Zr090-MT151-Good-118760032.1968                               13 3.80000E-03 6.80000E-02
n-Zr090-MT151-Good-118760033.1968                               13 3.80000E-03 6.80000E-02
n-Zr090-MT151-Good-11876005.1968                                 2 1.40000E-02 4.90000E-02
n-Zr090-MT151-Morgenstern-206840131.1969                         1 3.81200E-03 3.81200E-03
n-Zr090-MT151-Moskalev-40758003.1964                             4 3.91200E-03 1.78500E-02
n-Zr090-MT151-Moskalev-40758012.1964                             1 1.08800E-02 1.08800E-02
n-Zr090-MT151-Musgrove-304220021.1977                          125 3.85500E-03 3.00900E-01
n-Zr090-MT151-Musgrove-304220022.1977                          113 3.85500E-03 3.00900E-01
n-Zr090-MT151-Musgrove-304220023.1977                           87 3.85500E-03 3.00900E-01
n-Zr090-MT151-Musgrove-304220024.1977                          102 3.85500E-03 2.90900E-01
n-Zr090-MT151-Musgrove-304220031.1977                            4 1.50000E-01 1.50000E-01
n-Zr090-MT151-Seth-11665010.1964                                 2 3.26500E-01 3.26500E-01
n-Zr090-MT151-Tagliente-231940031.2013                           2 3.86100E-03 4.00800E-03
n-Zr090-MT151-Tagliente-233290031.2008                          45 3.86120E-03 6.85910E-02
n-Zr090-MT151-Toohey-108780021.1974                             40 7.23000E-03 2.20400E-01
n-Zr090-MT151-Toohey-108780021A001.1974                         40 7.23000E-03 2.20400E-01
n-Zr090-MT151-Toohey-108780022.1974                             40 7.23000E-03 2.20400E-01
n-Zr090-MT151-Toohey-108780022A001.1974                         40 7.23000E-03 2.20400E-01
n-Zr090-MT151-Toohey-108780024.1974                             40 7.23000E-03 2.20400E-01
n-Zr090-MT151-Toohey-108780024A001.1974                         40 7.23000E-03 2.20400E-01
n-Zr090-MT151-Toohey-108780031.1974                             58 3.86000E-03 2.20300E-01
n-Zr090-MT151-Toohey-108780031A001.1974                         58 3.86000E-03 2.20300E-01
n-Zr090-MT151-Toohey-108780032.1974                             58 3.86000E-03 2.20300E-01
n-Zr090-MT151-Toohey-108780032A001.1974                         58 3.86000E-03 2.20300E-01
n-Zr090-MT151-Toohey-108780033.1974                             58 3.86000E-03 2.20300E-01
n-Zr090-MT151-Toohey-108780033A001.1974                         58 3.86000E-03 2.20300E-01
n-Zr090-MT151-Toohey-108780034.1974                             49 3.86000E-03 2.20300E-01
n-Zr090-MT151-Toohey-108780034A001.1974                         49 3.86000E-03 2.20300E-01
n-Zr090-MT151-Toohey-108780035.1974                             49 3.86000E-03 2.20300E-01
n-Zr090-MT151-Toohey-108780035A001.1974                         49 3.86000E-03 2.20300E-01
n-Zr090-MT151-Toohey-10878004.1974                               2 6.68300E-02 1.12155E-01
n-Zr090-MT151-Toohey-10878004A001.1974                           2 6.68300E-02 1.12155E-01
n-Zr090-MT151-Toohey-108780061.1974                             15 4.01000E-03 1.79700E-01
n-Zr090-MT151-Toohey-108780061A001.1974                         15 4.01000E-03 1.79700E-01
n-Zr090-MT151-Toohey-108780062.1974                             15 4.01000E-03 1.79700E-01
n-Zr090-MT151-Toohey-108780062A001.1974                         15 4.01000E-03 1.79700E-01
n-Zr090-MT151-Toohey-108780063.1974                             15 4.01000E-03 1.79700E-01
n-Zr090-MT151-Toohey-108780063A001.1974                         15 4.01000E-03 1.79700E-01
n-Zr090-MT151-Toohey-108780064.1974                             15 4.01000E-03 1.79700E-01
n-Zr090-MT151-Toohey-108780064A001.1974                         15 4.01000E-03 1.79700E-01
n-Zr090-MT151-Toohey-108780065.1974                             15 4.01000E-03 1.79700E-01
n-Zr090-MT151-Toohey-108780065A001.1974                         15 4.01000E-03 1.79700E-01
