#              Filename                                         N    min         max
n-N014-MT055-Chardine-22081056-ang-E0007.900.1986                8 4.28000E+01 1.14400E+02
n-N014-MT055-Chardine-22081057-ang-E0008.120.1986                9 4.26000E+01 1.33400E+02
n-N014-MT055-Chardine-22081058-ang-E0009.000.1986                9 4.19000E+01 1.32600E+02
n-N014-MT055-Chardine-22081059-ang-E0010.300.1986               11 4.15000E+01 1.51200E+02
n-N014-MT055-Chardine-22081060-ang-E0010.650.1986               17 2.07000E+01 1.56000E+02
n-N014-MT055-Chardine-22081061-ang-E0011.100.1986               10 4.13000E+01 1.31600E+02
n-N014-MT055-Chardine-22081062-ang-E0011.500.1986               17 2.06000E+01 1.55800E+02
n-N014-MT055-Chardine-22081063-ang-E0012.400.1986               15 4.10000E+01 1.55700E+02
n-N014-MT055-Chardine-22081064-ang-E0013.500.1986               17 2.05000E+01 1.55600E+02
n-N014-MT055-Chardine-22081065-ang-E0007.900.1986                7 4.27000E+01 1.04500E+02
n-N014-MT055-Chardine-22081066-ang-E0008.120.1986                8 4.25000E+01 1.33300E+02
n-N014-MT055-Chardine-22081067-ang-E0009.000.1986                6 7.29000E+01 1.32500E+02
n-N014-MT055-Chardine-22081068-ang-E0010.300.1986               11 4.14000E+01 1.51200E+02
n-N014-MT055-Chardine-22081069-ang-E0010.650.1986               15 2.06000E+01 1.55900E+02
n-N014-MT055-Chardine-22081070-ang-E0011.100.1986                8 5.15000E+01 1.31600E+02
n-N014-MT055-Chardine-22081071-ang-E0011.500.1986               15 2.06000E+01 1.55800E+02
n-N014-MT055-Chardine-22081072-ang-E0012.400.1986               13 4.10000E+01 1.36200E+02
n-N014-MT055-Chardine-22081073-ang-E0013.500.1986               17 2.05000E+01 1.55600E+02
n-N014-MT055-Perey-10283004-ang-E0008.040.1974                   6 7.39000E+01 8.96000E+01
n-N014-MT055-Perey-10283004-ang-E0008.040A001.1974               6 7.39000E+01 8.96000E+01
