#              Filename                                         N    min         max
d-B010-MT801-Aleksic-F0230002-E0000.800.1964                    17 8.00153E-01 1.59200E+02
d-B010-MT801-Aleksic-F0230002-E0000.950.1964                    17 8.00153E-01 1.60800E+02
d-B010-MT801-Aleksic-F0230002-E0001.100.1964                    17 1.90002E+00 1.59700E+02
d-B010-MT801-Aleksic-F0230002-E0001.250.1964                    17 1.90002E+00 1.59600E+02
d-B010-MT801-Becker-F0365003-E0000.580.1960                     11 3.79000E+01 1.40100E+02
d-B010-MT801-Becker-F0365003-E0000.700.1960                     11 3.79000E+01 1.38800E+02
d-B010-MT801-Becker-F0365003-E0000.840.1960                     11 3.81000E+01 1.38400E+02
d-B010-MT801-Becker-F0365003-E0000.970.1960                     11 3.81000E+01 1.38900E+02
d-B010-MT801-Becker-F0365003-E0001.130.1960                     11 3.85000E+01 1.38100E+02
d-B010-MT801-Becker-F0365003-E0001.290.1960                     11 3.80000E+01 1.37200E+02
d-B010-MT801-Becker-F0365003-E0001.480.1960                     11 3.80000E+01 1.38800E+02
d-B010-MT801-Comsan-F0372004-E0000.800.1968                     15 1.60000E+01 1.58000E+02
d-B010-MT801-Comsan-F0372004-E0001.000.1968                     15 1.60000E+01 1.57400E+02
d-B010-MT801-Comsan-F0372004-E0001.200.1968                     15 1.88000E+01 1.54700E+02
d-B010-MT801-Comsan-F0372004-E0001.400.1968                     15 1.78000E+01 1.59300E+02
d-B010-MT801-Comsan-F0372004-E0001.600.1968                     15 1.77000E+01 1.55500E+02
d-B010-MT801-Comsan-F0372004-E0001.800.1968                     15 1.29000E+01 1.55200E+02
d-B010-MT801-Comsan-F0372004-E0002.000.1968                     15 1.29000E+01 1.54300E+02
d-B010-MT801-Comsan-F0372004-E0002.200.1968                     15 1.47000E+01 1.54400E+02
d-B010-MT801-Comsan-F0372004-E0002.300.1968                     15 1.57000E+01 1.55600E+02
d-B010-MT801-Comsan-F0372004-E0002.400.1968                     15 1.68000E+01 1.57500E+02
d-B010-MT801-Comsan-F0372004-E0002.500.1968                     15 1.68000E+01 1.56900E+02
d-B010-MT801-Purser-F0215006-E0000.977.1963                     45 1.56000E+02 1.56000E+02
