#              Filename                                         N    min         max
p-B011-MT002-Alkhazov-O1257003-ang-E1000.000.1985               45 4.90001E+00 2.40000E+01
p-B011-MT002-Amar-D8002004-ang-E0000.543.2011                   66 2.00000E+01 1.68000E+02
p-B011-MT002-Chiari-O0922005-ang-E0000.500.2001               1597 1.30000E+02 1.70000E+02
p-B011-MT002-Deineko-F0285002-ang-E0001.854.1974                87 1.19400E+02 1.19400E+02
p-B011-MT002-Hannen-O1177005-ang-E0150.000.2003                 33 3.10009E+00 2.88000E+01
p-B011-MT002-Hoehn-F0288003-ang-E0005.410.1981                  71 1.50000E+02 1.50000E+02
p-B011-MT002-Hussein-F0826002-ang-E0013.000.1986                 7 3.43000E+01 1.38800E+02
p-B011-MT002-Karban-D0291002-ang-E0030.500.1969                 30 2.00000E+01 1.64900E+02
p-B011-MT002-Kokkoris-O1876002-ang-E0002.177.2010              246 1.35000E+02 1.60000E+02
p-B011-MT002-Mashkarov-F0349003-ang-E0001.858.1975              69 1.20000E+02 1.20000E+02
p-B011-MT002-Mayer-O0864003-ang-E0001.692.1998                  15 1.65000E+02 1.65000E+02
p-B011-MT002-Rihet-F1095002-ang-E0003.007.1977                   1 8.99000E+01 1.70100E+02
p-B011-MT002-Rihet-F1095002-ang-E0003.020.1977                   1 8.99000E+01 1.39900E+02
p-B011-MT002-Rihet-F1095002-ang-E0003.026.1977                   1 1.39900E+02 1.70100E+02
p-B011-MT002-Rihet-F1095002-ang-E0003.030.1977                   1 3.99000E+01 1.70100E+02
p-B011-MT002-Rihet-F1095002-ang-E0003.034.1977                   1 3.99000E+01 8.99000E+01
p-B011-MT002-Rihet-F1095002-ang-E0003.040.1977                   1 8.99000E+01 1.70100E+02
p-B011-MT002-Rihet-F1095002-ang-E0003.048.1977                   1 3.99000E+01 1.70100E+02
p-B011-MT002-Rihet-F1095002-ang-E0003.052.1977                   1 3.99000E+01 1.39900E+02
p-B011-MT002-Rihet-F1095002-ang-E0003.056.1977                   1 8.99000E+01 1.39900E+02
p-B011-MT002-Rihet-F1095002-ang-E0003.061.1977                   1 8.99000E+01 1.70100E+02
p-B011-MT002-Rihet-F1095002-ang-E0003.071.1977                   1 3.99000E+01 1.70100E+02
p-B011-MT002-Rihet-F1095002-ang-E0003.073.1977                   1 3.99000E+01 8.99000E+01
p-B011-MT002-Rihet-F1095002-ang-E0003.089.1977                   1 8.99000E+01 1.70100E+02
p-B011-MT002-Rihet-F1095002-ang-E0003.089A001.1977               1 3.99000E+01 1.70100E+02
p-B011-MT002-Rihet-F1095002-ang-E0003.091.1977                   1 3.99000E+01 1.39900E+02
p-B011-MT002-Rihet-F1095002-ang-E0003.095.1977                   1 1.39900E+02 1.70100E+02
p-B011-MT002-Rihet-F1095002-ang-E0003.104.1977                   1 8.99000E+01 1.70100E+02
p-B011-MT002-Rihet-F1095002-ang-E0003.106.1977                   1 3.99000E+01 8.99000E+01
p-B011-MT002-Rihet-F1095002-ang-E0003.108.1977                   1 3.99000E+01 1.70100E+02
p-B011-MT002-Rihet-F1095002-ang-E0003.114.1977                   1 3.99000E+01 1.70100E+02
p-B011-MT002-Rihet-F1095002-ang-E0003.123.1977                   1 3.99000E+01 1.70100E+02
p-B011-MT002-Rihet-F1095002-ang-E0003.125.1977                   1 8.99000E+01 1.70100E+02
p-B011-MT002-Rihet-F1095002-ang-E0003.129.1977                   1 8.99000E+01 1.39900E+02
p-B011-MT002-Rihet-F1095002-ang-E0003.131.1977                   1 8.99000E+01 1.39900E+02
p-B011-MT002-Rihet-F1095002-ang-E0003.150.1977                   1 8.99000E+01 1.70100E+02
p-B011-MT002-Rihet-F1095002-ang-E0003.150A001.1977               1 3.99000E+01 1.70100E+02
p-B011-MT002-Rihet-F1095002-ang-E0003.151.1977                   1 3.99000E+01 1.39900E+02
p-B011-MT002-Rihet-F1095002-ang-E0003.156.1977                   1 1.39900E+02 1.70100E+02
p-B011-MT002-Rihet-F1095002-ang-E0003.163.1977                   1 3.99000E+01 1.70100E+02
p-B011-MT002-Rihet-F1095002-ang-E0003.168.1977                   1 3.99000E+01 1.39900E+02
p-B011-MT002-Rihet-F1095002-ang-E0003.171.1977                   1 8.99000E+01 1.39900E+02
p-B011-MT002-Rihet-F1095002-ang-E0003.173.1977                   1 8.99000E+01 1.70100E+02
p-B011-MT002-Rihet-F1095002-ang-E0003.183.1977                   1 1.39900E+02 1.70100E+02
p-B011-MT002-Rihet-F1095002-ang-E0003.189.1977                   1 8.99000E+01 1.39900E+02
p-B011-MT002-Rihet-F1095002-ang-E0003.190.1977                   1 8.99000E+01 1.70100E+02
p-B011-MT002-Rihet-F1095002-ang-E0003.193.1977                   1 3.99000E+01 1.70100E+02
p-B011-MT002-Rihet-F1095002-ang-E0003.196.1977                   1 3.99000E+01 1.70100E+02
p-B011-MT002-Rihet-F1095002-ang-E0003.203.1977                   1 8.99000E+01 1.70100E+02
p-B011-MT002-Rihet-F1095002-ang-E0003.203A001.1977               1 8.99000E+01 1.39900E+02
p-B011-MT002-Rihet-F1095002-ang-E0003.207.1977                   1 3.99000E+01 1.39900E+02
p-B011-MT002-Rihet-F1095002-ang-E0003.212.1977                   1 3.99000E+01 1.70100E+02
p-B011-MT002-Rihet-F1095002-ang-E0003.216.1977                   1 3.99000E+01 1.70100E+02
p-B011-MT002-Rihet-F1095002-ang-E0003.220.1977                   1 3.99000E+01 1.70100E+02
p-B011-MT002-Rihet-F1095002-ang-E0003.226.1977                   1 8.99000E+01 1.70100E+02
p-B011-MT002-Rihet-F1095002-ang-E0003.226A001.1977               1 3.99000E+01 8.99000E+01
p-B011-MT002-Rihet-F1095002-ang-E0003.232.1977                   1 3.99000E+01 1.70100E+02
p-B011-MT002-Rihet-F1095002-ang-E0003.238.1977                   1 1.39900E+02 1.70100E+02
p-B011-MT002-Rihet-F1095002-ang-E0003.242.1977                   1 8.99000E+01 1.39900E+02
p-B011-MT002-Rihet-F1095002-ang-E0003.249.1977                   1 8.99000E+01 1.70100E+02
p-B011-MT002-Rihet-F1095002-ang-E0003.251.1977                   1 3.99000E+01 1.70100E+02
p-B011-MT002-Rihet-F1095002-ang-E0003.253.1977                   1 3.99000E+01 1.39900E+02
p-B011-MT002-Rihet-F1095002-ang-E0003.260.1977                   1 3.99000E+01 1.39900E+02
p-B011-MT002-Rihet-F1095002-ang-E0003.263.1977                   1 3.99000E+01 3.99000E+01
p-B011-MT002-Segel-F0332008-ang-E0001.028.1965                 117 1.61400E+02 1.61400E+02
p-B011-MT002-Tautfest-C0847002-ang-E0000.566.1956              227 1.50000E+02 1.50000E+02
p-B011-MT002-Valkovic-F0371003-ang-E0007.490.1975               35 1.40000E+02 1.40000E+02
