#              Filename                                         N    min         max
n-Mg024-MT051-Adelfawzy-30613006-ang-E0007.000.1985             44 2.01000E+01 1.60100E+02
n-Mg024-MT051-Adelfawzy-30613009-ang-E0007.000.1985              8 2.04000E+01 1.60500E+02
n-Mg024-MT051-Adelfawzy-30613009-ang-E0008.000.1985              8 2.03000E+01 1.60400E+02
n-Mg024-MT051-Adelfawzy-30613009-ang-E0009.000.1985              6 2.03000E+01 1.40600E+02
n-Mg024-MT051-Adelfawzy-30613009-ang-E0010.000.1985              7 2.02000E+01 1.60300E+02
n-Mg024-MT051-Adelfawzy-30613009-ang-E0011.000.1985              7 2.02000E+01 1.60200E+02
n-Mg024-MT051-Adelfawzy-30613009-ang-E0012.000.1985              6 4.04000E+01 1.60200E+02
n-Mg024-MT051-Brugger-21246002-ang-E0002.936.1962               14 8.76000E+01 8.76000E+01
n-Mg024-MT051-Clarke-11286010-ang-E0014.100.1964                14 3.37000E+01 1.50800E+02
n-Mg024-MT051-Fedorov-40202003-ang-E0002.860.1970                8 2.88000E+01 1.33200E+02
n-Mg024-MT051-Korzh-32206003-ang-E0002.000.1994                 68 2.00000E+01 1.50000E+02
n-Mg024-MT051-Olsson-22128003-ang-E0021.600.1990                63 1.00000E+01 1.62000E+02
n-Mg024-MT051-Schweitzer-30463011-ang-E0003.400.1978            11 1.54000E+01 1.50400E+02
n-Mg024-MT051-Stewart-21490003-ang-E0006.100.1965               13 3.55000E+01 1.48100E+02
n-Mg024-MT051-Thomson-11493008-ang-E0002.959.1962               10 2.02000E+01 1.50500E+02
n-Mg024-MT051-Thomson-11493008-ang-E0003.949.1962               10 2.02000E+01 1.50300E+02
n-Mg024-MT051-Virdis-21773004-ang-E0009.760.1981                28 1.51000E+01 1.60100E+02
n-Mg024-MT051-Virdis-21773006-ang-E0009.760.1981                28 1.52000E+01 1.60300E+02
n-Mg024-MT051-Virdis-21773012-ang-E0014.830.1981                28 1.50000E+01 1.60100E+02
