#              Filename                                         N    min         max
n-Nd144-MT151-Alves-206880251.1969                               1 7.33800E-04 7.33800E-04
n-Nd144-MT151-Alves-206880252.1969                               1 7.33800E-04 7.33800E-04
n-Nd144-MT151-Alves-206880253.1969                               1 7.33800E-04 7.33800E-04
n-Nd144-MT151-Alves-206880254.1969                               1 7.33800E-04 7.33800E-04
n-Nd144-MT151-Barry-14093003.2006                                1 5.00500E-04 5.00500E-04
n-Nd144-MT151-Barry-14093017.2006                                1 3.74400E-04 3.74400E-04
n-Nd144-MT151-Barry-14093018.2006                                1 3.74400E-04 3.74400E-04
n-Nd144-MT151-Karzhavina-40113007.1969                           1 1.63500E-03 1.63500E-03
n-Nd144-MT151-Karzhavina-40113016.1969                           2 3.76000E-03 5.20000E-03
n-Nd144-MT151-Karzhavina-401130171.1969                         18 3.74000E-04 1.35400E-02
n-Nd144-MT151-Karzhavina-401130172.1969                         18 3.74000E-04 1.35400E-02
n-Nd144-MT151-Karzhavina-40113018.1969                          18 3.74000E-04 1.35400E-02
n-Nd144-MT151-Karzhavina-40113019.1969                           2 7.36000E-04 1.63500E-03
n-Nd144-MT151-Karzhavina-40113020.1969                           2 7.59400E-03 7.59400E-03
n-Nd144-MT151-Karzhavina-40113021.1969                           2 7.59400E-03 7.59400E-03
n-Nd144-MT151-Kononov-405130061.1977                             2 1.77500E-01 1.77500E-01
n-Nd144-MT151-Tellier-20121015.1971                              1 7.33700E-04 7.33700E-04
n-Nd144-MT151-Tellier-20121017.1971                             35 3.73800E-04 1.94100E-02
n-Nd144-MT151-Tellier-20121018.1971                              5 3.73800E-04 1.97500E-03
n-Nd144-MT151-Tellier-20121019.1971                              1 9.70000E-03 9.70000E-03
n-Nd144-MT151-Tellier-20121020.1971                              1 9.70000E-03 9.70000E-03
n-Nd144-MT151-Wisshak-223890031.1998                            78 2.77600E-03 1.99000E-02
