#              Filename                                         N    min         max
n-Te123-MT151-Anufriev-411000031.1990                            6 2.34000E-06 1.32000E-04
n-Te123-MT151-Anufriev-411000032.1990                            6 2.34000E-06 1.32000E-04
n-Te123-MT151-Bolotin-119880031.1960                             4 2.41000E-05 1.59000E-04
n-Te123-MT151-Bolotin-119880033.1960                             4 2.41000E-05 1.59000E-04
n-Te123-MT151-Cauvin-20126004.1971                              19 2.41000E-05 6.63200E-04
n-Te123-MT151-Cote-120020031.1964                                8 2.33400E-06 3.66000E-04
n-Te123-MT151-Cote-120020032.1964                                6 2.33400E-06 1.57000E-04
n-Te123-MT151-Danelyan-41270006.1963                             1 1.83667E-04 1.83667E-04
n-Te123-MT151-Danelyan-412700091.1963                           11 2.39000E-05 3.65000E-04
n-Te123-MT151-Danelyan-412700094.1963                            4 2.39000E-05 1.57000E-04
n-Te123-MT151-Danelyan-412700095.1963                            4 2.39000E-05 1.57000E-04
n-Te123-MT151-Danelyan-412700096.1963                            5 2.39000E-05 1.57000E-04
n-Te123-MT151-Danelyan-412700097.1963                            3 2.39000E-05 9.60000E-05
n-Te123-MT151-Danelyan-412700098.1963                            5 9.60000E-05 1.57000E-04
n-Te123-MT151-Danelyan-41270011.1963                             1 7.96670E-05 7.96670E-05
n-Te123-MT151-Foote-120000021.1954                               1 2.33400E-06 2.33400E-06
n-Te123-MT151-Foote-120000022.1954                               1 2.33400E-06 2.33400E-06
n-Te123-MT151-Foote-120000023.1954                               1 2.33400E-06 2.33400E-06
n-Te123-MT151-Foote-120000024.1954                               1 2.33400E-06 2.33400E-06
n-Te123-MT151-Heindl-119910061.1951                              1 2.20000E-06 2.20000E-06
n-Te123-MT151-Macklin-131670081.1989                           318 2.67200E-03 7.65300E-03
n-Te123-MT151-Macklin-131670082.1989                           318 2.67200E-03 7.65300E-03
n-Te123-MT151-Macklin-13167013.1989                             22 2.67200E-03 7.47100E-03
n-Te123-MT151-Macklin-13167018.1989                              1 4.30000E-03 4.30000E-03
n-Te123-MT151-Mughabghab-12637002.1968                           3 2.30000E-06 3.59000E-05
n-Te123-MT151-Simpson-119960031.1956                             2 2.39000E-05 3.58000E-05
n-Te123-MT151-Simpson-119960032.1956                             2 2.39000E-05 3.58000E-05
n-Te123-MT151-Tellier-20120014.1970                             17 2.41000E-05 6.63500E-04
n-Te123-MT151-Tellier-20120016.1970                             42 2.41000E-05 1.99800E-03
n-Te123-MT151-Tellier-20120017.1970                             24 2.41000E-05 6.63500E-04
n-Te123-MT151-Tellier-20120018.1970                              1 3.30000E-04 3.30000E-04
n-Te123-MT151-Tellier-20120019.1970                              2 3.30000E-04 3.30000E-04
n-Te123-MT151-Tellier-20120020.1970                              1 3.30000E-04 3.30000E-04
