#              Filename                                         N    min         max     
n-U238-MT460-Yamamoto-21909004-E0014.500.1979                   79 1.45000E+01 1.45000E+01
n-U238-MT460-Vives-22402005-E0001.200.2000                      84 1.20000E+00 1.20000E+00
n-U238-MT460-Vives-22402005-E0001.300.2000                      84 1.30000E+00 1.30000E+00
n-U238-MT460-Vives-22402005-E0001.600.2000                     102 1.60000E+00 1.60000E+00
n-U238-MT460-Vives-22402005-E0001.700.2000                     108 1.70000E+00 1.70000E+00
n-U238-MT460-Vives-22402005-E0001.800.2000                      96 1.80000E+00 1.80000E+00
n-U238-MT460-Vives-22402005-E0002.000.2000                     100 2.00000E+00 2.00000E+00
n-U238-MT460-Vives-22402005-E0002.500.2000                     108 2.50000E+00 2.50000E+00
n-U238-MT460-Vives-22402005-E0003.000.2000                      98 3.00000E+00 3.00000E+00
n-U238-MT460-Vives-22402005-E0003.500.2000                     100 3.50000E+00 3.50000E+00
n-U238-MT460-Vives-22402005-E0003.800.2000                     100 3.80000E+00 3.80000E+00
n-U238-MT460-Vives-22402005-E0004.000.2000                     106 4.00000E+00 4.00000E+00
n-U238-MT460-Vives-22402005-E0004.500.2000                     112 4.50000E+00 4.50000E+00
n-U238-MT460-Vives-22402005-E0005.000.2000                     116 5.00000E+00 5.00000E+00
n-U238-MT460-Vives-22402005-E0005.500.2000                     108 5.50000E+00 5.50000E+00
n-U238-MT460-Vives-22402005-E0005.800.2000                     110 5.80000E+00 5.80000E+00
n-U238-MT460-Zoeller-22799003-E0002.000.1995                    47 2.00000E+00 2.00000E+00
n-U238-MT460-Zoeller-22799003-E0003.500.1995                    47 3.50000E+00 3.50000E+00
n-U238-MT460-Zoeller-22799003-E0005.500.1995                    48 5.50000E+00 5.50000E+00
n-U238-MT460-Zoeller-22799003-E0007.500.1995                    48 7.50000E+00 7.50000E+00
n-U238-MT460-Zoeller-22799003-E0010.000.1995                    48 1.00000E+01 1.00000E+01
n-U238-MT460-Zoeller-22799003-E0013.000.1995                    49 1.30000E+01 1.30000E+01
n-U238-MT460-Zoeller-22799003-E0016.250.1995                    48 1.62500E+01 1.62500E+01
n-U238-MT460-Zoeller-22799003-E0020.000.1995                    47 2.00000E+01 2.00000E+01
n-U238-MT460-Zoeller-22799003-E0027.500.1995                    47 2.75000E+01 2.75000E+01
n-U238-MT460-Zoeller-22799003-E0039.000.1995                    50 3.90000E+01 3.90000E+01
n-U238-MT460-Zoeller-22799003-E0050.000.1995                    49 5.00000E+01 5.00000E+01
n-U238-MT460-Zoeller-22799003-E0063.000.1995                    24 6.30000E+01 6.30000E+01
n-U238-MT460-Zoeller-22799003-E0080.000.1995                    25 8.00000E+01 8.00000E+01
n-U238-MT460-Zoeller-22799003-E0099.500.1995                    25 9.95000E+01 9.95000E+01
n-U238-MT460-Zoeller-22799003-E0120.000.1995                    25 1.20000E+02 1.20000E+02
n-U238-MT460-Zoeller-22799003-E0137.500.1995                    25 1.37500E+02 1.37500E+02
n-U238-MT460-Zoeller-22799003-E0160.000.1995                    25 1.60000E+02 1.60000E+02
n-U238-MT460-Zoeller-22799003-E0200.000.1995                    25 2.00000E+02 2.00000E+02
n-U238-MT460-Zoeller-22799003-E0250.000.1995                    27 2.50000E+02 2.50000E+02
n-U238-MT460-Zoeller-22799003-E0300.000.1995                    27 3.00000E+02 3.00000E+02
n-U238-MT460-Zoeller-22799003-E0362.500.1995                    29 3.62500E+02 3.62500E+02
n-U238-MT460-Zoeller-22799003-E0450.000.1995                    26 4.50000E+02 4.50000E+02
n-U238-MT460-Ryzhov-23119002-E0032.800.2011                    105 3.28000E+01 3.28000E+01
n-U238-MT460-Ryzhov-23119002-E0045.300.2011                    106 4.53000E+01 4.53000E+01
n-U238-MT460-Ryzhov-23119002-E0059.900.2011                    103 5.99000E+01 5.99000E+01
n-U238-MT460-Ryzhov-23119004-E0010.000.2011                     54 1.00000E+01 1.00000E+01
n-U238-MT460-Ryzhov-23119004-E0012.500.2011                     85 1.25000E+01 1.25000E+01
n-U238-MT460-Ryzhov-23119004-E0016.500.2011                     85 1.65000E+01 1.65000E+01
n-U238-MT460-Ryzhov-23119004-E0022.500.2011                     85 2.25000E+01 2.25000E+01
n-U238-MT460-Ryzhov-23119004-E0033.000.2011                     85 3.30000E+01 3.30000E+01
n-U238-MT460-Goverdovskiy-41562002-E0001.110.2000               42 1.11000E+00 1.11000E+00
n-U238-MT460-Goverdovskiy-41562003-E0001.250.2000               42 1.25000E+00 1.25000E+00
n-U238-MT460-Goverdovskii-41682004-E0001.000.1993               42 1.00000E+00 1.00000E+00
n-U238-MT460-Goverdovskii-41682005-E0016.500.1993               41 1.65000E+01 1.65000E+01
