#              Filename                                         N    min         max
n-Al027-MT051-Bonazzola-21080003-ang-E0014.200.1965              7 2.51000E+01 8.74000E+01
n-Al027-MT051-Bonazzola-21080004-ang-E0014.200.1965              7 2.51000E+01 8.74000E+01
n-Al027-MT051-Bonazzola-21080005-ang-E0014.200.1965              7 2.51000E+01 8.74000E+01
n-Al027-MT051-Bonazzola-21080006-ang-E0014.200.1965              7 2.51000E+01 8.74000E+01
n-Al027-MT051-Bonazzola-21080007-ang-E0014.200.1965              7 2.51000E+01 8.74000E+01
n-Al027-MT051-Kammerdiener-14329016-ang-E0014.000.1972          13 2.41000E+01 1.54100E+02
n-Al027-MT051-Kammerdiener-14329018-ang-E0014.000.1972          13 2.63000E+01 1.55100E+02
n-Al027-MT051-Kinney-10106002-ang-E0004.460.1970                 1 5.52000E+01 9.02000E+01
n-Al027-MT051-Kinney-10106002-ang-E0004.460A001.1970             1 5.52000E+01 9.02000E+01
n-Al027-MT051-Kinney-10106002-ang-E0005.000.1970                 3 5.52000E+01 9.02000E+01
n-Al027-MT051-Kinney-10106002-ang-E0005.000A001.1970             3 5.52000E+01 9.02000E+01
n-Al027-MT051-Kinney-10106002-ang-E0005.180.1970                 1 9.02000E+01 9.03000E+01
n-Al027-MT051-Kinney-10106002-ang-E0005.180A001.1970             1 9.02000E+01 9.03000E+01
n-Al027-MT051-Kinney-10106003-ang-E0004.190.1970               305 9.03000E+01 9.03000E+01
n-Al027-MT051-Martin-21046003-ang-E0005.950.1968                36 2.75001E+01 1.52999E+02
n-Al027-MT051-Martin-22588008-ang-E0005.950.1968                36 2.75013E+01 1.53766E+02
n-Al027-MT051-Poole-21377003-ang-E0002.500.1953                  1 9.70000E+01 9.70000E+01
n-Al027-MT051-Schectman-11698009-ang-E0014.100.1965              1 9.00000E+01 9.00000E+01
n-Al027-MT051-Schweitzer-30463029-ang-E0003.400.1978            10 1.54000E+01 1.50100E+02
n-Al027-MT051-Stelson-11527005-ang-E0014.000.1965               30 3.07000E+01 1.03000E+02
n-Al027-MT051-Tanaka-20343004-ang-E0004.810.1970               130 3.01000E+01 1.48100E+02
n-Al027-MT051-Tanaka-20343005-ang-E0005.960.1970                12 3.07000E+01 1.41700E+02
n-Al027-MT051-Tanaka-20343005-ang-E0007.020.1970                12 3.06000E+01 1.40900E+02
n-Al027-MT051-Tanaka-20343005-ang-E0008.030.1970                13 3.03000E+01 1.48300E+02
n-Al027-MT051-Tanaka-20343005-ang-E0008.030A001.1970            12 3.06000E+01 1.40700E+02
n-Al027-MT051-Thomson-11495002-ang-E0007.000.1963                2 9.00000E+01 9.00000E+01
n-Al027-MT051-Towle-20958008-ang-E0002.010.1962                  8 3.05000E+01 1.37800E+02
n-Al027-MT051-Towle-20958009-ang-E0003.010.1962                 11 3.12000E+01 1.36500E+02
n-Al027-MT051-Towle-20958011-ang-E0003.990.1962                  5 9.02000E+01 1.36700E+02
n-Al027-MT051-Towle-20958014-ang-E0003.990.1962                 11 3.12000E+01 1.38200E+02
n-Al027-MT051-Trykova-40338008-ang-E0004.370.1975                5 3.00000E+01 1.50000E+02
n-Al027-MT051-Trykova-40338010-ang-E0004.370.1975                5 3.00000E+01 1.50000E+02
n-Al027-MT051-Tsukada-20341005-ang-E0003.500.1961                7 1.44000E+01 1.38600E+02
n-Al027-MT051-Tsukada-20341005-ang-E0003.850.1961                7 1.44000E+01 1.38600E+02
n-Al027-MT051-Tsukada-20341006-ang-E0004.200.1961               24 1.44000E+01 1.38600E+02
n-Al027-MT051-Wang-12892005-ang-E0007.000.1987                  27 3.00000E+01 1.39700E+02
n-Al027-MT051-Weddell-11479002-ang-E0004.400.1956                3 8.19984E+01 8.19984E+01
n-Al027-MT051-Whisnant-12875003-ang-E0010.873.1984              29 2.02000E+01 1.49900E+02
n-Al027-MT051-Whisnant-12875003-ang-E0010.873A001.1984          29 2.02000E+01 1.50000E+02
n-Al027-MT051-Whisnant-12875003-ang-E0013.883.1984              28 2.02000E+01 1.59800E+02
n-Al027-MT051-Whisnant-12875003-ang-E0013.883A001.1984          28 2.02000E+01 1.59800E+02
n-Al027-MT051-Whisnant-12875003-ang-E0016.883.1984              28 2.03000E+01 1.59600E+02
n-Al027-MT051-Whisnant-12875003-ang-E0016.883A001.1984          28 2.03000E+01 1.59600E+02
