#              Filename                                         N    min         max
a-Al027-MT701-Yasue-E1206022-E0064.500.1982                     15 4.79996E+00 5.13000E+01
a-Al027-MT701-Yasue-E1206026-E0064.500.1982                      5 5.99999E+00 2.60000E+01
a-Al027-MT701-Yasue-E1206027-E0064.500.1982                      6 6.10002E+00 3.12000E+01
a-Al027-MT701-Yasue-E1206028-E0064.500.1982                     18 3.20008E+00 5.01000E+01
a-Al027-MT701-Yasue-E1206034-E0064.500.1982                      5 5.99999E+00 3.12000E+01
a-Al027-MT701-Yasue-E1206035-E0064.500.1982                      5 7.10001E+00 2.58000E+01
a-Al027-MT701-Yasue-E1206036-E0064.500.1982                     16 3.10009E+00 4.98000E+01
a-Al027-MT701-Yasue-E1206048-E0064.500.1982                     14 4.19997E+00 5.12000E+01
a-Al027-MT701-Yasue-E1206049-E0064.500.1982                      5 7.89998E+00 3.17000E+01
a-Al027-MT701-Yasue-E1206050-E0064.500.1982                      4 5.90000E+00 2.13000E+01
a-Al027-MT701-Yasue-E1206051-E0064.500.1982                      5 6.40000E+00 3.15000E+01
a-Al027-MT701-Yasue-E1206052-E0064.500.1982                      5 5.80002E+00 3.08000E+01
a-Al027-MT701-Yasue-E1206053-E0064.500.1982                      4 5.99999E+00 3.07000E+01
a-Al027-MT701-Yasue-E1206054-E0064.500.1982                      6 5.90000E+00 3.06000E+01
a-Al027-MT701-Yasue-E1206055-E0064.500.1982                     15 3.69999E+00 5.17000E+01
a-Al027-MT701-Yasue-E1206056-E0064.500.1982                     14 4.19997E+00 5.14000E+01
a-Al027-MT701-Yasue-E1206057-E0064.500.1982                     14 3.69999E+00 4.96000E+01
a-Al027-MT701-Yasue-E1206058-E0064.500.1982                     15 3.00003E+00 5.00000E+01
a-Al027-MT701-Yasue-E1206059-E0064.500.1982                     16 2.69994E+00 4.94000E+01
a-Al027-MT701-Yasue-E1206060-E0064.500.1982                     14 2.59993E+00 5.10000E+01
a-Al027-MT701-Yasue-E1206061-E0064.500.1982                     15 5.69997E+00 5.07000E+01
a-Al027-MT701-Yasue-E1206062-E0064.500.1982                     15 2.80002E+00 4.88000E+01
a-Al027-MT701-Yasue-E1206063-E0064.500.1982                     15 4.30002E+00 4.95000E+01
a-Al027-MT701-Yasue-E1206064-E0064.500.1982                     15 4.99999E+00 5.07000E+01
a-Al027-MT701-Yasue-E1206066-E0064.500.1982                     15 3.40001E+00 4.84000E+01
a-Al027-MT701-Yasue-E1206067-E0064.500.1982                     15 4.50002E+00 4.96000E+01
a-Al027-MT701-Yasue-E1206068-E0064.500.1982                     15 3.99998E+00 4.94000E+01
a-Al027-MT701-Yasue-E1206069-E0064.500.1982                     15 4.90001E+00 5.01000E+01
a-Al027-MT701-Yasue-E1206070-E0064.500.1982                     15 4.90001E+00 5.01000E+01
