#              Filename                                         N    min         max
n-Gd152-MT151-Anufriev-409840021.1987                           10 1.24600E-05 1.84000E-04
n-Gd152-MT151-Anufriev-409840023.1987                            3 1.24600E-05 3.92000E-05
n-Gd152-MT151-Karzhavina-40162002.1969                          18 8.00000E-06 2.93000E-04
n-Gd152-MT151-Karzhavina-40162003.1969                          15 8.00000E-06 2.31000E-04
n-Gd152-MT151-Karzhavina-40162004.1969                          14 1.23500E-05 2.31000E-04
n-Gd152-MT151-Karzhavina-40162005.1969                           6 3.68600E-05 1.85200E-04
n-Gd152-MT151-Karzhavina-40162006.1969                           5 3.68600E-05 1.85200E-04
n-Gd152-MT151-Karzhavina-40162036.1969                           1 1.21000E-04 1.21000E-04
n-Gd152-MT151-Karzhavina-40162037.1969                           1 3.80800E-05 3.80800E-05
n-Gd152-MT151-Karzhavina-40162038.1969                           2 1.19000E-04 1.19000E-04
n-Gd152-MT151-Leinweber-141100051.2006                          18 1.23500E-05 2.93400E-04
n-Gd152-MT151-Leinweber-141100052.2006                          18 1.23500E-05 2.93400E-04
n-Gd152-MT151-Leinweber-141100053.2006                          18 1.23500E-05 2.93400E-04
n-Gd152-MT151-Macklin-129870021.1987                           128 1.23500E-05 2.65770E-03
n-Gd152-MT151-Macklin-129870022.1987                           128 1.23500E-05 2.65770E-03
n-Gd152-MT151-Macklin-129870031.1987                            30 7.43400E-05 2.41070E-03
n-Gd152-MT151-Macklin-129870032.1987                            30 7.43400E-05 2.41070E-03
n-Gd152-MT151-Macklin-129870033.1987                            30 7.43400E-05 2.41070E-03
n-Gd152-MT151-Macklin-129870034.1987                            30 7.43400E-05 2.41070E-03
n-Gd152-MT151-Vertebny-401840021.1969                           10 3.31000E-06 9.35000E-05
n-Gd152-MT151-Vertebny-401840022.1969                           10 3.31000E-06 9.35000E-05
n-Gd152-MT151-Vertebnyy-409860031.1987                           2 8.00000E-06 1.23500E-05
n-Gd152-MT151-Vertebnyy-409860032.1987                           1 1.23500E-05 1.23500E-05
