#              Filename                                         N    min         max
p-Cr052-MT648-Fujiwara-E1089055-ang-E0065.000.1985               5 6.49999E+00 1.95000E+01
p-Cr052-MT648-Fujiwara-E1089056-ang-E0065.000.1985              14 6.69999E+00 6.48000E+01
p-Cr052-MT648-Fujiwara-E1089057-ang-E0065.000.1985              15 7.10001E+00 6.54000E+01
p-Cr052-MT648-Fujiwara-E1089058-ang-E0065.000.1985              13 6.60004E+00 6.56000E+01
p-Cr052-MT648-Fujiwara-E1089059-ang-E0065.000.1985              14 7.10001E+00 6.41000E+01
p-Cr052-MT648-Fujiwara-E1089060-ang-E0065.000.1985              11 7.10001E+00 4.51000E+01
p-Cr052-MT648-Fujiwara-E1089061-ang-E0065.000.1985              11 6.49999E+00 4.52000E+01
p-Cr052-MT648-Fujiwara-E1089062-ang-E0065.000.1985              12 7.00003E+00 4.90000E+01
p-Cr052-MT648-Fujiwara-E1089066-ang-E0065.000.1985              13 9.90000E+00 6.54000E+01
p-Cr052-MT648-Fujiwara-E1089067-ang-E0065.000.1985              14 1.01000E+01 7.01000E+01
p-Cr052-MT648-Fujiwara-E1089068-ang-E0065.000.1985              14 1.04000E+01 6.98000E+01
p-Cr052-MT648-Fujiwara-E1089069-ang-E0065.000.1985              13 9.90000E+00 6.01000E+01
p-Cr052-MT648-Fujiwara-E1089070-ang-E0065.000.1985              14 7.00003E+00 6.44000E+01
p-Cr052-MT648-Fujiwara-E1089071-ang-E0065.000.1985              12 7.00003E+00 5.51000E+01
p-Cr052-MT648-Fujiwara-E1089072-ang-E0065.000.1985              13 6.60004E+00 5.94000E+01
p-Cr052-MT648-Fujiwara-E1089074-ang-E0065.000.1985              13 9.90000E+00 6.95000E+01
p-Cr052-MT648-Fujiwara-E1089075-ang-E0065.000.1985              13 9.80000E+00 6.53000E+01
p-Cr052-MT648-Fujiwara-E1089076-ang-E0065.000.1985              15 1.04000E+01 7.03000E+01
p-Cr052-MT648-Fujiwara-E1089077-ang-E0065.000.1985              14 9.80000E+00 7.02000E+01
p-Cr052-MT648-Fujiwara-E1089078-ang-E0065.000.1985               9 6.10002E+00 3.54000E+01
p-Cr052-MT648-Fujiwara-E1089079-ang-E0065.000.1985              15 6.69999E+00 6.51000E+01
p-Cr052-MT648-Fujiwara-E1089080-ang-E0065.000.1985              16 6.49999E+00 7.06000E+01
p-Cr052-MT648-Fujiwara-E1089081-ang-E0065.000.1985              13 8.30000E+00 6.51000E+01
p-Cr052-MT648-Fujiwara-E1089082-ang-E0065.000.1985              15 6.40000E+00 6.48000E+01
p-Cr052-MT648-Fujiwara-E1089083-ang-E0065.000.1985              11 6.49999E+00 5.01000E+01
p-Cr052-MT648-Fujiwara-E1089084-ang-E0065.000.1985              15 6.79999E+00 6.55000E+01
p-Cr052-MT648-Fujiwara-E1089085-ang-E0065.000.1985              14 8.30000E+00 6.57000E+01
p-Cr052-MT648-Fujiwara-E1089086-ang-E0065.000.1985              12 1.20000E+01 6.53000E+01
p-Cr052-MT648-Fujiwara-E1089087-ang-E0065.000.1985              12 6.49999E+00 5.96000E+01
p-Cr052-MT648-Fujiwara-E1089088-ang-E0065.000.1985              13 6.60004E+00 5.97000E+01
p-Cr052-MT648-Fujiwara-E1089089-ang-E0065.000.1985              13 7.10001E+00 6.01000E+01
p-Cr052-MT648-Fujiwara-E1089090-ang-E0065.000.1985              15 7.19999E+00 6.39000E+01
p-Cr052-MT648-Fujiwara-E1089091-ang-E0065.000.1985              13 7.30001E+00 6.46000E+01
p-Cr052-MT648-Fujiwara-E1089092-ang-E0065.000.1985              13 6.29999E+00 6.51000E+01
p-Cr052-MT648-Fujiwara-E1089093-ang-E0065.000.1985              13 7.00003E+00 5.44000E+01
p-Cr052-MT648-Fujiwara-E1089094-ang-E0065.000.1985              13 6.79999E+00 5.44000E+01
p-Cr052-MT648-Fujiwara-E1089095-ang-E0065.000.1985              13 6.60004E+00 5.44000E+01
p-Cr052-MT648-Fujiwara-E1089096-ang-E0065.000.1985               8 1.54000E+01 4.96000E+01
p-Cr052-MT648-Fujiwara-E1089105-ang-E0065.000.1985              15 6.40000E+00 6.36000E+01
p-Cr052-MT648-Fujiwara-E1089106-ang-E0065.000.1985              14 7.30001E+00 6.41000E+01
p-Cr052-MT648-Fujiwara-E1089107-ang-E0065.000.1985              13 7.10001E+00 6.44000E+01
p-Cr052-MT648-Fujiwara-E1089108-ang-E0065.000.1985              14 6.69999E+00 6.47000E+01
p-Cr052-MT648-Perey-C2165051-ang-E0011.000.1968                 29 2.52000E+01 1.60100E+02
p-Cr052-MT648-Peterson-O0402016-ang-E0017.500.1969              16 2.52000E+01 1.19000E+02
p-Cr052-MT648-Peterson-O0402017-ang-E0017.500.1969              15 2.89000E+01 1.18700E+02
p-Cr052-MT648-Peterson-O0402018-ang-E0017.500.1969              16 2.48000E+01 1.18400E+02
p-Cr052-MT648-Peterson-O0402020-ang-E0017.500.1969              16 2.75000E+01 1.20400E+02
p-Cr052-MT648-Peterson-O0402021-ang-E0017.500.1969              15 2.53000E+01 1.21200E+02
p-Cr052-MT648-Peterson-O0402022-ang-E0017.500.1969              14 2.61000E+01 1.20400E+02
p-Cr052-MT648-Peterson-O0402029-ang-E0017.500.1969              14 3.13000E+01 1.20200E+02
p-Cr052-MT648-Peterson-O0402030-ang-E0017.500.1969              15 2.54000E+01 1.20300E+02
p-Cr052-MT648-Peterson-O0402031-ang-E0017.500.1969              14 2.51000E+01 1.20000E+02
p-Cr052-MT648-Peterson-O0402032-ang-E0017.500.1969              13 3.47000E+01 1.09400E+02
p-Cr052-MT648-Peterson-O0402034-ang-E0017.500.1969              16 2.47000E+01 1.18200E+02
p-Cr052-MT648-Peterson-O0402035-ang-E0017.500.1969              16 2.62000E+01 1.19300E+02
p-Cr052-MT648-Peterson-O0402036-ang-E0017.500.1969              17 2.57000E+01 1.19100E+02
