#              Filename                                         N    min         max
n-Cl000-MT001-Angeli-30113012.1970                               1 1.45000E+01 1.45000E+01
n-Cl000-MT001-Brugger-11317003.1956                            488 3.06800E-08 7.17900E-05
n-Cl000-MT001-Brugger-11317004.1956                            144 1.67000E-05 1.50000E-02
n-Cl000-MT001-Cierjacks-20011003.1969                         5129 5.00000E-01 3.19780E+01
n-Cl000-MT001-Cook-11146011.1949                                 1 8.30000E+01 8.30000E+01
n-Cl000-MT001-Cook-11146011A001.1949                             1 8.30000E+01 8.30000E+01
n-Cl000-MT001-Coon-12524016.1952                                 1 1.41200E+01 1.41200E+01
n-Cl000-MT001-Culler-11088008.1955                               8 7.67000E+01 1.06800E+02
n-Cl000-MT001-Culler-11088008A001.1955                           8 7.67000E+01 1.06800E+02
n-Cl000-MT001-Deconninck-20195007.1961                           1 2.84000E+01 2.84000E+01
n-Cl000-MT001-Dejuren-11174011.1950                              1 9.50000E+01 9.50000E+01
n-Cl000-MT001-Dejuren-11174011A001.1950                          1 9.50000E+01 9.50000E+01
n-Cl000-MT001-Dvorack-11305004.1953                             14 2.21000E+00 2.77000E+00
n-Cl000-MT001-Fasoli-20504003.1968                             141 5.09500E+00 8.64000E+00
n-Cl000-MT001-Fosterjr-10047019.1971                           247 2.25900E+00 1.49790E+01
n-Cl000-MT001-Fosterjr-10047019A001.1971                       247 2.25900E+00 1.49790E+01
n-Cl000-MT001-Harvey-13773003.1972                            5725 3.86750E-03 2.49720E+00
n-Cl000-MT001-Hibdon-11261011.1949                               2 1.20000E-04 3.45000E-04
n-Cl000-MT001-Hildebrand-11039015.1950                           1 4.20000E+01 4.20000E+01
n-Cl000-MT001-Hildebrand-11039015A001.1950                       1 4.20000E+01 4.20000E+01
n-Cl000-MT001-Kiehn-11560002.1953                              438 1.33000E-01 1.08400E+00
n-Cl000-MT001-Koester-20759002.1977                              2 1.25700E-06 5.19000E-06
n-Cl000-MT001-Koester-22217011.1990                              1 1.97000E-03 1.97000E-03
n-Cl000-MT001-Nedzel-13568009.1954                               1 4.10000E+02 4.10000E+02
n-Cl000-MT001-Nereson-11308006.1954                             30 2.82500E+00 1.31310E+01
n-Cl000-MT001-Newson-11569002.1957                              76 7.00000E-03 1.94000E-01
n-Cl000-MT001-Norman-10320006.1972                              91 8.10000E-01 3.23800E+00
n-Cl000-MT001-Norman-10320006A001.1972                          91 8.10000E-01 3.23800E+00
n-Cl000-MT001-Sherr-11138006.1945                                1 2.54000E+01 2.54000E+01
n-Cl000-MT001-Sherr-11138006A001.1945                            1 2.54000E+01 2.54000E+01
n-Cl000-MT001-Singh-10518007.1974                             1045 2.02570E-05 3.99063E-01
n-Cl000-MT001-Singh-10518007A001.1974                         1045 2.02570E-05 3.99063E-01
n-Cl000-MT001-Snowdon-11559003.1953                             56 6.00000E-02 6.92000E-01
n-Cl000-MT001-Tsukada-20292011.1963                             30 3.23900E+00 5.11000E+00
n-Cl000-MT001-Zinn-11136013.1939                                 1 2.88000E+00 2.88000E+00
n-Cl000-MT001-Zinn-11136013A001.1939                             1 2.88000E+00 2.88000E+00
