#              Filename                                         N    min         max
n-N014-MT051-Bauer-11346006-ang-E0014.000.1963                  10 5.08000E+01 1.40400E+02
n-N014-MT051-Bernard-10437004-ang-E0006.250.1975                12 4.04000E+01 1.50600E+02
n-N014-MT051-Bernard-10437004-ang-E0006.250A001.1975            12 4.04000E+01 1.50600E+02
n-N014-MT051-Bernard-10437004-ang-E0009.290.1975                 8 4.04000E+01 1.20600E+02
n-N014-MT051-Bernard-10437004-ang-E0009.290A001.1975             8 4.04000E+01 1.20600E+02
n-N014-MT051-Bobyr-40792004-ang-E0014.000.1961                  13 2.87700E+01 1.48420E+02
n-N014-MT051-Chardine-22081012-ang-E0010.650.1986               17 2.02000E+01 1.55300E+02
n-N014-MT051-Chardine-22081013-ang-E0011.500.1986               16 2.02000E+01 1.55300E+02
n-N014-MT051-Chardine-22081014-ang-E0012.400.1986               13 4.02000E+01 1.55200E+02
n-N014-MT051-Chardine-22081015-ang-E0013.500.1986               11 4.02000E+01 1.55200E+02
n-N014-MT051-Hyakutake-20273003-ang-E0014.100.1971              40 2.03000E+01 1.60300E+02
n-N014-MT051-Perey-10283004-ang-E0006.010.1974                   6 2.87000E+01 1.22600E+02
n-N014-MT051-Perey-10283004-ang-E0006.010A001.1974               6 2.87000E+01 1.22600E+02
n-N014-MT051-Perey-10283004-ang-E0007.030.1974                   7 8.20000E+01 1.30900E+02
n-N014-MT051-Perey-10283004-ang-E0007.030A001.1974               7 8.20000E+01 1.30900E+02
n-N014-MT051-Perey-10283004-ang-E0007.540.1974                   1 6.52000E+01 9.63000E+01
n-N014-MT051-Perey-10283004-ang-E0007.540A001.1974               1 6.52000E+01 9.63000E+01
n-N014-MT051-Perey-10283004-ang-E0008.040.1974                   2 6.52000E+01 1.02900E+02
n-N014-MT051-Perey-10283004-ang-E0008.040A001.1974               2 6.52000E+01 1.02900E+02
n-N014-MT051-Schmidt-22806003-ang-E0007.890.2003                20 2.59000E+01 1.08300E+02
n-N014-MT051-Schmidt-22806003-ang-E0008.890.2003                29 2.59000E+01 1.60600E+02
n-N014-MT051-Schmidt-22806003-ang-E0009.880.2003                20 2.59000E+01 1.47500E+02
n-N014-MT051-Schmidt-22806003-ang-E0010.810.2003                16 2.65000E+01 1.60800E+02
n-N014-MT051-Schmidt-22806003-ang-E0011.780.2003                13 2.65000E+01 1.30000E+02
n-N014-MT051-Schmidt-22806003-ang-E0012.790.2003                14 2.68000E+01 1.42600E+02
n-N014-MT051-Schmidt-22806003-ang-E0013.850.2003                 8 3.46000E+01 1.42400E+02
n-N014-MT051-Schmidt-22806007-ang-E0008.890.2003                26 2.69000E+01 1.26100E+02
n-N014-MT051-Schmidt-22806007-ang-E0009.880.2003                31 2.69000E+01 1.55000E+02
n-N014-MT051-Schmidt-22806007-ang-E0010.810.2003                35 2.69000E+01 1.55600E+02
n-N014-MT051-Schmidt-22806007-ang-E0011.780.2003                35 2.69000E+01 2.69000E+01
n-N014-MT051-Vaucher-21249003-ang-E0014.100.1965                 2 4.00000E+01 4.00000E+01
