#              Filename                                         N    min         max
p-Li007-MT051-Baba-E1808002-E0043.000.1999                       8 0.00000E+00 0.00000E+00
p-Li007-MT051-Borchers-A1514004-E0009.981.1963                   4 0.00000E+00 0.00000E+00
p-Li007-MT051-Desimone-C0986002-E0002.750.1997                  13 0.00000E+00 0.00000E+00
p-Li007-MT051-Elbakr-D0034002-E0002.200.1972                    65 0.00000E+00 0.00000E+00
p-Li007-MT051-Goulding-C2624002-E0119.800.1979                   5 8.00153E-01 2.11000E+01
p-Li007-MT051-Hisatake-E2216003-E0009.200.1960                  12 9.30001E+00 1.41800E+02
p-Li007-MT051-Hisatake-E2216004-E0009.200.1960                  12 8.99997E+00 1.41200E+02
p-Li007-MT051-Hisatake-E2216005-E0008.100.1960                   8 1.00000E+01 1.21500E+02
p-Li007-MT051-Hisatake-E2216006-E0008.700.1960                  11 9.60001E+00 1.40100E+02
p-Li007-MT051-Hisatake-E2216007-E0010.600.1960                  12 8.99997E+00 1.39200E+02
p-Li007-MT051-Hisatake-E2216008-E0012.100.1960                  16 7.30001E+00 1.41900E+02
p-Li007-MT051-Hisatake-E2216009-E0014.100.1960                  21 1.69996E+00 1.43900E+02
p-Li007-MT051-Iwamoto-E2297004-E0246.000.2011                    7 0.00000E+00 3.00000E+01
p-Li007-MT051-Iwamoto-E2297005-E0389.000.2011                    7 0.00000E+00 3.00000E+01
p-Li007-MT051-Mcnaughton-T0011002-E0014.300.1975                 6 0.00000E+00 0.00000E+00
p-Li007-MT051-Orihara-E1892002-E0035.000.1987                   32 0.00000E+00 1.45000E+02
p-Li007-MT051-Orihara-E1892003-E0035.000.1987                   32 0.00000E+00 1.45000E+02
p-Li007-MT051-Orihara-E1892004-E0035.000.1987                   32 0.00000E+00 1.45000E+02
p-Li007-MT051-Poppe-D0038003-E0004.250.1976                    369 3.60000E+00 1.29900E+02
p-Li007-MT051-Rapaport-C0824002-E0492.000.1989                   1 0.00000E+00 0.00000E+00
p-Li007-MT051-Taddeucci-C0518002-E0080.000.1990                 27 6.99975E-01 2.30000E+01
p-Li007-MT051-Taddeucci-C0518003-E0494.000.1990                 28 9.89117E-02 1.00000E+01
p-Li007-MT051-Watson-C0811002-E0200.000.1989                     3 0.00000E+00 0.00000E+00
p-Li007-MT051-Watson-C2012003-E0134.200.1983                    17 4.00074E-01 6.97000E+01
p-Li007-MT051-Watson-C2012005-E0134.800.1983                     2 0.00000E+00 0.00000E+00
p-Li007-MT051-Yang-C0428003-E0186.000.1995                      33 0.00000E+00 5.10000E+01
