#              Filename                                         N    min         max     
n-Eu000-rp063001-Czirr-10169007.1970                            98 2.00500E-04 1.17500E-02
n-Eu000-rp063001-Meadows-11028020.1961                           1 2.53000E-08 2.53000E-08
n-Eu000-rp063001-Czirr-10169007A001.1970                        98 2.00500E-04 1.17500E-02
n-Eu000-rp063001-Meadows-11028020A001.1961                       1 2.53000E-08 2.53000E-08
n-Eu000-rp063001-Macklin-11331024.1963                           2 3.00000E-02 6.50000E-02
n-Eu000-rp063001-Macklin-11679019.1967                           7 3.00000E-02 2.00000E-01
n-Eu000-rp063001-Block-11935012.1961                            49 2.08000E-04 9.50000E-03
n-Eu000-rp063001-Poenitz-12832004.1982                           5 1.00000E+00 4.00000E+00
n-Eu000-rp063001-Chou-20352022.1973                             27 8.11220E-04 4.98890E-02
n-Eu000-rp063001-Chou-20352023.1973                            236 7.74250E-07 1.19040E-03
n-Eu000-rp063001-Chou-20352024.1973                              4 4.00000E-04 3.00000E-02
n-Eu000-rp063001-Chou-20352025.1973                             85 1.10000E-06 3.10000E-02
n-Eu000-rp063001-Widder-20437005.1975                          379 1.08220E-08 1.03030E-05
n-Eu000-rp063001-Moxon-20489002.1976                            27 1.50000E-04 9.50000E-02
n-Eu000-rp063001-Kim-206570021.1975                              1 2.53000E-08 2.53000E-08
n-Eu000-rp063001-Kim-206570022.1975                              1 2.53000E-08 2.53000E-08
n-Eu000-rp063001-Lepine-30233003.1972                            4 3.00000E-02 3.00000E-01
n-Eu000-rp063001-XiangZhengyuu-32531002.1990                     6 3.40000E-01 1.69000E+00
n-Eu000-rp063001-Konks-40362002.1968                            90 7.60000E-07 4.30000E-02
n-Eu000-rp063001-Konks-40362003.1968                            44 2.20000E-06 3.20000E-04
n-Eu000-rp063001-Kononov-40520013.1977                          75 5.50000E-03 3.42500E-01
n-Eu000-rp063001-Konks-40819002.1964                            13 2.20000E-06 1.15000E-04
n-Eu000-rp063001-Konks-40819003.1964                            94 7.60000E-07 4.20000E-02
n-Eu000-rp063001-Bokhovko-41148006.1991                         57 5.50000E-03 3.90000E-01
