#              Filename                                         N    min         max
n-Hf000-MT001-Bernstein-11745013.1952                           17 3.10750E-08 1.67680E-06
n-Hf000-MT001-Bollinger-12108002.1953                          190 9.51000E-07 8.59300E-03
n-Hf000-MT001-Cho-22725003.2000                                302 2.98538E-09 1.00000E-01
n-Hf000-MT001-Dilg-20583025.1972                                 1 2.70000E-03 2.70000E-03
n-Hf000-MT001-Divadeenam-10523012.1968                          27 1.20000E-01 6.40000E-01
n-Hf000-MT001-Divadeenam-10523012A001.1968                      27 1.20000E-01 6.40000E-01
n-Hf000-MT001-Fosterjr-10047076.1971                           258 2.25500E+00 1.49290E+01
n-Hf000-MT001-Fosterjr-10047076A001.1971                       258 2.25500E+00 1.49290E+01
n-Hf000-MT001-Green-10225011.1973                              366 4.95500E-01 8.12700E+00
n-Hf000-MT001-Green-10225011A001.1973                          366 4.95500E-01 8.12700E+00
n-Hf000-MT001-Green-10225012.1973                              331 9.16200E-01 9.87800E+00
n-Hf000-MT001-Green-10225012A001.1973                          331 9.16200E-01 9.87800E+00
n-Hf000-MT001-Harvey-11912040.1955                             338 5.09000E-06 3.93000E-03
n-Hf000-MT001-Haugsnes-11733010.1967                             1 1.41000E+01 1.41000E+01
n-Hf000-MT001-Hibdon-12646005.1950                               2 1.20000E-04 2.30000E-03
n-Hf000-MT001-Joki-11635007.1961                               438 3.98900E-08 3.51500E-06
n-Hf000-MT001-Joki-11635008.1961                                 1 2.53000E-08 2.53000E-08
n-Hf000-MT001-Meaze-31689002.2005                               80 1.52640E-07 9.77935E-05
n-Hf000-MT001-Moore-12083004.1961                               37 6.10000E-10 1.40000E-07
n-Hf000-MT001-Moxon-22360025.1974                               94 5.60000E-07 9.94000E-06
n-Hf000-MT001-Moxon-22360026.1974                               11 6.50000E-08 7.50000E-07
n-Hf000-MT001-Okazaki-12061006.1954                             23 5.00000E-02 2.96000E+00
n-Hf000-MT001-Poenitz-12853048.1983                             66 1.81700E+00 1.88300E+01
n-Hf000-MT001-Schermer-12124002.1961                            34 1.79000E-08 3.28100E-07
n-Hf000-MT001-Sherwood-10007005.1970                           439 1.04500E-01 1.49770E+00
n-Hf000-MT001-Sherwood-10007005A001.1970                       439 1.04500E-01 1.49770E+00
n-Hf000-MT001-Sherwood-10007006.1970                             5 6.06670E-01 1.40320E+00
n-Hf000-MT001-Sherwood-10007006A001.1970                         5 6.06670E-01 1.40320E+00
n-Hf000-MT001-Smith-13778002.2002                              138 7.49800E-01 4.49700E+00
