#              Filename                                         N    min         max
a-Mg025-MT748-Yasue-E1282004-E0050.000.1989                      6 5.30001E+00 3.14000E+01
a-Mg025-MT748-Yasue-E1282005-E0050.000.1989                      6 5.50000E+00 3.09000E+01
a-Mg025-MT748-Yasue-E1282006-E0050.000.1989                      6 3.99998E+00 3.06000E+01
a-Mg025-MT748-Yasue-E1282007-E0050.000.1989                      6 5.09997E+00 3.15000E+01
a-Mg025-MT748-Yasue-E1282008-E0050.000.1989                      6 7.10001E+00 3.34000E+01
a-Mg025-MT748-Yasue-E1282009-E0050.000.1989                      6 7.89998E+00 3.49000E+01
a-Mg025-MT748-Yasue-E1282010-E0050.000.1989                      6 6.90001E+00 3.31000E+01
a-Mg025-MT748-Yasue-E1282012-E0050.000.1989                      6 5.39997E+00 3.04000E+01
a-Mg025-MT748-Yasue-E1282013-E0050.000.1989                      4 4.79996E+00 1.98000E+01
a-Mg025-MT748-Yasue-E1282014-E0050.000.1989                      6 5.09997E+00 3.08000E+01
a-Mg025-MT748-Yasue-E1282015-E0050.000.1989                      6 5.80002E+00 3.09000E+01
a-Mg025-MT748-Yasue-E1282016-E0050.000.1989                      6 5.50000E+00 3.10000E+01
a-Mg025-MT748-Yasue-E1282017-E0050.000.1989                      6 4.79996E+00 3.10000E+01
a-Mg025-MT748-Yasue-E1282018-E0050.000.1989                      6 4.90001E+00 3.06000E+01
a-Mg025-MT748-Yasue-E1282019-E0050.000.1989                      6 5.39997E+00 3.11000E+01
a-Mg025-MT748-Yasue-E1282020-E0050.000.1989                      6 5.69997E+00 3.22000E+01
a-Mg025-MT748-Yasue-E1282021-E0050.000.1989                      6 5.99999E+00 3.22000E+01
a-Mg025-MT748-Yasue-E1282025-E0050.000.1989                      5 4.30002E+00 3.05000E+01
a-Mg025-MT748-Yasue-E1282026-E0050.000.1989                      6 5.30001E+00 3.15000E+01
a-Mg025-MT748-Yasue-E1282029-E0050.000.1989                      6 3.79999E+00 2.97000E+01
a-Mg025-MT748-Yasue-E1343055-E0050.000.1990                     12 5.09997E+00 5.06000E+01
a-Mg025-MT748-Yasue-E1343056-E0050.000.1990                     10 4.90001E+00 3.02000E+01
a-Mg025-MT748-Yasue-E1343069-E0050.000.1990                     12 5.39997E+00 5.10000E+01
