#              Filename                                         N    min         max
n-Mo000-MT002-Becker-11511021-ang-E0003.200.1966                13 2.01988E+01 1.40399E+02
n-Mo000-MT002-CaoJianhuaa-32521002-ang-E0014.200.1988           21 5.05005E+00 1.57730E+02
n-Mo000-MT002-Coles-20456003-ang-E0001.500.1970                 80 3.00000E+01 1.35000E+02
n-Mo000-MT002-Cox-10332015-ang-E0000.875.1972                    8 2.10000E+01 1.57000E+02
n-Mo000-MT002-Cox-10332015-ang-E0000.875A001.1972                8 2.10000E+01 1.57000E+02
n-Mo000-MT002-Hans-11867005-ang-E0003.700.1957                  19 1.82000E+01 1.43200E+02
n-Mo000-MT002-Hill-11321008-ang-E0005.000.1958                  13 3.00029E+01 1.49997E+02
n-Mo000-MT002-Holmqvist-20162012-ang-E0008.050.1971             19 2.04000E+01 1.60000E+02
n-Mo000-MT002-Kazakova-40706037-ang-E0002.000.1965               8 2.00000E+01 1.60000E+02
n-Mo000-MT002-Korzh-40765005-ang-E0000.300.1964                 24 3.00029E+01 1.39996E+02
n-Mo000-MT002-MaGongguii-30762006-ang-E0014.200.1988             5 1.69996E+00 1.00000E+01
n-Mo000-MT002-Simakov-40519002-ang-E0004.910.1981               24 3.00000E+01 1.50000E+02
n-Mo000-MT002-Smith-12803003-ang-E0003.000.1984                120 2.10000E+01 1.57000E+02
n-Mo000-MT002-Smith-13777002-ang-E0004.510.2000                480 1.73700E+01 1.57400E+02
n-Mo000-MT002-Strizhak-40761004-ang-E0002.900.1960              10 2.50000E+01 1.50000E+02
n-Mo000-MT002-Strizhak-40793005-ang-E0014.000.1961              30 1.50057E+01 1.60001E+02
n-Mo000-MT002-Takahashi-22186060-ang-E0014.100.1992             16 1.50000E+01 1.60000E+02
n-Mo000-MT002-Trykova-40338006-ang-E0004.370.1975               14 2.00000E+01 1.50000E+02
n-Mo000-MT002-Vincent-11621009-ang-E0004.100.1960               16 2.01000E+01 1.35000E+02
n-Mo000-MT002-Walt-11637034-ang-E0001.000.1954                   9 3.07000E+01 1.49200E+02
n-Mo000-MT002-Weddell-11694005-ang-E0004.400.1956                1 9.00000E+01 9.00000E+01
n-Mo000-MT002-Wilenzick-11287021-ang-E0006.040.1965             14 1.97000E+01 1.50200E+02
