#              Filename                                         N    min         max
n-Fe000-MT003-Abramov-40647006.1962                              7 1.00000E+00 2.17000E+00
n-Fe000-MT003-Allen-11693002.1955                                7 8.00000E-01 1.50000E+00
n-Fe000-MT003-Beghian-11705002.1963                              6 9.30000E-01 1.52000E+00
n-Fe000-MT003-Beyster-11216006.1955                              3 1.00000E+00 4.50000E+00
n-Fe000-MT003-Beyster-11216006A001.1955                          3 1.00000E+00 4.50000E+00
n-Fe000-MT003-Beyster-11220012.1956                              5 1.00000E+00 7.00000E+00
n-Fe000-MT003-Beyster-11220012A001.1956                          5 1.00000E+00 7.00000E+00
n-Fe000-MT003-Degtjarev-40645006.1961                            4 1.43000E+01 1.97000E+01
n-Fe000-MT003-Flerov-40369013.1956                               1 1.45000E+01 1.45000E+01
n-Fe000-MT003-Graves-11304004.1953                               1 1.41000E+01 1.41000E+01
n-Fe000-MT003-Graves-11310004.1955                               1 1.41000E+01 1.41000E+01
n-Fe000-MT003-Ibaraki-23019004.2002                              6 4.50000E+01 7.55000E+01
n-Fe000-MT003-Lebedev-40415020.1958                              1 1.40000E+01 1.40000E+01
n-Fe000-MT003-Macgregor-11226010.1957                            1 1.42000E+01 1.42000E+01
n-Fe000-MT003-Macgregor-11226010A001.1957                        1 1.42000E+01 1.42000E+01
n-Fe000-MT003-Macgregor-11230007.1958                            1 2.55000E+01 2.55000E+01
n-Fe000-MT003-Macgregor-11230007A001.1958                        1 2.55000E+01 2.55000E+01
n-Fe000-MT003-Machwe-11572009.1959                               1 3.66000E+00 3.66000E+00
n-Fe000-MT003-Morrison-22576002.1956                             3 1.20000E+00 2.00000E+00
n-Fe000-MT003-Pasechnik-40381006.1955                            2 3.30000E+00 4.10000E+00
n-Fe000-MT003-Poze-40781004.1956                                 1 1.00000E+00 1.00000E+00
n-Fe000-MT003-Prokopets-40247004.1969                            1 2.80000E+00 2.80000E+00
n-Fe000-MT003-Schimmerling-10082017.1973                        15 3.79000E+02 1.73100E+03
n-Fe000-MT003-Schimmerling-10082017A001.1973                    15 3.79000E+02 1.73100E+03
n-Fe000-MT003-Strizhak-32239005.1958                             1 1.40000E+01 1.40000E+01
n-Fe000-MT003-Strizhak-40360006.1957                             1 1.40000E+01 1.40000E+01
n-Fe000-MT003-Strizhak-40782022.1956                             1 2.50000E+00 2.50000E+00
n-Fe000-MT003-Taylor-11217007.1955                               5 3.50000E+00 1.41000E+01
n-Fe000-MT003-Taylor-11217007A001.1955                           5 3.50000E+00 1.41000E+01
n-Fe000-MT003-Walt-11215019.1955                                 1 4.10000E+00 4.10000E+00
n-Fe000-MT003-Walt-11215019A001.1955                             1 4.10000E+00 4.10000E+00
n-Fe000-MT003-Zanelli-10940005.1981                              2 4.03000E+01 5.04000E+01
n-Fe000-MT003-Zanelli-10940005A001.1981                          2 4.03000E+01 5.04000E+01
