#              Filename                                         N    min         max
n-Li006-MT002-Abbondanno-20494003-ang-E0014.200.1970            12 2.58000E+01 1.32900E+02
n-Li006-MT002-Armstrong-11024006-ang-E0014.100.1964             17 1.00000E+01 1.60000E+02
n-Li006-MT002-Armstrong-11024006-ang-E0014.100A001.1964         17 1.00000E+01 1.60000E+02
n-Li006-MT002-Asami-20615003-ang-E8.00E-04.1970                104 3.85000E+01 1.43700E+02
n-Li006-MT002-Baba-22188014-ang-E0014.100.1990                  12 2.00000E+01 1.50000E+02
n-Li006-MT002-Batchelor-21147002-ang-E0003.350.1963            105 0.00000E+00 1.80000E+02
n-Li006-MT002-Batchelor-21147007-ang-E0003.350.1963             41 3.00000E+01 1.37000E+02
n-Li006-MT002-Cance-21276002-ang-E0006.000.1971                 12 1.99000E+01 1.35000E+02
n-Li006-MT002-Chiba-21986029-ang-E0004.200.1985                 16 3.00000E+01 1.35000E+02
n-Li006-MT002-Chiba-21986031-ang-E0014.200.1985                 10 3.00000E+01 1.50000E+02
n-Li006-MT002-Chiu-12735003-ang-E0001.785.1981                  66 7.50000E+01 7.50000E+01
n-Li006-MT002-Cookson-21162002-ang-E0010.000.1967               10 2.75000E+01 1.51000E+02
n-Li006-MT002-Cookson-21162003-ang-E0010.000.1967                7 2.75000E+01 1.51000E+02
n-Li006-MT002-Dave-14189002-ang-E0009.000.1983                  28 2.53000E+01 1.59800E+02
n-Li006-MT002-Dave-14189003-ang-E0010.000.1983                  27 2.59000E+01 1.60300E+02
n-Li006-MT002-Dave-14189004-ang-E0011.000.1983                  28 2.52000E+01 1.59600E+02
n-Li006-MT002-Dave-14189005-ang-E0012.000.1983                  25 2.49000E+01 1.59300E+02
n-Li006-MT002-Dave-14189006-ang-E0013.000.1983                  29 2.51000E+01 1.59500E+02
n-Li006-MT002-Dave-14189007-ang-E0014.000.1983                  28 2.52000E+01 1.59300E+02
n-Li006-MT002-Demanins-20492003-ang-E0001.980.1973             104 3.00000E+01 1.50000E+02
n-Li006-MT002-Drosg-12928065-ang-E0014.100.1988                 10 3.00000E+01 1.43000E+02
n-Li006-MT002-GuochangChenn-32711004-ang-E0008.170.2009         12 3.08000E+01 1.50000E+02
n-Li006-MT002-GuochangChenn-32711004-ang-E0010.270.2009          9 3.47000E+01 1.19700E+02
n-Li006-MT002-Hansen-13161002-ang-E0024.000.1988                21 1.50000E+01 1.39900E+02
n-Li006-MT002-Hogue-10707002-ang-E0007.470.1979                190 2.50000E+01 1.59600E+02
n-Li006-MT002-Hopkins-11153008-ang-E0004.830.1968                6 3.00000E+01 1.35000E+02
n-Li006-MT002-Hopkins-11153008-ang-E0004.830A001.1968            6 3.00000E+01 1.35000E+02
n-Li006-MT002-Hopkins-11153008-ang-E0005.740.1968                8 3.00000E+01 1.34000E+02
n-Li006-MT002-Hopkins-11153008-ang-E0005.740A001.1968            8 3.00000E+01 1.34000E+02
n-Li006-MT002-Hopkins-11153008-ang-E0007.500.1968                6 3.90000E+01 1.35000E+02
n-Li006-MT002-Hopkins-11153008-ang-E0007.500A001.1968            6 3.90000E+01 1.35000E+02
n-Li006-MT002-Hyakutake-20268002-ang-E0014.100.1968             16 2.00000E+01 1.63600E+02
n-Li006-MT002-Ibaraki-22359015-ang-E0011.500.1998               26 2.00000E+01 1.50000E+02
n-Li006-MT002-Knitter-20376003-ang-E0001.000.1967              266 0.00000E+00 1.80000E+02
n-Li006-MT002-Knitter-20749003-ang-E0000.223.1977               13 2.65000E+01 1.31500E+02
n-Li006-MT002-Knitter-20749003-ang-E0000.248.1977               15 2.74000E+01 1.52400E+02
n-Li006-MT002-Knitter-20749003-ang-E0000.266.1977               15 2.69000E+01 1.52500E+02
n-Li006-MT002-Knitter-20749003-ang-E0000.296.1977               14 2.14000E+01 1.51900E+02
n-Li006-MT002-Knitter-20749003-ang-E0000.323.1977               16 2.00000E+01 1.51400E+02
n-Li006-MT002-Knitter-20749003-ang-E0000.338.1977               16 2.00000E+01 1.50000E+02
n-Li006-MT002-Knitter-20749003-ang-E0000.353.1977               16 2.00000E+01 1.50500E+02
n-Li006-MT002-Knitter-20749003-ang-E0000.390.1977               16 2.00000E+01 1.50000E+02
n-Li006-MT002-Knox-10710002-ang-E0004.080.1979                 125 1.99000E+01 1.59900E+02
n-Li006-MT002-Knox-10914002-ang-E0002.300.1979                  45 1.99000E+01 1.59900E+02
n-Li006-MT002-Lane-10415002-ang-E0000.225.1961                  48 2.33000E+01 1.44200E+02
n-Li006-MT002-Lane-10415004-ang-E0000.050.1961                 224 2.33000E+01 1.44200E+02
n-Li006-MT002-Lane-11170002-ang-E0000.200.1964                 146 1.98000E+01 1.58500E+02
n-Li006-MT002-Lisowski-10854002-ang-E0005.960.1980              20 2.50000E+01 1.44000E+02
n-Li006-MT002-Merchez-21177002-ang-E0014.100.1966               16 1.50000E+01 1.39800E+02
n-Li006-MT002-Miljanic-30539002-ang-E0014.600.1980               7 1.09900E+02 1.70400E+02
n-Li006-MT002-Schmidt-32001003-ang-E0007.750.1987               15 2.00000E+01 1.60000E+02
n-Li006-MT002-Smith-10904002-ang-E0001.500.1982                  7 3.02000E+01 1.34100E+02
n-Li006-MT002-Smith-10904002-ang-E0001.500A001.1982              7 3.02000E+01 1.34100E+02
n-Li006-MT002-Smith-10904002-ang-E0001.590.1982                  8 2.03000E+01 1.44400E+02
n-Li006-MT002-Smith-10904002-ang-E0001.590A001.1982              8 2.03000E+01 1.44400E+02
n-Li006-MT002-Smith-10904002-ang-E0001.720.1982                  8 2.03000E+01 1.44400E+02
n-Li006-MT002-Takahashi-22773003-ang-E0014.100.1992             10 1.50000E+01 1.60000E+02
n-Li006-MT002-Willard-11092004-ang-E0000.210.1956                6 2.97000E+01 1.36500E+02
n-Li006-MT002-Willard-11092004-ang-E0000.210A001.1956            6 2.97000E+01 1.36500E+02
n-Li006-MT002-Willard-11092004-ang-E0000.258.1956               10 2.97000E+01 1.32300E+02
n-Li006-MT002-Willard-11092004-ang-E0000.258A001.1956           10 2.97000E+01 1.32300E+02
n-Li006-MT002-Willard-11092004-ang-E0000.300.1956                8 3.34000E+01 1.36500E+02
n-Li006-MT002-Willard-11092004-ang-E0000.300A001.1956            8 3.34000E+01 1.36500E+02
n-Li006-MT002-Wong-11022004-ang-E0014.000.1962                  15 1.83000E+01 1.27800E+02
n-Li006-MT002-Wong-11022004-ang-E0014.000A001.1962              15 1.83000E+01 1.27800E+02
