#              Filename                                         N    min         max
n-Nd150-MT151-Alves-206880311.1969                               2 7.87400E-05 4.86400E-04
n-Nd150-MT151-Alves-206880312.1969                               2 7.87400E-05 4.86400E-04
n-Nd150-MT151-Alves-206880313.1969                               1 4.86400E-04 4.86400E-04
n-Nd150-MT151-Barry-14093025.2006                                5 7.89200E-05 4.86400E-04
n-Nd150-MT151-Barry-14093026.2006                                5 7.89200E-05 4.86400E-04
n-Nd150-MT151-Bowey-21117011.1957                                2 2.36000E-04 3.75000E-04
n-Nd150-MT151-Karzhavina-401130461.1969                         16 7.89000E-05 3.84300E-03
n-Nd150-MT151-Karzhavina-401130462.1969                         16 7.89000E-05 3.84300E-03
n-Nd150-MT151-Karzhavina-40113047.1969                          16 7.89000E-05 3.84300E-03
n-Nd150-MT151-Karzhavina-40113048.1969                           5 7.89000E-05 1.03500E-03
n-Nd150-MT151-Karzhavina-40113049.1969                           1 7.89000E-05 7.89000E-05
n-Nd150-MT151-Karzhavina-40113051.1969                           2 3.84300E-03 3.84300E-03
n-Nd150-MT151-Kononov-405130091.1977                             2 1.77500E-01 1.77500E-01
n-Nd150-MT151-Tellier-20121042.1971                              9 7.88200E-05 2.62000E-03
n-Nd150-MT151-Tellier-20121044.1971                             78 7.88200E-05 1.38400E-02
n-Nd150-MT151-Tellier-20121045.1971                              9 7.88200E-05 2.62000E-03
n-Nd150-MT151-Tellier-20121046.1971                             13 1.42200E-02 2.47300E-02
n-Nd150-MT151-Tellier-20121047.1971                              1 7.00000E-03 7.00000E-03
