#              Filename                                         N    min         max     
n-U238-MT459-Nagy-10798002-E0001.500.1978                        9 1.50000E+00 1.50000E+00
n-U238-MT459-Nagy-10798002-E0002.000.1978                       16 2.00000E+00 2.00000E+00
n-U238-MT459-Nagy-10798002-E0003.900.1978                       17 3.90000E+00 3.90000E+00
n-U238-MT459-Nagy-10798003-E0005.500.1978                        9 5.50000E+00 5.50000E+00
n-U238-MT459-Nagy-10798003-E0006.900.1978                       16 6.90000E+00 6.90000E+00
n-U238-MT459-Nagy-10798003-E0007.700.1978                        9 7.70000E+00 7.70000E+00
n-U238-MT459-Nagy-10798004-E0001.500.1978                       30 1.50000E+00 1.50000E+00
n-U238-MT459-Nagy-10798004-E0002.000.1978                       31 2.00000E+00 2.00000E+00
n-U238-MT459-Nagy-10798004-E0003.900.1978                       32 3.90000E+00 3.90000E+00
n-U238-MT459-Nagy-10798005-E0005.500.1978                       32 5.50000E+00 5.50000E+00
n-U238-MT459-Nagy-10798005-E0006.900.1978                       21 6.90000E+00 6.90000E+00
n-U238-MT459-Nagy-10798005-E0007.700.1978                       32 7.70000E+00 7.70000E+00
n-U238-MT459-Nagy-10798006-E0001.500.1978                        3 1.50000E+00 1.50000E+00
n-U238-MT459-Nagy-10798006-E0002.000.1978                        3 2.00000E+00 2.00000E+00
n-U238-MT459-Nagy-10798006-E0003.900.1978                        3 3.90000E+00 3.90000E+00
n-U238-MT459-Nagy-10798007-E0005.500.1978                        3 5.50000E+00 5.50000E+00
n-U238-MT459-Nagy-10798007-E0006.900.1978                        2 6.90000E+00 6.90000E+00
n-U238-MT459-Nagy-10798007-E0007.700.1978                        2 7.70000E+00 7.70000E+00
n-U238-MT459-Chapman-10828003-E0006.000.1978                    29 6.00000E+00 6.00000E+00
n-U238-MT459-Chapman-10828003-E0007.100.1978                    29 7.10000E+00 7.10000E+00
n-U238-MT459-Chapman-10828003-E0008.100.1978                    29 8.10000E+00 8.10000E+00
n-U238-MT459-Chapman-10828003-E0009.100.1978                    29 9.10000E+00 9.10000E+00
n-U238-MT459-Lam-10964002-E0002.000.1980                        39 2.00000E+00 2.00000E+00
n-U238-MT459-Lam-10964002-E0002.600.1980                        39 2.60000E+00 2.60000E+00
n-U238-MT459-Lam-10964002-E0003.100.1980                        39 3.10000E+00 3.10000E+00
n-U238-MT459-Lam-10964002-E0003.600.1980                        39 3.60000E+00 3.60000E+00
n-U238-MT459-Lam-10964002-E0004.100.1980                        39 4.10000E+00 4.10000E+00
n-U238-MT459-Lam-10964002-E0004.600.1980                        39 4.60000E+00 4.60000E+00
n-U238-MT459-Lam-10964002-E0005.200.1980                        39 5.20000E+00 5.20000E+00
n-U238-MT459-Nagy-10798002-E0001.500A001.1978                    9 1.50000E+00 1.50000E+00
n-U238-MT459-Nagy-10798002-E0002.000A001.1978                   16 2.00000E+00 2.00000E+00
n-U238-MT459-Nagy-10798002-E0003.900A001.1978                   17 3.90000E+00 3.90000E+00
n-U238-MT459-Nagy-10798003-E0005.500A001.1978                    9 5.50000E+00 5.50000E+00
n-U238-MT459-Nagy-10798003-E0006.900A001.1978                   16 6.90000E+00 6.90000E+00
n-U238-MT459-Nagy-10798003-E0007.700A001.1978                    9 7.70000E+00 7.70000E+00
n-U238-MT459-Nagy-10798004-E0001.500A001.1978                   30 1.50000E+00 1.50000E+00
n-U238-MT459-Nagy-10798004-E0002.000A001.1978                   31 2.00000E+00 2.00000E+00
n-U238-MT459-Nagy-10798004-E0003.900A001.1978                   32 3.90000E+00 3.90000E+00
n-U238-MT459-Nagy-10798005-E0005.500A001.1978                   32 5.50000E+00 5.50000E+00
n-U238-MT459-Nagy-10798005-E0006.900A001.1978                   21 6.90000E+00 6.90000E+00
n-U238-MT459-Nagy-10798005-E0007.700A001.1978                   32 7.70000E+00 7.70000E+00
n-U238-MT459-Nagy-10798006-E0001.500A001.1978                    3 1.50000E+00 1.50000E+00
n-U238-MT459-Nagy-10798006-E0002.000A001.1978                    3 2.00000E+00 2.00000E+00
n-U238-MT459-Nagy-10798006-E0003.900A001.1978                    3 3.90000E+00 3.90000E+00
n-U238-MT459-Nagy-10798007-E0005.500A001.1978                    3 5.50000E+00 5.50000E+00
n-U238-MT459-Nagy-10798007-E0006.900A001.1978                    2 6.90000E+00 6.90000E+00
n-U238-MT459-Nagy-10798007-E0007.700A001.1978                    2 7.70000E+00 7.70000E+00
n-U238-MT459-Chapman-10828003-E0006.000A001.1978                29 6.00000E+00 6.00000E+00
n-U238-MT459-Chapman-10828003-E0007.100A001.1978                29 7.10000E+00 7.10000E+00
n-U238-MT459-Chapman-10828003-E0008.100A001.1978                29 8.10000E+00 8.10000E+00
n-U238-MT459-Chapman-10828003-E0009.100A001.1978                29 9.10000E+00 9.10000E+00
n-U238-MT459-Lam-10964002-E0002.000A001.1980                    39 2.00000E+00 2.00000E+00
n-U238-MT459-Lam-10964002-E0002.600A001.1980                    39 2.60000E+00 2.60000E+00
n-U238-MT459-Lam-10964002-E0003.100A001.1980                    39 3.10000E+00 3.10000E+00
n-U238-MT459-Lam-10964002-E0003.600A001.1980                    39 3.60000E+00 3.60000E+00
n-U238-MT459-Lam-10964002-E0004.100A001.1980                    39 4.10000E+00 4.10000E+00
n-U238-MT459-Lam-10964002-E0004.600A001.1980                    39 4.60000E+00 4.60000E+00
n-U238-MT459-Lam-10964002-E0005.200A001.1980                    39 5.20000E+00 5.20000E+00
n-U238-MT459-Grummitt-13053003-E0001.320.1947                    2 1.32000E+00 1.32000E+00
n-U238-MT459-Broom-13061003-E0014.700.1962                      12 1.47000E+01 1.47000E+01
n-U238-MT459-Mo-13075003-E0014.700.1965                          2 1.47000E+01 1.47000E+01
n-U238-MT459-Ford-13077003-E0004.700.1965                        4 4.70000E+00 4.70000E+00
n-U238-MT459-Ford-13077003-E0009.100.1965                        4 9.10000E+00 9.10000E+00
n-U238-MT459-Ford-13077003-E0013.400.1965                        5 1.34000E+01 1.34000E+01
n-U238-MT459-Ford-13077003-E0014.100.1965                        5 1.41000E+01 1.41000E+01
n-U238-MT459-Ford-13077003-E0014.900.1965                        5 1.49000E+01 1.49000E+01
n-U238-MT459-Ford-13077003-E0017.300.1965                        4 1.73000E+01 1.73000E+01
n-U238-MT459-Ford-13077003-E0018.100.1965                        2 1.81000E+01 1.81000E+01
n-U238-MT459-Ganapathy-13089004-E0014.800.1966                   2 1.48000E+01 1.48000E+01
n-U238-MT459-Menon-13223002-E0014.700.1964                       4 1.47000E+01 1.47000E+01
n-U238-MT459-Gorman-13233007-E0014.000.1968                      8 1.40000E+01 1.40000E+01
n-U238-MT459-Gorman-13233008-E0014.000.1968                     12 1.40000E+01 1.40000E+01
n-U238-MT459-Nethaway-13251006-E0014.800.1969                   12 1.48000E+01 1.48000E+01
n-U238-MT459-Ford-132550052-E0014.700.1976                       8 1.47000E+01 1.47000E+01
n-U238-MT459-Gevaert-13268007-E0014.700.1970                     9 1.47000E+01 1.47000E+01
n-U238-MT459-Gevaert-13268008-E0014.700.1970                     9 1.47000E+01 1.47000E+01
n-U238-MT459-Ballou-13274006-E0015.000.1973                      6 1.50000E+01 1.50000E+01
n-U238-MT459-Swindle-13291003-E0014.800.1971                     7 1.48000E+01 1.48000E+01
n-U238-MT459-Mathews-133040092-E5.00E-07.1972                   20 5.00000E-07 5.00000E-07
n-U238-MT459-Maeck-13327004-E0000.400.1975                      42 4.00000E-01 4.00000E-01
n-U238-MT459-Adams-13332002-E0014.800.1975                      45 1.48000E+01 1.48000E+01
n-U238-MT459-Harvey-13336002-E0003.000.1975                     31 3.00000E+00 3.00000E+00
n-U238-MT459-Ford-134430042-E2.53E-08.1976                       1 1.00000E+20 0.00000E+00
n-U238-MT459-Ford-134440042-E0014.700.1976                       9 1.47000E+01 1.47000E+01
n-U238-MT459-Gharibyan-14414002-E0014.000.2015                  32 1.40000E+01 1.40000E+01
n-U238-MT459-Bhatia-144230031-E0008.900.2015                     8 8.90000E+00 8.90000E+00
n-U238-MT459-Finn-14441003-E0000.700.2015                       27 7.00000E-01 7.00000E-01
n-U238-MT459-Pierson-14500003-E0014.300.2017                    34 1.43000E+01 1.43000E+01
n-U238-MT459-Gooden-145550031-E0001.370.2016                    12 1.37000E+00 1.37000E+00
n-U238-MT459-Gooden-145550031-E0002.370.2016                    14 2.37000E+00 2.37000E+00
n-U238-MT459-Gooden-145550031-E0003.600.2016                    14 3.60000E+00 3.60000E+00
n-U238-MT459-Gooden-145550031-E0004.490.2016                    14 4.49000E+00 4.49000E+00
n-U238-MT459-Gooden-145550031-E0014.800.2016                    14 1.48000E+01 1.48000E+01
n-U238-MT459-Bunney-146250041-E0000.700.1958                     7 7.00000E-01 7.00000E-01
n-U238-MT459-Bunney-146250042-E0000.700.1958                     7 7.00000E-01 7.00000E-01
n-U238-MT459-Bunney-146250051-E0008.000.1958                     6 8.00000E+00 8.00000E+00
n-U238-MT459-Bunney-146250052-E0008.000.1958                     7 8.00000E+00 8.00000E+00
n-U238-MT459-Rajagopalan-21554002-E0014.100.1976                32 1.41000E+01 1.41000E+01
n-U238-MT459-Blachot-21590003-E0014.100.1974                     2 1.41000E+01 1.41000E+01
n-U238-MT459-Blachot-21590004-E0014.100.1974                    26 1.41000E+01 1.41000E+01
n-U238-MT459-Blachot-21590005-E0014.100.1974                     3 1.41000E+01 1.41000E+01
n-U238-MT459-Laurec-21708007-E0014.700.2010                     15 1.47000E+01 1.47000E+01
n-U238-MT459-Bocquet-21734019-E0014.500.1972                    12 1.45000E+01 1.45000E+01
n-U238-MT459-Birgul-22039002-E0014.800.1971                      9 1.48000E+01 1.48000E+01
n-U238-MT459-Lyle-22062005-E0003.000.1969                        3 3.00000E+00 3.00000E+00
n-U238-MT459-Lyle-22062005-E0014.800.1969                        6 1.48000E+01 1.48000E+01
n-U238-MT459-Lyle-22062006-E0003.000.1969                        8 3.00000E+00 3.00000E+00
n-U238-MT459-Lyle-22062008-E0003.000.1969                        1 1.00000E+20 0.00000E+00
n-U238-MT459-Lyle-22062009-E0003.000.1969                        1 1.00000E+20 0.00000E+00
n-U238-MT459-Afarideh-22111002-E0001.722.1989                   29 1.72200E+00 1.72200E+00
n-U238-MT459-Afarideh-22111002-E0002.160.1989                   29 2.16000E+00 2.16000E+00
n-U238-MT459-Afarideh-22111002-E0003.726.1989                   29 3.72600E+00 3.72600E+00
n-U238-MT459-Afarideh-22111002-E0004.782.1989                   30 4.78200E+00 4.78200E+00
n-U238-MT459-Afarideh-22111002-E0005.982.1989                   29 5.98200E+00 5.98200E+00
n-U238-MT459-Celenk-22665002-E0005.000.2001                     34 5.00000E+00 5.00000E+00
n-U238-MT459-Blachot-23566002-E0014.800.1971                    17 1.48000E+01 1.48000E+01
n-U238-MT459-James-237110022-E0014.700.1964                     18 1.47000E+01 1.47000E+01
n-U238-MT459-Daroczy-30267002-E0014.400.1973                    42 1.44000E+01 1.44000E+01
n-U238-MT459-Rao-30496008-E0001.000.1974                        12 1.00000E+00 1.00000E+00
n-U238-MT459-Rao-30496009-E0001.000.1974                         3 1.00000E+00 1.00000E+00
n-U238-MT459-Daroczy-30639002-E0014.400.1976                    35 1.44000E+01 1.44000E+01
n-U238-MT459-Daroczy-30639003-E0014.400.1976                    37 1.44000E+01 1.44000E+01
n-U238-MT459-Daroczy-30639004-E0014.540.1976                    41 1.45400E+01 1.45400E+01
n-U238-MT459-Daroczy-30639005-E0014.460.1976                    47 1.44600E+01 1.44600E+01
n-U238-MT459-Daroczy-30639006-E0014.460.1976                    37 1.44600E+01 1.44600E+01
n-U238-MT459-CumulativeYieldGrouppp-30743002-E0003.000.1985     37 3.00000E+00 3.00000E+00
n-U238-MT459-CumulativeYieldGrouppp-30743003-E0003.000.1985      4 3.00000E+00 3.00000E+00
n-U238-MT459-LiZee-30751002-E0008.270.1985                      33 8.27000E+00 8.27000E+00
n-U238-MT459-LiZee-30751004-E0008.270.1985                      25 8.27000E+00 8.27000E+00
n-U238-MT459-Garlea-30752004-E0000.450.1982                      4 4.50000E-01 4.50000E-01
n-U238-MT459-Dobreva-307670031-E0001.000.1984                    5 1.00000E+00 1.00000E+00
n-U238-MT459-Dobreva-307670033-E0001.000.1984                    5 1.00000E+00 1.00000E+00
n-U238-MT459-Ram-30768002-E0014.000.1987                         9 1.40000E+01 1.40000E+01
n-U238-MT459-LiuCongguii-30788002-E0014.900.1985                40 1.49000E+01 1.49000E+01
n-U238-MT459-Embarch-31810002-E0014.700.1986                    14 1.47000E+01 1.47000E+01
n-U238-MT459-Tohamy-31852003-E0005.000.2022                     13 5.00000E+00 5.00000E+00
n-U238-MT459-LiWenxinn-32628002-E0014.700.1983                  14 1.47000E+01 1.47000E+01
n-U238-MT459-LiWenxinn-32628003-E0014.700.1983                  14 1.47000E+01 1.47000E+01
n-U238-MT459-WangXiuzhii-32629002-E0005.000.1984                 8 5.00000E+00 5.00000E+00
n-U238-MT459-LiuCongguii-32630002-E0014.900.1980                 6 1.49000E+01 1.49000E+01
n-U238-MT459-LiWenxinn-32634002-E0014.700.1980                   9 1.47000E+01 1.47000E+01
n-U238-MT459-ZeLii-32658002-E0011.300.1994                      31 1.13000E+01 1.13000E+01
n-U238-MT459-ZeLii-32658003-E0011.300.1994                      14 1.13000E+01 1.13000E+01
n-U238-MT459-ZeLII-32660003-E0008.000.1995                       3 8.00000E+00 8.00000E+00
n-U238-MT459-LiuYonghuii-32793002-E0022.000.2001                32 2.20000E+01 2.20000E+01
n-U238-MT459-Naik-33052002-E0003.720.2013                       49 3.72000E+00 3.72000E+00
n-U238-MT459-Naik-33052002-E0005.420.2013                       49 5.42000E+00 5.42000E+00
n-U238-MT459-Naik-33052002-E0007.750.2013                       49 7.75000E+00 7.75000E+00
n-U238-MT459-Naik-33052002-E0010.090.2013                       49 1.00900E+01 1.00900E+01
n-U238-MT459-Naik-33052003-E0003.720.2013                       46 3.72000E+00 3.72000E+00
n-U238-MT459-Naik-33052003-E0005.420.2013                       46 5.42000E+00 5.42000E+00
n-U238-MT459-Naik-33052003-E0007.750.2013                       46 7.75000E+00 7.75000E+00
n-U238-MT459-Naik-33052003-E0010.090.2013                       46 1.00900E+01 1.00900E+01
n-U238-MT459-Naik-33093002-E0006.350.2015                       51 6.35000E+00 6.35000E+00
n-U238-MT459-Naik-33093002-E0008.530.2015                       51 8.53000E+00 8.53000E+00
n-U238-MT459-Naik-33093002-E0009.350.2015                       51 9.35000E+00 9.35000E+00
n-U238-MT459-Naik-33093002-E0012.520.2015                       51 1.25200E+01 1.25200E+01
n-U238-MT459-Naik-33093003-E0006.350.2015                       47 6.35000E+00 6.35000E+00
n-U238-MT459-Naik-33093003-E0008.530.2015                       47 8.53000E+00 8.53000E+00
n-U238-MT459-Naik-33093003-E0009.350.2015                       47 9.35000E+00 9.35000E+00
n-U238-MT459-Naik-33093003-E0012.520.2015                       47 1.25200E+01 1.25200E+01
n-U238-MT459-Mukerji-33101002-E0009.350.2014                    12 9.35000E+00 9.35000E+00
n-U238-MT459-Mukerji-33101002-E0012.520.2014                    12 1.25200E+01 1.25200E+01
n-U238-MT459-Yurova-40206002-E0001.000.1974                     10 1.00000E+00 1.00000E+00
n-U238-MT459-Petrzhak-40422003-E0014.700.1970                    4 1.47000E+01 1.47000E+01
n-U238-MT459-Gudkov-40878002-E0001.010.1983                     10 1.01000E+00 1.01000E+00
n-U238-MT459-Petrzhak-41077002-E0014.700.1970                    3 1.47000E+01 1.47000E+01
n-U238-MT459-Gudkov-41157015-E0014.700.1992                      8 1.47000E+01 1.47000E+01
n-U238-MT459-Roshchenko-41498003-E0001.010.2006                 11 1.01000E+00 1.01000E+00
n-U238-MT459-Roshchenko-41498003-E0003.230.2006                 11 3.23000E+00 3.23000E+00
n-U238-MT459-Roshchenko-41498003-E0003.750.2006                 11 3.75000E+00 3.75000E+00
n-U238-MT459-Roshchenko-41498003-E0004.200.2006                 11 4.20000E+00 4.20000E+00
n-U238-MT459-Roshchenko-41498003-E0004.720.2006                 11 4.72000E+00 4.72000E+00
n-U238-MT459-Bonyushkin-41735005-E0014.500.1961                 18 1.45000E+01 1.45000E+01
