#              Filename                                         N    min         max
p-Se080-MT648-Ogino-E1193145-ang-E0064.800.1986                 13 8.99997E+00 5.70000E+01
p-Se080-MT648-Ogino-E1193146-ang-E0064.800.1986                 10 1.20000E+01 4.85000E+01
p-Se080-MT648-Ogino-E1193147-ang-E0064.800.1986                 10 1.21000E+01 4.81000E+01
p-Se080-MT648-Ogino-E1193152-ang-E0064.800.1986                 10 1.28000E+01 4.89000E+01
p-Se080-MT648-Ogino-E1193153-ang-E0064.800.1986                 10 1.27000E+01 4.88000E+01
p-Se080-MT648-Ogino-E1193154-ang-E0064.800.1986                 10 1.28000E+01 4.90000E+01
p-Se080-MT648-Ogino-E1193155-ang-E0064.800.1986                 10 1.20000E+01 4.79000E+01
p-Se080-MT648-Ogino-E1193159-ang-E0064.800.1986                 10 1.23000E+01 4.84000E+01
p-Se080-MT648-Ogino-E1193160-ang-E0064.800.1986                  8 1.06000E+01 3.93000E+01
p-Se080-MT648-Ogino-E1193161-ang-E0064.800.1986                  6 1.15000E+01 4.78000E+01
p-Se080-MT648-Ogino-E1193162-ang-E0064.800.1986                 10 1.21000E+01 4.84000E+01
p-Se080-MT648-Ogino-E1193163-ang-E0064.800.1986                 10 1.18000E+01 4.77000E+01
p-Se080-MT648-Ogino-E1193164-ang-E0064.800.1986                 10 1.23000E+01 4.82000E+01
p-Se080-MT648-Ogino-E1193165-ang-E0064.800.1986                 10 1.32000E+01 4.90000E+01
p-Se080-MT648-Ogino-E1193166-ang-E0064.800.1986                 10 1.29000E+01 4.89000E+01
p-Se080-MT648-Ogino-E1193167-ang-E0064.800.1986                 10 1.23000E+01 4.82000E+01
p-Se080-MT648-Ogino-E1193168-ang-E0064.800.1986                  9 1.03000E+01 4.70000E+01
p-Se080-MT648-Ogino-E1193169-ang-E0064.800.1986                  9 1.55000E+01 4.77000E+01
p-Se080-MT648-Ogino-E1193170-ang-E0064.800.1986                  6 1.20000E+01 3.59000E+01
p-Se080-MT648-Ogino-E1193171-ang-E0064.800.1986                  6 1.12000E+01 3.56000E+01
