#              Filename                                         N    min         max
d-C012-MT602-Gerke-F1090005-E0002.598.1966                       1 3.00000E+01 9.00000E+01
d-C012-MT602-Gerke-F1090005-E0002.598A001.1966                   1 9.00000E+01 9.00000E+01
d-C012-MT602-Gerke-F1090012-E0002.800.1966                      16 1.00000E+01 1.53000E+02
d-C012-MT602-Gerke-F1090012-E0003.200.1966                      17 1.16000E+01 1.55000E+02
d-C012-MT602-Gerke-F1090012-E0003.700.1966                      18 1.13000E+01 1.54900E+02
d-C012-MT602-Gmur-F1153004-E0002.260.1974                       16 1.26000E+01 1.63900E+02
d-C012-MT602-Hosono-E2268003-E0012.350.1968                      5 2.00000E+01 6.00000E+01
d-C012-MT602-Hosono-E2268003-E0012.790.1968                      5 2.00000E+01 6.05000E+01
d-C012-MT602-Hosono-E2268003-E0013.000.1968                      5 2.01000E+01 6.00000E+01
d-C012-MT602-Hosono-E2268003-E0013.090.1968                      5 1.96000E+01 6.05000E+01
d-C012-MT602-Hosono-E2268003-E0013.310.1968                      5 1.89000E+01 6.09000E+01
d-C012-MT602-Hosono-E2268003-E0013.430.1968                      5 1.82000E+01 6.04000E+01
d-C012-MT602-Hosono-E2268003-E0013.780.1968                      5 1.82000E+01 5.97000E+01
d-C012-MT602-Hosono-E2268003-E0013.890.1968                      5 1.90000E+01 6.01000E+01
d-C012-MT602-Hosono-E2268003-E0014.080.1968                      5 2.02000E+01 6.20000E+01
d-C012-MT602-HuangBingyinn-C0201015-E0003.700.1974              18 2.10000E+01 1.51200E+02
d-C012-MT602-Katman-T0226004-E0002.350.1966                     16 2.09000E+01 1.19200E+02
d-C012-MT602-Katman-T0226004-E0002.500.1966                     24 2.17000E+01 1.52500E+02
d-C012-MT602-Katman-T0226004-E0002.620.1966                     30 2.17000E+01 1.53000E+02
d-C012-MT602-Katman-T0226004-E0002.710.1966                     28 2.16000E+01 1.51500E+02
d-C012-MT602-Katman-T0226004-E0002.890.1966                     27 2.16000E+01 1.52300E+02
d-C012-MT602-Kokkoris-D0398003-E0001.624.2007                    3 1.45000E+02 1.60000E+02
d-C012-MT602-Kokkoris-D0398003-E0001.648.2007                    3 1.45000E+02 1.60000E+02
d-C012-MT602-MaoZhenlinn-S0003021-E0005.030.1972                18 1.55000E+01 1.65600E+02
d-C012-MT602-Ohnuma-E1694011-E0030.000.1986                     21 6.69999E+00 7.54000E+01
