#              Filename                                         N    min         max
p-N015-MT800-Bashkin-C1988004-E0000.956.1959                   134 1.59500E+02 1.59500E+02
p-N015-MT800-Bashkin-C1988006-E0000.935.1959                    31 9.00000E+01 9.00000E+01
p-N015-MT800-Bashkin-C1988008-E0001.583.1959                    94 8.62000E+01 8.62000E+01
p-N015-MT800-Frawley-D0460002-E0002.880.1978                   321 2.41000E+01 1.62300E+02
p-N015-MT800-Guazzoni-O0323021-E0019.850.1971                   26 1.80000E+01 1.71600E+02
p-N015-MT800-Guazzoni-O0323022-E0025.200.1971                   27 1.84000E+01 1.70100E+02
p-N015-MT800-Guazzoni-O0323023-E0029.850.1971                   26 1.64000E+01 1.70500E+02
p-N015-MT800-Guazzoni-O0323024-E0035.050.1971                   25 1.59000E+01 1.70200E+02
p-N015-MT800-Guazzoni-O0323025-E0039.650.1971                   27 1.76000E+01 1.69000E+02
p-N015-MT800-Guazzoni-O0323026-E0043.350.1971                   25 1.83000E+01 1.66700E+02
p-N015-MT800-Hagedorn-C0995002-E0000.000.1957                    1 1.05000E+02 1.40000E+02
p-N015-MT800-Hagedorn-C0995002-E0000.909.1957                    1 9.00000E+01 1.40000E+02
p-N015-MT800-Hagedorn-C0995002-E0000.910.1957                    1 9.00000E+01 1.05000E+02
p-N015-MT800-Hagedorn-C0995002-E0000.910A001.1957                1 1.05000E+02 1.20000E+02
p-N015-MT800-Hagedorn-C0995002-E0000.910A002.1957                1 2.50000E+01 1.20000E+02
p-N015-MT800-Hagedorn-C0995002-E0000.917.1957                    1 1.50000E+01 2.50000E+01
p-N015-MT800-Hagedorn-C0995002-E0000.917A001.1957                1 1.50000E+01 7.50000E+01
p-N015-MT800-Hagedorn-C0995002-E0000.918.1957                    1 6.00000E+01 7.50000E+01
p-N015-MT800-Hagedorn-C0995002-E0000.918A001.1957                1 4.00000E+01 6.00000E+01
p-N015-MT800-Hagedorn-C0995002-E0000.919.1957                    1 4.00000E+01 1.05000E+02
p-N015-MT800-Hagedorn-C0995002-E0000.932.1957                    1 9.00000E+01 1.05000E+02
p-N015-MT800-Hagedorn-C0995002-E0000.932A001.1957                1 9.00000E+01 1.20000E+02
p-N015-MT800-Hagedorn-C0995002-E0000.933.1957                    1 1.20000E+02 1.40000E+02
p-N015-MT800-Hagedorn-C0995002-E0000.933A001.1957                1 2.50000E+01 1.40000E+02
p-N015-MT800-Hagedorn-C0995002-E0000.942.1957                    1 1.50000E+01 2.50000E+01
p-N015-MT800-Hagedorn-C0995002-E0000.943.1957                    2 1.50000E+01 6.00000E+01
p-N015-MT800-Hagedorn-C0995002-E0000.943A001.1957                1 6.00000E+01 7.50000E+01
p-N015-MT800-Hagedorn-C0995002-E0000.944.1957                    1 7.50000E+01 1.05000E+02
p-N015-MT800-Hagedorn-C0995002-E0000.954.1957                    1 1.05000E+02 1.20000E+02
p-N015-MT800-Hagedorn-C0995002-E0000.954A001.1957                1 1.20000E+02 1.40000E+02
p-N015-MT800-Hagedorn-C0995002-E0000.954A002.1957                1 9.00000E+01 1.40000E+02
p-N015-MT800-Hagedorn-C0995002-E0000.954A003.1957                1 1.50000E+01 9.00000E+01
p-N015-MT800-Hagedorn-C0995002-E0000.964.1957                    1 1.50000E+01 2.50000E+01
p-N015-MT800-Hagedorn-C0995002-E0000.964A001.1957                2 2.50000E+01 6.00000E+01
p-N015-MT800-Hagedorn-C0995002-E0000.965.1957                    1 4.00000E+01 7.50000E+01
p-N015-MT800-Hagedorn-C0995002-E0000.965A001.1957                1 7.50000E+01 1.20000E+02
p-N015-MT800-Hagedorn-C0995002-E0000.976.1957                    1 9.00000E+01 1.20000E+02
p-N015-MT800-Hagedorn-C0995002-E0000.976A001.1957                1 9.00000E+01 1.05000E+02
p-N015-MT800-Hagedorn-C0995002-E0000.977.1957                    1 1.05000E+02 1.40000E+02
p-N015-MT800-Hagedorn-C0995002-E0000.978.1957                    1 7.50000E+01 1.40000E+02
p-N015-MT800-Hagedorn-C0995002-E0000.986.1957                    1 6.00000E+01 7.50000E+01
p-N015-MT800-Hagedorn-C0995002-E0000.987.1957                    1 2.50000E+01 6.00000E+01
p-N015-MT800-Hagedorn-C0995002-E0000.987A001.1957                1 2.50000E+01 4.00000E+01
p-N015-MT800-Hagedorn-C0995002-E0000.987A002.1957                1 1.50000E+01 4.00000E+01
p-N015-MT800-Hagedorn-C0995002-E0000.988.1957                    1 1.50000E+01 1.05000E+02
p-N015-MT800-Hagedorn-C0995002-E0000.988A001.1957                1 1.05000E+02 1.20000E+02
p-N015-MT800-Hagedorn-C0995002-E0000.989.1957                    1 1.20000E+02 1.40000E+02
p-N015-MT800-Hagedorn-C0995002-E0000.990.1957                    1 2.50000E+01 1.40000E+02
p-N015-MT800-Hagedorn-C0995002-E0000.997.1957                    1 1.50000E+01 2.50000E+01
p-N015-MT800-Hagedorn-C0995002-E0000.998.1957                    1 1.50000E+01 7.50000E+01
p-N015-MT800-Hagedorn-C0995002-E0000.998A001.1957                1 6.00000E+01 7.50000E+01
p-N015-MT800-Hagedorn-C0995002-E0000.999.1957                    1 4.00000E+01 6.00000E+01
p-N015-MT800-Hagedorn-C0995002-E0000.999A001.1957                1 4.00000E+01 1.20000E+02
p-N015-MT800-Hagedorn-C0995002-E0000.999A002.1957                1 1.05000E+02 1.20000E+02
p-N015-MT800-Hagedorn-C0995002-E0001.001.1957                    1 9.00000E+01 1.40000E+02
p-N015-MT800-Hagedorn-C0995002-E0001.001A001.1957                1 2.50000E+01 9.00000E+01
p-N015-MT800-Hagedorn-C0995002-E0001.010.1957                    1 1.50000E+01 2.50000E+01
p-N015-MT800-Hagedorn-C0995002-E0001.010A001.1957                1 1.50000E+01 7.50000E+01
p-N015-MT800-Hagedorn-C0995002-E0001.010A002.1957                1 6.00000E+01 7.50000E+01
p-N015-MT800-Hagedorn-C0995002-E0001.010A003.1957                2 6.00000E+01 1.20000E+02
p-N015-MT800-Hagedorn-C0995002-E0001.011.1957                    1 9.00000E+01 1.20000E+02
p-N015-MT800-Hagedorn-C0995002-E0001.011A001.1957                1 4.00000E+01 9.00000E+01
p-N015-MT800-Hagedorn-C0995002-E0001.011A002.1957                1 4.00000E+01 1.40000E+02
p-N015-MT800-Hagedorn-C0995002-E0001.012.1957                    1 4.00000E+01 1.40000E+02
p-N015-MT800-Hagedorn-C0995002-E0001.023.1957                    2 4.00000E+01 1.05000E+02
p-N015-MT800-Hagedorn-C0995002-E0001.023A001.1957                1 7.50000E+01 9.00000E+01
p-N015-MT800-Hagedorn-C0995002-E0001.023A002.1957                1 9.00000E+01 1.20000E+02
p-N015-MT800-Hagedorn-C0995002-E0001.023A003.1957                1 1.20000E+02 1.40000E+02
p-N015-MT800-Hagedorn-C0995002-E0001.024.1957                    1 7.50000E+01 1.40000E+02
p-N015-MT800-Hagedorn-C0995002-E0001.032.1957                    1 2.50000E+01 7.50000E+01
p-N015-MT800-Hagedorn-C0995002-E0001.033.1957                    1 1.50000E+01 2.50000E+01
p-N015-MT800-Hagedorn-C0995002-E0001.033A001.1957                1 1.50000E+01 4.00000E+01
p-N015-MT800-Hagedorn-C0995002-E0001.033A002.1957                2 4.00000E+01 1.20000E+02
p-N015-MT800-Hagedorn-C0995002-E0001.033A003.1957                1 1.05000E+02 1.20000E+02
p-N015-MT800-Hagedorn-C0995002-E0001.034.1957                    1 1.05000E+02 1.40000E+02
p-N015-MT800-Hagedorn-C0995002-E0001.035.1957                    1 1.05000E+02 1.40000E+02
p-N015-MT800-Hagedorn-C0995002-E0001.044.1957                    1 1.05000E+02 1.20000E+02
p-N015-MT800-Hagedorn-C0995002-E0001.045.1957                    1 9.00000E+01 1.20000E+02
p-N015-MT800-Hagedorn-C0995002-E0001.045A001.1957                1 9.00000E+01 1.40000E+02
p-N015-MT800-Hagedorn-C0995002-E0001.046.1957                    1 2.50000E+01 1.40000E+02
p-N015-MT800-Hagedorn-C0995002-E0001.057.1957                    2 2.50000E+01 7.50000E+01
p-N015-MT800-Hagedorn-C0995002-E0001.057A001.1957                1 1.50000E+01 7.50000E+01
p-N015-MT800-Hagedorn-C0995002-E0001.057A002.1957                1 1.50000E+01 4.00000E+01
p-N015-MT800-Hagedorn-C0995002-E0001.058.1957                    1 4.00000E+01 1.05000E+02
p-N015-MT800-Hagedorn-C0995002-E0001.067.1957                    1 9.00000E+01 1.05000E+02
p-N015-MT800-Hagedorn-C0995002-E0001.069.1957                    1 9.00000E+01 1.20000E+02
p-N015-MT800-Hagedorn-C0995002-E0001.069A001.1957                1 1.20000E+02 1.40000E+02
p-N015-MT800-Hagedorn-C0995002-E0001.069A002.1957                1 2.50000E+01 1.40000E+02
p-N015-MT800-Hagedorn-C0995002-E0001.080.1957                    1 2.50000E+01 4.00000E+01
p-N015-MT800-Hagedorn-C0995002-E0001.080A001.1957                3 1.50000E+01 7.50000E+01
p-N015-MT800-Hagedorn-C0995002-E0001.081.1957                    1 1.50000E+01 1.05000E+02
p-N015-MT800-Hagedorn-C0995002-E0001.092.1957                    1 9.00000E+01 1.05000E+02
p-N015-MT800-Hagedorn-C0995002-E0001.092A001.1957                1 9.00000E+01 1.40000E+02
p-N015-MT800-Hagedorn-C0995002-E0001.092A002.1957                1 1.20000E+02 1.40000E+02
p-N015-MT800-Hagedorn-C0995002-E0001.092A003.1957                1 1.50000E+01 1.20000E+02
p-N015-MT800-Hagedorn-C0995002-E0001.102.1957                    2 1.50000E+01 6.00000E+01
p-N015-MT800-Hagedorn-C0995002-E0001.102A001.1957                1 2.50000E+01 4.00000E+01
p-N015-MT800-Hagedorn-C0995002-E0001.103.1957                    1 4.00000E+01 7.50000E+01
p-N015-MT800-Hagedorn-C0995002-E0001.103A001.1957                1 7.50000E+01 1.05000E+02
p-N015-MT800-Hagedorn-C0995002-E0001.114.1957                    1 9.00000E+01 1.05000E+02
p-N015-MT800-Hagedorn-C0995002-E0001.115.1957                    1 9.00000E+01 1.40000E+02
p-N015-MT800-Hagedorn-C0995002-E0001.115A001.1957                1 1.20000E+02 1.40000E+02
p-N015-MT800-Hagedorn-C0995002-E0001.116.1957                    1 1.50000E+01 1.20000E+02
p-N015-MT800-Hagedorn-C0995002-E0001.127.1957                    1 1.50000E+01 6.00000E+01
p-N015-MT800-Hagedorn-C0995002-E0001.127A001.1957                2 2.50000E+01 7.50000E+01
p-N015-MT800-Hagedorn-C0995002-E0001.127A002.1957                1 2.50000E+01 4.00000E+01
p-N015-MT800-Hagedorn-C0995002-E0001.128.1957                    1 4.00000E+01 1.20000E+02
p-N015-MT800-Hagedorn-C0995002-E0001.137.1957                    1 9.00000E+01 1.20000E+02
p-N015-MT800-Hagedorn-C0995002-E0001.137A001.1957                1 9.00000E+01 1.05000E+02
p-N015-MT800-Hagedorn-C0995002-E0001.137A002.1957                1 1.05000E+02 1.40000E+02
p-N015-MT800-Hagedorn-C0995002-E0001.138.1957                    1 7.50000E+01 1.40000E+02
p-N015-MT800-Hagedorn-C0995002-E0001.150.1957                    1 2.50000E+01 7.50000E+01
p-N015-MT800-Hagedorn-C0995002-E0001.151.1957                    1 1.50000E+01 2.50000E+01
p-N015-MT800-Hagedorn-C0995002-E0001.151A001.1957                2 1.50000E+01 6.00000E+01
p-N015-MT800-Hagedorn-C0995002-E0001.151A002.1957                1 6.00000E+01 9.00000E+01
p-N015-MT800-Hagedorn-C0995002-E0001.160.1957                    2 9.00000E+01 1.40000E+02
p-N015-MT800-Hagedorn-C0995002-E0001.161.1957                    1 1.20000E+02 1.40000E+02
p-N015-MT800-Hagedorn-C0995002-E0001.161A001.1957                1 1.50000E+01 1.20000E+02
p-N015-MT800-Hagedorn-C0995002-E0001.173.1957                    1 1.50000E+01 2.50000E+01
p-N015-MT800-Hagedorn-C0995002-E0001.174.1957                    1 2.50000E+01 4.00000E+01
p-N015-MT800-Hagedorn-C0995002-E0001.174A001.1957                1 4.00000E+01 7.50000E+01
p-N015-MT800-Hagedorn-C0995002-E0001.174A002.1957                1 6.00000E+01 7.50000E+01
p-N015-MT800-Hagedorn-C0995002-E0001.174A003.1957                1 1.50000E+01 6.00000E+01
p-N015-MT800-Hagedorn-C0995002-E0001.183.1957                    2 1.50000E+01 1.20000E+02
p-N015-MT800-Hagedorn-C0995002-E0001.183A001.1957                1 6.00000E+01 1.20000E+02
p-N015-MT800-Hagedorn-C0995002-E0001.183A002.1957                1 2.50000E+01 6.00000E+01
p-N015-MT800-Hagedorn-C0995002-E0001.183A003.1957                1 2.50000E+01 1.40000E+02
p-N015-MT800-Hagedorn-C0995002-E0001.184.1957                    1 7.50000E+01 1.40000E+02
p-N015-MT800-Hagedorn-C0995002-E0001.184A001.1957                1 7.50000E+01 9.00000E+01
p-N015-MT800-Hagedorn-C0995002-E0001.184A002.1957                1 4.00000E+01 9.00000E+01
p-N015-MT800-Hagedorn-C0995002-E0001.185.1957                    1 1.50000E+01 4.00000E+01
p-N015-MT800-Hagedorn-C0995002-E0001.188.1957                    2 1.50000E+01 6.00000E+01
p-N015-MT800-Hagedorn-C0995002-E0001.188A001.1957                1 6.00000E+01 7.50000E+01
p-N015-MT800-Hagedorn-C0995002-E0001.188A002.1957                1 4.00000E+01 7.50000E+01
p-N015-MT800-Hagedorn-C0995002-E0001.189.1957                    1 4.00000E+01 1.05000E+02
p-N015-MT800-Hagedorn-C0995002-E0001.191.1957                    1 9.00000E+01 1.05000E+02
p-N015-MT800-Hagedorn-C0995002-E0001.192.1957                    1 1.50000E+01 9.00000E+01
p-N015-MT800-Hagedorn-C0995002-E0001.193.1957                    2 1.50000E+01 7.50000E+01
p-N015-MT800-Hagedorn-C0995002-E0001.193A001.1957                1 4.00000E+01 6.00000E+01
p-N015-MT800-Hagedorn-C0995002-E0001.194.1957                    1 4.00000E+01 1.40000E+02
p-N015-MT800-Hagedorn-C0995002-E0001.195.1957                    1 7.50000E+01 1.40000E+02
p-N015-MT800-Hagedorn-C0995002-E0001.196.1957                    1 2.50000E+01 7.50000E+01
p-N015-MT800-Hagedorn-C0995002-E0001.196A001.1957                1 2.50000E+01 1.05000E+02
p-N015-MT800-Hagedorn-C0995002-E0001.197.1957                    1 4.00000E+01 1.05000E+02
p-N015-MT800-Hagedorn-C0995002-E0001.197A001.1957                2 4.00000E+01 1.20000E+02
p-N015-MT800-Hagedorn-C0995002-E0001.197A002.1957                1 1.50000E+01 1.20000E+02
p-N015-MT800-Hagedorn-C0995002-E0001.197A003.1957                1 1.50000E+01 9.00000E+01
p-N015-MT800-Hagedorn-C0995002-E0001.198.1957                    1 2.50000E+01 9.00000E+01
p-N015-MT800-Hagedorn-C0995002-E0001.199.1957                    1 2.50000E+01 1.40000E+02
p-N015-MT800-Hagedorn-C0995002-E0001.199A001.1957                1 1.50000E+01 1.40000E+02
p-N015-MT800-Hagedorn-C0995002-E0001.200.1957                    1 1.50000E+01 4.00000E+01
p-N015-MT800-Hagedorn-C0995002-E0001.200A001.1957                1 2.50000E+01 4.00000E+01
p-N015-MT800-Hagedorn-C0995002-E0001.201.1957                    1 2.50000E+01 1.05000E+02
p-N015-MT800-Hagedorn-C0995002-E0001.201A001.1957                2 7.50000E+01 1.20000E+02
p-N015-MT800-Hagedorn-C0995002-E0001.201A002.1957                1 4.00000E+01 7.50000E+01
p-N015-MT800-Hagedorn-C0995002-E0001.201A003.1957                1 4.00000E+01 6.00000E+01
p-N015-MT800-Hagedorn-C0995002-E0001.202.1957                    1 1.50000E+01 6.00000E+01
p-N015-MT800-Hagedorn-C0995002-E0001.203.1957                    2 1.50000E+01 9.00000E+01
p-N015-MT800-Hagedorn-C0995002-E0001.203A001.1957                3 2.50000E+01 1.40000E+02
p-N015-MT800-Hagedorn-C0995002-E0001.203A002.1957                1 4.00000E+01 6.00000E+01
p-N015-MT800-Hagedorn-C0995002-E0001.204.1957                    1 1.50000E+01 6.00000E+01
p-N015-MT800-Hagedorn-C0995002-E0001.205.1957                    1 1.50000E+01 2.50000E+01
p-N015-MT800-Hagedorn-C0995002-E0001.205A001.1957                1 2.50000E+01 1.05000E+02
p-N015-MT800-Hagedorn-C0995002-E0001.206.1957                    1 7.50000E+01 1.05000E+02
p-N015-MT800-Hagedorn-C0995002-E0001.206A001.1957                1 6.00000E+01 7.50000E+01
p-N015-MT800-Hagedorn-C0995002-E0001.206A002.1957                1 4.00000E+01 6.00000E+01
p-N015-MT800-Hagedorn-C0995002-E0001.206A003.1957                2 1.50000E+01 1.20000E+02
p-N015-MT800-Hagedorn-C0995002-E0001.207.1957                    2 1.50000E+01 9.00000E+01
p-N015-MT800-Hagedorn-C0995002-E0001.207A001.1957                1 2.50000E+01 1.20000E+02
p-N015-MT800-Hagedorn-C0995002-E0001.208.1957                    2 1.50000E+01 1.40000E+02
p-N015-MT800-Hagedorn-C0995002-E0001.209.1957                    2 1.50000E+01 1.05000E+02
p-N015-MT800-Hagedorn-C0995002-E0001.209A001.1957                1 4.00000E+01 9.00000E+01
p-N015-MT800-Hagedorn-C0995002-E0001.209A002.1957                1 4.00000E+01 1.05000E+02
p-N015-MT800-Hagedorn-C0995002-E0001.210.1957                    1 2.50000E+01 1.05000E+02
p-N015-MT800-Hagedorn-C0995002-E0001.211.1957                    3 2.50000E+01 1.40000E+02
p-N015-MT800-Hagedorn-C0995002-E0001.211A001.1957                1 9.00000E+01 1.20000E+02
p-N015-MT800-Hagedorn-C0995002-E0001.211A002.1957                1 1.50000E+01 1.20000E+02
p-N015-MT800-Hagedorn-C0995002-E0001.211A003.1957                1 1.50000E+01 4.00000E+01
p-N015-MT800-Hagedorn-C0995002-E0001.212.1957                    2 4.00000E+01 1.40000E+02
p-N015-MT800-Hagedorn-C0995002-E0001.212A001.1957                1 2.50000E+01 7.50000E+01
p-N015-MT800-Hagedorn-C0995002-E0001.212A002.1957                1 2.50000E+01 1.20000E+02
p-N015-MT800-Hagedorn-C0995002-E0001.214.1957                    1 2.50000E+01 1.20000E+02
p-N015-MT800-Hagedorn-C0995002-E0001.214A001.1957                1 2.50000E+01 1.05000E+02
p-N015-MT800-Hagedorn-C0995002-E0001.214A002.1957                1 1.05000E+02 1.40000E+02
p-N015-MT800-Hagedorn-C0995002-E0001.214A003.1957                1 4.00000E+01 1.40000E+02
p-N015-MT800-Hagedorn-C0995002-E0001.216.1957                    1 4.00000E+01 9.00000E+01
p-N015-MT800-Hagedorn-C0995002-E0001.216A001.1957                1 6.00000E+01 9.00000E+01
p-N015-MT800-Hagedorn-C0995002-E0001.216A002.1957                1 6.00000E+01 7.50000E+01
p-N015-MT800-Hagedorn-C0995002-E0001.216A003.1957                1 1.50000E+01 7.50000E+01
p-N015-MT800-Hagedorn-C0995002-E0001.217.1957                    1 1.50000E+01 1.40000E+02
p-N015-MT800-Hagedorn-C0995002-E0001.217A001.1957                1 1.05000E+02 1.40000E+02
p-N015-MT800-Hagedorn-C0995002-E0001.219.1957                    1 2.50000E+01 1.05000E+02
p-N015-MT800-Hagedorn-C0995002-E0001.219A001.1957                1 1.50000E+01 2.50000E+01
p-N015-MT800-Hagedorn-C0995002-E0001.219A002.1957                1 1.50000E+01 1.20000E+02
p-N015-MT800-Hagedorn-C0995002-E0001.220.1957                    1 6.00000E+01 1.20000E+02
p-N015-MT800-Hagedorn-C0995002-E0001.220A001.1957                1 4.00000E+01 6.00000E+01
p-N015-MT800-Hagedorn-C0995002-E0001.220A002.1957                1 4.00000E+01 9.00000E+01
p-N015-MT800-Hagedorn-C0995002-E0001.220A003.1957                1 9.00000E+01 1.20000E+02
p-N015-MT800-Hagedorn-C0995002-E0001.224.1957                    1 1.05000E+02 1.20000E+02
p-N015-MT800-Hagedorn-C0995002-E0001.224A001.1957                1 2.50000E+01 1.05000E+02
p-N015-MT800-Hagedorn-C0995002-E0001.225.1957                    1 2.50000E+01 1.40000E+02
p-N015-MT800-Hagedorn-C0995002-E0001.225A001.1957                1 9.00000E+01 1.40000E+02
p-N015-MT800-Hagedorn-C0995002-E0001.226.1957                    1 4.00000E+01 9.00000E+01
p-N015-MT800-Hagedorn-C0995002-E0001.226A001.1957                1 4.00000E+01 1.05000E+02
p-N015-MT800-Hagedorn-C0995002-E0001.228.1957                    1 1.05000E+02 1.20000E+02
p-N015-MT800-Hagedorn-C0995002-E0001.229.1957                    1 2.50000E+01 1.20000E+02
p-N015-MT800-Hagedorn-C0995002-E0001.229A001.1957                2 1.50000E+01 6.00000E+01
p-N015-MT800-Hagedorn-C0995002-E0001.229A002.1957                1 1.50000E+01 7.50000E+01
p-N015-MT800-Hagedorn-C0995002-E0001.230.1957                    1 7.50000E+01 1.40000E+02
p-N015-MT800-Hagedorn-C0995002-E0001.230A001.1957                1 4.00000E+01 1.40000E+02
p-N015-MT800-Hagedorn-C0995002-E0001.233.1957                    1 2.50000E+01 4.00000E+01
p-N015-MT800-Hagedorn-C0995002-E0001.234.1957                    1 2.50000E+01 1.05000E+02
p-N015-MT800-Hagedorn-C0995002-E0001.234A001.1957                1 1.05000E+02 1.20000E+02
p-N015-MT800-Hagedorn-C0995002-E0001.238.1957                    1 1.20000E+02 1.40000E+02
p-N015-MT800-Hagedorn-C0995002-E0001.238A001.1957                1 9.00000E+01 1.40000E+02
p-N015-MT800-Hagedorn-C0995002-E0001.239.1957                    1 6.00000E+01 9.00000E+01
p-N015-MT800-Hagedorn-C0995002-E0001.244.1957                    1 2.50000E+01 6.00000E+01
p-N015-MT800-Hagedorn-C0995002-E0001.244A001.1957                1 1.50000E+01 2.50000E+01
p-N015-MT800-Hagedorn-C0995002-E0001.244A002.1957                1 1.50000E+01 7.50000E+01
p-N015-MT800-Hagedorn-C0995002-E0001.244A003.1957                1 7.50000E+01 1.05000E+02
p-N015-MT800-Hagedorn-C0995002-E0001.251.1957                    1 7.50000E+01 1.05000E+02
p-N015-MT800-Hagedorn-C0995002-E0001.251A001.1957                1 7.50000E+01 1.20000E+02
p-N015-MT800-Hagedorn-C0995002-E0001.252.1957                    2 9.00000E+01 1.40000E+02
p-N015-MT800-Hagedorn-C0995002-E0001.252A001.1957                1 2.50000E+01 9.00000E+01
p-N015-MT800-Hagedorn-C0995002-E0001.256.1957                    1 2.50000E+01 6.00000E+01
p-N015-MT800-Hagedorn-C0995002-E0001.267.1957                    1 6.00000E+01 7.50000E+01
p-N015-MT800-Hagedorn-C0995002-E0001.268.1957                    1 4.00000E+01 7.50000E+01
p-N015-MT800-Hagedorn-C0995002-E0001.268A001.1957                1 1.50000E+01 4.00000E+01
p-N015-MT800-Hagedorn-C0995002-E0001.268A002.1957                1 1.50000E+01 2.50000E+01
p-N015-MT800-Hagedorn-C0995002-E0001.269.1957                    1 2.50000E+01 1.05000E+02
p-N015-MT800-Hagedorn-C0995002-E0001.274.1957                    1 1.05000E+02 1.20000E+02
p-N015-MT800-Hagedorn-C0995002-E0001.275.1957                    2 1.50000E+01 1.40000E+02
p-N015-MT800-Hagedorn-C0995002-E0001.281.1957                    1 1.50000E+01 2.50000E+01
p-N015-MT800-Hagedorn-C0995002-E0001.290.1957                    1 2.50000E+01 1.40000E+02
p-N015-MT800-Hagedorn-C0995002-E0001.296.1957                    1 1.20000E+02 1.40000E+02
p-N015-MT800-Hagedorn-C0995002-E0001.297.1957                    1 1.05000E+02 1.20000E+02
p-N015-MT800-Hagedorn-C0995002-E0001.297A001.1957                1 1.05000E+02 1.40000E+02
p-N015-MT800-Hagedorn-C0995002-E0001.319.1957                    1 1.40000E+02 1.40000E+02
p-N015-MT800-Hagedorn-C0995005-E0000.920.1957                    9 1.49000E+01 1.40800E+02
p-N015-MT800-Hagedorn-C0995006-E0001.020.1957                    9 1.48000E+01 1.39500E+02
p-N015-MT800-Hagedorn-C0995007-E0001.100.1957                    9 1.35000E+01 1.40100E+02
p-N015-MT800-Hagedorn-C0995008-E0001.160.1957                    9 1.49000E+01 1.40700E+02
p-N015-MT800-Hagedorn-C0995009-E0001.210.1957                    9 1.37000E+01 1.40000E+02
p-N015-MT800-Hagedorn-C0995010-E0001.260.1957                   11 1.32000E+01 1.32000E+01
p-N015-MT800-Ignatenko-A0818002-E0007.500.2000                  48 2.00000E+01 1.60600E+02
p-N015-MT800-Ignatenko-A0818003-E0003.570.2000                  48 4.50000E+01 4.50000E+01
p-N015-MT800-Ignatenko-A0818004-E0005.402.2000                  32 6.00000E+01 6.00000E+01
p-N015-MT800-Ignatenko-A0818005-E0005.439.2000                  16 1.20000E+02 1.20000E+02
p-N015-MT800-Nonaka-E1949002-E0006.700.1967                     86 6.00000E+01 6.00000E+01
p-N015-MT800-Nonaka-E1949003-E0006.700.1967                     85 9.00000E+01 9.00000E+01
p-N015-MT800-Nonaka-E1949004-E0006.700.1967                     85 1.20000E+02 1.20000E+02
p-N015-MT800-Nonaka-E1949005-E0007.510.1967                     76 1.50000E+02 1.50000E+02
p-N015-MT800-Nonaka-E1949010-E0006.700.1967                     13 2.00000E+01 1.20000E+02
p-N015-MT800-Nonaka-E1949011-E0006.890.1967                     15 2.00000E+01 1.35000E+02
p-N015-MT800-Nonaka-E1949012-E0007.170.1967                     15 2.00000E+01 1.35000E+02
p-N015-MT800-Nonaka-E1949013-E0007.670.1967                     17 2.00000E+01 1.60000E+02
p-N015-MT800-Nonaka-E1949014-E0007.870.1967                     17 2.00000E+01 1.60000E+02
p-N015-MT800-Nonaka-E1949015-E0008.150.1967                     17 2.00000E+01 1.60000E+02
p-N015-MT800-Nonaka-E1949016-E0008.480.1967                     17 2.00000E+01 1.60000E+02
p-N015-MT800-Nonaka-E1949017-E0008.680.1967                     17 2.00000E+01 1.60000E+02
p-N015-MT800-Nonaka-E1949018-E0008.870.1967                     15 2.00000E+01 1.60000E+02
p-N015-MT800-Nonaka-E1949019-E0009.090.1967                     15 2.00000E+01 1.60000E+02
p-N015-MT800-Nonaka-E1949020-E0009.480.1967                     15 2.00000E+01 1.60000E+02
p-N015-MT800-Nonaka-E1949021-E0009.780.1967                     15 2.00000E+01 1.60000E+02
p-N015-MT800-Nonaka-E1949022-E0010.080.1967                     15 2.00000E+01 1.60000E+02
p-N015-MT800-Nonaka-E1949023-E0010.180.1967                     15 2.00000E+01 1.60000E+02
p-N015-MT800-Nonaka-E1949024-E0010.270.1967                     15 2.00000E+01 1.60000E+02
p-N015-MT800-Nonaka-E1949025-E0010.680.1967                     21 1.50000E+01 1.60000E+02
p-N015-MT800-Nonaka-E1949026-E0010.780.1967                     15 2.00000E+01 1.60000E+02
p-N015-MT800-Nonaka-E1949027-E0011.080.1967                     21 1.50000E+01 1.60000E+02
p-N015-MT800-Nonaka-E1949028-E0011.590.1967                     16 1.50000E+01 1.60000E+02
p-N015-MT800-Nonaka-E1949029-E0011.970.1967                     21 1.50000E+01 1.60000E+02
p-N015-MT800-Nonaka-E1949030-E0012.160.1967                     21 1.50000E+01 1.60000E+02
p-N015-MT800-Nonaka-E1949031-E0012.370.1967                     22 1.50000E+01 1.60000E+02
p-N015-MT800-Nonaka-E1949032-E0012.770.1967                     22 1.50000E+01 1.60000E+02
p-N015-MT800-Nonaka-E1949033-E0013.160.1967                     21 1.50000E+01 1.60000E+02
p-N015-MT800-Nonaka-E1949034-E0013.570.1967                     20 1.50000E+01 1.60000E+02
p-N015-MT800-Nonaka-E1949035-E0013.960.1967                     19 1.50000E+01 1.60000E+02
p-N015-MT800-Nonaka-E1949036-E0014.550.1967                     17 2.00000E+01 1.60000E+02
p-N015-MT800-Nonaka-E1949037-E0015.160.1967                     13 3.00000E+01 1.60000E+02
p-N015-MT800-Nurmukhanbetova-D0876003-E0000.269.2017          1270 1.80000E+02 1.80000E+02
p-N015-MT800-Sawicki-C0190004-E0000.972.1986                     1 1.50000E+02 1.50000E+02
p-N015-MT800-Sawicki-C0190006-E0000.805.1986                    42 1.50000E+02 1.50000E+02
