#              Filename                                         N    min         max     
n-U234-MT464-Blachot-21736005-E0001.500.1974                    21 1.50000E+00 1.50000E+00
n-U234-MT464-Aladili-23164009-E0000.200.2016                     1 2.00000E-01 2.00000E-01
n-U234-MT464-Aladili-23164009-E0000.350.2016                     1 3.50000E-01 3.50000E-01
n-U234-MT464-Aladili-23164009-E0000.500.2016                     1 5.00000E-01 5.00000E-01
n-U234-MT464-Aladili-23164009-E0000.640.2016                     1 6.40000E-01 6.40000E-01
n-U234-MT464-Aladili-23164009-E0000.770.2016                     1 7.70000E-01 7.70000E-01
n-U234-MT464-Aladili-23164009-E0000.835.2016                     1 8.35000E-01 8.35000E-01
n-U234-MT464-Aladili-23164009-E0000.900.2016                     1 9.00000E-01 9.00000E-01
n-U234-MT464-Aladili-23164009-E0001.000.2016                     1 1.00000E+00 1.00000E+00
n-U234-MT464-Aladili-23164009-E0001.500.2016                     1 1.50000E+00 1.50000E+00
n-U234-MT464-Aladili-23164009-E0002.000.2016                     1 2.00000E+00 2.00000E+00
n-U234-MT464-Aladili-23164009-E0002.500.2016                     1 2.50000E+00 2.50000E+00
n-U234-MT464-Aladili-23164009-E0003.000.2016                     1 3.00000E+00 3.00000E+00
n-U234-MT464-Aladili-23164009-E0004.000.2016                     2 4.00000E+00 4.00000E+00
n-U234-MT464-Aladili-231640151-E0004.000.2016                    2 4.00000E+00 4.00000E+00
n-U234-MT464-Aladili-231640152-E0004.000.2016                    2 4.00000E+00 4.00000E+00
n-U234-MT464-Aladili-231640153-E0004.000.2016                    2 4.00000E+00 4.00000E+00
n-U234-MT464-Aladili-231640163-E0004.000.2016                    2 4.00000E+00 4.00000E+00
n-U234-MT464-Aladili-231640171-E0004.000.2016                    2 4.00000E+00 4.00000E+00
n-U234-MT464-Aladili-231640172-E0004.000.2016                    2 4.00000E+00 4.00000E+00
n-U234-MT464-Aladili-231640173-E0004.000.2016                    2 4.00000E+00 4.00000E+00
n-U234-MT464-Aladili-23164020-E0000.200.2016                     1 2.00000E-01 2.00000E-01
n-U234-MT464-Aladili-23164020-E0000.350.2016                     1 3.50000E-01 3.50000E-01
n-U234-MT464-Aladili-23164020-E0000.500.2016                     1 5.00000E-01 5.00000E-01
n-U234-MT464-Aladili-23164020-E0000.640.2016                     1 6.40000E-01 6.40000E-01
n-U234-MT464-Aladili-23164020-E0000.770.2016                     1 7.70000E-01 7.70000E-01
n-U234-MT464-Aladili-23164020-E0000.835.2016                     1 8.35000E-01 8.35000E-01
n-U234-MT464-Aladili-23164020-E0000.900.2016                     1 9.00000E-01 9.00000E-01
n-U234-MT464-Aladili-23164020-E0001.000.2016                     1 1.00000E+00 1.00000E+00
n-U234-MT464-Aladili-23164020-E0001.500.2016                     1 1.50000E+00 1.50000E+00
n-U234-MT464-Aladili-23164020-E0002.000.2016                     1 2.00000E+00 2.00000E+00
n-U234-MT464-Aladili-23164020-E0002.500.2016                     1 2.50000E+00 2.50000E+00
n-U234-MT464-Aladili-23164020-E0003.000.2016                     1 3.00000E+00 3.00000E+00
n-U234-MT464-Aladili-23164020-E0004.000.2016                     2 4.00000E+00 4.00000E+00
