#              Filename                                         N    min         max
n-U238-MT151-Anderson-13877005.1944                              3 6.60000E-06 3.80000E-05
n-U238-MT151-Asghar-209720071.1966                              38 6.65000E-06 8.23100E-04
n-U238-MT151-Asghar-209720072.1966                              27 6.65000E-06 8.23100E-04
n-U238-MT151-Asghar-20972008.1966                                1 4.14825E-04 4.14825E-04
n-U238-MT151-Asghar-20972009.1966                                1 4.14825E-04 4.14825E-04
n-U238-MT151-Auchampaugh-129800021.1986                          3 7.21500E-04 7.32400E-04
n-U238-MT151-Auchampaugh-129800022.1986                          3 7.21500E-04 7.32400E-04
n-U238-MT151-Auchampaugh-129800023.1986                          1 7.21500E-04 7.21500E-04
n-U238-MT151-Bilpuch-11187009.1960                               1 2.00500E-01 2.00500E-01
n-U238-MT151-Bilpuch-11187009A001.1960                           1 2.00500E-01 2.00500E-01
n-U238-MT151-Block-105690021.1973                                2 7.20000E-04 1.21000E-03
n-U238-MT151-Block-105690021A001.1973                            2 7.20000E-04 1.21000E-03
n-U238-MT151-Block-105690031.1973                                2 7.20000E-04 1.21000E-03
n-U238-MT151-Block-105690031A001.1973                            2 7.20000E-04 1.21000E-03
n-U238-MT151-Block-105690032.1973                                2 7.20000E-04 1.21000E-03
n-U238-MT151-Block-105690032A001.1973                            2 7.20000E-04 1.21000E-03
n-U238-MT151-Block-105690041.1973                                2 7.20000E-04 1.21000E-03
n-U238-MT151-Block-105690041A001.1973                            2 7.20000E-04 1.21000E-03
n-U238-MT151-Block-105690042.1973                                2 7.20000E-04 1.21000E-03
n-U238-MT151-Block-105690042A001.1973                            2 7.20000E-04 1.21000E-03
n-U238-MT151-Block-108020031.1982                                5 6.67000E-06 8.07000E-05
n-U238-MT151-Block-108020031A001.1982                            5 6.67000E-06 8.07000E-05
n-U238-MT151-Block-108020032.1982                                5 6.67000E-06 8.07000E-05
n-U238-MT151-Block-108020032A001.1982                            5 6.67000E-06 8.07000E-05
n-U238-MT151-Block-108020033.1982                                5 6.67000E-06 8.07000E-05
n-U238-MT151-Block-108020033A001.1982                            5 6.67000E-06 8.07000E-05
n-U238-MT151-Boeckhoff-22604007.1976                            14 1.42870E-03 2.67390E-03
n-U238-MT151-Boeckhoff-22604008.1976                            15 1.42070E-03 2.67400E-03
n-U238-MT151-Bollinger-12457003.1957                            10 1.02000E-05 2.37000E-04
n-U238-MT151-Bollinger-12457004.1957                             9 1.02000E-05 2.37000E-04
n-U238-MT151-Bollinger-12457005.1957                             9 1.02000E-05 2.37000E-04
n-U238-MT151-Bollinger-12457007.1957                             4 6.67000E-06 6.60000E-05
n-U238-MT151-Bollinger-12457008.1957                             4 6.67000E-06 6.60000E-05
n-U238-MT151-Bollinger-12457009.1957                             4 6.67000E-06 6.60000E-05
n-U238-MT151-Bollinger-12457010.1957                             4 6.67000E-06 6.60000E-05
n-U238-MT151-Bollinger-12457011.1957                             1 9.78350E-05 9.78350E-05
n-U238-MT151-Bollinger-12457012.1957                             1 1.21835E-04 1.21835E-04
n-U238-MT151-Bowman-126770021.1965                               8 2.10000E-05 3.48000E-04
n-U238-MT151-Bowman-126770023.1965                               8 2.10000E-05 3.48000E-04
n-U238-MT151-Byoun-105770381.1973                                3 5.50000E-02 5.50000E-02
n-U238-MT151-Byoun-105770381A001.1973                            3 5.50000E-02 5.50000E-02
n-U238-MT151-Byoun-105770382.1973                                3 5.50000E-02 5.50000E-02
n-U238-MT151-Byoun-105770382A001.1973                            3 5.50000E-02 5.50000E-02
n-U238-MT151-Byoun-105770383.1973                                3 5.50000E-02 5.50000E-02
n-U238-MT151-Byoun-105770383A001.1973                            3 5.50000E-02 5.50000E-02
n-U238-MT151-Byoun-105770391.1973                                1 5.50000E-02 5.50000E-02
n-U238-MT151-Byoun-105770391A001.1973                            1 5.50000E-02 5.50000E-02
n-U238-MT151-Byoun-105770392.1973                                1 5.50000E-02 5.50000E-02
n-U238-MT151-Byoun-105770392A001.1973                            1 5.50000E-02 5.50000E-02
n-U238-MT151-Byoun-105770393.1973                                1 5.50000E-02 5.50000E-02
n-U238-MT151-Byoun-105770393A001.1973                            1 5.50000E-02 5.50000E-02
n-U238-MT151-Carraro-20115006.1970                             247 6.60000E-05 5.76210E-03
n-U238-MT151-Carraro-20115007.1970                             247 6.60000E-05 5.76210E-03
n-U238-MT151-Carraro-20115009.1970                              13 8.47090E-04 5.70170E-03
n-U238-MT151-Carraro-20115010.1970                               1 1.03000E-03 1.03000E-03
n-U238-MT151-Carraro-20115011.1970                               1 1.03000E-03 1.03000E-03
n-U238-MT151-Carraro-20505002.1971                             141 7.65180E-04 3.59780E-03
n-U238-MT151-Carraro-20505003.1971                             141 7.65180E-04 3.59780E-03
n-U238-MT151-Carraro-20505006.1971                               1 1.03000E-03 1.03000E-03
n-U238-MT151-Carraro-20505007.1971                              11 5.00000E-04 5.40000E-03
n-U238-MT151-Carraro-20505008.1971                               1 1.03000E-03 1.03000E-03
n-U238-MT151-Corvi-204300021.1975                               57 6.35100E-05 1.54800E-03
n-U238-MT151-Corvi-204300022.1975                               57 6.35100E-05 1.54800E-03
n-U238-MT151-Corvi-20430004.1975                                 1 8.00000E-04 8.00000E-04
n-U238-MT151-Corvi-20430005.1975                                 1 8.06750E-04 8.06750E-04
n-U238-MT151-Corvi-20430006.1975                                 1 8.00000E-04 8.00000E-04
n-U238-MT151-Corvi-22318002.1994                                19 1.02400E-05 4.39750E-04
n-U238-MT151-Crawford-142760021.1998                            37 1.02349E-05 2.90960E-04
n-U238-MT151-Crawford-142760022.1998                            37 1.02349E-05 2.90960E-04
n-U238-MT151-Crawford-142760023.1998                            37 1.02349E-05 2.90960E-04
n-U238-MT151-Crawford-142760024.1998                            13 2.08660E-05 2.90960E-04
n-U238-MT151-Desaussure-101010041.1973                           6 5.23500E-04 5.84700E-04
n-U238-MT151-Desaussure-101010041A001.1973                       6 5.23500E-04 5.84700E-04
n-U238-MT151-Desaussure-101010042.1973                           4 5.18500E-04 5.95200E-04
n-U238-MT151-Desaussure-101010042A001.1973                       4 5.18500E-04 5.95200E-04
n-U238-MT151-Difilippo-106740021.1977                           26 5.71500E-03 5.74000E-02
n-U238-MT151-Difilippo-106740021A001.1977                       26 5.71500E-03 5.74000E-02
n-U238-MT151-Difilippo-106740031.1977                            9 7.08500E-04 1.27000E-03
n-U238-MT151-Difilippo-106740031A001.1977                        9 7.08500E-04 1.27000E-03
n-U238-MT151-Difilippo-106940031.1980                           58 5.71800E-03 1.78900E-01
n-U238-MT151-Difilippo-106940031A001.1980                       58 5.71800E-03 1.78900E-01
n-U238-MT151-Firk-209630031.1963                                 6 3.64000E-05 2.09000E-04
n-U238-MT151-Firk-209630032.1963                                 3 3.64000E-05 1.03000E-04
n-U238-MT151-Firk-209630033.1963                                 3 3.64000E-05 1.03000E-04
n-U238-MT151-Firk-209630041.1963                                79 1.46000E-04 1.80200E-03
n-U238-MT151-Firk-209630042.1963                                79 1.46000E-04 1.80200E-03
n-U238-MT151-Firk-20963005.1963                                  1 9.03350E-04 9.03350E-04
n-U238-MT151-Fluharty-119460131.1956                             8 2.12000E-05 2.00000E-04
n-U238-MT151-Fluharty-119460132.1956                             8 2.12000E-05 2.00000E-04
n-U238-MT151-Fluharty-119460133.1956                             4 2.12000E-05 1.01000E-04
n-U238-MT151-Fluharty-11946016.1956                              1 1.10600E-04 1.10600E-04
n-U238-MT151-Fluharty-11946017.1956                              1 1.10600E-04 1.10600E-04
n-U238-MT151-Garg-122780061.1964                               214 2.37400E-04 3.90440E-03
n-U238-MT151-Garg-122780062.1964                               214 2.37400E-04 3.90440E-03
n-U238-MT151-Glass-12471002.1968                                64 3.67000E-05 2.03110E-03
n-U238-MT151-Glass-124710031.1968                               59 4.52000E-05 1.79800E-03
n-U238-MT151-Glass-124710032.1968                               59 4.52000E-05 1.79800E-03
n-U238-MT151-Glass-124710041.1968                              167 4.75000E-05 2.05110E-03
n-U238-MT151-Glass-124710042.1968                              167 4.75000E-05 2.05110E-03
n-U238-MT151-Glass-124710043.1968                              167 4.75000E-05 2.05110E-03
n-U238-MT151-Glass-124710051.1968                                1 1.04000E-03 1.04000E-03
n-U238-MT151-Glass-124710052.1968                                1 1.04000E-03 1.04000E-03
n-U238-MT151-Glass-124710053.1968                                1 1.04000E-03 1.04000E-03
n-U238-MT151-Grigorev-40876008.1991                              2 1.00232E-01 1.00232E-01
n-U238-MT151-Grigoriev-41154004.1990                             2 1.02325E-01 1.02325E-01
n-U238-MT151-Grigoriev-41154005.1990                             1 1.02325E-01 1.02325E-01
n-U238-MT151-Harvey-119120431.1955                              18 6.70000E-06 4.18000E-04
n-U238-MT151-Harvey-119120432.1955                              18 6.70000E-06 4.18000E-04
n-U238-MT151-Harvey-119120433.1955                              18 6.70000E-06 4.18000E-04
n-U238-MT151-Harvey-119120441.1955                               4 6.70000E-06 6.65000E-05
n-U238-MT151-Harvey-119120442.1955                               4 6.70000E-06 6.65000E-05
n-U238-MT151-Haste-212170021.1978                               23 6.66800E-06 5.18040E-04
n-U238-MT151-Haste-212170022.1978                                4 6.66800E-06 6.60560E-05
n-U238-MT151-Haste-21217003.1978                                 5 4.41780E-06 8.92170E-05
n-U238-MT151-Hibdon-114340062.1951                               1 7.00000E-06 7.00000E-06
n-U238-MT151-Hibdon-114340071.1951                               1 7.00000E-06 7.00000E-06
n-U238-MT151-Hibdon-114340072.1951                               1 7.00000E-06 7.00000E-06
n-U238-MT151-Kazakov-409150051.1986                              2 2.32000E-01 2.32000E-01
n-U238-MT151-Kim-233020041.2016                                108 6.67400E-06 1.21106E-03
n-U238-MT151-Kim-233020042.2016                                108 6.67400E-06 1.21106E-03
n-U238-MT151-Kim-233020043.2016                                 36 6.67400E-06 1.21106E-03
n-U238-MT151-Kim-233020045.2016                                108 6.67400E-06 1.21106E-03
n-U238-MT151-Kuznetsova-40981023.1987                            1 4.00000E-01 4.00000E-01
n-U238-MT151-Kuznetsova-40981024.1987                            2 4.00000E-01 4.00000E-01
n-U238-MT151-Levin-122740041.1956                                3 6.70000E-06 3.71000E-05
n-U238-MT151-Levin-122740042.1956                                3 6.70000E-06 3.71000E-05
n-U238-MT151-Levin-122740043.1956                                3 6.70000E-06 3.71000E-05
n-U238-MT151-Levin-122740044.1956                                3 6.70000E-06 3.71000E-05
n-U238-MT151-Liou-105750021.1977                                 7 6.67000E-06 1.16850E-04
n-U238-MT151-Liou-105750021A001.1977                             7 6.67000E-06 1.16850E-04
n-U238-MT151-Liou-105750022.1977                                 7 6.67000E-06 1.16850E-04
n-U238-MT151-Liou-105750022A001.1977                             7 6.67000E-06 1.16850E-04
n-U238-MT151-Liou-105750023.1977                                 7 6.67000E-06 1.16850E-04
n-U238-MT151-Liou-105750023A001.1977                             7 6.67000E-06 1.16850E-04
n-U238-MT151-Liou-105750031.1977                                 1 1.02500E-05 1.02500E-05
n-U238-MT151-Liou-105750031A001.1977                             1 1.02500E-05 1.02500E-05
n-U238-MT151-Liou-105750032.1977                                 1 1.02500E-05 1.02500E-05
n-U238-MT151-Liou-105750032A001.1977                             1 1.02500E-05 1.02500E-05
n-U238-MT151-Litvinskii-40924008.1987                            1 0.00000E+00 0.00000E+00
n-U238-MT151-Litvinskii-40924010.1987                            2 0.00000E+00 0.00000E+00
n-U238-MT151-Litvinskii-40924011.1987                            1 0.00000E+00 0.00000E+00
n-U238-MT151-Litvinskii-40924012.1987                            1 0.00000E+00 0.00000E+00
n-U238-MT151-Lynn-210270061.1955                                 6 6.67000E-06 1.17500E-04
n-U238-MT151-Lynn-210270062.1955                                 7 6.67000E-06 1.17500E-04
n-U238-MT151-Lynn-210270063.1955                                 6 6.67000E-06 1.17500E-04
n-U238-MT151-Macklin-13526004.1991                             197 5.56800E-04 9.97630E-03
n-U238-MT151-Macklin-13526005.1991                               4 1.41700E-03 1.44800E-03
n-U238-MT151-Macklin-13526006.1991                               4 1.41700E-03 1.44800E-03
n-U238-MT151-Malecki-40068002.1971                              38 6.60000E-05 1.05700E-03
n-U238-MT151-Malecki-40068003.1971                              31 6.60000E-05 1.19700E-03
n-U238-MT151-Moore-23333002.1981                               108 8.36800E-05 3.92790E-03
n-U238-MT151-Muradyan-41178002.1994                              2 7.21000E-04 1.21140E-03
n-U238-MT151-Nakajima-21598003.1980                              1 2.36000E-03 2.36000E-03
n-U238-MT151-Nakajima-21598004.1980                              1 2.36000E-03 2.36000E-03
n-U238-MT151-Nakajima-21598005.1980                            179 2.08500E-05 4.72720E-03
n-U238-MT151-Olsen-10561007.1977                                 1 5.30537E-04 5.30537E-04
n-U238-MT151-Olsen-10561007A001.1977                             1 5.30537E-04 5.30537E-04
n-U238-MT151-Olsen-107140021.1979                               39 6.67200E-06 8.66420E-04
n-U238-MT151-Olsen-107140021A001.1979                           39 6.67200E-06 8.66420E-04
n-U238-MT151-Olsen-107140022.1979                               39 6.67200E-06 8.66420E-04
n-U238-MT151-Olsen-107140022A001.1979                           39 6.67200E-06 8.66420E-04
n-U238-MT151-Olsen-107140031.1979                               60 4.40400E-06 8.46650E-04
n-U238-MT151-Olsen-107140031A001.1979                           60 4.40400E-06 8.46650E-04
n-U238-MT151-Olsen-107140032.1979                               60 4.40400E-06 8.46650E-04
n-U238-MT151-Olsen-107140032A001.1979                           60 4.40400E-06 8.46650E-04
n-U238-MT151-Olsen-10714004.1979                                 2 2.50000E-04 7.50000E-04
n-U238-MT151-Olsen-10714004A001.1979                             2 2.50000E-04 7.50000E-04
n-U238-MT151-Olsen-129850021.1986                              676 8.91220E-04 1.00004E-02
n-U238-MT151-Olsen-129850022.1986                              676 8.91220E-04 1.00004E-02
n-U238-MT151-Perez-128670031.1979                                9 1.38000E-02 7.80000E-02
n-U238-MT151-Perez-128670032.1979                                9 1.38000E-02 7.80000E-02
n-U238-MT151-Poortmans-20726002.1981                            74 6.67000E-06 3.94050E-03
n-U238-MT151-Poortmans-20726003.1981                             1 2.13025E-03 2.13025E-03
n-U238-MT151-Poortmans-20726004.1981                           408 1.02300E-05 4.26030E-03
n-U238-MT151-Poortmans-20726005.1981                             2 5.00000E-04 2.13000E-03
n-U238-MT151-Poortmans-20726006.1981                             1 2.13236E-03 2.13236E-03
n-U238-MT151-Poortmans-207260071.1981                          123 6.67000E-06 4.26030E-03
n-U238-MT151-Poortmans-207260072.1981                          122 6.67000E-06 4.26030E-03
n-U238-MT151-Poortmans-20726008.1981                             1 9.00000E-04 9.00000E-04
n-U238-MT151-Radkevich-403820311.1956                            4 6.69000E-06 6.77000E-05
n-U238-MT151-Radkevich-403820321.1956                            5 6.69000E-06 8.30000E-05
n-U238-MT151-Radkevich-403820322.1956                            5 6.69000E-06 8.30000E-05
n-U238-MT151-Radkevich-403820331.1956                            5 6.69000E-06 8.30000E-05
n-U238-MT151-Radkevich-403820332.1956                            5 6.69000E-06 8.30000E-05
n-U238-MT151-Radkevich-403820341.1956                            5 6.69000E-06 8.30000E-05
n-U238-MT151-Radkevich-403820342.1956                            5 6.69000E-06 8.30000E-05
n-U238-MT151-Radkevich-403820351.1956                            4 6.69000E-06 6.77000E-05
n-U238-MT151-Radkevich-403820361.1956                           24 8.95000E-05 4.05000E-04
n-U238-MT151-Radkevich-403820362.1956                           23 8.95000E-05 4.05000E-04
n-U238-MT151-Radkevich-403820371.1956                           15 8.95000E-05 4.05000E-04
n-U238-MT151-Radkevich-403820372.1956                           15 8.95000E-05 4.05000E-04
n-U238-MT151-Radkevich-403820381.1956                            9 1.05000E-04 4.05000E-04
n-U238-MT151-Radkevich-40382039.1956                             1 2.05825E-04 2.05825E-04
n-U238-MT151-Radkevich-40382040.1956                             1 2.05825E-04 2.05825E-04
n-U238-MT151-Rahn-102740051.1972                               211 6.65000E-06 4.59270E-03
n-U238-MT151-Rahn-102740051A001.1972                           211 6.65000E-06 4.59270E-03
n-U238-MT151-Rahn-102740052.1972                               211 6.65000E-06 4.59270E-03
n-U238-MT151-Rahn-102740052A001.1972                           211 6.65000E-06 4.59270E-03
n-U238-MT151-Rahn-102740053.1972                                71 2.09000E-05 2.35530E-03
n-U238-MT151-Rahn-102740053A001.1972                            71 2.09000E-05 2.35530E-03
n-U238-MT151-Rahn-102740061.1972                                74 1.02200E-05 2.92210E-03
n-U238-MT151-Rahn-102740061A001.1972                            74 1.02200E-05 2.92210E-03
n-U238-MT151-Rahn-102740062.1972                                74 1.02200E-05 2.92210E-03
n-U238-MT151-Rahn-102740062A001.1972                            74 1.02200E-05 2.92210E-03
n-U238-MT151-Rahn-102740102.1972                                 1 4.00000E-03 4.00000E-03
n-U238-MT151-Rahn-102740102A001.1972                             1 4.00000E-03 4.00000E-03
n-U238-MT151-Rahn-102740103.1972                                 1 4.00000E-03 4.00000E-03
n-U238-MT151-Rahn-102740103A001.1972                             1 4.00000E-03 4.00000E-03
n-U238-MT151-Rohr-20144002.1970                                 28 6.60000E-05 1.05480E-03
n-U238-MT151-Rohr-20144003.1970                                  1 5.50000E-04 5.50000E-04
n-U238-MT151-Rohr-20144004.1970                                 28 6.60000E-05 1.05480E-03
n-U238-MT151-Rosen-124600021.1960                               48 1.02800E-04 9.97000E-04
n-U238-MT151-Rosen-124600022.1960                               48 1.02800E-04 9.97000E-04
n-U238-MT151-Rosen-124600023.1960                               28 1.02800E-04 9.97000E-04
n-U238-MT151-Rosen-124600024.1960                               48 1.02800E-04 9.97000E-04
n-U238-MT151-Rosen-124600025.1960                               48 1.02800E-04 9.97000E-04
n-U238-MT151-Ryabov-400700121.1970                               1 6.68000E-06 6.68000E-06
n-U238-MT151-Ryabov-400700122.1970                               1 6.68000E-06 6.68000E-06
n-U238-MT151-Ryabov-400700123.1970                               1 6.68000E-06 6.68000E-06
n-U238-MT151-Staveloz-21051002.1978                              1 6.67000E-06 6.67000E-06
n-U238-MT151-Tsubone-21813003.1984                               3 5.29550E-01 5.29550E-01
n-U238-MT151-Uttley-21088015.1966                                2 5.00050E-01 5.00050E-01
n-U238-MT151-Vertebnyy-40839019.1980                             3 2.00000E-03 2.45000E-02
n-U238-MT151-Vertebnyy-40991002.1987                             1 7.30250E-02 7.30250E-02
n-U238-MT151-Vertebnyy-40991003.1987                             1 7.30250E-02 7.30250E-02
