#              Filename                                         N    min         max
d-Ca048-MT601-Roy-F0919005-E0002.500.1971                       12 2.96000E+01 1.63000E+02
d-Ca048-MT601-Roy-F0919005-E0003.000.1971                       11 2.35000E+01 1.64300E+02
d-Ca048-MT601-Roy-F0919005-E0003.500.1971                       22 1.73000E+01 1.64200E+02
d-Ca048-MT601-Roy-F0919005-E0004.000.1971                       23 1.57000E+01 1.67500E+02
d-Ca048-MT601-Roy-F0919005-E0004.500.1971                       23 1.57000E+01 1.45900E+02
d-Ca048-MT601-Roy-F0919005-E0005.000.1971                       24 1.48000E+01 1.71100E+02
d-Ca048-MT601-Roy-F0919005-E0005.500.1971                       20 1.48000E+01 1.50800E+02
d-Ca048-MT601-Roy-F0919007-E0002.282.1971                        1 9.00000E+01 1.15000E+02
d-Ca048-MT601-Roy-F0919007-E0002.288.1971                        1 1.15000E+02 1.65000E+02
d-Ca048-MT601-Roy-F0919007-E0002.298.1971                        1 1.45000E+02 1.65000E+02
d-Ca048-MT601-Roy-F0919007-E0002.298A001.1971                    1 9.00000E+01 1.45000E+02
d-Ca048-MT601-Roy-F0919007-E0002.334.1971                        1 9.00000E+01 1.15000E+02
d-Ca048-MT601-Roy-F0919007-E0002.338.1971                        1 1.15000E+02 1.45000E+02
d-Ca048-MT601-Roy-F0919007-E0002.348.1971                        1 1.45000E+02 1.65000E+02
d-Ca048-MT601-Roy-F0919007-E0002.350.1971                        1 9.00000E+01 1.65000E+02
d-Ca048-MT601-Roy-F0919007-E0002.383.1971                        1 9.00000E+01 1.15000E+02
d-Ca048-MT601-Roy-F0919007-E0002.389.1971                        1 1.15000E+02 1.45000E+02
d-Ca048-MT601-Roy-F0919007-E0002.395.1971                        1 1.45000E+02 1.65000E+02
d-Ca048-MT601-Roy-F0919007-E0002.400.1971                        1 9.00000E+01 1.65000E+02
d-Ca048-MT601-Roy-F0919007-E0002.435.1971                        1 9.00000E+01 1.15000E+02
d-Ca048-MT601-Roy-F0919007-E0002.439.1971                        1 1.15000E+02 1.45000E+02
d-Ca048-MT601-Roy-F0919007-E0002.446.1971                        1 1.45000E+02 1.65000E+02
d-Ca048-MT601-Roy-F0919007-E0002.449.1971                        1 9.00000E+01 1.65000E+02
d-Ca048-MT601-Roy-F0919007-E0002.482.1971                        1 9.00000E+01 1.15000E+02
d-Ca048-MT601-Roy-F0919007-E0002.488.1971                        1 1.15000E+02 1.45000E+02
d-Ca048-MT601-Roy-F0919007-E0002.498.1971                        1 1.45000E+02 1.65000E+02
d-Ca048-MT601-Roy-F0919007-E0002.500.1971                        1 9.00000E+01 1.65000E+02
d-Ca048-MT601-Roy-F0919007-E0002.524.1971                        1 9.00000E+01 1.15000E+02
d-Ca048-MT601-Roy-F0919007-E0002.526.1971                        1 1.15000E+02 1.45000E+02
d-Ca048-MT601-Roy-F0919007-E0002.536.1971                        1 1.45000E+02 1.65000E+02
d-Ca048-MT601-Roy-F0919007-E0002.540.1971                        1 9.00000E+01 1.65000E+02
d-Ca048-MT601-Roy-F0919007-E0002.562.1971                        1 9.00000E+01 1.15000E+02
d-Ca048-MT601-Roy-F0919007-E0002.566.1971                        1 1.15000E+02 1.45000E+02
d-Ca048-MT601-Roy-F0919007-E0002.575.1971                        1 1.45000E+02 1.65000E+02
d-Ca048-MT601-Roy-F0919007-E0002.580.1971                        1 9.00000E+01 1.65000E+02
d-Ca048-MT601-Roy-F0919007-E0002.602.1971                        1 9.00000E+01 1.15000E+02
d-Ca048-MT601-Roy-F0919007-E0002.610.1971                        1 1.15000E+02 1.45000E+02
d-Ca048-MT601-Roy-F0919007-E0002.615.1971                        1 1.45000E+02 1.65000E+02
d-Ca048-MT601-Roy-F0919007-E0002.620.1971                        1 9.00000E+01 1.65000E+02
d-Ca048-MT601-Roy-F0919007-E0002.644.1971                        1 9.00000E+01 1.15000E+02
d-Ca048-MT601-Roy-F0919007-E0002.648.1971                        1 1.15000E+02 1.45000E+02
d-Ca048-MT601-Roy-F0919007-E0002.653.1971                        1 9.00000E+01 1.45000E+02
d-Ca048-MT601-Roy-F0919007-E0002.682.1971                        1 9.00000E+01 1.15000E+02
d-Ca048-MT601-Roy-F0919007-E0002.685.1971                        1 1.15000E+02 1.45000E+02
d-Ca048-MT601-Roy-F0919007-E0002.695.1971                        1 9.00000E+01 1.45000E+02
d-Ca048-MT601-Roy-F0919007-E0002.705.1971                        1 9.00000E+01 1.15000E+02
d-Ca048-MT601-Roy-F0919007-E0002.709.1971                        1 1.15000E+02 1.45000E+02
d-Ca048-MT601-Roy-F0919007-E0002.717.1971                        1 6.50000E+01 1.45000E+02
d-Ca048-MT601-Roy-F0919007-E0002.719.1971                        1 6.50000E+01 9.00000E+01
d-Ca048-MT601-Roy-F0919007-E0002.724.1971                        1 9.00000E+01 1.15000E+02
d-Ca048-MT601-Roy-F0919007-E0002.728.1971                        1 1.15000E+02 1.45000E+02
d-Ca048-MT601-Roy-F0919007-E0002.735.1971                        1 9.00000E+01 1.45000E+02
d-Ca048-MT601-Roy-F0919007-E0002.739.1971                        1 6.50000E+01 9.00000E+01
d-Ca048-MT601-Roy-F0919007-E0002.740.1971                        1 6.50000E+01 1.15000E+02
d-Ca048-MT601-Roy-F0919007-E0002.746.1971                        1 1.15000E+02 1.45000E+02
d-Ca048-MT601-Roy-F0919007-E0002.752.1971                        1 6.50000E+01 1.45000E+02
d-Ca048-MT601-Roy-F0919007-E0002.761.1971                        1 6.50000E+01 9.00000E+01
d-Ca048-MT601-Roy-F0919007-E0002.762.1971                        1 9.00000E+01 1.15000E+02
d-Ca048-MT601-Roy-F0919007-E0002.765.1971                        1 1.15000E+02 1.45000E+02
d-Ca048-MT601-Roy-F0919007-E0002.773.1971                        1 6.50000E+01 1.45000E+02
d-Ca048-MT601-Roy-F0919007-E0002.780.1971                        1 6.50000E+01 9.00000E+01
d-Ca048-MT601-Roy-F0919007-E0002.783.1971                        1 9.00000E+01 1.15000E+02
d-Ca048-MT601-Roy-F0919007-E0002.786.1971                        1 1.15000E+02 1.45000E+02
d-Ca048-MT601-Roy-F0919007-E0002.790.1971                        1 6.50000E+01 1.45000E+02
d-Ca048-MT601-Roy-F0919007-E0002.799.1971                        1 6.50000E+01 9.00000E+01
d-Ca048-MT601-Roy-F0919007-E0002.802.1971                        1 9.00000E+01 1.15000E+02
d-Ca048-MT601-Roy-F0919007-E0002.805.1971                        1 1.15000E+02 1.45000E+02
d-Ca048-MT601-Roy-F0919007-E0002.811.1971                        1 6.50000E+01 1.45000E+02
d-Ca048-MT601-Roy-F0919007-E0002.820.1971                        1 6.50000E+01 9.00000E+01
d-Ca048-MT601-Roy-F0919007-E0002.823.1971                        1 9.00000E+01 1.15000E+02
d-Ca048-MT601-Roy-F0919007-E0002.826.1971                        1 1.15000E+02 1.45000E+02
d-Ca048-MT601-Roy-F0919007-E0002.834.1971                        1 6.50000E+01 1.45000E+02
d-Ca048-MT601-Roy-F0919007-E0002.838.1971                        1 6.50000E+01 9.00000E+01
d-Ca048-MT601-Roy-F0919007-E0002.842.1971                        1 9.00000E+01 1.15000E+02
d-Ca048-MT601-Roy-F0919007-E0002.846.1971                        1 1.15000E+02 1.45000E+02
d-Ca048-MT601-Roy-F0919007-E0002.853.1971                        1 6.50000E+01 1.45000E+02
d-Ca048-MT601-Roy-F0919007-E0002.858.1971                        1 6.50000E+01 9.00000E+01
d-Ca048-MT601-Roy-F0919007-E0002.863.1971                        1 9.00000E+01 1.15000E+02
d-Ca048-MT601-Roy-F0919007-E0002.864.1971                        1 1.15000E+02 1.45000E+02
d-Ca048-MT601-Roy-F0919007-E0002.872.1971                        1 9.00000E+01 1.45000E+02
d-Ca048-MT601-Roy-F0919007-E0002.880.1971                        1 6.50000E+01 9.00000E+01
d-Ca048-MT601-Roy-F0919007-E0002.881.1971                        1 6.50000E+01 1.15000E+02
d-Ca048-MT601-Roy-F0919007-E0002.887.1971                        1 1.15000E+02 1.45000E+02
d-Ca048-MT601-Roy-F0919007-E0002.895.1971                        1 6.50000E+01 1.45000E+02
d-Ca048-MT601-Roy-F0919007-E0002.900.1971                        1 6.50000E+01 9.00000E+01
d-Ca048-MT601-Roy-F0919007-E0002.901.1971                        1 9.00000E+01 1.15000E+02
d-Ca048-MT601-Roy-F0919007-E0002.908.1971                        1 1.15000E+02 1.45000E+02
d-Ca048-MT601-Roy-F0919007-E0002.911.1971                        1 6.50000E+01 1.45000E+02
d-Ca048-MT601-Roy-F0919007-E0002.921.1971                        1 6.50000E+01 9.00000E+01
d-Ca048-MT601-Roy-F0919007-E0002.924.1971                        1 9.00000E+01 1.15000E+02
d-Ca048-MT601-Roy-F0919007-E0002.927.1971                        1 6.50000E+01 1.15000E+02
d-Ca048-MT601-Roy-F0919007-E0002.940.1971                        1 6.50000E+01 9.00000E+01
d-Ca048-MT601-Roy-F0919007-E0002.941.1971                        1 9.00000E+01 1.15000E+02
d-Ca048-MT601-Roy-F0919007-E0002.946.1971                        1 6.50000E+01 1.15000E+02
d-Ca048-MT601-Roy-F0919007-E0002.961.1971                        1 6.50000E+01 9.00000E+01
d-Ca048-MT601-Roy-F0919007-E0002.962.1971                        1 9.00000E+01 1.15000E+02
d-Ca048-MT601-Roy-F0919007-E0002.965.1971                        1 6.50000E+01 1.15000E+02
d-Ca048-MT601-Roy-F0919007-E0002.977.1971                        1 6.50000E+01 9.00000E+01
d-Ca048-MT601-Roy-F0919007-E0002.983.1971                        1 9.00000E+01 1.15000E+02
d-Ca048-MT601-Roy-F0919007-E0002.984.1971                        1 1.15000E+02 1.65000E+02
d-Ca048-MT601-Roy-F0919007-E0002.994.1971                        1 6.50000E+01 1.65000E+02
d-Ca048-MT601-Roy-F0919007-E0002.999.1971                        1 6.50000E+01 9.00000E+01
d-Ca048-MT601-Roy-F0919007-E0003.000.1971                        1 9.00000E+01 1.15000E+02
d-Ca048-MT601-Roy-F0919007-E0003.007.1971                        1 1.15000E+02 1.65000E+02
d-Ca048-MT601-Roy-F0919007-E0003.016.1971                        1 6.50000E+01 1.65000E+02
d-Ca048-MT601-Roy-F0919007-E0003.019.1971                        1 6.50000E+01 9.00000E+01
d-Ca048-MT601-Roy-F0919007-E0003.021.1971                        1 9.00000E+01 1.15000E+02
d-Ca048-MT601-Roy-F0919007-E0003.026.1971                        1 1.15000E+02 1.65000E+02
d-Ca048-MT601-Roy-F0919007-E0003.034.1971                        1 6.50000E+01 1.65000E+02
d-Ca048-MT601-Roy-F0919007-E0003.039.1971                        1 6.50000E+01 9.00000E+01
d-Ca048-MT601-Roy-F0919007-E0003.042.1971                        1 9.00000E+01 1.15000E+02
d-Ca048-MT601-Roy-F0919007-E0003.045.1971                        1 1.15000E+02 1.65000E+02
d-Ca048-MT601-Roy-F0919007-E0003.055.1971                        1 6.50000E+01 1.65000E+02
d-Ca048-MT601-Roy-F0919007-E0003.059.1971                        1 6.50000E+01 9.00000E+01
d-Ca048-MT601-Roy-F0919007-E0003.063.1971                        1 9.00000E+01 1.15000E+02
d-Ca048-MT601-Roy-F0919007-E0003.066.1971                        1 1.15000E+02 1.65000E+02
d-Ca048-MT601-Roy-F0919007-E0003.076.1971                        1 6.50000E+01 1.65000E+02
d-Ca048-MT601-Roy-F0919007-E0003.079.1971                        1 6.50000E+01 9.00000E+01
d-Ca048-MT601-Roy-F0919007-E0003.082.1971                        1 9.00000E+01 1.15000E+02
d-Ca048-MT601-Roy-F0919007-E0003.085.1971                        1 1.15000E+02 1.65000E+02
d-Ca048-MT601-Roy-F0919007-E0003.093.1971                        1 6.50000E+01 1.65000E+02
d-Ca048-MT601-Roy-F0919007-E0003.100.1971                        1 6.50000E+01 9.00000E+01
d-Ca048-MT601-Roy-F0919007-E0003.101.1971                        1 9.00000E+01 1.15000E+02
d-Ca048-MT601-Roy-F0919007-E0003.108.1971                        1 1.15000E+02 1.65000E+02
d-Ca048-MT601-Roy-F0919007-E0003.116.1971                        1 6.50000E+01 1.65000E+02
d-Ca048-MT601-Roy-F0919007-E0003.118.1971                        1 6.50000E+01 9.00000E+01
d-Ca048-MT601-Roy-F0919007-E0003.121.1971                        1 9.00000E+01 1.15000E+02
d-Ca048-MT601-Roy-F0919007-E0003.127.1971                        1 1.15000E+02 1.65000E+02
d-Ca048-MT601-Roy-F0919007-E0003.133.1971                        1 6.50000E+01 1.65000E+02
d-Ca048-MT601-Roy-F0919007-E0003.137.1971                        1 6.50000E+01 9.00000E+01
d-Ca048-MT601-Roy-F0919007-E0003.140.1971                        1 9.00000E+01 1.15000E+02
d-Ca048-MT601-Roy-F0919007-E0003.151.1971                        1 1.15000E+02 1.65000E+02
d-Ca048-MT601-Roy-F0919007-E0003.154.1971                        1 6.50000E+01 1.65000E+02
d-Ca048-MT601-Roy-F0919007-E0003.158.1971                        1 6.50000E+01 9.00000E+01
d-Ca048-MT601-Roy-F0919007-E0003.161.1971                        1 9.00000E+01 1.15000E+02
d-Ca048-MT601-Roy-F0919007-E0003.165.1971                        1 1.15000E+02 1.65000E+02
d-Ca048-MT601-Roy-F0919007-E0003.171.1971                        1 6.50000E+01 1.65000E+02
d-Ca048-MT601-Roy-F0919007-E0003.180.1971                        1 6.50000E+01 9.00000E+01
d-Ca048-MT601-Roy-F0919007-E0003.181.1971                        1 9.00000E+01 1.15000E+02
d-Ca048-MT601-Roy-F0919007-E0003.186.1971                        1 1.15000E+02 1.65000E+02
d-Ca048-MT601-Roy-F0919007-E0003.194.1971                        1 6.50000E+01 1.65000E+02
d-Ca048-MT601-Roy-F0919007-E0003.200.1971                        1 6.50000E+01 9.00000E+01
d-Ca048-MT601-Roy-F0919007-E0003.202.1971                        1 9.00000E+01 1.15000E+02
d-Ca048-MT601-Roy-F0919007-E0003.205.1971                        1 1.15000E+02 1.65000E+02
d-Ca048-MT601-Roy-F0919007-E0003.215.1971                        1 6.50000E+01 1.65000E+02
d-Ca048-MT601-Roy-F0919007-E0003.217.1971                        1 6.50000E+01 9.00000E+01
d-Ca048-MT601-Roy-F0919007-E0003.221.1971                        1 9.00000E+01 1.15000E+02
d-Ca048-MT601-Roy-F0919007-E0003.228.1971                        1 1.15000E+02 1.65000E+02
d-Ca048-MT601-Roy-F0919007-E0003.232.1971                        1 6.50000E+01 1.65000E+02
d-Ca048-MT601-Roy-F0919007-E0003.238.1971                        1 6.50000E+01 9.00000E+01
d-Ca048-MT601-Roy-F0919007-E0003.241.1971                        1 9.00000E+01 1.15000E+02
d-Ca048-MT601-Roy-F0919007-E0003.245.1971                        1 1.15000E+02 1.65000E+02
d-Ca048-MT601-Roy-F0919007-E0003.253.1971                        1 6.50000E+01 1.65000E+02
d-Ca048-MT601-Roy-F0919007-E0003.259.1971                        1 6.50000E+01 9.00000E+01
d-Ca048-MT601-Roy-F0919007-E0003.260.1971                        1 9.00000E+01 1.15000E+02
d-Ca048-MT601-Roy-F0919007-E0003.266.1971                        1 1.15000E+02 1.65000E+02
d-Ca048-MT601-Roy-F0919007-E0003.270.1971                        1 1.45000E+02 1.65000E+02
d-Ca048-MT601-Roy-F0919007-E0003.273.1971                        1 6.50000E+01 1.45000E+02
d-Ca048-MT601-Roy-F0919007-E0003.278.1971                        1 6.50000E+01 9.00000E+01
d-Ca048-MT601-Roy-F0919007-E0003.281.1971                        1 9.00000E+01 1.15000E+02
d-Ca048-MT601-Roy-F0919007-E0003.283.1971                        1 1.15000E+02 1.45000E+02
d-Ca048-MT601-Roy-F0919007-E0003.293.1971                        1 1.45000E+02 1.65000E+02
d-Ca048-MT601-Roy-F0919007-E0003.297.1971                        1 6.50000E+01 1.65000E+02
d-Ca048-MT601-Roy-F0919007-E0003.300.1971                        1 6.50000E+01 9.00000E+01
d-Ca048-MT601-Roy-F0919007-E0003.302.1971                        1 9.00000E+01 1.15000E+02
d-Ca048-MT601-Roy-F0919007-E0003.306.1971                        1 1.15000E+02 1.45000E+02
d-Ca048-MT601-Roy-F0919007-E0003.311.1971                        1 1.45000E+02 1.65000E+02
d-Ca048-MT601-Roy-F0919007-E0003.312.1971                        1 6.50000E+01 1.65000E+02
d-Ca048-MT601-Roy-F0919007-E0003.318.1971                        1 6.50000E+01 9.00000E+01
d-Ca048-MT601-Roy-F0919007-E0003.322.1971                        1 9.00000E+01 1.15000E+02
d-Ca048-MT601-Roy-F0919007-E0003.325.1971                        1 1.15000E+02 1.65000E+02
d-Ca048-MT601-Roy-F0919007-E0003.333.1971                        1 1.45000E+02 1.65000E+02
d-Ca048-MT601-Roy-F0919007-E0003.333A001.1971                    1 9.00000E+01 1.45000E+02
d-Ca048-MT601-Roy-F0919007-E0003.340.1971                        1 6.50000E+01 9.00000E+01
d-Ca048-MT601-Roy-F0919007-E0003.340A001.1971                    1 6.50000E+01 1.15000E+02
d-Ca048-MT601-Roy-F0919007-E0003.346.1971                        1 1.15000E+02 1.65000E+02
d-Ca048-MT601-Roy-F0919007-E0003.351.1971                        1 1.45000E+02 1.65000E+02
d-Ca048-MT601-Roy-F0919007-E0003.351A001.1971                    1 6.50000E+01 1.45000E+02
d-Ca048-MT601-Roy-F0919007-E0003.360.1971                        1 6.50000E+01 9.00000E+01
d-Ca048-MT601-Roy-F0919007-E0003.361.1971                        1 9.00000E+01 1.15000E+02
d-Ca048-MT601-Roy-F0919007-E0003.363.1971                        1 1.15000E+02 1.45000E+02
d-Ca048-MT601-Roy-F0919007-E0003.372.1971                        1 1.45000E+02 1.65000E+02
d-Ca048-MT601-Roy-F0919007-E0003.373.1971                        1 9.00000E+01 1.65000E+02
d-Ca048-MT601-Roy-F0919007-E0003.378.1971                        1 6.50000E+01 9.00000E+01
d-Ca048-MT601-Roy-F0919007-E0003.379.1971                        1 6.50000E+01 1.15000E+02
d-Ca048-MT601-Roy-F0919007-E0003.383.1971                        1 1.15000E+02 1.65000E+02
d-Ca048-MT601-Roy-F0919007-E0003.391.1971                        1 1.45000E+02 1.65000E+02
d-Ca048-MT601-Roy-F0919007-E0003.392.1971                        1 9.00000E+01 1.45000E+02
d-Ca048-MT601-Roy-F0919007-E0003.399.1971                        1 6.50000E+01 9.00000E+01
d-Ca048-MT601-Roy-F0919007-E0003.401.1971                        1 6.50000E+01 1.15000E+02
d-Ca048-MT601-Roy-F0919007-E0003.403.1971                        1 1.15000E+02 1.65000E+02
d-Ca048-MT601-Roy-F0919007-E0003.410.1971                        1 1.45000E+02 1.65000E+02
d-Ca048-MT601-Roy-F0919007-E0003.412.1971                        1 6.50000E+01 1.45000E+02
d-Ca048-MT601-Roy-F0919007-E0003.415.1971                        1 6.50000E+01 9.00000E+01
d-Ca048-MT601-Roy-F0919007-E0003.422.1971                        1 9.00000E+01 1.15000E+02
d-Ca048-MT601-Roy-F0919007-E0003.423.1971                        1 1.15000E+02 1.45000E+02
d-Ca048-MT601-Roy-F0919007-E0003.433.1971                        1 1.45000E+02 1.65000E+02
d-Ca048-MT601-Roy-F0919007-E0003.434.1971                        1 6.50000E+01 1.65000E+02
d-Ca048-MT601-Roy-F0919007-E0003.440.1971                        1 6.50000E+01 9.00000E+01
d-Ca048-MT601-Roy-F0919007-E0003.441.1971                        1 9.00000E+01 1.15000E+02
d-Ca048-MT601-Roy-F0919007-E0003.443.1971                        1 1.15000E+02 1.65000E+02
d-Ca048-MT601-Roy-F0919007-E0003.450.1971                        1 1.45000E+02 1.65000E+02
d-Ca048-MT601-Roy-F0919007-E0003.452.1971                        1 6.50000E+01 1.45000E+02
d-Ca048-MT601-Roy-F0919007-E0003.459.1971                        1 6.50000E+01 9.00000E+01
d-Ca048-MT601-Roy-F0919007-E0003.460.1971                        1 9.00000E+01 1.15000E+02
d-Ca048-MT601-Roy-F0919007-E0003.466.1971                        1 1.15000E+02 1.45000E+02
d-Ca048-MT601-Roy-F0919007-E0003.471.1971                        1 1.45000E+02 1.65000E+02
d-Ca048-MT601-Roy-F0919007-E0003.472.1971                        1 6.50000E+01 1.65000E+02
d-Ca048-MT601-Roy-F0919007-E0003.478.1971                        1 6.50000E+01 9.00000E+01
d-Ca048-MT601-Roy-F0919007-E0003.479.1971                        1 9.00000E+01 1.15000E+02
d-Ca048-MT601-Roy-F0919007-E0003.487.1971                        1 1.15000E+02 1.45000E+02
d-Ca048-MT601-Roy-F0919007-E0003.492.1971                        1 1.45000E+02 1.65000E+02
d-Ca048-MT601-Roy-F0919007-E0003.493.1971                        1 6.50000E+01 1.65000E+02
d-Ca048-MT601-Roy-F0919007-E0003.497.1971                        1 6.50000E+01 9.00000E+01
d-Ca048-MT601-Roy-F0919007-E0003.502.1971                        1 9.00000E+01 1.15000E+02
d-Ca048-MT601-Roy-F0919007-E0003.506.1971                        1 1.15000E+02 1.65000E+02
d-Ca048-MT601-Roy-F0919007-E0003.511.1971                        1 1.45000E+02 1.65000E+02
d-Ca048-MT601-Roy-F0919007-E0003.511A001.1971                    1 6.50000E+01 1.45000E+02
d-Ca048-MT601-Roy-F0919007-E0003.520.1971                        1 6.50000E+01 9.00000E+01
d-Ca048-MT601-Roy-F0919007-E0003.521.1971                        1 9.00000E+01 1.15000E+02
d-Ca048-MT601-Roy-F0919007-E0003.525.1971                        1 1.15000E+02 1.65000E+02
d-Ca048-MT601-Roy-F0919007-E0003.533.1971                        1 1.45000E+02 1.65000E+02
d-Ca048-MT601-Roy-F0919007-E0003.533A001.1971                    1 6.50000E+01 1.45000E+02
d-Ca048-MT601-Roy-F0919007-E0003.541.1971                        1 6.50000E+01 9.00000E+01
d-Ca048-MT601-Roy-F0919007-E0003.542.1971                        1 9.00000E+01 1.15000E+02
d-Ca048-MT601-Roy-F0919007-E0003.544.1971                        1 1.15000E+02 1.65000E+02
d-Ca048-MT601-Roy-F0919007-E0003.552.1971                        1 1.45000E+02 1.65000E+02
d-Ca048-MT601-Roy-F0919007-E0003.553.1971                        1 6.50000E+01 1.45000E+02
d-Ca048-MT601-Roy-F0919007-E0003.560.1971                        1 6.50000E+01 9.00000E+01
d-Ca048-MT601-Roy-F0919007-E0003.561.1971                        1 9.00000E+01 1.15000E+02
d-Ca048-MT601-Roy-F0919007-E0003.563.1971                        1 1.15000E+02 1.65000E+02
d-Ca048-MT601-Roy-F0919007-E0003.572.1971                        1 1.45000E+02 1.65000E+02
d-Ca048-MT601-Roy-F0919007-E0003.572A001.1971                    1 6.50000E+01 1.45000E+02
d-Ca048-MT601-Roy-F0919007-E0003.579.1971                        1 6.50000E+01 9.00000E+01
d-Ca048-MT601-Roy-F0919007-E0003.582.1971                        1 9.00000E+01 1.15000E+02
d-Ca048-MT601-Roy-F0919007-E0003.584.1971                        1 9.00000E+01 1.15000E+02
d-Ca048-MT601-Roy-F0919007-E0003.590.1971                        1 9.00000E+01 1.65000E+02
d-Ca048-MT601-Roy-F0919007-E0003.591.1971                        1 1.45000E+02 1.65000E+02
d-Ca048-MT601-Roy-F0919007-E0003.594.1971                        1 6.50000E+01 1.45000E+02
d-Ca048-MT601-Roy-F0919007-E0003.598.1971                        1 6.50000E+01 9.00000E+01
d-Ca048-MT601-Roy-F0919007-E0003.601.1971                        1 9.00000E+01 1.15000E+02
d-Ca048-MT601-Roy-F0919007-E0003.605.1971                        1 1.15000E+02 1.65000E+02
d-Ca048-MT601-Roy-F0919007-E0003.608.1971                        1 1.45000E+02 1.65000E+02
d-Ca048-MT601-Roy-F0919007-E0003.612.1971                        1 6.50000E+01 1.45000E+02
d-Ca048-MT601-Roy-F0919007-E0003.619.1971                        1 6.50000E+01 9.00000E+01
d-Ca048-MT601-Roy-F0919007-E0003.622.1971                        1 9.00000E+01 1.15000E+02
d-Ca048-MT601-Roy-F0919007-E0003.624.1971                        1 1.15000E+02 1.65000E+02
d-Ca048-MT601-Roy-F0919007-E0003.631.1971                        1 1.45000E+02 1.65000E+02
d-Ca048-MT601-Roy-F0919007-E0003.631A001.1971                    1 6.50000E+01 1.45000E+02
d-Ca048-MT601-Roy-F0919007-E0003.640.1971                        1 6.50000E+01 9.00000E+01
d-Ca048-MT601-Roy-F0919007-E0003.641.1971                        1 9.00000E+01 1.15000E+02
d-Ca048-MT601-Roy-F0919007-E0003.644.1971                        1 1.15000E+02 1.65000E+02
d-Ca048-MT601-Roy-F0919007-E0003.652.1971                        1 1.45000E+02 1.65000E+02
d-Ca048-MT601-Roy-F0919007-E0003.652A001.1971                    1 6.50000E+01 1.45000E+02
d-Ca048-MT601-Roy-F0919007-E0003.657.1971                        1 6.50000E+01 9.00000E+01
d-Ca048-MT601-Roy-F0919007-E0003.662.1971                        1 9.00000E+01 1.15000E+02
d-Ca048-MT601-Roy-F0919007-E0003.664.1971                        1 1.15000E+02 1.45000E+02
d-Ca048-MT601-Roy-F0919007-E0003.669.1971                        1 1.45000E+02 1.65000E+02
d-Ca048-MT601-Roy-F0919007-E0003.672.1971                        1 6.50000E+01 1.65000E+02
d-Ca048-MT601-Roy-F0919007-E0003.678.1971                        1 6.50000E+01 9.00000E+01
d-Ca048-MT601-Roy-F0919007-E0003.681.1971                        1 9.00000E+01 1.15000E+02
d-Ca048-MT601-Roy-F0919007-E0003.684.1971                        1 1.15000E+02 1.65000E+02
d-Ca048-MT601-Roy-F0919007-E0003.693.1971                        1 1.45000E+02 1.65000E+02
d-Ca048-MT601-Roy-F0919007-E0003.694.1971                        1 6.50000E+01 1.45000E+02
d-Ca048-MT601-Roy-F0919007-E0003.701.1971                        1 6.50000E+01 9.00000E+01
d-Ca048-MT601-Roy-F0919007-E0003.702.1971                        1 9.00000E+01 1.15000E+02
d-Ca048-MT601-Roy-F0919007-E0003.704.1971                        1 1.15000E+02 1.65000E+02
d-Ca048-MT601-Roy-F0919007-E0003.711.1971                        1 1.45000E+02 1.65000E+02
d-Ca048-MT601-Roy-F0919007-E0003.713.1971                        1 9.00000E+01 1.45000E+02
d-Ca048-MT601-Roy-F0919007-E0003.714.1971                        1 6.50000E+01 9.00000E+01
d-Ca048-MT601-Roy-F0919007-E0003.718.1971                        1 6.50000E+01 1.15000E+02
d-Ca048-MT601-Roy-F0919007-E0003.725.1971                        1 9.00000E+01 1.15000E+02
d-Ca048-MT601-Roy-F0919007-E0003.731.1971                        1 9.00000E+01 1.65000E+02
d-Ca048-MT601-Roy-F0919007-E0003.732.1971                        1 6.50000E+01 1.65000E+02
d-Ca048-MT601-Roy-F0919007-E0003.732A001.1971                    1 6.50000E+01 6.50000E+01
