#              Filename                                         N    min         max
n-Np237-MT151-Adamchuk-40063002.1955                            15 3.86000E-06 1.89000E-05
n-Np237-MT151-Adamchuk-40063003.1955                             1 6.05000E-03 6.05000E-03
n-Np237-MT151-Adamchuk-40063008.1955                             3 5.00000E-07 4.00000E-06
n-Np237-MT151-Adamchuk-40063023.1955                             1 0.00000E+00 0.00000E+00
n-Np237-MT151-Auchampaugh-127920021.1984                       749-1.07000E-06 6.00300E-04
n-Np237-MT151-Borzakov-413580031.1999                           28 3.87000E-06 5.04100E-05
n-Np237-MT151-Cline-124770021.1959                              12 1.32500E-06 9.38000E-06
n-Np237-MT151-Cline-124770041.1959                               1 4.89000E-07 4.89000E-07
n-Np237-MT151-Cline-124770042.1959                               1 4.89000E-07 4.89000E-07
n-Np237-MT151-Cline-12477005.1959                               31 1.02000E-05 3.51000E-05
n-Np237-MT151-Corvi-22697002.2002                                1 2.50000E-04 2.50000E-04
n-Np237-MT151-Corvi-226970031.2002                               1 2.50000E-04 2.50000E-04
n-Np237-MT151-Corvi-226970032.2002                               1 2.50000E-04 2.50000E-04
n-Np237-MT151-Corvi-226970041.2002                               1 4.90000E-07 4.90000E-07
n-Np237-MT151-Corvi-226970042.2002                               1 4.90000E-07 4.90000E-07
n-Np237-MT151-Gressier-23070002.2000                             1 7.00000E-06 7.00000E-06
n-Np237-MT151-Gressier-23070003.2000                             1 7.00000E-06 7.00000E-06
n-Np237-MT151-Gressier-230700041.2000                            9 4.90000E-07 6.68000E-06
n-Np237-MT151-Gressier-230700042.2000                            9 4.90000E-07 6.68000E-06
n-Np237-MT151-Gressier-230700043.2000                            9 4.90000E-07 6.68000E-06
n-Np237-MT151-Gressier-230700051.2000                           11-3.49000E-06 6.68000E-06
n-Np237-MT151-Gressier-230700052.2000                           11-3.49000E-06 6.68000E-06
n-Np237-MT151-Gressier-230700053.2000                           11-3.49000E-06 6.68000E-06
n-Np237-MT151-Gressier-230700071.2000                          571-3.49000E-06 5.00710E-04
n-Np237-MT151-Gressier-230700072.2000                          571-3.49000E-06 5.00710E-04
n-Np237-MT151-Gressier-230700073.2000                          571-3.49000E-06 5.00710E-04
n-Np237-MT151-Gressier-23070008.2000                             4 6.50000E-05 9.00000E-05
n-Np237-MT151-Gressier-23070009.2000                             5 0.00000E+00 4.00000E-04
n-Np237-MT151-Gressier-23070010.2000                             1 1.50000E-05 1.50000E-05
n-Np237-MT151-Gressier-23070011.2000                             1 4.00000E-04 4.00000E-04
n-Np237-MT151-Guerrero-230690021.2012                            1 5.00000E-04 5.00000E-04
n-Np237-MT151-Guerrero-230690022.2012                            1 5.00000E-04 5.00000E-04
n-Np237-MT151-Guerrero-23069003.2012                             1 5.00000E-04 5.00000E-04
n-Np237-MT151-Guerrero-23069004.2012                             2 5.00000E-04 1.25000E-03
n-Np237-MT151-Guerrero-23069007.2012                             2 9.00000E-05 1.25000E-03
n-Np237-MT151-Guerrero-230690121.2012                           73 1.32100E-06 4.28370E-05
n-Np237-MT151-Keyworth-105320021.1973                           27 2.66000E-05 8.84000E-04
n-Np237-MT151-Keyworth-105320021A001.1973                       27 2.66000E-05 8.84000E-04
n-Np237-MT151-Keyworth-105320022.1973                           27 2.66000E-05 8.84000E-04
n-Np237-MT151-Keyworth-105320022A001.1973                       27 2.66000E-05 8.84000E-04
n-Np237-MT151-Keyworth-105320031.1973                           94 1.47000E-06 1.01100E-04
n-Np237-MT151-Keyworth-105320031A001.1973                       94 1.47000E-06 1.01100E-04
n-Np237-MT151-Keyworth-105320032.1973                           94 1.47000E-06 1.01100E-04
n-Np237-MT151-Keyworth-105320032A001.1973                       94 1.47000E-06 1.01100E-04
n-Np237-MT151-Kuiken-23497002.1972                               8 2.66000E-05 5.07000E-05
n-Np237-MT151-Mewissen-207250021.1979                          200 8.32000E-06 2.04480E-04
n-Np237-MT151-Mewissen-207250022.1979                           25 8.32000E-06 5.04600E-05
n-Np237-MT151-Mewissen-20725003.1979                             1 9.96000E-05 9.96000E-05
n-Np237-MT151-Mewissen-20725004.1979                             1 2.04500E-04 2.04500E-04
n-Np237-MT151-Mewissen-20725005.1979                             1 9.96000E-05 9.96000E-05
n-Np237-MT151-Mewissen-20725006.1979                             1 2.04500E-04 2.04500E-04
n-Np237-MT151-Mewissen-20725007.1979                             1 9.96000E-05 9.96000E-05
n-Np237-MT151-Mewissen-20725008.1979                             1 9.96000E-05 9.96000E-05
n-Np237-MT151-Paya-204470031.1972                              248 1.32000E-06 2.35300E-04
n-Np237-MT151-Paya-204470032.1972                              182 1.32000E-06 2.31630E-04
n-Np237-MT151-Paya-204470034.1972                               78 1.32000E-06 1.05700E-04
n-Np237-MT151-Plattard-204480031.1973                          191 3.86000E-06 1.55350E-04
n-Np237-MT151-Rovira-237450031.2020                            156 4.90000E-07 1.09100E-04
n-Np237-MT151-Slaughter-124780041.1961                          69 4.29300E-06 1.01360E-04
n-Np237-MT151-Slaughter-124780042.1961                          69 4.29300E-06 1.01360E-04
n-Np237-MT151-Slaughter-12478005.1961                            1 1.47445E-05 1.47445E-05
n-Np237-MT151-Slaughter-12478006.1961                            1 5.09245E-05 5.09245E-05
n-Np237-MT151-Smith-124870031.1957                               3 4.89000E-07 1.48800E-06
n-Np237-MT151-Smith-124870032.1957                               1 4.89000E-07 4.89000E-07
n-Np237-MT151-Smith-124870033.1957                               1 4.89000E-07 4.89000E-07
n-Np237-MT151-Weston-108870031.1981                             30 4.91000E-07 1.99400E-05
n-Np237-MT151-Weston-108870031A001.1981                         30 4.91000E-07 1.99400E-05
n-Np237-MT151-Weston-108870033.1981                             17 4.91000E-07 1.75800E-05
n-Np237-MT151-Weston-108870033A001.1981                         17 4.91000E-07 1.75800E-05
n-Np237-MT151-Weston-10887004.1981                               1 4.94905E-05 4.94905E-05
n-Np237-MT151-Weston-10887004A001.1981                           1 4.94905E-05 4.94905E-05
n-Np237-MT151-Weston-10887005.1981                               2 4.94905E-05 4.94905E-05
n-Np237-MT151-Weston-10887005A001.1981                           2 4.94905E-05 4.94905E-05
n-Np237-MT151-Weston-108870061.1981                             96 2.03900E-05 9.84900E-05
n-Np237-MT151-Weston-108870061A001.1981                         96 2.03900E-05 9.84900E-05
