#              Filename                                         N    min         max
d-Li006-MT601-Bertrand-A1513004-E0000.300.1968                 130 1.05000E+01 1.58000E+02
d-Li006-MT601-CaiDunjiuu-S0017006-E0000.400.1985                66 9.50000E+01 1.12500E+02
d-Li006-MT601-CaiDunjiuu-S0017007-E0000.400.1985                66 9.50000E+01 1.12500E+02
d-Li006-MT601-CaiDunjiuu-S0017010-E0000.500.1985                14 1.50000E+01 1.58000E+02
d-Li006-MT601-CaiDunjiuu-S0017010-E0000.599.1985                12 1.50000E+01 1.58000E+02
d-Li006-MT601-CaiDunjiuu-S0017010-E0000.750.1985                12 1.50000E+01 1.58000E+02
d-Li006-MT601-CaiDunjiuu-S0017011-E0001.100.1985                57 1.50000E+01 1.58000E+02
d-Li006-MT601-CaiDunjiuu-S0017012-E0002.000.1985                13 1.50000E+01 1.58000E+02
d-Li006-MT601-CaiDunjiuu-S0017012-E0002.080.1985                18 1.50000E+01 1.57500E+02
d-Li006-MT601-CaiDunjiuu-S0017012-E0002.300.1985                18 1.50000E+01 1.57000E+02
d-Li006-MT601-CaiDunjiuu-S0017013-E0000.500.1985                14 1.50000E+01 1.58000E+02
d-Li006-MT601-CaiDunjiuu-S0017013-E0000.599.1985                11 1.50000E+01 1.58000E+02
d-Li006-MT601-CaiDunjiuu-S0017013-E0000.750.1985                11 1.50000E+01 1.58000E+02
d-Li006-MT601-CaiDunjiuu-S0017014-E0001.100.1985                56 1.50000E+01 1.58000E+02
d-Li006-MT601-CaiDunjiuu-S0017015-E0002.000.1985                13 1.50000E+01 1.58000E+02
d-Li006-MT601-CaiDunjiuu-S0017015-E0002.080.1985                18 1.50000E+01 1.57500E+02
d-Li006-MT601-CaiDunjiuu-S0017015-E0002.300.1985                18 1.50000E+01 1.57000E+02
d-Li006-MT601-HuangBingyinn-C0201003-E0003.700.1974             20 1.51000E+01 1.60000E+02
d-Li006-MT601-Lalremruata-D6090004-E0000.100.2009                5 3.00000E+01 1.40000E+02
d-Li006-MT601-MaoZhenlinn-S0003003-E0005.030.1972               20 1.51000E+01 1.65100E+02
d-Li006-MT601-Mcclenahan-A1414008-E0000.954.1975                18 1.77000E+01 1.68500E+02
d-Li006-MT601-Mcclenahan-A1414008-E0001.951.1975                17 1.94000E+01 1.75600E+02
d-Li006-MT601-Mcclenahan-A1414008-E0002.940.1975                18 2.11000E+01 1.66800E+02
d-Li006-MT601-Rudchik-D5027003-E0050.000.1996                    8 2.54000E+01 7.82000E+01
d-Li006-MT601-YuanRongfangg-S0004003-E0009.050.1981             22 7.00003E+00 1.60000E+02
