#              Filename                                         N    min         max
n-Nb093-MT151-Adib-305910081.1981                                1-1.00000E-05 0.00000E+00
n-Nb093-MT151-Adib-305910082.1981                                1-1.00000E-05 0.00000E+00
n-Nb093-MT151-Adib-305910083.1981                                1-1.00000E-05 0.00000E+00
n-Nb093-MT151-Camarda-10765004.1974                              1 3.00500E-01 3.00500E-01
n-Nb093-MT151-Camarda-10765004A001.1974                          1 3.00500E-01 3.00500E-01
n-Nb093-MT151-Chrien-10138002.1971                               9 3.58000E-05 3.35500E-04
n-Nb093-MT151-Chrien-10138002A001.1971                           9 3.58000E-05 3.35500E-04
n-Nb093-MT151-Desjardins-117980021.1960                         34 9.46200E-05 1.25500E-03
n-Nb093-MT151-Desjardins-117980022.1960                         10 9.46200E-05 1.01800E-03
n-Nb093-MT151-Drindak-141120021.2006                            16 3.59220E-05 5.00670E-04
n-Nb093-MT151-Drindak-141120022.2006                            16 3.59220E-05 5.00670E-04
n-Nb093-MT151-Drindak-141120023.2006                            16 3.59220E-05 5.00670E-04
n-Nb093-MT151-Drindak-141120031.2006                            16 3.59220E-05 5.00670E-04
n-Nb093-MT151-Drindak-141120032.2006                            16 3.59220E-05 5.00670E-04
n-Nb093-MT151-Drindak-141120033.2006                            16 3.59220E-05 5.00670E-04
n-Nb093-MT151-Endo-236050081.2022                               12-1.71700E-04 3.92200E-04
n-Nb093-MT151-Garg-119050041.1965                              206 2.43700E-04 7.32200E-03
n-Nb093-MT151-Garg-119050042.1965                              206 2.43700E-04 7.32200E-03
n-Nb093-MT151-Garg-11905006.1965                                 1 3.75000E-03 3.75000E-03
n-Nb093-MT151-Gibbons-11329082.1961                              2 1.05000E-01 1.05000E-01
n-Nb093-MT151-Grigoriev-414070041.2001                           6 3.58500E-05 1.93600E-04
n-Nb093-MT151-Grigoriev-414070042.2001                           6 3.58500E-05 1.93600E-04
n-Nb093-MT151-Grigoriev-414070043.2001                           6 3.58500E-05 1.93600E-04
n-Nb093-MT151-Haste-207070021.1975                              26 3.58000E-05 1.45200E-03
n-Nb093-MT151-Haste-207070022.1975                              26 3.58000E-05 1.45200E-03
n-Nb093-MT151-Iliescu-40809008.1965                              6 9.40000E-05 3.79000E-04
n-Nb093-MT151-Iliescu-408090091.1965                             9 4.23000E-05 3.79000E-04
n-Nb093-MT151-Iliescu-408090092.1965                             6 9.40000E-05 3.79000E-04
n-Nb093-MT151-Jackson-118370031.1963                             5 2.44000E-04 5.03000E-04
n-Nb093-MT151-Jackson-118370032.1963                             5 2.44000E-04 5.03000E-04
n-Nb093-MT151-Jackson-118410021.1963                             6 3.59000E-05 1.94000E-04
n-Nb093-MT151-Jackson-118410022.1963                             6 3.59000E-05 1.94000E-04
n-Nb093-MT151-Jackson-118410024.1963                             6 3.59000E-05 1.94000E-04
n-Nb093-MT151-KimKhiSannn-412110131.1965                         6 9.40000E-05 3.79000E-04
n-Nb093-MT151-KimKhiSannn-412110132.1965                         6 9.40000E-05 3.79000E-04
n-Nb093-MT151-KimKhiSannn-412110133.1965                         6 9.40000E-05 3.79000E-04
n-Nb093-MT151-Kompe-20358003.1969                                2 8.00000E-02 8.00000E-02
n-Nb093-MT151-Lepoittevin-206820031.1965                       109 3.59000E-05 4.06600E-03
n-Nb093-MT151-Lepoittevin-206820032.1965                       104 3.59000E-05 4.06600E-03
n-Nb093-MT151-Lepoittevin-206820033.1965                        74 3.59000E-05 4.06600E-03
n-Nb093-MT151-Lepoittevin-206820034.1965                        85 3.59000E-05 4.06600E-03
n-Nb093-MT151-Lepoittevin-206820035.1965                        14 3.78300E-04 2.15670E-03
n-Nb093-MT151-Lepoittevin-206820036.1965                        17 3.59000E-05 1.39330E-03
n-Nb093-MT151-Lepoittevin-20682005.1965                          2 2.05000E-03 2.05000E-03
n-Nb093-MT151-Lopez-119080021.1967                              41 3.60000E-05 1.39500E-03
n-Nb093-MT151-Lopez-119080023.1967                              14 3.60000E-05 1.39500E-03
n-Nb093-MT151-Macklin-105370061.1976                           124 2.64100E-03 7.33100E-03
n-Nb093-MT151-Macklin-105370061A001.1976                       124 2.64100E-03 7.33100E-03
n-Nb093-MT151-Macklin-105370071.1976                            26 2.64100E-03 7.24400E-03
n-Nb093-MT151-Macklin-105370071A001.1976                        26 2.64100E-03 7.24400E-03
n-Nb093-MT151-Macklin-105370072.1976                            26 2.64100E-03 7.24400E-03
n-Nb093-MT151-Macklin-105370072A001.1976                        26 2.64100E-03 7.24400E-03
n-Nb093-MT151-Macklin-105370073.1976                            26 2.64100E-03 7.24400E-03
n-Nb093-MT151-Macklin-105370073A001.1976                        26 2.64100E-03 7.24400E-03
n-Nb093-MT151-Macklin-10537008.1976                              2 5.26000E-02 5.26000E-02
n-Nb093-MT151-Macklin-10537008A001.1976                          2 5.26000E-02 5.26000E-02
n-Nb093-MT151-Meaze-308280041.2011                               3 3.59200E-05 9.38800E-05
n-Nb093-MT151-Meaze-308280042.2011                               3 3.59200E-05 9.38800E-05
n-Nb093-MT151-Meaze-308280043.2011                               3 3.59200E-05 9.38800E-05
n-Nb093-MT151-Muradyan-41266002.1965                            33 3.55000E-05 1.22800E-03
n-Nb093-MT151-Pilcher-11909003.1955                              7 3.61000E-05 2.46000E-04
n-Nb093-MT151-Prestwich-117920021.1968                           5 3.58000E-05 1.19200E-04
n-Nb093-MT151-Prestwich-117920022.1968                           2 3.58000E-05 1.19200E-04
n-Nb093-MT151-Rae-225270021.1955                                 1 1.95000E-04 1.95000E-04
n-Nb093-MT151-Rae-225270022.1955                                 1 1.95000E-04 1.95000E-04
n-Nb093-MT151-Saplakoglu-119100031.1958                         13 3.59000E-05 7.44000E-04
n-Nb093-MT151-Saplakoglu-119100033.1958                         13 3.59000E-05 7.44000E-04
n-Nb093-MT151-Saplakoglu-119100034.1958                          2 3.59000E-05 4.22000E-05
n-Nb093-MT151-Seth-11665013.1964                                 2 3.26500E-01 3.26500E-01
n-Nb093-MT151-Sharapov-137800021.1999                           31 3.59000E-05 1.12700E-03
n-Nb093-MT151-Sharapov-137800022.1999                           31 3.59000E-05 1.12700E-03
n-Nb093-MT151-Sharapov-13780003.1999                             1 1.12700E-03 1.12700E-03
n-Nb093-MT151-Spitz-30114014.1968                                1 1.90000E-02 1.90000E-02
n-Nb093-MT151-Uttley-21088009.1966                               3 5.00050E-01 5.00050E-01
n-Nb093-MT151-Wang-316680031.2011                                7 3.59940E-05 2.40007E-04
n-Nb093-MT151-Wang-316680033.2011                                7 3.59940E-05 2.40007E-04
n-Nb093-MT151-Winter-226020021.1976                             53 3.59100E-05 2.92900E-03
n-Nb093-MT151-Winter-226020022.1976                             53 3.59100E-05 2.92900E-03
