#              Filename                                         N    min         max
a-Ne000-MT002-Goldberg-C0756003-ang-E0002.403.1954               1 1.31800E+02 1.67300E+02
a-Ne000-MT002-Goldberg-C0756003-ang-E0002.405.1954               1 7.87000E+01 1.31800E+02
a-Ne000-MT002-Goldberg-C0756003-ang-E0002.407.1954               1 7.87000E+01 1.14200E+02
a-Ne000-MT002-Goldberg-C0756003-ang-E0002.407A001.1954           1 1.14200E+02 1.67300E+02
a-Ne000-MT002-Goldberg-C0756003-ang-E0002.408.1954               1 7.87000E+01 1.67300E+02
a-Ne000-MT002-Goldberg-C0756003-ang-E0002.411.1954               1 7.87000E+01 1.67300E+02
a-Ne000-MT002-Goldberg-C0756003-ang-E0002.414.1954               1 7.87000E+01 1.67300E+02
a-Ne000-MT002-Goldberg-C0756003-ang-E0002.415.1954               1 7.87000E+01 1.67300E+02
a-Ne000-MT002-Goldberg-C0756003-ang-E0002.419.1954               1 1.31800E+02 1.67300E+02
a-Ne000-MT002-Goldberg-C0756003-ang-E0002.420.1954               1 7.87000E+01 1.31800E+02
a-Ne000-MT002-Goldberg-C0756003-ang-E0002.421.1954               1 7.87000E+01 1.14200E+02
a-Ne000-MT002-Goldberg-C0756003-ang-E0002.423.1954               1 1.14200E+02 1.67300E+02
a-Ne000-MT002-Goldberg-C0756003-ang-E0002.425.1954               1 7.87000E+01 1.67300E+02
a-Ne000-MT002-Goldberg-C0756003-ang-E0002.427.1954               1 7.87000E+01 1.67300E+02
a-Ne000-MT002-Goldberg-C0756003-ang-E0002.429.1954               1 7.87000E+01 1.67300E+02
a-Ne000-MT002-Goldberg-C0756003-ang-E0002.432.1954               1 7.87000E+01 1.31800E+02
a-Ne000-MT002-Goldberg-C0756003-ang-E0002.434.1954               1 1.31800E+02 1.67300E+02
a-Ne000-MT002-Goldberg-C0756003-ang-E0002.434A001.1954           1 7.87000E+01 1.67300E+02
a-Ne000-MT002-Goldberg-C0756003-ang-E0002.437.1954               1 7.87000E+01 1.14200E+02
a-Ne000-MT002-Goldberg-C0756003-ang-E0002.437A001.1954           1 1.14200E+02 1.67300E+02
a-Ne000-MT002-Goldberg-C0756003-ang-E0002.438.1954               1 7.87000E+01 1.67300E+02
a-Ne000-MT002-Goldberg-C0756003-ang-E0002.442.1954               1 7.87000E+01 1.67300E+02
a-Ne000-MT002-Goldberg-C0756003-ang-E0002.444.1954               1 7.87000E+01 1.67300E+02
a-Ne000-MT002-Goldberg-C0756003-ang-E0002.446.1954               1 7.87000E+01 1.31800E+02
a-Ne000-MT002-Goldberg-C0756003-ang-E0002.446A001.1954           1 1.14200E+02 1.31800E+02
a-Ne000-MT002-Goldberg-C0756003-ang-E0002.451.1954               1 7.87000E+01 1.14200E+02
a-Ne000-MT002-Goldberg-C0756003-ang-E0002.452.1954               1 7.87000E+01 1.67300E+02
a-Ne000-MT002-Goldberg-C0756003-ang-E0002.455.1954               1 7.87000E+01 1.67300E+02
a-Ne000-MT002-Goldberg-C0756003-ang-E0002.457.1954               1 7.87000E+01 1.67300E+02
a-Ne000-MT002-Goldberg-C0756003-ang-E0002.459.1954               1 1.14200E+02 1.67300E+02
a-Ne000-MT002-Goldberg-C0756003-ang-E0002.460.1954               1 7.87000E+01 1.14200E+02
a-Ne000-MT002-Goldberg-C0756003-ang-E0002.461.1954               1 7.87000E+01 1.14200E+02
a-Ne000-MT002-Goldberg-C0756003-ang-E0002.462.1954               1 1.14200E+02 1.67300E+02
a-Ne000-MT002-Goldberg-C0756003-ang-E0002.465.1954               1 7.87000E+01 1.67300E+02
a-Ne000-MT002-Goldberg-C0756003-ang-E0002.466.1954               1 7.87000E+01 1.31800E+02
a-Ne000-MT002-Goldberg-C0756003-ang-E0002.466A001.1954           1 1.14200E+02 1.31800E+02
a-Ne000-MT002-Goldberg-C0756003-ang-E0002.467.1954               1 1.14200E+02 1.67300E+02
a-Ne000-MT002-Goldberg-C0756003-ang-E0002.469.1954               1 1.31800E+02 1.67300E+02
a-Ne000-MT002-Goldberg-C0756003-ang-E0002.470.1954               1 1.14200E+02 1.31800E+02
a-Ne000-MT002-Goldberg-C0756003-ang-E0002.471.1954               1 7.87000E+01 1.14200E+02
a-Ne000-MT002-Goldberg-C0756003-ang-E0002.471A001.1954           1 7.87000E+01 1.67300E+02
a-Ne000-MT002-Goldberg-C0756003-ang-E0002.474.1954               1 1.31800E+02 1.67300E+02
a-Ne000-MT002-Goldberg-C0756003-ang-E0002.475.1954               1 7.87000E+01 1.31800E+02
a-Ne000-MT002-Goldberg-C0756003-ang-E0002.476.1954               1 7.87000E+01 1.67300E+02
a-Ne000-MT002-Goldberg-C0756003-ang-E0002.477.1954               1 1.14200E+02 1.67300E+02
a-Ne000-MT002-Goldberg-C0756003-ang-E0002.478.1954               1 1.14200E+02 1.31800E+02
a-Ne000-MT002-Goldberg-C0756003-ang-E0002.478A001.1954           1 1.31800E+02 1.31800E+02
a-Ne000-MT002-Goldberg-C0756004-ang-E0003.201.1954               1 1.31800E+02 1.67300E+02
a-Ne000-MT002-Goldberg-C0756004-ang-E0003.203.1954               1 1.14200E+02 1.67300E+02
a-Ne000-MT002-Goldberg-C0756004-ang-E0003.204.1954               1 7.87000E+01 1.14200E+02
a-Ne000-MT002-Goldberg-C0756004-ang-E0003.205.1954               1 7.87000E+01 1.31800E+02
a-Ne000-MT002-Goldberg-C0756004-ang-E0003.205A001.1954           1 1.31800E+02 1.67300E+02
a-Ne000-MT002-Goldberg-C0756004-ang-E0003.209.1954               1 7.87000E+01 1.67300E+02
a-Ne000-MT002-Goldberg-C0756004-ang-E0003.209A001.1954           1 7.87000E+01 1.14200E+02
a-Ne000-MT002-Goldberg-C0756004-ang-E0003.210.1954               1 1.14200E+02 1.31800E+02
a-Ne000-MT002-Goldberg-C0756004-ang-E0003.211.1954               1 1.31800E+02 1.67300E+02
a-Ne000-MT002-Goldberg-C0756004-ang-E0003.213.1954               1 7.87000E+01 1.67300E+02
a-Ne000-MT002-Goldberg-C0756004-ang-E0003.213A001.1954           1 7.87000E+01 1.14200E+02
a-Ne000-MT002-Goldberg-C0756004-ang-E0003.214.1954               1 1.14200E+02 1.31800E+02
a-Ne000-MT002-Goldberg-C0756004-ang-E0003.218.1954               1 1.31800E+02 1.67300E+02
a-Ne000-MT002-Goldberg-C0756004-ang-E0003.219.1954               1 7.87000E+01 1.67300E+02
a-Ne000-MT002-Goldberg-C0756004-ang-E0003.220.1954               1 7.87000E+01 1.67300E+02
a-Ne000-MT002-Goldberg-C0756004-ang-E0003.224.1954               1 1.31800E+02 1.67300E+02
a-Ne000-MT002-Goldberg-C0756004-ang-E0003.224A001.1954           1 7.87000E+01 1.31800E+02
a-Ne000-MT002-Goldberg-C0756004-ang-E0003.224A002.1954           1 7.87000E+01 1.14200E+02
a-Ne000-MT002-Goldberg-C0756004-ang-E0003.225.1954               1 1.14200E+02 1.31800E+02
a-Ne000-MT002-Goldberg-C0756004-ang-E0003.230.1954               1 1.14200E+02 1.31800E+02
a-Ne000-MT002-Goldberg-C0756004-ang-E0003.230A001.1954           1 1.14200E+02 1.67300E+02
a-Ne000-MT002-Goldberg-C0756004-ang-E0003.230A002.1954           1 7.87000E+01 1.67300E+02
a-Ne000-MT002-Goldberg-C0756004-ang-E0003.230A003.1954           1 7.87000E+01 1.67300E+02
a-Ne000-MT002-Goldberg-C0756004-ang-E0003.234.1954               1 7.87000E+01 1.67300E+02
a-Ne000-MT002-Goldberg-C0756004-ang-E0003.235.1954               1 7.87000E+01 1.14200E+02
a-Ne000-MT002-Goldberg-C0756004-ang-E0003.235A001.1954           1 1.14200E+02 1.31800E+02
a-Ne000-MT002-Goldberg-C0756004-ang-E0003.236.1954               1 1.14200E+02 1.31800E+02
a-Ne000-MT002-Goldberg-C0756004-ang-E0003.237.1954               1 1.14200E+02 1.67300E+02
a-Ne000-MT002-Goldberg-C0756004-ang-E0003.239.1954               1 1.14200E+02 1.67300E+02
a-Ne000-MT002-Goldberg-C0756004-ang-E0003.239A001.1954           1 7.87000E+01 1.14200E+02
a-Ne000-MT002-Goldberg-C0756004-ang-E0003.240.1954               1 7.87000E+01 1.31800E+02
a-Ne000-MT002-Goldberg-C0756004-ang-E0003.240A001.1954           1 1.31800E+02 1.67300E+02
a-Ne000-MT002-Goldberg-C0756004-ang-E0003.241.1954               1 1.14200E+02 1.67300E+02
a-Ne000-MT002-Goldberg-C0756004-ang-E0003.242.1954               1 1.14200E+02 1.67300E+02
a-Ne000-MT002-Goldberg-C0756004-ang-E0003.242A001.1954           1 1.14200E+02 1.67300E+02
a-Ne000-MT002-Goldberg-C0756004-ang-E0003.244.1954               1 1.14200E+02 1.67300E+02
a-Ne000-MT002-Goldberg-C0756004-ang-E0003.244A001.1954           1 1.67300E+02 1.67300E+02
a-Ne000-MT002-Goldberg-C0756005-ang-E0003.751.1954             119 1.67300E+02 1.67300E+02
a-Ne000-MT002-Seidlitz-C0914002-ang-E0018.000.1958              62 1.03000E+01 1.70200E+02
