#              Filename                                         N    min         max
n-Mg000-MT051-Cranberg-11396004-ang-E0002.450.1956               1 9.00000E+01 9.00000E+01
n-Mg000-MT051-Kinney-10105002-ang-E0004.190.1970                 1 9.05000E+01 9.06000E+01
n-Mg000-MT051-Kinney-10105002-ang-E0004.190A001.1970             1 9.05000E+01 9.06000E+01
n-Mg000-MT051-Kinney-10105002-ang-E0004.460.1970                 1 9.04000E+01 9.05000E+01
n-Mg000-MT051-Kinney-10105002-ang-E0004.460A001.1970             1 9.04000E+01 9.05000E+01
n-Mg000-MT051-Kinney-10105002-ang-E0005.000.1970                 1 9.04000E+01 9.04000E+01
n-Mg000-MT051-Kinney-10105002-ang-E0006.000.1970                 2 5.27000E+01 1.18300E+02
n-Mg000-MT051-Kinney-10105002-ang-E0006.000A001.1970             2 5.35000E+01 1.19900E+02
n-Mg000-MT051-Kinney-10105002-ang-E0006.000A002.1970             2 5.27000E+01 1.18300E+02
n-Mg000-MT051-Kinney-10105002-ang-E0006.000A003.1970             2 5.35000E+01 1.19900E+02
n-Mg000-MT051-Kinney-10105002-ang-E0007.600.1970                 2 5.27000E+01 1.18200E+02
n-Mg000-MT051-Kinney-10105002-ang-E0007.600A001.1970             2 5.35000E+01 1.19100E+02
n-Mg000-MT051-Kinney-10105002-ang-E0007.600A002.1970             2 5.27000E+01 1.18200E+02
n-Mg000-MT051-Kinney-10105002-ang-E0007.600A003.1970             2 5.35000E+01 1.19100E+02
n-Mg000-MT051-Mathur-10043009-ang-E0014.800.1969                 2 9.00000E+01 9.00000E+01
n-Mg000-MT051-Mittler-11455003-ang-E0007.970.1971               13 3.11000E+01 1.46300E+02
n-Mg000-MT051-Stelson-11527003-ang-E0014.000.1965               22 1.92000E+01 1.33500E+02
n-Mg000-MT051-Takahashi-220751991-ang-E0014.100.1987            75 2.00000E+01 1.60000E+02
n-Mg000-MT051-Takahashi-220751992-ang-E0014.100.1987            56 2.00000E+01 1.60000E+02
