#              Filename                                         N    min         max
a-Ne022-MT651-Kadota-E1378024-E0064.300.1986                    18 1.14000E+01 5.86000E+01
a-Ne022-MT651-Kadota-E1378025-E0064.300.1986                    18 1.14000E+01 5.83000E+01
a-Ne022-MT651-Kadota-E1378026-E0064.300.1986                    23 1.09000E+01 7.82000E+01
a-Ne022-MT651-Kadota-E1378027-E0064.300.1986                    20 1.13000E+01 6.85000E+01
a-Ne022-MT651-Kadota-E1378028-E0064.300.1986                    14 1.04000E+01 5.31000E+01
a-Ne022-MT651-Kadota-E1378029-E0064.300.1986                    16 1.12000E+01 5.34000E+01
a-Ne022-MT651-Kadota-E1378030-E0064.300.1986                    19 1.10000E+01 6.39000E+01
a-Ne022-MT651-Kadota-E1378031-E0064.300.1986                    21 1.10000E+01 7.36000E+01
a-Ne022-MT651-Kadota-E1378032-E0064.300.1986                    20 1.11000E+01 6.36000E+01
a-Ne022-MT651-Kadota-E1378033-E0064.300.1986                    19 1.08000E+01 5.83000E+01
a-Ne022-MT651-Kadota-E1378034-E0064.300.1986                    12 1.10000E+01 4.87000E+01
a-Ne022-MT651-Kadota-E1378035-E0064.300.1986                    11 1.08000E+01 4.10000E+01
a-Ne022-MT651-Kadota-E1378036-E0064.300.1986                    23 1.08000E+01 7.87000E+01
a-Ne022-MT651-Kadota-E1378037-E0064.300.1986                    15 1.10000E+01 5.88000E+01
a-Ne022-MT651-Kadota-E1378038-E0064.300.1986                     9 1.07000E+01 3.87000E+01
a-Ne022-MT651-Kadota-E1378039-E0064.300.1986                    14 1.08000E+01 5.39000E+01
a-Ne022-MT651-Kadota-E1378040-E0064.300.1986                    10 1.14000E+01 5.36000E+01
a-Ne022-MT651-Kadota-E1378041-E0064.300.1986                    15 1.10000E+01 5.39000E+01
a-Ne022-MT651-Kadota-E1378042-E0064.300.1986                    11 1.10000E+01 4.38000E+01
a-Ne022-MT651-Kadota-E1378043-E0064.300.1986                    12 1.10000E+01 6.88000E+01
a-Ne022-MT651-Kadota-E1378044-E0064.300.1986                    11 1.07000E+01 5.91000E+01
a-Ne022-MT651-Kadota-E1378045-E0064.300.1986                    16 1.10000E+01 7.41000E+01
a-Ne022-MT651-Kadota-E1378046-E0064.300.1986                    15 1.10000E+01 4.89000E+01
a-Ne022-MT651-Kadota-E1378047-E0064.300.1986                    20 1.09000E+01 7.95000E+01
a-Ne022-MT651-Kadota-E1378048-E0064.300.1986                    17 1.15000E+01 5.92000E+01
a-Ne022-MT651-Kadota-E1378049-E0064.300.1986                    13 1.04000E+01 5.40000E+01
a-Ne022-MT651-Kadota-E1378050-E0064.300.1986                    16 1.10000E+01 6.95000E+01
a-Ne022-MT651-Kadota-E1378051-E0064.300.1986                    10 1.11000E+01 3.89000E+01
a-Ne022-MT651-Kadota-E1378052-E0064.300.1986                    16 1.10000E+01 5.41000E+01
a-Ne022-MT651-Labie-F0678003-E0021.700.1974                     19 1.53000E+01 8.63000E+01
