#              Filename                                         N    min         max
t-He004-MT002-Allen-C0003002-ang-E0001.677.1958                  1 3.00000E+01 3.00000E+01
t-He004-MT002-Jarmie-C20410021-ang-E0006.000.1981               11 2.00000E+01 9.11000E+01
t-He004-MT002-Jarmie-C20410031-ang-E0007.000.1981               20 1.75000E+01 9.65000E+01
t-He004-MT002-Jarmie-C20410041-ang-E0008.000.1981               25 1.50000E+01 1.02700E+02
t-He004-MT002-Jarmie-C20410051-ang-E0008.790.1981               17 1.25000E+01 1.09900E+02
t-He004-MT002-Jarmie-C20410061-ang-E0009.000.1981               29 1.50000E+01 1.02700E+02
t-He004-MT002-Jarmie-C20410071-ang-E0010.000.1981               27 1.50000E+01 1.02700E+02
t-He004-MT002-Jarmie-C20410081-ang-E0010.820.1981               26 1.50000E+01 1.02700E+02
t-He004-MT002-Jarmie-C20410091-ang-E0011.000.1981               29 1.50000E+01 1.02700E+02
t-He004-MT002-Jarmie-C20410101-ang-E0012.000.1981               30 1.50000E+01 1.02700E+02
t-He004-MT002-Jarmie-C20410111-ang-E0012.250.1981               26 1.50000E+01 1.02600E+02
t-He004-MT002-Jarmie-C20410121-ang-E0012.630.1981               29 1.50000E+01 1.02700E+02
t-He004-MT002-Jarmie-C20410131-ang-E0012.800.1981               31 1.50000E+01 1.02700E+02
t-He004-MT002-Jarmie-C20410141-ang-E0013.000.1981               30 1.50000E+01 1.02700E+02
t-He004-MT002-Jarmie-C20410151-ang-E0013.270.1981               30 1.50000E+01 1.02700E+02
t-He004-MT002-Jarmie-C20410161-ang-E0013.550.1981               30 1.50000E+01 1.02600E+02
t-He004-MT002-Jarmie-C20410171-ang-E0013.750.1981               31 1.50000E+01 1.02600E+02
t-He004-MT002-Jarmie-C20410181-ang-E0014.000.1981               31 1.50000E+01 1.02600E+02
t-He004-MT002-Jarmie-C20410191-ang-E0015.000.1981               31 1.50000E+01 1.02600E+02
t-He004-MT002-Jarmie-C20410201-ang-E0016.000.1981               31 1.50000E+01 1.02600E+02
t-He004-MT002-Jarmie-C20410211-ang-E0017.000.1981               30 1.75000E+01 1.02600E+02
