#              Filename                                         N    min         max
n-Zr096-MT151-Bhat-107410021.1972                                1 3.02000E-04 3.02000E-04
n-Zr096-MT151-Bhat-107410021A001.1972                            1 3.02000E-04 3.02000E-04
n-Zr096-MT151-Bhat-107410022.1972                                1 3.02000E-04 3.02000E-04
n-Zr096-MT151-Bhat-107410022A001.1972                            1 3.02000E-04 3.02000E-04
n-Zr096-MT151-Block-118940061.1963                               7 3.01000E-04 1.54000E-02
n-Zr096-MT151-Block-118940062.1963                               7 3.01000E-04 1.54000E-02
n-Zr096-MT151-Block-118940063.1963                               1 4.11000E-03 4.11000E-03
n-Zr096-MT151-Block-118940064.1963                               1 4.11000E-03 4.11000E-03
n-Zr096-MT151-Brusegan-218380021.1981                           12 3.01000E-04 2.98300E-02
n-Zr096-MT151-Brusegan-218380022.1981                           12 3.01000E-04 2.98300E-02
n-Zr096-MT151-Coceva-217100021.1979                             15 3.01100E-04 3.66660E-02
n-Zr096-MT151-Coceva-217100022.1979                             14 3.01100E-04 3.66660E-02
n-Zr096-MT151-Coceva-217100023.1979                             14 3.01100E-04 3.66660E-02
n-Zr096-MT151-Coceva-217100024.1979                             14 3.01100E-04 3.66660E-02
n-Zr096-MT151-Coceva-217100025.1979                              1 3.01100E-04 3.01100E-04
n-Zr096-MT151-Coceva-21710003.1979                               2 4.00000E-02 4.00000E-02
n-Zr096-MT151-Good-11876014.1968                                 1 2.90000E-03 2.90000E-03
n-Zr096-MT151-Good-11876015.1968                                 2 2.90000E-03 3.19000E-02
n-Zr096-MT151-Good-118760171.1968                               22 2.68000E-03 5.83000E-02
n-Zr096-MT151-Good-118760172.1968                               18 2.68000E-03 5.83000E-02
n-Zr096-MT151-Good-118760173.1968                               18 2.68000E-03 5.83000E-02
n-Zr096-MT151-Leinweber-137440151.2000                           1 3.01100E-04 3.01100E-04
n-Zr096-MT151-Leinweber-137440152.2000                           1 3.01100E-04 3.01100E-04
n-Zr096-MT151-Leinweber-137440153.2000                           1 3.01100E-04 3.01100E-04
n-Zr096-MT151-Leinweber-137440154.2000                           1 3.01100E-04 3.01100E-04
n-Zr096-MT151-Leinweber-137440155.2000                           1 3.01100E-04 3.01100E-04
n-Zr096-MT151-Morgenstern-206840191.1969                         1 3.00920E-04 3.00920E-04
n-Zr096-MT151-Morgenstern-206840192.1969                         1 3.00920E-04 3.00920E-04
n-Zr096-MT151-Morgenstern-206840193.1969                         1 3.00920E-04 3.00920E-04
n-Zr096-MT151-Morgenstern-206840194.1969                         1 3.00920E-04 3.00920E-04
n-Zr096-MT151-Morgenstern-206840195.1969                         1 3.00920E-04 3.00920E-04
n-Zr096-MT151-Morgenstern-206840196.1969                         1 3.00920E-04 3.00920E-04
n-Zr096-MT151-Morgenstern-206840197.1969                         1 3.00920E-04 3.00920E-04
n-Zr096-MT151-Moskalev-40758010.1964                             1 2.90500E-03 2.90500E-03
n-Zr096-MT151-Moskalev-40758011.1964                             5 3.02700E-04 5.51000E-03
n-Zr096-MT151-Moskalev-40758015.1964                             1 2.90500E-03 2.90500E-03
n-Zr096-MT151-Musgrove-303820021.1977                           30 3.01000E-04 9.59270E-02
n-Zr096-MT151-Musgrove-303820022.1977                           28 3.01000E-04 9.59270E-02
n-Zr096-MT151-Musgrove-303820023.1977                           19 3.01000E-04 9.59270E-02
n-Zr096-MT151-Musgrove-303820024.1977                           30 3.01000E-04 9.59270E-02
n-Zr096-MT151-Musgrove-303820031.1977                            2 5.00000E-02 5.00000E-02
n-Zr096-MT151-Musgrove-303820032.1977                            2 5.00000E-02 5.00000E-02
n-Zr096-MT151-Salah-129400031.1985                               1 3.01100E-04 3.01100E-04
n-Zr096-MT151-Salah-129400032.1985                               1 3.01100E-04 3.01100E-04
n-Zr096-MT151-Salah-129400033.1985                               1 3.01100E-04 3.01100E-04
n-Zr096-MT151-Salah-129400034.1985                               1 3.01100E-04 3.01100E-04
n-Zr096-MT151-Tagliente-231940071.2013                           3 3.01000E-04 4.13500E-03
n-Zr096-MT151-Tagliente-233310031.2011                          15 3.01285E-04 3.66710E-02
