#              Filename                                         N    min         max     
p-Fe000-rp027056-Michel-A01000072.1985                          19 7.90000E+01 1.99800E+02
p-Fe000-rp027056-Michel-A01450076.1980                           5 7.41000E+00 1.60600E+01
p-Fe000-rp027056-Michel-A0146010.1979                           20 1.34300E+01 4.45300E+01
p-Fe000-rp027056-Barchuk-A03390035.1987                         46 7.11000E+00 6.44000E+01
p-Fe000-rp027056-Aleksandrov-A0501034.1990                       1 1.00000E+03 1.00000E+03
p-Fe000-rp027056-ZhaoWenrongg-A06000025.1993                    22 6.65800E+00 1.88640E+01
p-Fe000-rp027056-Williams-B0073016.1967                         23 7.10000E+00 6.28000E+01
p-Fe000-rp027056-Brodzinski-C02720031.1971                       8 1.41000E+01 5.85000E+02
p-Fe000-rp027056-Sisterson-C1447007.2006                         6 1.40000E+02 5.00000E+02
p-Fe000-rp027056-Graves-C2243015.2016                           12 3.46000E+01 9.02000E+01
p-Fe000-rp027056-Alabyad-D0500003.2009                          18 5.30000E+00 1.85000E+01
p-Fe000-rp027056-Sudar-D4018004.1994                            25 5.44000E+00 1.41200E+01
p-Fe000-rp027056-Takacs-D4026002.1994                           17 5.80000E+00 1.75000E+01
p-Fe000-rp027056-Jung-D40580421.1991                             3 7.50000E+00 2.38000E+01
p-Fe000-rp027056-Ditroi-D4181002.2004                           11 4.20000E+01 6.72000E+01
p-Fe000-rp027056-Lawriniang-D6328002.2018                        5 5.89000E+00 1.99900E+01
p-Fe000-rp027056-Kim-D7007007.2014                              23 3.37000E+00 4.03000E+01
p-Fe000-rp027056-Rayudu-O0073002.1964                            4 1.30000E+02 3.96000E+02
p-Fe000-rp027056-Rayudu-O0077002.1968                            5 5.00000E+02 2.90000E+03
p-Fe000-rp027056-Michel-O00780197.1989                           1 6.00000E+02 6.00000E+02
p-Fe000-rp027056-Perron-O0085019.1976                            1 2.10000E+04 2.10000E+04
p-Fe000-rp027056-Weigel-O0088005.1975                            1 6.00000E+02 6.00000E+02
p-Fe000-rp027056-Michel-O0276075.1997                           69 7.35000E+00 1.77000E+02
p-Fe000-rp027056-Michel-O0277121.1995                            4 8.00000E+02 2.60000E+03
p-Fe000-rp027056-Lavrukhina-O0283039.1963                        1 1.50000E+02 1.50000E+02
p-Fe000-rp027056-Schiekel-O0284081.1996                         10 2.14000E+02 3.99000E+02
p-Fe000-rp027056-Lavrukhina-O0299040.1963                        1 6.60000E+02 6.60000E+02
p-Fe000-rp027056-Aleksandrov-O0376003.1989                       1 1.00000E+03 1.00000E+03
p-Fe000-rp027056-Daum-O0498006.1997                              5 1.06000E+01 2.99000E+01
p-Fe000-rp027056-Gloris-O1881022.1998                           32 8.43000E+01 2.53000E+03
p-Fe000-rp027056-Neumann-O1882025.1999                           4 2.78000E+02 2.60000E+03
p-Fe000-rp027056-Uddin-O2373002.2017                            25 5.10000E+00 1.57000E+01
p-Fe000-rp027056-Orth-T0131003.1976                              1 5.90000E+02 5.90000E+02
p-Fe000-rp027056-Schoen-T0276002.1979                           12 5.80000E+00 5.29000E+01
