#              Filename                                         N    min         max
p-Cd114-MT002-Mistry-C2688004-ang-E0006.793.1970                 1 9.00000E+01 1.70000E+02
p-Cd114-MT002-Mistry-C2688004-ang-E0006.796.1970                 1 1.50000E+02 1.70000E+02
p-Cd114-MT002-Mistry-C2688004-ang-E0006.800.1970                 1 9.00000E+01 1.50000E+02
p-Cd114-MT002-Mistry-C2688004-ang-E0006.801.1970                 1 9.00000E+01 1.20000E+02
p-Cd114-MT002-Mistry-C2688004-ang-E0006.804.1970                 1 1.20000E+02 1.70000E+02
p-Cd114-MT002-Mistry-C2688004-ang-E0006.807.1970                 1 1.20000E+02 1.70000E+02
p-Cd114-MT002-Mistry-C2688004-ang-E0006.815.1970                 1 1.20000E+02 1.50000E+02
p-Cd114-MT002-Mistry-C2688004-ang-E0006.819.1970                 1 9.00000E+01 1.50000E+02
p-Cd114-MT002-Mistry-C2688004-ang-E0006.820.1970                 1 9.00000E+01 1.70000E+02
p-Cd114-MT002-Mistry-C2688004-ang-E0006.827.1970                 1 1.20000E+02 1.70000E+02
p-Cd114-MT002-Mistry-C2688004-ang-E0006.834.1970                 1 1.20000E+02 1.50000E+02
p-Cd114-MT002-Mistry-C2688004-ang-E0006.835.1970                 1 9.00000E+01 1.50000E+02
p-Cd114-MT002-Mistry-C2688004-ang-E0006.837.1970                 1 9.00000E+01 1.70000E+02
p-Cd114-MT002-Mistry-C2688004-ang-E0006.843.1970                 1 1.20000E+02 1.70000E+02
p-Cd114-MT002-Mistry-C2688004-ang-E0006.849.1970                 2 9.00000E+01 1.50000E+02
p-Cd114-MT002-Mistry-C2688004-ang-E0006.851.1970                 1 9.00000E+01 1.50000E+02
p-Cd114-MT002-Mistry-C2688004-ang-E0006.855.1970                 1 1.50000E+02 1.70000E+02
p-Cd114-MT002-Mistry-C2688004-ang-E0006.856.1970                 1 1.20000E+02 1.70000E+02
p-Cd114-MT002-Mistry-C2688004-ang-E0006.863.1970                 1 9.00000E+01 1.20000E+02
p-Cd114-MT002-Mistry-C2688004-ang-E0006.868.1970                 1 9.00000E+01 1.70000E+02
p-Cd114-MT002-Mistry-C2688004-ang-E0006.870.1970                 1 1.50000E+02 1.70000E+02
p-Cd114-MT002-Mistry-C2688004-ang-E0006.873.1970                 1 9.00000E+01 1.50000E+02
p-Cd114-MT002-Mistry-C2688004-ang-E0006.877.1970                 1 9.00000E+01 1.20000E+02
p-Cd114-MT002-Mistry-C2688004-ang-E0006.878.1970                 1 1.20000E+02 1.70000E+02
p-Cd114-MT002-Mistry-C2688004-ang-E0006.886.1970                 1 1.50000E+02 1.70000E+02
p-Cd114-MT002-Mistry-C2688004-ang-E0006.888.1970                 1 1.20000E+02 1.50000E+02
p-Cd114-MT002-Mistry-C2688004-ang-E0006.890.1970                 1 9.00000E+01 1.20000E+02
p-Cd114-MT002-Mistry-C2688004-ang-E0006.899.1970                 1 9.00000E+01 1.70000E+02
p-Cd114-MT002-Mistry-C2688004-ang-E0006.900.1970                 1 1.50000E+02 1.70000E+02
p-Cd114-MT002-Mistry-C2688004-ang-E0006.906.1970                 1 1.20000E+02 1.50000E+02
p-Cd114-MT002-Mistry-C2688004-ang-E0006.909.1970                 1 9.00000E+01 1.20000E+02
p-Cd114-MT002-Mistry-C2688004-ang-E0006.911.1970                 1 9.00000E+01 1.50000E+02
p-Cd114-MT002-Mistry-C2688004-ang-E0006.917.1970                 1 1.50000E+02 1.70000E+02
p-Cd114-MT002-Mistry-C2688004-ang-E0006.918.1970                 1 1.20000E+02 1.70000E+02
p-Cd114-MT002-Mistry-C2688004-ang-E0006.924.1970                 1 9.00000E+01 1.20000E+02
p-Cd114-MT002-Mistry-C2688004-ang-E0006.930.1970                 2 9.00000E+01 1.70000E+02
p-Cd114-MT002-Mistry-C2688004-ang-E0006.939.1970                 1 1.20000E+02 1.50000E+02
p-Cd114-MT002-Mistry-C2688004-ang-E0006.940.1970                 1 9.00000E+01 1.20000E+02
p-Cd114-MT002-Mistry-C2688004-ang-E0006.942.1970                 1 9.00000E+01 1.70000E+02
p-Cd114-MT002-Mistry-C2688004-ang-E0006.945.1970                 1 1.50000E+02 1.70000E+02
p-Cd114-MT002-Mistry-C2688004-ang-E0006.949.1970                 1 1.20000E+02 1.50000E+02
p-Cd114-MT002-Mistry-C2688004-ang-E0006.952.1970                 1 9.00000E+01 1.20000E+02
p-Cd114-MT002-Mistry-C2688004-ang-E0006.955.1970                 1 9.00000E+01 1.70000E+02
p-Cd114-MT002-Mistry-C2688004-ang-E0006.961.1970                 1 1.20000E+02 1.70000E+02
p-Cd114-MT002-Mistry-C2688004-ang-E0006.966.1970                 1 1.20000E+02 1.50000E+02
p-Cd114-MT002-Mistry-C2688004-ang-E0006.967.1970                 1 9.00000E+01 1.50000E+02
p-Cd114-MT002-Mistry-C2688004-ang-E0006.969.1970                 1 9.00000E+01 1.70000E+02
p-Cd114-MT002-Mistry-C2688004-ang-E0006.974.1970                 1 1.50000E+02 1.70000E+02
p-Cd114-MT002-Mistry-C2688004-ang-E0006.980.1970                 1 9.00000E+01 1.50000E+02
p-Cd114-MT002-Mistry-C2688004-ang-E0006.983.1970                 2 9.00000E+01 1.70000E+02
p-Cd114-MT002-Mistry-C2688004-ang-E0006.986.1970                 1 1.50000E+02 1.70000E+02
p-Cd114-MT002-Mistry-C2688004-ang-E0006.991.1970                 1 1.20000E+02 1.50000E+02
p-Cd114-MT002-Mistry-C2688004-ang-E0006.996.1970                 1 1.20000E+02 1.70000E+02
p-Cd114-MT002-Mistry-C2688004-ang-E0007.004.1970                 1 9.00000E+01 1.70000E+02
p-Cd114-MT002-Mistry-C2688004-ang-E0007.005.1970                 1 9.00000E+01 1.50000E+02
p-Cd114-MT002-Mistry-C2688004-ang-E0007.010.1970                 1 1.50000E+02 1.70000E+02
p-Cd114-MT002-Mistry-C2688004-ang-E0007.015.1970                 1 1.20000E+02 1.70000E+02
p-Cd114-MT002-Mistry-C2688004-ang-E0007.016.1970                 1 9.00000E+01 1.20000E+02
p-Cd114-MT002-Mistry-C2688004-ang-E0007.020.1970                 1 9.00000E+01 1.50000E+02
p-Cd114-MT002-Mistry-C2688004-ang-E0007.023.1970                 1 1.20000E+02 1.50000E+02
p-Cd114-MT002-Mistry-C2688004-ang-E0007.027.1970                 1 9.00000E+01 1.20000E+02
p-Cd114-MT002-Mistry-C2688004-ang-E0007.035.1970                 1 9.00000E+01 1.70000E+02
p-Cd114-MT002-Mistry-C2688004-ang-E0007.037.1970                 1 1.50000E+02 1.70000E+02
p-Cd114-MT002-Mistry-C2688004-ang-E0007.040.1970                 1 9.00000E+01 1.50000E+02
p-Cd114-MT002-Mistry-C2688004-ang-E0007.046.1970                 3 9.00000E+01 1.70000E+02
p-Cd114-MT002-Mistry-C2688004-ang-E0007.051.1970                 1 1.50000E+02 1.70000E+02
p-Cd114-MT002-Mistry-C2688004-ang-E0007.055.1970                 1 1.20000E+02 1.50000E+02
p-Cd114-MT002-Mistry-C2688004-ang-E0007.056.1970                 1 9.00000E+01 1.20000E+02
p-Cd114-MT002-Mistry-C2688004-ang-E0007.061.1970                 1 9.00000E+01 1.70000E+02
p-Cd114-MT002-Mistry-C2688004-ang-E0007.067.1970                 1 1.50000E+02 1.70000E+02
p-Cd114-MT002-Mistry-C2688004-ang-E0007.071.1970                 1 9.00000E+01 1.50000E+02
p-Cd114-MT002-Mistry-C2688004-ang-E0007.077.1970                 2 9.00000E+01 1.70000E+02
p-Cd114-MT002-Mistry-C2688004-ang-E0007.080.1970                 1 1.20000E+02 1.50000E+02
p-Cd114-MT002-Mistry-C2688004-ang-E0007.085.1970                 1 1.20000E+02 1.50000E+02
p-Cd114-MT002-Mistry-C2688004-ang-E0007.087.1970                 1 9.00000E+01 1.20000E+02
p-Cd114-MT002-Mistry-C2688004-ang-E0007.092.1970                 2 9.00000E+01 1.70000E+02
p-Cd114-MT002-Mistry-C2688004-ang-E0007.098.1970                 1 1.20000E+02 1.50000E+02
p-Cd114-MT002-Mistry-C2688004-ang-E0007.104.1970                 1 9.00000E+01 1.20000E+02
p-Cd114-MT002-Mistry-C2688004-ang-E0007.109.1970                 1 9.00000E+01 1.70000E+02
p-Cd114-MT002-Mistry-C2688004-ang-E0007.110.1970                 1 1.50000E+02 1.70000E+02
p-Cd114-MT002-Mistry-C2688004-ang-E0007.114.1970                 1 1.20000E+02 1.50000E+02
p-Cd114-MT002-Mistry-C2688004-ang-E0007.116.1970                 1 1.20000E+02 1.70000E+02
p-Cd114-MT002-Mistry-C2688004-ang-E0007.123.1970                 1 9.00000E+01 1.70000E+02
p-Cd114-MT002-Mistry-C2688004-ang-E0007.125.1970                 1 9.00000E+01 1.20000E+02
p-Cd114-MT002-Mistry-C2688004-ang-E0007.136.1970                 1 1.20000E+02 1.50000E+02
p-Cd114-MT002-Mistry-C2688004-ang-E0007.137.1970                 1 9.00000E+01 1.50000E+02
p-Cd114-MT002-Mistry-C2688004-ang-E0007.150.1970                 1 9.00000E+01 1.70000E+02
p-Cd114-MT002-Mistry-C2688004-ang-E0007.152.1970                 1 1.50000E+02 1.70000E+02
p-Cd114-MT002-Mistry-C2688004-ang-E0007.158.1970                 1 1.20000E+02 1.50000E+02
p-Cd114-MT002-Mistry-C2688004-ang-E0007.165.1970                 1 9.00000E+01 1.20000E+02
p-Cd114-MT002-Mistry-C2688004-ang-E0007.169.1970                 2 9.00000E+01 1.70000E+02
p-Cd114-MT002-Mistry-C2688004-ang-E0007.175.1970                 1 1.20000E+02 1.50000E+02
p-Cd114-MT002-Mistry-C2688004-ang-E0007.179.1970                 1 9.00000E+01 1.20000E+02
p-Cd114-MT002-Mistry-C2688004-ang-E0007.181.1970                 1 9.00000E+01 1.70000E+02
p-Cd114-MT002-Mistry-C2688004-ang-E0007.182.1970                 1 1.50000E+02 1.70000E+02
p-Cd114-MT002-Mistry-C2688004-ang-E0007.190.1970                 1 1.20000E+02 1.50000E+02
p-Cd114-MT002-Mistry-C2688004-ang-E0007.194.1970                 1 1.20000E+02 1.70000E+02
p-Cd114-MT002-Mistry-C2688004-ang-E0007.213.1970                 1 9.00000E+01 1.70000E+02
p-Cd114-MT002-Mistry-C2688004-ang-E0007.219.1970                 2 9.00000E+01 1.50000E+02
p-Cd114-MT002-Mistry-C2688004-ang-E0007.225.1970                 1 9.00000E+01 1.20000E+02
p-Cd114-MT002-Mistry-C2688004-ang-E0007.228.1970                 1 9.00000E+01 1.70000E+02
p-Cd114-MT002-Mistry-C2688004-ang-E0007.230.1970                 1 1.50000E+02 1.70000E+02
p-Cd114-MT002-Mistry-C2688004-ang-E0007.231.1970                 1 1.20000E+02 1.50000E+02
p-Cd114-MT002-Mistry-C2688004-ang-E0007.239.1970                 1 9.00000E+01 1.20000E+02
p-Cd114-MT002-Mistry-C2688004-ang-E0007.243.1970                 1 9.00000E+01 1.70000E+02
p-Cd114-MT002-Mistry-C2688004-ang-E0007.247.1970                 1 1.50000E+02 1.70000E+02
p-Cd114-MT002-Mistry-C2688004-ang-E0007.250.1970                 1 1.50000E+02 1.70000E+02
p-Cd114-MT002-Mistry-C2688004-ang-E0007.251.1970                 1 1.20000E+02 1.70000E+02
p-Cd114-MT002-Mistry-C2688004-ang-E0007.253.1970                 1 1.20000E+02 1.50000E+02
p-Cd114-MT002-Mistry-C2688004-ang-E0007.260.1970                 2 9.00000E+01 1.70000E+02
p-Cd114-MT002-Mistry-C2688004-ang-E0007.265.1970                 3 9.00000E+01 1.70000E+02
p-Cd114-MT002-Mistry-C2688004-ang-E0007.266.1970                 1 9.00000E+01 1.50000E+02
p-Cd114-MT002-Mistry-C2688004-ang-E0007.267.1970                 1 9.00000E+01 1.50000E+02
p-Cd114-MT002-Mistry-C2688004-ang-E0007.269.1970                 1 1.20000E+02 1.50000E+02
p-Cd114-MT002-Mistry-C2688004-ang-E0007.271.1970                 1 1.20000E+02 1.20000E+02
