#              Filename                                         N    min         max
n-Al027-MT002-Anderson-11487002-ang-E0014.600.1959              15 8.46000E+01 1.54600E+02
n-Al027-MT002-Ashmore-21437003-ang-E0351.500.1958                9 0.00000E+00 1.60000E+01
n-Al027-MT002-Ball-11503002-ang-E0300.000.1952                   9 2.50006E+00 1.74000E+01
n-Al027-MT002-Becker-11511002-ang-E0003.200.1966                13 2.00000E+01 1.40000E+02
n-Al027-MT002-Benenson-10370007-ang-E0014.800.1973               8 1.80016E+00 1.05000E+01
n-Al027-MT002-Benenson-10370007-ang-E0014.800A001.1973           8 1.80016E+00 1.05000E+01
n-Al027-MT002-Beyster-11220007-ang-E0002.500.1956               13 1.26000E+01 1.56800E+02
n-Al027-MT002-Beyster-11220007-ang-E0002.500A001.1956           13 1.26000E+01 1.56800E+02
n-Al027-MT002-Beyster-11220007-ang-E0007.000.1956               12 1.26000E+01 1.49400E+02
n-Al027-MT002-Beyster-11220007-ang-E0007.000A001.1956           12 1.26000E+01 1.49400E+02
n-Al027-MT002-Biryukov-40066005-ang-E0009.200.1971               1 3.20000E+01 3.20000E+01
n-Al027-MT002-Boerker-22113007-ang-E0010.159.1988               25 1.25000E+01 1.60400E+02
n-Al027-MT002-Bonazzola-21080002-ang-E0014.200.1965              7 2.51000E+01 8.74000E+01
n-Al027-MT002-Bostrom-11456002-ang-E0000.600.1956               15 7.79996E+00 1.49400E+02
n-Al027-MT002-Brandenberger-10263002-ang-E0007.970.1972         27 3.00000E+01 1.45000E+02
n-Al027-MT002-Bratenahl-11472002-ang-E0084.000.1950             11 2.50006E+00 2.50000E+01
n-Al027-MT002-Bredin-11496002-ang-E0001.950.1964                10 3.00000E+01 1.20000E+02
n-Al027-MT002-Coon-11322005-ang-E0014.100.1958                  16 5.50000E+00 7.55000E+01
n-Al027-MT002-Deconninck-21858002-ang-E0014.000.1961             3 9.00000E+01 9.00000E+01
n-Al027-MT002-Ferrer-10633003-ang-E0011.010.1977                28 1.50000E+01 1.50000E+02
n-Al027-MT002-Ferrer-10633003-ang-E0011.010A001.1977            28 1.50000E+01 1.50000E+02
n-Al027-MT002-Hansen-12935004-ang-E0014.600.1985                15 9.54001E+00 1.59760E+02
n-Al027-MT002-Hill-11300003-ang-E0005.000.1956                   6 9.60001E+00 3.38000E+01
n-Al027-MT002-Hill-11321004-ang-E0005.000.1958                  13 3.00029E+01 1.49997E+02
n-Al027-MT002-Hollandsworth-10319004-ang-E0007.550.1975          6 2.69994E+00 1.41000E+01
n-Al027-MT002-Hollandsworth-10319004-ang-E0007.550A001.1975      6 2.69994E+00 1.41000E+01
n-Al027-MT002-Holmqvist-20019003-ang-E0002.470.1969            135 2.00000E+01 1.60000E+02
n-Al027-MT002-Kammerdiener-14329002-ang-E0014.000.1972          13 2.41000E+01 1.54100E+02
n-Al027-MT002-Khaletskii-40711003-ang-E0014.800.1957            18 9.90000E+00 7.30000E+01
n-Al027-MT002-Kinney-10106025-ang-E0005.440.1970                22 1.50000E+01 1.14000E+02
n-Al027-MT002-Kinney-10106025-ang-E0005.440A001.1970            22 1.50000E+01 1.14000E+02
n-Al027-MT002-Kinney-10106025-ang-E0006.440.1970                22 1.50000E+01 1.34500E+02
n-Al027-MT002-Kopecky-22493013-ang-E0000.282.1997             1657 2.40000E+01 2.40000E+01
n-Al027-MT002-Kopecky-22493014-ang-E0000.261.1997             1680 4.00000E+01 4.00000E+01
n-Al027-MT002-Kopecky-22493015-ang-E0000.265.1997             1564 6.00000E+01 6.00000E+01
n-Al027-MT002-Kopecky-22493016-ang-E0000.305.1997             1152 7.80000E+01 7.80000E+01
n-Al027-MT002-Kopecky-22493017-ang-E0000.284.1997              772 9.00000E+01 9.00000E+01
n-Al027-MT002-Kopecky-22493018-ang-E0000.302.1997              774 1.20000E+02 1.20000E+02
n-Al027-MT002-Kopecky-22493019-ang-E0000.292.1997              776 1.37000E+02 1.37000E+02
n-Al027-MT002-Kopecky-22493020-ang-E0000.306.1997              694 1.50000E+02 1.50000E+02
n-Al027-MT002-Korzh-40043004-ang-E0001.500.1969                 10 2.00000E+01 1.43000E+02
n-Al027-MT002-Korzh-40685009-ang-E0000.500.1964                 16 3.00029E+01 1.39996E+02
n-Al027-MT002-Korzh-40762003-ang-E0000.650.1963                  8 3.00029E+01 1.39996E+02
n-Al027-MT002-Korzh-40763007-ang-E0000.300.1963                  8 3.00029E+01 1.39996E+02
n-Al027-MT002-Lambert-11538002-ang-E0003.150.1966               13 2.00000E+01 1.40000E+02
n-Al027-MT002-LiangXuecaii-32519002-ang-E0014.700.1989           5 3.83001E+00 8.12997E+00
n-Al027-MT002-Littlejr-11313003-ang-E0002.700.1955              11 4.13000E+01 1.42300E+02
n-Al027-MT002-Lovchikova-40168002-ang-E0000.900.1957             5 3.06845E+01 1.49315E+02
n-Al027-MT002-Lovchikova-40787003-ang-E0000.220.1960             5 3.06000E+01 1.49400E+02
n-Al027-MT002-MaGongguii-30762002-ang-E0014.200.1988             7 3.99998E+00 2.50000E+01
n-Al027-MT002-Martin-21046002-ang-E0005.950.1968                21 2.75001E+01 1.52999E+02
n-Al027-MT002-Martin-22588004-ang-E0005.950.1968                21 2.86936E+01 1.54324E+02
n-Al027-MT002-Nagadi-13903002-ang-E0015.431.2003                35 1.78000E+01 1.60000E+02
n-Al027-MT002-Olsson-22048004-ang-E0021.600.1987                40 1.00000E+01 1.62000E+02
n-Al027-MT002-Petler-12973005-ang-E0018.000.1985                23 1.21000E+01 1.55000E+02
n-Al027-MT002-Petler-12973005-ang-E0020.000.1985                39 1.20000E+01 1.59700E+02
n-Al027-MT002-Petler-12973005-ang-E0022.000.1985                29 1.20000E+01 1.59400E+02
n-Al027-MT002-Petler-12973005-ang-E0025.000.1985                34 1.20000E+01 1.61900E+02
n-Al027-MT002-Petler-12973005-ang-E0026.000.1985                26 1.20000E+01 1.59100E+02
n-Al027-MT002-Pierre-11486005-ang-E0013.950.1959                16 1.08000E+01 1.18900E+02
n-Al027-MT002-Poole-21377002-ang-E0002.500.1953                  1 9.70000E+01 9.70000E+01
n-Al027-MT002-Popov-41215003-ang-E0003.100.1963                 10 1.99484E+01 1.50459E+02
n-Al027-MT002-QIHUIQUANN-32602002-ang-E0014.800.1992             5 2.59993E+00 8.59999E+00
n-Al027-MT002-Salmon-21123003-ang-E0096.000.1960                 6 2.00008E+00 1.50000E+01
n-Al027-MT002-Schreder-22121003-ang-E0007.620.1989              27 2.50000E+01 1.24000E+02
n-Al027-MT002-Schweitzer-30463026-ang-E0003.400.1978            10 1.52000E+01 1.49900E+02
n-Al027-MT002-Stelson-11527004-ang-E0014.000.1965                9 2.85000E+01 1.30400E+02
n-Al027-MT002-Stuart-11490002-ang-E0024.000.1962                28 1.23000E+01 8.95000E+01
n-Al027-MT002-Takahashi-22075191-ang-E0014.100.1987              9 4.50000E+01 1.60000E+02
n-Al027-MT002-Tanaka-20343002-ang-E0004.810.1970                52 2.99000E+01 1.48000E+02
n-Al027-MT002-Thomson-11495003-ang-E0007.000.1963                1 9.00000E+01 9.00000E+01
n-Al027-MT002-Towle-20958004-ang-E0000.980.1962                  9 3.07000E+01 1.37100E+02
n-Al027-MT002-Towle-20958005-ang-E0002.010.1962                  8 3.07000E+01 1.36300E+02
n-Al027-MT002-Towle-20958006-ang-E0003.010.1962                 11 3.07000E+01 1.37100E+02
n-Al027-MT002-Towle-20958007-ang-E0003.990.1962                 11 3.07000E+01 1.37100E+02
n-Al027-MT002-Trykova-40338003-ang-E0004.370.1975                5 3.00000E+01 1.50000E+02
n-Al027-MT002-Tsukada-20341003-ang-E0003.500.1961                7 1.44000E+01 1.34400E+02
n-Al027-MT002-Tsukada-20341003-ang-E0003.850.1961                7 1.44000E+01 1.56100E+02
n-Al027-MT002-Vanzyl-21374007-ang-E0136.000.1956                12 0.00000E+00 1.50000E+01
n-Al027-MT002-Velkley-10384011-ang-E0008.970.1974               27 3.00000E+01 1.60000E+02
n-Al027-MT002-Velkley-10384011-ang-E0008.970A001.1974           27 3.00000E+01 1.60000E+02
n-Al027-MT002-Walt-11215013-ang-E0004.100.1955                  11 1.40000E+01 1.48200E+02
n-Al027-MT002-Walt-11215013-ang-E0004.100A001.1955              11 1.40000E+01 1.48200E+02
n-Al027-MT002-Wang-12892002-ang-E0007.000.1987                   8 5.00000E+01 1.40000E+02
n-Al027-MT002-Weddell-11479003-ang-E0004.400.1956                1 8.19984E+01 8.19984E+01
n-Al027-MT002-Whisnant-12875002-ang-E0010.873.1984              29 1.97000E+01 1.49900E+02
n-Al027-MT002-Whisnant-12875002-ang-E0013.883.1984              28 1.96000E+01 1.59800E+02
n-Al027-MT002-Whisnant-12875002-ang-E0016.883.1984              28 1.96000E+01 1.59700E+02
n-Al027-MT002-Whitehead-11475004-ang-E0003.700.1953             25 1.31000E+01 1.31000E+01
n-Al027-MT002-Winterhalter-31119004-ang-E0002.760.1963           4 2.90000E+01 1.18100E+02
n-Al027-MT002-Yuasa-20281002-ang-E0014.100.1958                 13 7.00000E+01 1.70000E+02
