#              Filename                                         N    min         max
p-Kr096-MT002-Hollas-C2690002-ang-E0004.751.1972                 1 1.25000E+02 1.65000E+02
p-Kr096-MT002-Hollas-C2690002-ang-E0004.755.1972                 1 9.50000E+01 1.25000E+02
p-Kr096-MT002-Hollas-C2690002-ang-E0004.760.1972                 1 9.50000E+01 1.45000E+02
p-Kr096-MT002-Hollas-C2690002-ang-E0004.765.1972                 1 9.50000E+01 1.45000E+02
p-Kr096-MT002-Hollas-C2690002-ang-E0004.766.1972                 2 9.50000E+01 1.65000E+02
p-Kr096-MT002-Hollas-C2690002-ang-E0004.769.1972                 1 1.25000E+02 1.65000E+02
p-Kr096-MT002-Hollas-C2690002-ang-E0004.777.1972                 1 1.45000E+02 1.65000E+02
p-Kr096-MT002-Hollas-C2690002-ang-E0004.778.1972                 1 9.50000E+01 1.45000E+02
p-Kr096-MT002-Hollas-C2690002-ang-E0004.780.1972                 1 9.50000E+01 1.25000E+02
p-Kr096-MT002-Hollas-C2690002-ang-E0004.787.1972                 1 1.25000E+02 1.45000E+02
p-Kr096-MT002-Hollas-C2690002-ang-E0004.788.1972                 1 1.45000E+02 1.65000E+02
p-Kr096-MT002-Hollas-C2690002-ang-E0004.791.1972                 1 9.50000E+01 1.65000E+02
p-Kr096-MT002-Hollas-C2690002-ang-E0004.792.1972                 1 9.50000E+01 1.65000E+02
p-Kr096-MT002-Hollas-C2690002-ang-E0004.804.1972                 1 1.45000E+02 1.65000E+02
p-Kr096-MT002-Hollas-C2690002-ang-E0004.805.1972                 1 1.25000E+02 1.45000E+02
p-Kr096-MT002-Hollas-C2690002-ang-E0004.806.1972                 1 9.50000E+01 1.25000E+02
p-Kr096-MT002-Hollas-C2690002-ang-E0004.809.1972                 1 9.50000E+01 1.65000E+02
p-Kr096-MT002-Hollas-C2690002-ang-E0004.813.1972                 1 1.65000E+02 1.65000E+02
