#              Filename                                         N    min         max
h-B011-MT651-Artemov-F0821003-E0022.300.1996                     5 3.20008E+00 2.00000E+01
h-B011-MT651-Artemov-F0821003-E0022.300A001.1996                 5 3.20008E+00 2.02000E+01
h-B011-MT651-Artemov-F0821003-E0032.500.1996                    11 3.20008E+00 4.43000E+01
h-B011-MT651-Artemov-F0821003-E0032.500A001.1996                11 3.20008E+00 4.47000E+01
h-B011-MT651-Crosby-F0199005-E0010.000.1967                    100 1.49000E+01 1.45500E+02
h-B011-MT651-Demyanova-O2527002-E0025.000.2020                 195 3.00003E+00 5.63000E+01
h-B011-MT651-Forsyth-F0262003-E0005.100.1960                    22 1.12000E+01 1.16000E+02
h-B011-MT651-Forsyth-F0262007-E0005.100.1960                     2 2.62000E+01 2.62000E+01
h-B011-MT651-Hinds-F0261003-E0009.840.1961                      49 4.69999E+00 1.16100E+02
h-B011-MT651-Holmgren-F0251002-E0004.500.1959                   15 1.50011E+00 1.61000E+02
h-B011-MT651-Holmgren-F0251002-E0004.500A001.1959               13 9.00051E-01 1.29000E+02
h-B011-MT651-Holmgren-F0251002-E0005.400.1959                   18 9.00051E-01 1.64100E+02
h-B011-MT651-Holmgren-F0251005-E0003.020.1959                    1 6.00000E+01 9.00000E+01
h-B011-MT651-Holmgren-F0251005-E0003.021.1959                    1 6.00000E+01 9.00000E+01
h-B011-MT651-Holmgren-F0251005-E0003.097.1959                    1 6.00000E+01 1.63000E+02
h-B011-MT651-Holmgren-F0251005-E0003.098.1959                    1 9.00000E+01 1.63000E+02
h-B011-MT651-Holmgren-F0251005-E0003.110.1959                    1 6.00000E+01 9.00000E+01
h-B011-MT651-Holmgren-F0251005-E0003.198.1959                    1 6.00000E+01 9.00000E+01
h-B011-MT651-Holmgren-F0251005-E0003.199.1959                    1 9.00000E+01 1.63000E+02
h-B011-MT651-Holmgren-F0251005-E0003.212.1959                    1 6.00000E+01 1.63000E+02
h-B011-MT651-Holmgren-F0251005-E0003.299.1959                    1 6.00000E+01 9.00000E+01
h-B011-MT651-Holmgren-F0251005-E0003.300.1959                    2 6.00000E+01 1.63000E+02
h-B011-MT651-Holmgren-F0251005-E0003.401.1959                    2 6.00000E+01 1.63000E+02
h-B011-MT651-Holmgren-F0251005-E0003.402.1959                    1 9.00000E+01 1.63000E+02
h-B011-MT651-Holmgren-F0251005-E0003.490.1959                    1 9.00000E+01 1.63000E+02
h-B011-MT651-Holmgren-F0251005-E0003.491.1959                    1 6.00000E+01 1.63000E+02
h-B011-MT651-Holmgren-F0251005-E0003.503.1959                    1 6.00000E+01 1.63000E+02
h-B011-MT651-Holmgren-F0251005-E0003.592.1959                    1 6.00000E+01 1.63000E+02
h-B011-MT651-Holmgren-F0251005-E0003.604.1959                    2 6.00000E+01 9.00000E+01
h-B011-MT651-Holmgren-F0251005-E0003.693.1959                    1 6.00000E+01 9.00000E+01
h-B011-MT651-Holmgren-F0251005-E0003.705.1959                    1 6.00000E+01 1.63000E+02
h-B011-MT651-Holmgren-F0251005-E0003.782.1959                    1 6.00000E+01 1.63000E+02
h-B011-MT651-Holmgren-F0251005-E0003.794.1959                    1 6.00000E+01 9.00000E+01
h-B011-MT651-Holmgren-F0251005-E0003.808.1959                    1 6.00000E+01 9.00000E+01
h-B011-MT651-Holmgren-F0251005-E0003.895.1959                    1 6.00000E+01 1.63000E+02
h-B011-MT651-Holmgren-F0251005-E0003.896.1959                    1 9.00000E+01 1.63000E+02
h-B011-MT651-Holmgren-F0251005-E0003.909.1959                    1 6.00000E+01 9.00000E+01
h-B011-MT651-Holmgren-F0251005-E0003.997.1959                    1 6.00000E+01 1.63000E+02
h-B011-MT651-Holmgren-F0251005-E0003.998.1959                    1 9.00000E+01 1.63000E+02
h-B011-MT651-Holmgren-F0251005-E0004.011.1959                    1 6.00000E+01 9.00000E+01
h-B011-MT651-Holmgren-F0251005-E0004.073.1959                    1 6.00000E+01 9.00000E+01
h-B011-MT651-Holmgren-F0251005-E0004.099.1959                    1 9.00000E+01 1.63000E+02
h-B011-MT651-Holmgren-F0251005-E0004.175.1959                    1 6.00000E+01 1.63000E+02
h-B011-MT651-Holmgren-F0251005-E0004.187.1959                    1 6.00000E+01 9.00000E+01
h-B011-MT651-Holmgren-F0251005-E0004.188.1959                    1 9.00000E+01 1.63000E+02
h-B011-MT651-Holmgren-F0251005-E0004.277.1959                    1 9.00000E+01 1.63000E+02
h-B011-MT651-Holmgren-F0251005-E0004.290.1959                    1 6.00000E+01 9.00000E+01
h-B011-MT651-Holmgren-F0251005-E0004.301.1959                    1 6.00000E+01 1.63000E+02
h-B011-MT651-Holmgren-F0251005-E0004.378.1959                    1 9.00000E+01 1.63000E+02
h-B011-MT651-Holmgren-F0251005-E0004.391.1959                    1 9.00000E+01 9.00000E+01
h-B011-MT651-Ignatenko-F1148002-E0018.300.1988                  22 1.39000E+01 1.59800E+02
h-B011-MT651-Ignatenko-F1148002-E0018.300A001.1988              22 1.47000E+01 1.62000E+02
h-B011-MT651-Ignatenko-F1148002-E0022.300.1988                  31 1.39000E+01 1.56800E+02
h-B011-MT651-Ignatenko-F1148002-E0022.300A001.1988              32 1.47000E+01 1.56600E+02
h-B011-MT651-Ignatenko-F1148003-E0016.586.1988                  22 3.20000E+01 3.20000E+01
