#              Filename                                         N    min         max
p-B010-MT601-Baghaei-C1327002-ang-E0200.000.1992                23 7.89998E+00 8.03000E+01
p-B010-MT601-Betker-C12910051-ang-E0197.000.2005               138 7.60001E+00 8.10000E+01
p-B010-MT601-Lewis-T0165003-ang-E0200.000.1991                  98 1.63000E+01 6.65200E+01
p-B010-MT601-Ophel-F1194005-ang-E0002.647.1962                   6 0.00000E+00 0.00000E+00
p-B010-MT601-Watson-F0093002-ang-E0004.980.1969                  2 6.50000E+01 1.35000E+02
p-B010-MT601-Watson-F0093002-ang-E0005.010.1969                  2 6.50000E+01 6.50000E+01
p-B010-MT601-Watson-F0093005-ang-E0005.100.1969                 28 2.96000E+01 1.65600E+02
p-B010-MT601-Watson-F0093005-ang-E0005.400.1969                 28 2.94000E+01 1.65000E+02
p-B010-MT601-Watson-F0093005-ang-E0005.700.1969                 28 2.94000E+01 1.59800E+02
p-B010-MT601-Watson-F0093005-ang-E0006.000.1969                 29 2.57000E+01 1.69800E+02
p-B010-MT601-Watson-F0093005-ang-E0006.300.1969                 30 2.51000E+01 1.66600E+02
p-B010-MT601-Watson-F0093005-ang-E0006.600.1969                 31 2.41000E+01 1.66100E+02
p-B010-MT601-Watson-F0093005-ang-E0006.900.1969                 28 2.37000E+01 1.65000E+02
p-B010-MT601-Watson-F0093005-ang-E0007.200.1969                 31 2.25000E+01 1.63900E+02
p-B010-MT601-Watson-F0093005-ang-E0007.500.1969                 27 2.25000E+01 1.63500E+02
p-B010-MT601-Watson-F0093005-ang-E0007.800.1969                 29 2.61000E+01 1.67000E+02
p-B010-MT601-Watson-F0093005-ang-E0008.000.1969                 28 2.45000E+01 1.69200E+02
p-B010-MT601-Watson-F0093005-ang-E0008.300.1969                 26 2.42000E+01 1.64200E+02
p-B010-MT601-Watson-F0093005-ang-E0008.600.1969                 29 2.42000E+01 1.64100E+02
p-B010-MT601-Watson-F0093005-ang-E0008.900.1969                 27 2.60000E+01 1.66200E+02
p-B010-MT601-Watson-F0093005-ang-E0009.200.1969                 27 2.60000E+01 1.65800E+02
p-B010-MT601-Watson-F0093005-ang-E0009.500.1969                 28 1.92000E+01 1.68100E+02
p-B010-MT601-Watson-F0093005-ang-E0009.800.1969                 29 1.87000E+01 1.63800E+02
p-B010-MT601-Watson-F0093005-ang-E0010.000.1969                 33 1.87000E+01 1.63700E+02
p-B010-MT601-Watson-F0093005-ang-E0010.300.1969                 28 1.88000E+01 1.64800E+02
p-B010-MT601-Watson-F0093005-ang-E0010.600.1969                 31 1.88000E+01 1.63200E+02
p-B010-MT601-Watson-F0093005-ang-E0010.900.1969                 26 1.88000E+01 1.63800E+02
p-B010-MT601-Watson-F0093005-ang-E0011.200.1969                 29 1.88000E+01 1.63600E+02
p-B010-MT601-Watson-F0093005-ang-E0011.500.1969                 29 1.90000E+01 1.64500E+02
p-B010-MT601-Watson-F0093005-ang-E0011.800.1969                 29 1.95000E+01 1.64600E+02
p-B010-MT601-Watson-F0093005-ang-E0012.000.1969                 31 2.40000E+01 1.59400E+02
p-B010-MT601-Watson-F0093005-ang-E0012.500.1969                 27 2.42000E+01 1.49100E+02
p-B010-MT601-Watson-F0093005-ang-E0013.000.1969                 29 3.14000E+01 1.61900E+02
p-B010-MT601-Watson-F0093005-ang-E0013.500.1969                 29 3.17000E+01 1.63100E+02
p-B010-MT601-Watson-F0093005-ang-E0014.000.1969                 28 2.47000E+01 1.60500E+02
p-B010-MT601-Watson-F0093005-ang-E0014.500.1969                 31 2.47000E+01 1.60600E+02
p-B010-MT601-Watson-F0093005-ang-E0015.000.1969                 26 2.11000E+01 1.59900E+02
p-B010-MT601-Watson-F0093005-ang-E0015.500.1969                 30 2.11000E+01 1.58000E+02
p-B010-MT601-Watson-F0093005-ang-E0016.000.1969                 27 3.38000E+01 1.59800E+02
p-B010-MT601-Watson-F0093005-ang-E0016.500.1969                 26 3.64000E+01 1.62600E+02
