#              Filename                                         N    min         max
a-P031-MT600-Schier-F1014003-E0003.252.1975                      1 1.05000E+02 1.55000E+02
a-P031-MT600-Schier-F1014003-E0003.255.1975                      1 1.05000E+02 1.55000E+02
a-P031-MT600-Schier-F1014003-E0003.257.1975                      1 1.05000E+02 1.55000E+02
a-P031-MT600-Schier-F1014003-E0003.261.1975                      1 1.05000E+02 1.55000E+02
a-P031-MT600-Schier-F1014003-E0003.263.1975                      1 1.05000E+02 1.55000E+02
a-P031-MT600-Schier-F1014003-E0003.264.1975                      1 1.55000E+02 1.55000E+02
a-P031-MT600-Schier-F1014004-E0003.242.1975                     31 1.34000E+01 1.67000E+02
a-P031-MT600-Schier-F1014004-E0003.305.1975                     25 1.34000E+01 1.51100E+02
a-P031-MT600-Schier-F1014004-E0003.335.1975                     31 1.34000E+01 1.67600E+02
a-P031-MT600-Schier-F1014004-E0003.425.1975                     29 1.49000E+01 1.67300E+02
a-P031-MT600-Schier-F1014004-E0003.490.1975                     28 1.52000E+01 1.66900E+02
a-P031-MT600-Schier-F1014004-E0003.540.1975                     31 1.52000E+01 1.65800E+02
a-P031-MT600-Schier-F1014004-E0003.580.1975                     31 1.40000E+01 1.68600E+02
a-P031-MT600-Schier-F1014004-E0003.635.1975                     31 1.40000E+01 1.66300E+02
a-P031-MT600-Schier-F1014004-E0003.655.1975                     31 1.41000E+01 1.66200E+02
a-P031-MT600-Schier-F1014004-E0003.750.1975                     31 1.44000E+01 1.66600E+02
a-P031-MT600-Schier-F1014004-E0003.795.1975                     31 1.53000E+01 1.66900E+02
a-P031-MT600-Schier-F1014004-E0003.840.1975                     31 1.52000E+01 1.67400E+02
a-P031-MT600-Schier-F1014004-E0003.877.1975                     31 1.43000E+01 1.68700E+02
a-P031-MT600-Schier-F1014004-E0003.915.1975                     31 1.43000E+01 1.67600E+02
a-P031-MT600-Schier-F1014004-E0003.938.1975                     31 1.47000E+01 1.66400E+02
a-P031-MT600-Schier-F1014004-E0003.995.1975                     31 1.56000E+01 1.67500E+02
a-P031-MT600-Schier-F1014004-E0004.055.1975                     31 1.41000E+01 1.67100E+02
a-P031-MT600-Schier-F1014004-E0004.114.1975                     30 1.39000E+01 1.66800E+02
a-P031-MT600-Schier-F1014004-E0004.155.1975                     31 1.32000E+01 1.64900E+02
a-P031-MT600-Schier-F1014004-E0004.178.1975                     31 1.32000E+01 1.67000E+02
a-P031-MT600-Schier-F1014004-E0004.220.1975                     30 1.49000E+01 1.66900E+02
a-P031-MT600-Schier-F1014004-E0004.250.1975                     31 1.52000E+01 1.67500E+02
a-P031-MT600-Schier-F1014004-E0004.295.1975                     30 1.46000E+01 1.65900E+02
a-P031-MT600-Schier-F1014004-E0004.313.1975                     31 1.04000E+01 1.66200E+02
a-P031-MT600-Schier-F1014004-E0004.343.1975                     29 1.04000E+01 1.66000E+02
a-P031-MT600-Schier-F1014004-E0004.418.1975                     31 1.56000E+01 1.68700E+02
a-P031-MT600-Schier-F1014004-E0004.477.1975                     30 1.44000E+01 1.67900E+02
a-P031-MT600-Schier-F1014004-E0004.517.1975                     31 1.44000E+01 1.67100E+02
a-P031-MT600-Schier-F1014004-E0004.558.1975                     29 1.48000E+01 1.68200E+02
a-P031-MT600-Schier-F1014004-E0004.590.1975                     31 1.48000E+01 1.68000E+02
a-P031-MT600-Schier-F1014004-E0004.613.1975                     31 1.44000E+01 1.66900E+02
a-P031-MT600-Schier-F1014004-E0004.658.1975                     32 1.44000E+01 1.66100E+02
a-P031-MT600-Schier-F1014004-E0004.680.1975                     29 1.60000E+01 1.61600E+02
a-P031-MT600-Schier-F1014004-E0004.720.1975                     32 1.60000E+01 1.68100E+02
a-P031-MT600-Schier-F1014004-E0004.740.1975                     32 1.62000E+01 1.68500E+02
a-P031-MT600-Schier-F1014004-E0004.795.1975                     28 1.56000E+01 1.62500E+02
a-P031-MT600-Schier-F1014004-E0004.815.1975                     31 1.51000E+01 1.67800E+02
a-P031-MT600-Schier-F1014004-E0004.873.1975                     32 1.51000E+01 1.68100E+02
a-P031-MT600-Schier-F1014004-E0004.890.1975                     31 1.46000E+01 1.68300E+02
a-P031-MT600-Schier-F1014004-E0004.995.1975                     32 1.46000E+01 1.67000E+02
a-P031-MT600-Schier-F1014004-E0005.050.1975                     31 1.43000E+01 1.68800E+02
a-P031-MT600-Schier-F1014004-E0005.088.1975                     31 1.43000E+01 1.67600E+02
a-P031-MT600-Schier-F1014004-E0005.140.1975                     32 1.54000E+01 1.66800E+02
a-P031-MT600-Schier-F1014004-E0005.205.1975                     31 1.54000E+01 1.67400E+02
a-P031-MT600-Schier-F1014004-E0005.230.1975                     31 1.54000E+01 1.66900E+02
a-P031-MT600-Schier-F1014004-E0005.292.1975                     31 1.54000E+01 1.66700E+02
a-P031-MT600-Schier-F1014004-E0005.392.1975                     30 1.46000E+01 1.68300E+02
a-P031-MT600-Schier-F1014004-E0005.403.1975                     31 1.46000E+01 1.65900E+02
a-P031-MT600-Yamazaki-E2239008-E0022.200.1963                   89 0.00000E+00 1.60400E+02
