#              Filename                                         N    min         max
a-Ca040-MT002-Adachi-E2635008-ang-E0130.000.2018                53 3.69999E+00 5.46000E+01
a-Ca040-MT002-Alkhazov-D0317002-ang-E1370.000.1977              42 2.30002E+00 1.05000E+01
a-Ca040-MT002-Bernstein-T0274002-ang-E0031.000.1969             63 1.42000E+01 6.17000E+01
a-Ca040-MT002-Brady-F0198006-ang-E0008.710.1967                 23 2.38000E+01 1.63700E+02
a-Ca040-MT002-Brady-F0198006-ang-E0009.290.1967                 29 1.47000E+01 1.62000E+02
a-Ca040-MT002-Brady-F0198006-ang-E0010.100.1967                 31 1.47000E+01 1.61900E+02
a-Ca040-MT002-Budzanowski-D0878004-ang-E0023.500.1972           14 2.25000E+01 1.78900E+02
a-Ca040-MT002-Budzanowski-D0878004-ang-E0024.000.1972           64 2.25000E+01 1.78900E+02
a-Ca040-MT002-Budzanowski-D0878004-ang-E0024.500.1972           13 2.50000E+01 1.78900E+02
a-Ca040-MT002-Budzanowski-D0878004-ang-E0025.000.1972           61 2.50000E+01 1.78900E+02
a-Ca040-MT002-Budzanowski-D0878004-ang-E0025.500.1972            3 2.25000E+01 1.78900E+02
a-Ca040-MT002-Budzanowski-D0878004-ang-E0026.000.1972           64 2.25000E+01 1.78900E+02
a-Ca040-MT002-Budzanowski-D0878004-ang-E0026.500.1972           14 2.25000E+01 1.78900E+02
a-Ca040-MT002-Budzanowski-D0878004-ang-E0027.000.1972           63 2.25000E+01 1.78900E+02
a-Ca040-MT002-Budzanowski-D0878004-ang-E0027.500.1972           13 2.25000E+01 1.78900E+02
a-Ca040-MT002-Budzanowski-D0878004-ang-E0028.000.1972           64 2.25000E+01 1.78900E+02
a-Ca040-MT002-Budzanowski-D0878004-ang-E0028.500.1972           14 1.40000E+02 1.78900E+02
a-Ca040-MT002-Budzanowski-D10120021-ang-E0024.150.1965          62 2.05000E+01 1.78900E+02
a-Ca040-MT002-Budzanowski-D10120021-ang-E0024.700.1965          65 2.05000E+01 1.78900E+02
a-Ca040-MT002-Budzanowski-D10120021-ang-E0025.230.1965          65 2.28000E+01 1.78900E+02
a-Ca040-MT002-Chang-D0307006-ang-E0082.000.1976                 76 1.65000E+01 1.59900E+02
a-Ca040-MT002-Chatterjee-F0640002-ang-E0004.327.1984             1 1.30000E+02 1.66000E+02
a-Ca040-MT002-Chatterjee-F0640002-ang-E0004.328.1984             1 1.30000E+02 1.45000E+02
a-Ca040-MT002-Chatterjee-F0640002-ang-E0004.330.1984             1 1.45000E+02 1.45000E+02
a-Ca040-MT002-Fernandez-T0223002-ang-E0042.000.1970             14 3.03000E+01 3.30000E+01
a-Ca040-MT002-Gils-D0332002-ang-E0104.000.1980                 116 2.90009E+00 1.10900E+02
a-Ca040-MT002-Gubler-D0257002-ang-E0023.000.1981               180 1.70000E+01 1.73400E+02
a-Ca040-MT002-Gubler-D0257002-ang-E0026.130.1981               180 3.10000E+01 1.73500E+02
a-Ca040-MT002-Hauser-D0216009-ang-E0104.000.1969               112 4.79996E+00 1.10900E+02
a-Ca040-MT002-John-T0099002-ang-E0005.000.1969                   1 5.90000E+01 1.01400E+02
a-Ca040-MT002-John-T0099002-ang-E0005.010.1969                   1 1.01400E+02 1.30400E+02
a-Ca040-MT002-Labie-F1196002-ang-E0023.059.1969                  1 1.78900E+02 1.78900E+02
a-Ca040-MT002-Labie-F1196003-ang-E0023.070.1969                 83 1.33000E+01 1.78600E+02
a-Ca040-MT002-Lega-F0574008-ang-E0017.900.1971                   9 1.74000E+02 1.74000E+02
a-Ca040-MT002-Ray-F0654004-ang-E0025.100.1995                    4 1.51000E+02 1.64500E+02
a-Ca040-MT002-Robinson-F0493002-ang-E0011.980.1968               1 8.43000E+01 1.45700E+02
a-Ca040-MT002-Robinson-F0493002-ang-E0011.990.1968               1 8.43000E+01 1.45700E+02
a-Ca040-MT002-Robinson-F0493002-ang-E0012.000.1968               1 5.43000E+01 8.43000E+01
a-Ca040-MT002-Robinson-F0493002-ang-E0012.010.1968               1 5.43000E+01 5.43000E+01
a-Ca040-MT002-Robinson-F0493003-ang-E0012.100.1968              56 2.29000E+01 1.75000E+02
a-Ca040-MT002-Robinson-F0493003-ang-E0012.200.1968              57 2.39000E+01 1.75100E+02
a-Ca040-MT002-Robinson-F0493003-ang-E0012.300.1968              61 2.39000E+01 1.73700E+02
a-Ca040-MT002-Robinson-F0493003-ang-E0012.400.1968              58 2.47000E+01 1.74700E+02
a-Ca040-MT002-Robinson-F0493003-ang-E0012.500.1968              58 2.47000E+01 1.74000E+02
a-Ca040-MT002-Robinson-F0493003-ang-E0012.600.1968              61 2.57000E+01 1.78200E+02
a-Ca040-MT002-Robinson-F0493003-ang-E0012.700.1968              57 2.50000E+01 1.77000E+02
a-Ca040-MT002-Robinson-F0493003-ang-E0012.800.1968              61 2.40000E+01 1.77300E+02
a-Ca040-MT002-Robinson-F0493003-ang-E0012.900.1968              61 2.36000E+01 1.75100E+02
a-Ca040-MT002-Robinson-F0493003-ang-E0013.000.1968              54 2.30000E+01 1.74800E+02
a-Ca040-MT002-Robinson-F0493003-ang-E0013.100.1968              57 2.30000E+01 1.75800E+02
a-Ca040-MT002-Robinson-F0493003-ang-E0013.200.1968              59 2.34000E+01 1.73800E+02
a-Ca040-MT002-Robinson-F0493003-ang-E0013.300.1968              57 2.34000E+01 1.73800E+02
a-Ca040-MT002-Robinson-F0493003-ang-E0013.400.1968              59 2.35000E+01 1.74300E+02
a-Ca040-MT002-Robinson-F0493003-ang-E0013.500.1968              56 2.35000E+01 1.72000E+02
a-Ca040-MT002-Robinson-F0493003-ang-E0013.600.1968              56 2.37000E+01 1.72200E+02
a-Ca040-MT002-Sellschop-F0609003-ang-E0007.059.1987             47 1.45000E+02 1.45000E+02
a-Ca040-MT002-Stock-C2757002-ang-E0022.000.1972                 35 9.66000E+01 1.73200E+02
a-Ca040-MT002-Stock-C2757002-ang-E0024.100.1972                 35 9.68000E+01 1.72800E+02
a-Ca040-MT002-Stock-C2757002-ang-E0029.000.1972                 36 9.86000E+01 1.73300E+02
a-Ca040-MT002-Stock-C2757002-ang-E0040.700.1972                 30 1.08100E+02 1.66900E+02
a-Ca040-MT002-Stock-C2757002-ang-E0045.600.1972                 29 1.07500E+02 1.68900E+02
a-Ca040-MT002-Stock-C2757002-ang-E0045.900.1972                 31 1.07500E+02 1.66900E+02
a-Ca040-MT002-Stock-C2757002-ang-E0049.500.1972                 31 1.08400E+02 1.67900E+02
a-Ca040-MT002-Stock-C2757002-ang-E0049.600.1972                 29 1.09800E+02 1.68100E+02
a-Ca040-MT002-Stock-C2757002-ang-E0065.600.1972                 30 1.10400E+02 1.68000E+02
a-Ca040-MT002-Stock-C2757002-ang-E0072.300.1972                 29 1.10700E+02 1.68000E+02
a-Ca040-MT002-Thorsteinsen-F0633003-ang-E0025.000.1979           1 1.00000E+01 1.00000E+01
a-Ca040-MT002-Youngblood-T0275004-ang-E0040.000.1970            21 1.07000E+01 5.07000E+01
