#              Filename                                         N    min         max
n-H001-MT002-Allred-11066002-ang-E0014.100.1953                  8 2.40000E+01 7.71000E+01
n-H001-MT002-Allred-11066002-ang-E0014.100A001.1953              8 2.40000E+01 7.71000E+01
n-H001-MT002-Amaglobeli-41207002-ang-E0630.000.1959             20 4.99999E+00 8.77000E+01
n-H001-MT002-Basar-31048002-ang-E0014.400.1967                  11 3.99000E+01 8.45000E+01
n-H001-MT002-Benck-23440002-ang-E0029.000.1997                  72 2.00000E+01 6.99000E+01
n-H001-MT002-Bersbach-10592002-ang-E0058.850.1976              218 5.90000E+00 2.11000E+01
n-H001-MT002-Blideanu-22831036-ang-E0096.000.2004                9 8.00000E+01 1.60000E+02
n-H001-MT002-Boukharouba-13782002-ang-E0010.040.2001             6 0.00000E+00 7.79000E+01
n-H001-MT002-Boukharouba-141600021-ang-E0014.900.2010            6 2.98000E+01 8.71000E+01
n-H001-MT002-Boukharouba-141600022-ang-E0014.900.2010            6 2.98000E+01 8.71000E+01
n-H001-MT002-Burrows-103160022-ang-E0024.000.1973                9 3.56000E+01 7.88000E+01
n-H001-MT002-Burrows-10316005-ang-E0023.800.1973                12 4.43000E+01 7.99000E+01
n-H001-MT002-Cambou-21223002-ang-E0014.580.1961                 25 3.53000E+01 7.74000E+01
n-H001-MT002-Carlini-10862002-ang-E0790.000.1978                37 0.00000E+00 3.07000E+01
n-H001-MT002-Carlini-10862002-ang-E0790.000A001.1978            37 0.00000E+00 3.07000E+01
n-H001-MT002-Chamberlain-11072002-ang-E0090.000.1954             4 2.59993E+00 1.80000E+01
n-H001-MT002-Chamberlain-11072002-ang-E0090.000A001.1954         4 2.59993E+00 1.80000E+01
n-H001-MT002-Chih-11096002-ang-E0090.000.1957                   18 4.40002E+00 8.69000E+01
n-H001-MT002-Chih-11096002-ang-E0090.000A001.1957               18 4.40002E+00 8.69000E+01
n-H001-MT002-Devlin-14159023-ang-E0001.600.2009                 55 2.00000E+01 2.00000E+01
n-H001-MT002-Devlin-14159024-ang-E0002.000.2009                 39 3.00000E+01 3.00000E+01
n-H001-MT002-Devlin-14159025-ang-E0004.200.2009                 22 4.50000E+01 4.50000E+01
n-H001-MT002-Devlin-14159026-ang-E0014.000.2009                  8 6.00000E+01 6.00000E+01
n-H001-MT002-Drosg-10804002-ang-E0025.300.1979                   2 0.00000E+00 0.00000E+00
n-H001-MT002-Drosg-12780002-ang-E0022.400.1978                  11 1.42000E+01 5.94000E+01
n-H001-MT002-Drosg-12780002-ang-E0023.700.1978                   3 2.01000E+01 4.96000E+01
n-H001-MT002-Drosg-12780002-ang-E0027.100.1978                  12 2.01000E+01 5.52000E+01
n-H001-MT002-Drosg-12780002-ang-E0028.500.1978                   6 2.06000E+01 3.97000E+01
n-H001-MT002-Easley-11129002-ang-E0290.000.1954                  3 5.30001E+00 1.89000E+01
n-H001-MT002-Easley-11129002-ang-E0290.000A001.1954              3 5.30001E+00 1.89000E+01
n-H001-MT002-Ericson-22277002-ang-E0162.000.1995                31 5.95000E+01 8.76000E+01
n-H001-MT002-Evans-10892002-ang-E0647.500.1982                 146 2.55000E+01 8.77000E+01
n-H001-MT002-Evans-10892002-ang-E0647.500A001.1982             146 2.55000E+01 8.77000E+01
n-H001-MT002-Fink-22207002-ang-E0022.000.1990                   44 5.23000E+01 8.23000E+01
n-H001-MT002-Flynn-11117002-ang-E0022.500.1962                  12 3.25000E+01 8.69000E+01
n-H001-MT002-Flynn-11117002-ang-E0022.500A001.1962              12 3.25000E+01 8.69000E+01
n-H001-MT002-Fox-11128003-ang-E0090.000.1950                     8 6.44000E+01 8.77000E+01
n-H001-MT002-Fox-11128003-ang-E0090.000A001.1950                 8 6.44000E+01 8.77000E+01
n-H001-MT002-Galonsky-11090002-ang-E0017.900.1955               11 4.05000E+01 8.72000E+01
n-H001-MT002-Galonsky-11090002-ang-E0017.900A001.1955           11 4.05000E+01 8.72000E+01
n-H001-MT002-Gibbard-10187002-ang-E6499.000.1971                12 6.79999E+00 1.60000E+01
n-H001-MT002-Gibbard-10187002-ang-E6499.000A001.1971            12 6.79999E+00 1.60000E+01
n-H001-MT002-Golovin-41206002-ang-E0590.000.1959                 4 2.50006E+00 1.15000E+01
n-H001-MT002-Guernsey-11055002-ang-E0172.000.1952               20 0.00000E+00 8.21000E+01
n-H001-MT002-Hadley-11167003-ang-E0090.000.1949                 19 0.00000E+00 8.73000E+01
n-H001-MT002-Hadley-11167003-ang-E0090.000A001.1949             19 0.00000E+00 8.73000E+01
n-H001-MT002-Hadley-11167004-ang-E0042.000.1949                 13 0.00000E+00 8.48000E+01
n-H001-MT002-Hadley-11167004-ang-E0042.000A001.1949             13 0.00000E+00 8.48000E+01
n-H001-MT002-Hadley-14705002-ang-E0090.000.1948                 11 3.50000E+01 8.47000E+01
n-H001-MT002-Hadley-14705003-ang-E0090.000.1948                 11 3.50000E+01 8.47000E+01
n-H001-MT002-Hadley-14705004-ang-E0090.000.1948                 11 3.50000E+01 8.47000E+01
n-H001-MT002-Hadley-14705005-ang-E0090.000.1948                 11 3.50000E+01 8.47000E+01
n-H001-MT002-Hartzler-11078002-ang-E0400.000.1954               23 0.00000E+00 8.70000E+01
n-H001-MT002-Hartzler-11078002-ang-E0400.000A001.1954           23 0.00000E+00 8.70000E+01
n-H001-MT002-Hobbie-11109002-ang-E0128.000.1960                 10 3.90000E+01 8.46000E+01
n-H001-MT002-Hobbie-11109002-ang-E0128.000A001.1960             10 3.90000E+01 8.46000E+01
n-H001-MT002-Howard-20360002-ang-E0129.000.1974                 16 3.81000E+01 8.34000E+01
n-H001-MT002-Howard-20360003-ang-E0129.000.1974                  9 1.63000E+01 4.60000E+01
n-H001-MT002-Jain-12909002-ang-E0801.900.1984                  141 2.99000E+01 8.77000E+01
n-H001-MT002-Johansson-22886002-ang-E0095.600.2005              12 9.90000E+00 3.78000E+01
n-H001-MT002-Johansson-22886003-ang-E0095.600.2005              53 3.75000E+01 8.76000E+01
n-H001-MT002-Kazarinov-41209002-ang-E0200.000.1962              21 0.00000E+00 8.65000E+01
n-H001-MT002-Kazarinov-41224002-ang-E0580.000.1956              15 0.00000E+00 8.47000E+01
n-H001-MT002-Keeler-12884003-ang-E0212.000.1982                  4 5.60000E+00 3.64000E+01
n-H001-MT002-Keeler-12884003-ang-E0319.000.1982                  7 5.60000E+00 4.72000E+01
n-H001-MT002-Keeler-12884003-ang-E0418.000.1982                  5 8.49999E+00 4.79000E+01
n-H001-MT002-Keeler-12884003-ang-E0493.000.1982                  6 8.49999E+00 4.83000E+01
n-H001-MT002-Keeler-12884004-ang-E0212.000.1982                 39 3.33000E+01 8.77000E+01
n-H001-MT002-Keeler-12884004-ang-E0319.000.1982                 64 2.86000E+01 8.76000E+01
n-H001-MT002-Keeler-12884004-ang-E0418.000.1982                 64 2.86000E+01 2.86000E+01
n-H001-MT002-Kelly-11036002-ang-E0260.000.1950                  15 0.00000E+00 8.45000E+01
n-H001-MT002-Kelly-11036002-ang-E0260.000A001.1950              15 0.00000E+00 8.45000E+01
n-H001-MT002-King-10903002-ang-E0063.100.1980                   19 1.97000E+01 8.27000E+01
n-H001-MT002-King-10903002-ang-E0063.100A001.1980               19 1.97000E+01 8.27000E+01
n-H001-MT002-Kondo-22949005-ang-E0014.200.2006                   4 4.15000E+01 6.94000E+01
n-H001-MT002-Kornilov-14494002-ang-E0014.900.2017                9 2.00000E+01 6.50000E+01
n-H001-MT002-Kornilov-14656002-ang-E0014.900.2020                9 2.00000E+01 6.50000E+01
n-H001-MT002-Masterson-10315002-ang-E0024.030.1972               2 1.96000E+01 2.52000E+01
n-H001-MT002-Masterson-10315002-ang-E0024.030A001.1972           2 1.96000E+01 2.52000E+01
n-H001-MT002-Measday-11123002-ang-E0129.000.1966                15 3.66000E+01 8.75000E+01
n-H001-MT002-Measday-11123002-ang-E0129.000A001.1966            15 3.66000E+01 8.75000E+01
n-H001-MT002-Measday-11123003-ang-E0150.000.1966                16 3.16000E+01 8.75000E+01
n-H001-MT002-Measday-11123003-ang-E0150.000A001.1966            16 3.16000E+01 8.75000E+01
n-H001-MT002-Mermod-22914002-ang-E0094.800.2004                 10 1.37000E+01 7.49000E+01
n-H001-MT002-Montgomery-10355002-ang-E0025.800.1977             16 1.01000E+01 4.52000E+01
n-H001-MT002-Montgomery-10355003-ang-E0025.800.1977              8 3.46000E+01 8.76000E+01
n-H001-MT002-Montgomery-10355003-ang-E0025.800A001.1977          8 3.46000E+01 8.76000E+01
n-H001-MT002-Montgomery-10355003-ang-E0050.000.1977             12 3.46000E+01 8.63000E+01
n-H001-MT002-Montgomery-10355003-ang-E0050.000A001.1977         12 3.46000E+01 8.63000E+01
n-H001-MT002-Nakamura-20287002-ang-E0014.100.1960                4 4.45000E+01 8.23000E+01
n-H001-MT002-Northcliffe-13623002-ang-E0459.000.1993           189 2.65000E+01 8.77000E+01
n-H001-MT002-Oda-20319002-ang-E0003.100.1950                     6 2.20000E+01 2.20000E+01
n-H001-MT002-Palmieri-10149002-ang-E0152.000.1971               13 3.89000E+01 8.44000E+01
n-H001-MT002-Palmieri-10149002-ang-E0152.000A001.1971           13 3.89000E+01 8.44000E+01
n-H001-MT002-Peterson-14017002-ang-E0193.000.2004                5 6.25000E+01 7.49000E+01
n-H001-MT002-Rahm-22668003-ang-E0162.000.2001                   54 3.65000E+01 8.76000E+01
n-H001-MT002-Randle-21790002-ang-E0156.000.1952                 19 2.50000E+01 8.76000E+01
n-H001-MT002-Roennqvist-22223002-ang-E0096.000.1992             32 5.85000E+01 8.76000E+01
n-H001-MT002-Romero-10135007-ang-E0036.000.1970                 18 1.01000E+01 5.53000E+01
n-H001-MT002-Romero-10135008-ang-E0036.000.1970                 12 3.47000E+01 7.98000E+01
n-H001-MT002-Romero-10135008-ang-E0036.000A001.1970             12 3.47000E+01 7.98000E+01
n-H001-MT002-Romero-10135008-ang-E0046.300.1970                 11 3.47000E+01 8.47000E+01
n-H001-MT002-Romero-10135008-ang-E0046.300A001.1970             11 3.47000E+01 8.47000E+01
n-H001-MT002-Rothenberg-10036002-ang-E0024.010.1970              4 4.45000E+01 8.19000E+01
n-H001-MT002-Rothenberg-10036002-ang-E0024.010A001.1970          4 4.45000E+01 8.19000E+01
n-H001-MT002-Ryves-222250021-ang-E0014.470.1990                  1 0.00000E+00 0.00000E+00
n-H001-MT002-Ryves-222250022-ang-E0014.470.1990                  1 0.00000E+00 0.00000E+00
n-H001-MT002-Saltmarsh-10241002-ang-E0060.000.1970              10 4.40000E+01 8.66000E+01
n-H001-MT002-Saltmarsh-10241002-ang-E0060.000A001.1970          10 4.40000E+01 8.66000E+01
n-H001-MT002-Sarsour-13986002-ang-E0194.000.2005                15 4.63000E+01 8.76000E+01
n-H001-MT002-Scanlon-20964002-ang-E0108.500.1963                13 7.00003E+00 1.22000E+02
n-H001-MT002-Scanlon-20964003-ang-E0108.500.1963                11 7.80000E+01 1.73000E+02
n-H001-MT002-Scanlon-20964004-ang-E0099.000.1963                13 7.00003E+00 1.22000E+02
n-H001-MT002-Scanlon-20964005-ang-E0099.000.1963                11 7.80000E+01 1.73000E+02
n-H001-MT002-Scanlon-20964006-ang-E0089.500.1963                13 7.00003E+00 1.22000E+02
n-H001-MT002-Scanlon-20964007-ang-E0089.500.1963                11 7.80000E+01 1.73000E+02
n-H001-MT002-Scanlon-20964008-ang-E0080.000.1963                13 7.00003E+00 1.22000E+02
n-H001-MT002-Scanlon-20964009-ang-E0080.000.1963                11 7.80000E+01 1.73000E+02
n-H001-MT002-Scanlon-20964010-ang-E0070.000.1963                13 7.00003E+00 1.22000E+02
n-H001-MT002-Scanlon-20964011-ang-E0070.000.1963                11 7.80000E+01 1.73000E+02
n-H001-MT002-Scanlon-20964012-ang-E0062.500.1963                12 7.00003E+00 1.12000E+02
n-H001-MT002-Scanlon-20964013-ang-E0062.500.1963                11 7.80000E+01 1.73000E+02
n-H001-MT002-Scanlon-20964014-ang-E0057.500.1963                12 7.00003E+00 1.12000E+02
n-H001-MT002-Scanlon-20964015-ang-E0057.500.1963                11 7.80000E+01 1.73000E+02
n-H001-MT002-Scanlon-20964016-ang-E0052.500.1963                12 7.00003E+00 1.12000E+02
n-H001-MT002-Scanlon-20964017-ang-E0052.500.1963                11 7.80000E+01 1.73000E+02
n-H001-MT002-Scanlon-20964018-ang-E0047.500.1963                11 7.00003E+00 1.02000E+02
n-H001-MT002-Scanlon-20964019-ang-E0047.500.1963                11 7.80000E+01 1.73000E+02
n-H001-MT002-Scanlon-20964020-ang-E0042.500.1963                11 7.00003E+00 1.02000E+02
n-H001-MT002-Scanlon-20964021-ang-E0042.500.1963                11 7.80000E+01 1.73000E+02
n-H001-MT002-Scanlon-20964022-ang-E0037.500.1963                10 7.00003E+00 9.20000E+01
n-H001-MT002-Scanlon-20964023-ang-E0037.500.1963                 7 1.18000E+02 1.73000E+02
n-H001-MT002-Scanlon-20964024-ang-E0032.500.1963                 9 7.00003E+00 8.20000E+01
n-H001-MT002-Scanlon-20964025-ang-E0032.500.1963                 6 1.29000E+02 1.73000E+02
n-H001-MT002-Scanlon-20964026-ang-E0027.500.1963                 8 7.00003E+00 7.20000E+01
n-H001-MT002-Scanlon-20964027-ang-E0027.500.1963                 3 1.59000E+02 1.73000E+02
n-H001-MT002-Scanlon-20964028-ang-E0022.500.1963                 6 7.00003E+00 5.10000E+01
n-H001-MT002-Seagrave-11084002-ang-E0014.100.1955                6 3.50000E+01 8.61000E+01
n-H001-MT002-Seagrave-11084002-ang-E0014.100A001.1955            6 3.50000E+01 8.61000E+01
n-H001-MT002-Selove-11069002-ang-E0093.000.1953                  6 7.76000E+01 8.77000E+01
n-H001-MT002-Selove-11069002-ang-E0093.000A001.1953              6 7.76000E+01 8.77000E+01
n-H001-MT002-Shepard-10275002-ang-E0182.000.1974                14 5.56000E+01 8.75000E+01
n-H001-MT002-Shepard-10275002-ang-E0182.000A001.1974            14 5.56000E+01 8.75000E+01
n-H001-MT002-Shepard-10275002-ang-E0196.000.1974                14 5.56000E+01 8.75000E+01
n-H001-MT002-Shirato-20296007-ang-E0014.100.1974                 8 3.99998E+00 6.37000E+01
n-H001-MT002-Shirato-20296008-ang-E0014.100.1974                 8 2.62000E+01 8.57000E+01
n-H001-MT002-Shirato-20404002-ang-E0014.100.1974                 1 3.99998E+00 3.99998E+00
n-H001-MT002-Stahl-11083002-ang-E0091.000.1954                  25 2.99000E+01 8.74000E+01
n-H001-MT002-Stahl-11083002-ang-E0091.000A001.1954              25 2.99000E+01 8.74000E+01
n-H001-MT002-Suhami-30078002-ang-E0014.200.1967                 15 5.99999E+00 4.50000E+01
n-H001-MT002-Tagliaferrijr-12656003-ang-E0040.000.1966          11 2.00000E+01 6.99000E+01
n-H001-MT002-Thresher-21800002-ang-E0105.000.1955               14 3.10009E+00 3.07000E+01
n-H001-MT002-Thresher-21800003-ang-E0137.000.1955                7 3.10009E+00 3.09000E+01
n-H001-MT002-Wallace-11042002-ang-E0090.000.1951                 9 1.30000E+01 3.70000E+01
n-H001-MT002-Wallace-11042002-ang-E0090.000A001.1951             9 1.30000E+01 3.70000E+01
