#              Filename                                         N    min         max
a-C013-MT802-Artemov-F0780003-ang-E0025.296.2001                 2 1.09000E+02 1.37000E+02
a-C013-MT802-Artemov-F0780003-ang-E0025.308.2001                 1 1.37000E+02 1.56000E+02
a-C013-MT802-Artemov-F0780003-ang-E0025.311.2001                 1 1.56000E+02 1.72000E+02
a-C013-MT802-Artemov-F0780003-ang-E0025.312.2001                 1 1.09000E+02 1.72000E+02
a-C013-MT802-Artemov-F0780003-ang-E0026.131.2001                 2 1.09000E+02 1.72000E+02
a-C013-MT802-Artemov-F0780003-ang-E0026.175.2001                 1 1.37000E+02 1.72000E+02
a-C013-MT802-Artemov-F0780003-ang-E0026.183.2001                 1 1.09000E+02 1.37000E+02
a-C013-MT802-Artemov-F0780003-ang-E0026.764.2001                 1 1.09000E+02 1.23000E+02
a-C013-MT802-Artemov-F0780003-ang-E0026.778.2001                 1 1.23000E+02 1.72000E+02
a-C013-MT802-Artemov-F0780003-ang-E0026.795.2001                 1 1.37000E+02 1.72000E+02
a-C013-MT802-Artemov-F0780003-ang-E0026.803.2001                 1 1.37000E+02 1.56000E+02
a-C013-MT802-Artemov-F0780003-ang-E0026.805.2001                 1 1.09000E+02 1.56000E+02
a-C013-MT802-Artemov-F0780003-ang-E0027.168.2001                 1 1.09000E+02 1.23000E+02
a-C013-MT802-Artemov-F0780003-ang-E0027.182.2001                 1 1.23000E+02 1.72000E+02
a-C013-MT802-Artemov-F0780003-ang-E0027.185.2001                 1 1.37000E+02 1.72000E+02
a-C013-MT802-Artemov-F0780003-ang-E0027.207.2001                 1 1.37000E+02 1.56000E+02
a-C013-MT802-Artemov-F0780003-ang-E0027.210.2001                 1 1.09000E+02 1.56000E+02
a-C013-MT802-Artemov-F0780003-ang-E0027.680.2001                 1 1.09000E+02 1.23000E+02
a-C013-MT802-Artemov-F0780003-ang-E0027.694.2001                 1 1.23000E+02 1.56000E+02
a-C013-MT802-Artemov-F0780003-ang-E0027.748.2001                 1 1.37000E+02 1.56000E+02
a-C013-MT802-Artemov-F0780003-ang-E0027.786.2001                 1 1.37000E+02 1.72000E+02
a-C013-MT802-Artemov-F0780003-ang-E0028.061.2001                 1 1.23000E+02 1.72000E+02
a-C013-MT802-Artemov-F0780003-ang-E0028.219.2001                 1 1.23000E+02 1.37000E+02
a-C013-MT802-Artemov-F0780003-ang-E0028.230.2001                 1 1.37000E+02 1.56000E+02
a-C013-MT802-Artemov-F0780003-ang-E0028.233.2001                 1 1.56000E+02 1.72000E+02
a-C013-MT802-Artemov-F0780003-ang-E0028.236.2001                 1 1.72000E+02 1.72000E+02
a-C013-MT802-Artemov-F0780005-ang-E0035.000.2001                53 1.97700E+01 1.75850E+02
a-C013-MT802-Burtebayev-D0867003-ang-E0029.000.2016             26 1.01000E+01 7.86000E+01
a-C013-MT802-Burtebayev-D0867003-ang-E0050.000.2016             67 1.01000E+01 1.67300E+02
