#              Filename                                         N    min         max
d-Li006-MT002-Abramovich-A0117002-ang-E0003.000.1976             7 2.50000E+01 1.44900E+02
d-Li006-MT002-Abramovich-A0117002-ang-E0004.000.1976             7 2.50000E+01 1.54800E+02
d-Li006-MT002-Bingham-A1431002-ang-E0008.000.1971               36 1.50000E+01 1.59700E+02
d-Li006-MT002-Bingham-A1431002-ang-E0010.000.1971               43 1.77000E+01 1.71600E+02
d-Li006-MT002-Bingham-A1431002-ang-E0012.000.1971               38 1.77000E+01 1.69700E+02
d-Li006-MT002-Bingham-A1431004-ang-E0005.987.1971              141 6.00000E+01 6.00000E+01
d-Li006-MT002-Bingham-A1431007-ang-E0008.000.1971                1 7.00000E+01 7.00000E+01
d-Li006-MT002-Burtebyaev-A0867002-ang-E0025.000.2010            48 1.20000E+01 1.67000E+02
d-Li006-MT002-Chuev-F1243002-ang-E0019.622.1971                 41 1.21000E+01 1.49100E+02
d-Li006-MT002-Generalov-F1451002-ang-E0003.000.2020            410 2.65000E+01 1.36900E+02
d-Li006-MT002-HuangBingyinn-C0201004-ang-E0003.700.1974         15 1.50000E+01 1.10000E+02
d-Li006-MT002-Korff-O1239002A-ang-E0171.000.2004               102 2.69994E+00 4.97000E+01
d-Li006-MT002-MaoZhenlinn-S0003006-ang-E0005.030.1972           14 3.49000E+01 1.49900E+02
d-Li006-MT002-Ntemou-O2370002-ang-E0000.930.2017               239 1.25000E+02 1.70000E+02
d-Li006-MT002-Powell-A1432005-ang-E0004.500.1970                27 2.99000E+01 1.64700E+02
d-Li006-MT002-Powell-A1432005-ang-E0004.750.1970                24 2.99000E+01 1.66400E+02
d-Li006-MT002-Powell-A1432005-ang-E0005.000.1970                26 3.01000E+01 1.66400E+02
d-Li006-MT002-Powell-A1432005-ang-E0005.250.1970                24 3.04000E+01 1.67400E+02
d-Li006-MT002-Powell-A1432005-ang-E0005.500.1970                25 3.04000E+01 1.67400E+02
d-Li006-MT002-Rudchik-D5027002-ang-E0050.000.1996               16 2.18000E+01 1.43500E+02
d-Li006-MT002-YuanRongfangg-S0004004-ang-E0009.050.1981         20 1.99000E+01 1.64900E+02
