#              Filename                                         N    min         max
h-Ti046-MT651-Dorenbusch-C2078003-E0012.000.1967                19 8.19997E+00 1.57700E+02
h-Ti046-MT651-Dorenbusch-C2078004-E0012.000.1967                16 3.79000E+01 1.64500E+02
h-Ti046-MT651-Dorenbusch-C2078005-E0012.000.1967                23 7.89998E+00 1.72700E+02
h-Ti046-MT651-Dorenbusch-C2078006-E0012.000.1967                22 9.20003E+00 1.66400E+02
h-Ti046-MT651-Dorenbusch-C2078007-E0012.000.1967                23 7.49999E+00 1.72600E+02
h-Ti046-MT651-Dorenbusch-C2078008-E0012.000.1967                22 7.79996E+00 1.72200E+02
h-Ti046-MT651-Dorenbusch-C2078009-E0012.000.1967                22 7.40003E+00 1.71200E+02
h-Ti046-MT651-Dorenbusch-C2078010-E0012.000.1967                23 8.09999E+00 1.73300E+02
h-Ti046-MT651-Dorenbusch-C2078011-E0012.000.1967                20 1.69000E+01 1.73000E+02
h-Ti046-MT651-Dorenbusch-C2078012-E0012.000.1967                16 6.90001E+00 1.27100E+02
h-Ti046-MT651-Dorenbusch-C2078013-E0012.000.1967                18 5.80002E+00 1.63700E+02
h-Ti046-MT651-Dorenbusch-C2078014-E0012.000.1967                22 4.99999E+00 1.70500E+02
h-Ti046-MT651-Dorenbusch-C2078015-E0012.000.1967                23 8.59999E+00 1.72400E+02
h-Ti046-MT651-Dorenbusch-C2078016-E0012.000.1967                20 7.10001E+00 1.73400E+02
h-Ti046-MT651-Dorenbusch-C2078017-E0012.000.1967                20 8.59999E+00 1.66500E+02
h-Ti046-MT651-Dorenbusch-C2078018-E0012.000.1967                22 7.49999E+00 1.71700E+02
h-Ti046-MT651-Dorenbusch-C2078019-E0012.000.1967                14 1.43000E+01 1.28000E+02
h-Ti046-MT651-Dorenbusch-C2078020-E0012.000.1967                 7 5.80002E+00 7.41000E+01
h-Ti046-MT651-Dorenbusch-C2078021-E0012.000.1967                 8 7.19999E+00 6.80000E+01
