#              Filename                                         N    min         max
p-Yb174-MT601-Foissel-O1928003-ang-E0011.021.1972                1 1.41000E+02 1.60000E+02
p-Yb174-MT601-Foissel-O1928003-ang-E0011.022.1972                1 1.25000E+02 1.41000E+02
p-Yb174-MT601-Foissel-O1928003-ang-E0011.028.1972                1 9.00000E+01 1.25000E+02
p-Yb174-MT601-Foissel-O1928003-ang-E0011.052.1972                1 9.00000E+01 1.60000E+02
p-Yb174-MT601-Foissel-O1928003-ang-E0011.055.1972                1 1.41000E+02 1.60000E+02
p-Yb174-MT601-Foissel-O1928003-ang-E0011.065.1972                1 1.25000E+02 1.41000E+02
p-Yb174-MT601-Foissel-O1928003-ang-E0011.077.1972                1 1.25000E+02 1.60000E+02
p-Yb174-MT601-Foissel-O1928003-ang-E0011.109.1972                1 9.00000E+01 1.60000E+02
p-Yb174-MT601-Foissel-O1928003-ang-E0011.113.1972                1 9.00000E+01 1.41000E+02
p-Yb174-MT601-Foissel-O1928003-ang-E0011.114.1972                1 1.25000E+02 1.41000E+02
p-Yb174-MT601-Foissel-O1928003-ang-E0011.127.1972                1 1.25000E+02 1.60000E+02
p-Yb174-MT601-Foissel-O1928003-ang-E0011.151.1972                1 9.00000E+01 1.60000E+02
p-Yb174-MT601-Foissel-O1928003-ang-E0011.156.1972                1 9.00000E+01 1.41000E+02
p-Yb174-MT601-Foissel-O1928003-ang-E0011.164.1972                1 1.25000E+02 1.41000E+02
p-Yb174-MT601-Foissel-O1928003-ang-E0011.175.1972                1 1.25000E+02 1.60000E+02
p-Yb174-MT601-Foissel-O1928003-ang-E0011.200.1972                1 9.00000E+01 1.60000E+02
p-Yb174-MT601-Foissel-O1928003-ang-E0011.206.1972                2 9.00000E+01 1.41000E+02
p-Yb174-MT601-Foissel-O1928003-ang-E0011.223.1972                1 1.25000E+02 1.60000E+02
p-Yb174-MT601-Foissel-O1928003-ang-E0011.235.1972                1 1.41000E+02 1.60000E+02
p-Yb174-MT601-Foissel-O1928003-ang-E0011.236.1972                1 1.25000E+02 1.41000E+02
p-Yb174-MT601-Foissel-O1928003-ang-E0011.252.1972                1 1.25000E+02 1.60000E+02
p-Yb174-MT601-Foissel-O1928003-ang-E0011.254.1972                1 1.41000E+02 1.60000E+02
p-Yb174-MT601-Foissel-O1928003-ang-E0011.271.1972                1 1.41000E+02 1.60000E+02
p-Yb174-MT601-Foissel-O1928003-ang-E0011.273.1972                1 1.25000E+02 1.60000E+02
p-Yb174-MT601-Foissel-O1928003-ang-E0011.283.1972                1 1.25000E+02 1.41000E+02
p-Yb174-MT601-Foissel-O1928003-ang-E0011.286.1972                1 1.25000E+02 1.41000E+02
p-Yb174-MT601-Foissel-O1928003-ang-E0011.300.1972                1 9.00000E+01 1.25000E+02
p-Yb174-MT601-Foissel-O1928003-ang-E0011.305.1972                2 9.00000E+01 1.60000E+02
p-Yb174-MT601-Foissel-O1928003-ang-E0011.315.1972                1 1.25000E+02 1.60000E+02
p-Yb174-MT601-Foissel-O1928003-ang-E0011.322.1972                1 1.25000E+02 1.60000E+02
p-Yb174-MT601-Foissel-O1928003-ang-E0011.334.1972                1 1.41000E+02 1.60000E+02
p-Yb174-MT601-Foissel-O1928003-ang-E0011.343.1972                1 1.25000E+02 1.41000E+02
p-Yb174-MT601-Foissel-O1928003-ang-E0011.353.1972                1 9.00000E+01 1.25000E+02
p-Yb174-MT601-Foissel-O1928003-ang-E0011.358.1972                1 9.00000E+01 1.60000E+02
p-Yb174-MT601-Foissel-O1928003-ang-E0011.361.1972                1 1.41000E+02 1.60000E+02
p-Yb174-MT601-Foissel-O1928003-ang-E0011.366.1972                1 1.25000E+02 1.41000E+02
p-Yb174-MT601-Foissel-O1928003-ang-E0011.375.1972                1 1.25000E+02 1.60000E+02
p-Yb174-MT601-Foissel-O1928003-ang-E0011.388.1972                1 1.41000E+02 1.60000E+02
p-Yb174-MT601-Foissel-O1928003-ang-E0011.389.1972                1 1.41000E+02 1.41000E+02
p-Yb174-MT601-Ichihara-E0809020-ang-E0065.000.1984              46 1.11000E+01 7.05000E+01
p-Yb174-MT601-Kurepin-F1100007-ang-E0012.000.1967               41 6.03770E+01 1.59540E+02
