#              Filename                                         N    min         max
h-Be009-MT089-Din-F0209002-E0001.314.1965                        1 0.00000E+00 1.60000E+02
h-Be009-MT089-Din-F0209002-E0001.330.1965                        1 0.00000E+00 9.00000E+01
h-Be009-MT089-Din-F0209002-E0001.336.1965                        1 9.00000E+01 1.60000E+02
h-Be009-MT089-Din-F0209002-E0001.338.1965                        1 0.00000E+00 1.60000E+02
h-Be009-MT089-Din-F0209002-E0001.353.1965                        1 0.00000E+00 9.00000E+01
h-Be009-MT089-Din-F0209002-E0001.359.1965                        1 9.00000E+01 1.60000E+02
h-Be009-MT089-Din-F0209002-E0001.373.1965                        1 0.00000E+00 1.60000E+02
h-Be009-MT089-Din-F0209002-E0001.377.1965                        1 0.00000E+00 9.00000E+01
h-Be009-MT089-Din-F0209002-E0001.382.1965                        1 9.00000E+01 9.00000E+01
h-Be009-MT089-Din-F0209003-E0001.590.1965                       12 0.00000E+00 1.58300E+02
h-Be009-MT089-Din-F0209003-E0001.770.1965                       12 0.00000E+00 1.58900E+02
h-Be009-MT089-Fuchs-F0395003-E0010.500.1974                     12 0.00000E+00 5.81000E+01
h-Be009-MT089-Fuchs-F0395003-E0013.000.1974                      9 2.59993E+00 4.88000E+01
h-Be009-MT089-Osman-F0208002-E0000.900.1979                     17 0.00000E+00 1.52800E+02
h-Be009-MT089-Osman-F0208002-E0001.000.1979                     16 9.00051E-01 1.52800E+02
h-Be009-MT089-Osman-F0208002-E0001.200.1979                     16 3.00014E-01 1.49300E+02
h-Be009-MT089-Osman-F0208002-E0001.400.1979                     15 3.00014E-01 1.48500E+02
h-Be009-MT089-Serov-A1462006-E0000.596.1962                     22 0.00000E+00 0.00000E+00
h-Be009-MT089-Towle-F0204002-E0003.292.1965                      1 4.99999E+00 9.00000E+01
h-Be009-MT089-Towle-F0204002-E0003.444.1965                      1 4.99999E+00 9.00000E+01
h-Be009-MT089-Towle-F0204002-E0003.495.1965                      1 4.99999E+00 9.00000E+01
h-Be009-MT089-Towle-F0204002-E0003.577.1965                      1 4.99999E+00 9.00000E+01
h-Be009-MT089-Towle-F0204002-E0003.692.1965                      1 4.99999E+00 9.00000E+01
h-Be009-MT089-Towle-F0204002-E0003.711.1965                      1 4.99999E+00 4.99999E+00
h-Be009-MT089-Towle-F0204004-E0004.200.1965                     16 0.00000E+00 1.28000E+02
h-Be009-MT089-Towle-F0204004-E0005.200.1965                     16 1.99792E-01 1.27600E+02
h-Be009-MT089-vanderzwan-F0401002-E0002.000.1963                42 5.99705E-01 1.38300E+02
