#              Filename                                         N    min         max
n-Ta000-MT001-Adib-30123002.1967                               123 2.08430E-09 2.28134E-07
n-Ta000-MT001-Berlev-41510006.2007                               6 1.57500E-04 7.32500E-03
n-Ta000-MT001-Bockelman-11881007.1949                           33 1.20000E-02 1.47000E+00
n-Ta000-MT001-Bratenahl-11155026.1958                            5 7.05000E+00 1.44500E+01
n-Ta000-MT001-Bratenahl-11155026A001.1958                        5 7.05000E+00 1.44500E+01
n-Ta000-MT001-Carlson-11497026.1967                             64 4.53100E+00 7.71500E+00
n-Ta000-MT001-Christensen-12169002.1953                         69 2.74000E-07 1.01000E-05
n-Ta000-MT001-Christensen-121690032.1953                         7 4.29000E-06 3.94000E-05
n-Ta000-MT001-Conner-11320012.1958                               6 1.31400E+01 1.56000E+01
n-Ta000-MT001-Coon-12524046.1952                                 1 1.41200E+01 1.41200E+01
n-Ta000-MT001-Dilg-20583026.1972                                 1 2.70000E-03 2.70000E-03
n-Ta000-MT001-Divadeenam-10523013.1968                          27 1.20000E-01 6.40000E-01
n-Ta000-MT001-Divadeenam-10523013A001.1968                      27 1.20000E-01 6.40000E-01
n-Ta000-MT001-Evans-12183002.1955                              503 2.53100E-08 8.21600E-05
n-Ta000-MT001-Franz-22117012.1988                               22 1.60000E+02 5.75000E+02
n-Ta000-MT001-Grigoriev-41505006.2007                            7 7.32500E-05 7.32500E-03
n-Ta000-MT001-Grigoriev-41519005.2008                            5 7.32500E-05 1.57500E-03
n-Ta000-MT001-Hannaske-23199004.2013                           256 2.00000E-01 1.00180E+01
n-Ta000-MT001-Harvey-11912041.1955                              41 9.30000E-06 1.78000E-05
n-Ta000-MT001-Harvey-13632012.1988                           16621 4.43460E-06 3.13780E-01
n-Ta000-MT001-Harvey-13632013.1988                            3793 1.32270E-06 2.17570E-02
n-Ta000-MT001-Haugsnes-11733012.1967                             1 1.41000E+01 1.41000E+01
n-Ta000-MT001-Hildebrand-11039028.1950                           1 4.20000E+01 4.20000E+01
n-Ta000-MT001-Hildebrand-11039028A001.1950                       1 4.20000E+01 4.20000E+01
n-Ta000-MT001-Kim-30831002.2011                                467 7.32200E-01 2.01460E+00
n-Ta000-MT001-Manero-20171003.1970                              67 3.34000E+00 5.10500E+00
n-Ta000-MT001-Melkonian-11670008.1953                           32 3.92590E-05 3.16570E-03
n-Ta000-MT001-Melkonian-11670020.1953                           80 5.61400E-06 3.20744E-04
n-Ta000-MT001-Miller-11712020.1952                              14 1.00200E+00 3.21000E+00
n-Ta000-MT001-Nereson-11308021.1954                             29 2.72500E+00 1.30520E+01
n-Ta000-MT001-Newson-11569012.1957                              20 5.00000E-04 5.75000E-03
n-Ta000-MT001-Peterson-11108034.1960                             4 1.73000E+01 2.78000E+01
n-Ta000-MT001-Peterson-11108034A001.1960                         4 1.73000E+01 2.78000E+01
n-Ta000-MT001-Poenitz-12853049.1983                             66 1.82200E+00 1.80400E+01
n-Ta000-MT001-Ragent-11338005.1953                              29 3.61000E+01 1.94000E+02
n-Ta000-MT001-Sailor-12075003.1955                              32 3.99000E-06 1.05000E-05
n-Ta000-MT001-Schmunk-11634005.1960                             93 2.02000E-09 2.83500E-07
n-Ta000-MT001-Smith-10631011.1968                              538 1.00300E-01 6.48100E-01
n-Ta000-MT001-Smith-10631011A001.1968                          538 1.00300E-01 6.48100E-01
n-Ta000-MT001-Vladimirski-40380007.1955                        228 8.24990E-06 9.45390E-03
n-Ta000-MT001-Vladimirski-40380009.1955                        206 3.77690E-05 9.15090E-02
n-Ta000-MT001-Vladimirski-40380011.1955                        207 9.51000E-06 1.85300E-02
n-Ta000-MT001-Walt-11215040.1955                                 1 4.10000E+00 4.10000E+00
n-Ta000-MT001-Walt-11215040A001.1955                             1 4.10000E+00 4.10000E+00
