#              Filename                                         N    min         max
n-Mn055-MT151-Adib-304690081.1976                                2-2.83000E-03 0.00000E+00
n-Mn055-MT151-Adib-304690082.1976                                2-2.83000E-03 0.00000E+00
n-Mn055-MT151-Bergman-41526002.2009                              3 2.28000E-04 3.75200E-04
n-Mn055-MT151-Bollinger-116900021.1955                           3 3.37000E-04 2.36000E-03
n-Mn055-MT151-Bollinger-116900024.1955                           3 3.37000E-04 2.36000E-03
n-Mn055-MT151-Bollinger-116900025.1955                           3 3.37000E-04 2.36000E-03
n-Mn055-MT151-Cote-11641013.1958                                 1 7.50000E-03 7.50000E-03
n-Mn055-MT151-Cote-116780021.1964                                7-2.83000E-03 8.74000E-03
n-Mn055-MT151-Cote-116780022.1964                                7-2.83000E-03 8.74000E-03
n-Mn055-MT151-Cote-116780023.1964                                7-2.83000E-03 8.74000E-03
n-Mn055-MT151-Gaerttner-116590021.1954                           3 3.49000E-04 2.56000E-03
n-Mn055-MT151-Garg-107160031.1978                              112 3.36000E-04 4.93000E-01
n-Mn055-MT151-Garg-107160031A001.1978                          112 3.36000E-04 4.93000E-01
n-Mn055-MT151-Garg-107160032.1978                               75 3.36000E-04 1.96700E-01
n-Mn055-MT151-Garg-107160032A001.1978                           75 3.36000E-04 1.96700E-01
n-Mn055-MT151-Garg-107160033.1978                               75 3.36000E-04 1.96700E-01
n-Mn055-MT151-Garg-107160033A001.1978                           75 3.36000E-04 1.96700E-01
n-Mn055-MT151-Garg-107160091.1978                                2 2.00000E-01 2.00000E-01
n-Mn055-MT151-Garg-107160091A001.1978                            2 2.00000E-01 2.00000E-01
n-Mn055-MT151-Garg-107160092.1978                                2 1.00000E-01 1.00000E-01
n-Mn055-MT151-Garg-107160092A001.1978                            2 1.00000E-01 1.00000E-01
n-Mn055-MT151-Garg-107520021.1978                                2 5.80000E-02 5.80000E-02
n-Mn055-MT151-Garg-107520021A001.1978                            2 5.80000E-02 5.80000E-02
n-Mn055-MT151-Garg-107520022.1978                                2 5.80000E-02 5.80000E-02
n-Mn055-MT151-Garg-107520022A001.1978                            2 5.80000E-02 5.80000E-02
n-Mn055-MT151-Garg-107520031.1978                              144 4.00000E-03 1.11760E-01
n-Mn055-MT151-Garg-107520031A001.1978                          144 4.00000E-03 1.11760E-01
n-Mn055-MT151-Garg-107520033.1978                              144 4.00000E-03 1.11760E-01
n-Mn055-MT151-Garg-107520033A001.1978                          144 4.00000E-03 1.11760E-01
n-Mn055-MT151-Garg-107520034.1978                               66 4.93900E-03 1.11760E-01
n-Mn055-MT151-Garg-107520034A001.1978                           66 4.93900E-03 1.11760E-01
n-Mn055-MT151-Harris-116670021.1950                              2 3.45000E-04 2.40000E-03
n-Mn055-MT151-Harris-116670022.1950                              2 3.45000E-04 2.40000E-03
n-Mn055-MT151-Harris-116670023.1950                              1 3.45000E-04 3.45000E-04
n-Mn055-MT151-Macklin-128930021.1985                             6 3.37300E-04 6.33300E-03
n-Mn055-MT151-Macklin-128930022.1985                             6 3.37300E-04 6.33300E-03
n-Mn055-MT151-Macklin-128930023.1985                             3 3.37300E-04 2.32700E-03
n-Mn055-MT151-Marshak-116400061.1957                            11 2.36000E-03 3.51000E-02
n-Mn055-MT151-Marshak-116400062.1957                            11 2.36000E-03 3.51000E-02
n-Mn055-MT151-Marshak-116400063.1957                             1 2.36000E-03 2.36000E-03
n-Mn055-MT151-Morgenstern-206830021.1967                        49 4.93200E-03 1.19000E-01
n-Mn055-MT151-Morgenstern-206830022.1967                        16 1.77740E-02 7.38800E-02
n-Mn055-MT151-Morgenstern-206830023.1967                        25 1.77740E-02 7.38800E-02
n-Mn055-MT151-Morgenstern-206830024.1967                        17 1.77740E-02 7.38800E-02
n-Mn055-MT151-Morgenstern-20683004.1967                          1 3.75000E-02 3.75000E-02
n-Mn055-MT151-Rainwater-11685007.1947                            1 3.00000E-04 3.00000E-04
n-Mn055-MT151-Rohr-201520121.1967                               42 5.34000E-02 2.07700E-01
n-Mn055-MT151-Rohr-201520122.1967                               42 5.34000E-02 2.07700E-01
n-Mn055-MT151-Rohr-20152016.1967                                 1 1.30000E-01 1.30000E-01
n-Mn055-MT151-Rohr-20152017.1967                                 2 1.30000E-01 1.30000E-01
n-Mn055-MT151-Rohr-20152018.1967                                 1 1.30000E-01 1.30000E-01
n-Mn055-MT151-Rohr-20152019.1967                                 2 1.30000E-01 1.30000E-01
n-Mn055-MT151-Seidl-116710021.1954                               2 3.46000E-04 1.12000E-03
n-Mn055-MT151-Seidl-116710024.1954                               1 3.46000E-04 3.46000E-04
n-Mn055-MT151-Seth-11665003.1964                                 1 3.26500E-01 3.26500E-01
n-Mn055-MT151-Spitz-30114017.1968                                1 3.20000E-02 3.20000E-02
