#              Filename                                         N    min         max     
n-Pu240-MT464-HaladharaNaikk-33106008-E0001.900.2017            11 1.90000E+00 1.90000E+00
n-Pu240-MT464-Vorobeva-40342006-E0000.850.1974                   1 8.50000E-01 8.50000E-01
n-Pu240-MT464-Vorobeva-40342006-E0001.030.1974                   1 1.03000E+00 1.03000E+00
n-Pu240-MT464-Vorobeva-40342006-E0001.230.1974                   1 1.23000E+00 1.23000E+00
n-Pu240-MT464-Vorobeva-40342006-E0001.330.1974                   1 1.33000E+00 1.33000E+00
n-Pu240-MT464-Vorobeva-40342006-E0001.440.1974                   1 1.44000E+00 1.44000E+00
n-Pu240-MT464-Vorobeva-40342006-E0001.540.1974                   1 1.54000E+00 1.54000E+00
n-Pu240-MT464-Vorobeva-40342006-E0001.590.1974                   1 1.59000E+00 1.59000E+00
n-Pu240-MT464-Vorobeva-40342006-E0001.640.1974                   1 1.64000E+00 1.64000E+00
n-Pu240-MT464-Vorobeva-40342006-E0001.690.1974                   1 1.69000E+00 1.69000E+00
n-Pu240-MT464-Vorobeva-40342006-E0001.740.1974                   1 1.74000E+00 1.74000E+00
n-Pu240-MT464-Vorobeva-40342006-E0001.800.1974                   1 1.80000E+00 1.80000E+00
n-Pu240-MT464-Vorobeva-40342006-E0001.850.1974                   1 1.85000E+00 1.85000E+00
n-Pu240-MT464-Vorobeva-40342006-E0001.940.1974                   1 1.94000E+00 1.94000E+00
n-Pu240-MT464-Vorobeva-40342006-E0002.150.1974                   1 2.15000E+00 2.15000E+00
n-Pu240-MT464-Vorobeva-40342006-E0002.350.1974                   1 2.35000E+00 2.35000E+00
n-Pu240-MT464-Vorobeva-40342006-E0002.550.1974                   1 2.55000E+00 2.55000E+00
n-Pu240-MT464-Vorobeva-40342006-E0002.750.1974                   1 2.75000E+00 2.75000E+00
n-Pu240-MT464-Vorobeva-40342006-E0002.800.1974                   1 2.80000E+00 2.80000E+00
n-Pu240-MT464-Vorobeva-40342006-E0002.950.1974                   1 2.95000E+00 2.95000E+00
n-Pu240-MT464-Vorobeva-40342006-E0003.150.1974                   1 3.15000E+00 3.15000E+00
n-Pu240-MT464-Vorobeva-40342006-E0003.300.1974                   2 3.30000E+00 3.30000E+00
