#              Filename                                         N    min         max
d-N014-MT605-Beaumevieille-D0392007-E0001.000.1969              20 2.72000E+01 1.59200E+02
d-N014-MT605-Beaumevieille-D0392007-E0001.600.1969              24 2.72000E+01 1.59500E+02
d-N014-MT605-Beaumevieille-D0392007-E0001.800.1969              21 3.85000E+01 1.59800E+02
d-N014-MT605-Beaumevieille-D0392007-E0002.000.1969              12 2.79000E+01 1.56500E+02
d-N014-MT605-Beaumevieille-D0392007-E0002.400.1969              23 2.79000E+01 1.60700E+02
d-N014-MT605-Beaumevieille-D0392007-E0002.600.1969              22 2.88000E+01 1.59900E+02
d-N014-MT605-Beaumevieille-D0392007-E0002.800.1969              32 2.88000E+01 1.58600E+02
d-N014-MT605-Beaumevieille-D0392007-E0003.000.1969              31 2.71000E+01 1.58600E+02
d-N014-MT605-Beaumevieille-D0392007-E0003.200.1969              37 2.71000E+01 1.60100E+02
d-N014-MT605-Beaumevieille-F1050002-E0001.000.1967              26 2.82000E+01 1.59400E+02
d-N014-MT605-Beaumevieille-F1050002-E0001.200.1967              23 2.69000E+01 1.59300E+02
d-N014-MT605-Beaumevieille-F1050002-E0001.400.1967              23 2.69000E+01 1.58800E+02
d-N014-MT605-Beaumevieille-F1050002-E0001.600.1967              23 2.81000E+01 1.59600E+02
d-N014-MT605-Beaumevieille-F1050002-E0001.800.1967              23 4.79996E+00 1.59500E+02
d-N014-MT605-Beaumevieille-F1050002-E0002.000.1967              21 4.79996E+00 1.65300E+02
d-N014-MT605-Beaumevieille-F1050002-E0002.200.1967              23 2.66000E+01 1.59100E+02
d-N014-MT605-Berti-D0131003-E0000.545.1982                      10 1.50000E+02 1.50000E+02
d-N014-MT605-Csedreki-D4299012-E0000.650.2014                   27 1.35000E+02 1.35000E+02
d-N014-MT605-Valek-F0706005-E0000.324.1976                      10 2.29000E+01 1.45900E+02
d-N014-MT605-Valek-F0706005-E0000.374.1976                      10 2.33000E+01 1.48900E+02
d-N014-MT605-Valek-F0706005-E0000.475.1976                      10 2.13000E+01 1.49000E+02
d-N014-MT605-Valek-F0706005-E0000.576.1976                      10 2.12000E+01 1.46900E+02
d-N014-MT605-Valek-F0706005-E0000.626.1976                      10 2.12000E+01 1.46300E+02
