#              Filename                                         N    min         max
n-Ir193-MT151-Bolotin-119220091.1963                             1 4.34000E-05 4.34000E-05
n-Ir193-MT151-Bolotin-119220092.1963                             1 4.34000E-05 4.34000E-05
n-Ir193-MT151-Bolotin-119220093.1963                             1 4.34000E-05 4.34000E-05
n-Ir193-MT151-Bolotin-121550051.1959                            18 9.07000E-06 2.23800E-04
n-Ir193-MT151-Bolotin-121550052.1959                            14 5.30000E-05 2.23800E-04
n-Ir193-MT151-Bowey-21118012.1958                                7 9.04000E-06 7.72000E-05
n-Ir193-MT151-Brunner-210250091.1967                             1 1.30100E-06 1.30100E-06
n-Ir193-MT151-Brunner-210250092.1967                             1 1.30100E-06 1.30100E-06
n-Ir193-MT151-Fischer-217810031.1983                             1 1.29800E-06 1.29800E-06
n-Ir193-MT151-Fischer-217810032.1983                             1 1.29800E-06 1.29800E-06
n-Ir193-MT151-Fischer-217810033.1983                             1 1.29800E-06 1.29800E-06
n-Ir193-MT151-Landon-121780051.1955                              1 1.30300E-06 1.30300E-06
n-Ir193-MT151-Landon-121780053.1955                              1 1.30300E-06 1.30300E-06
n-Ir193-MT151-Landon-121780054.1955                              1 1.30300E-06 1.30300E-06
n-Ir193-MT151-Landon-121780055.1955                              1 1.30300E-06 1.30300E-06
n-Ir193-MT151-Lason-40119006.1972                               14 3.15000E-04 3.91000E-04
n-Ir193-MT151-Lason-40119007.1972                               28 2.45100E-05 2.99000E-04
n-Ir193-MT151-Masyanov-411240061.1992                           16 1.30400E-06 1.09600E-04
n-Ir193-MT151-Masyanov-411240062.1992                            9 1.30400E-06 7.77100E-05
n-Ir193-MT151-Masyanov-411240064.1992                            9 1.30400E-06 7.77100E-05
n-Ir193-MT151-Masyanov-411240071.1992                           16 1.30400E-06 1.09600E-04
n-Ir193-MT151-Masyanov-411240072.1992                           16 1.30400E-06 1.09600E-04
n-Ir193-MT151-Poortmans-20213017.1967                            1 1.30300E-06 1.30300E-06
n-Ir193-MT151-Poortmans-20213019.1967                            2 1.30300E-06 9.07000E-06
n-Ir193-MT151-Stolovy-119950071.1967                             1 1.30300E-06 1.30300E-06
n-Ir193-MT151-Stolovy-119950072.1967                             1 1.30300E-06 1.30300E-06
n-Ir193-MT151-Vertebnyj-405360081.1980                           2 1.30700E-06 9.09000E-06
n-Ir193-MT151-Vertebnyj-405360082.1980                           2 1.30700E-06 9.09000E-06
n-Ir193-MT151-Vertebnyj-405360083.1980                           2 1.30700E-06 9.09000E-06
n-Ir193-MT151-ZoInOkkk-412870031.1982                           11 2.45000E-05 8.09000E-05
n-Ir193-MT151-ZoInOkkk-412870032.1982                            4 2.61000E-05 7.79000E-05
