#              Filename                                         N    min         max
n-Li007-MT052-Baba-21630003-ang-E0006.600.1979                   5 2.79000E+01 1.00400E+02
n-Li007-MT052-Baba-21630003-ang-E0015.400.1979                   6 2.79000E+01 1.40800E+02
n-Li007-MT052-Batchelor-21147040-ang-E0006.360.1963              5 3.54000E+01 1.02700E+02
n-Li007-MT052-Batchelor-21147041-ang-E0007.540.1963              8 3.30000E+01 1.41900E+02
n-Li007-MT052-Biryukov-40568009-ang-E0009.100.1977               5 3.00000E+01 1.50000E+02
n-Li007-MT052-Chiba-21986076-ang-E0014.200.1985                 10 3.09000E+01 1.51200E+02
n-Li007-MT052-Chiba-22082003-ang-E0011.000.1988                 14 2.09000E+01 1.42300E+02
n-Li007-MT052-Chiba-22082005-ang-E0013.000.1988                 11 4.14000E+01 1.40600E+02
n-Li007-MT052-Cookson-21162013-ang-E0010.000.1967                5 2.75000E+01 1.51000E+02
n-Li007-MT052-Cookson-21162014-ang-E0010.000.1967                4 2.76000E+01 1.06500E+02
n-Li007-MT052-Dekempeneer-22031151-ang-E0006.294.1987           48 2.40000E+01 4.00000E+01
n-Li007-MT052-GuochangChenn-32711010-ang-E0008.170.2009         10 3.37000E+01 1.53000E+02
n-Li007-MT052-GuochangChenn-32711010-ang-E0010.270.2009          9 3.69000E+01 1.23100E+02
n-Li007-MT052-Hogue-10707009-ang-E0008.964.1979                 17 2.67000E+01 1.18800E+02
n-Li007-MT052-Hogue-10707009-ang-E0008.964A001.1979             17 2.67000E+01 1.18800E+02
n-Li007-MT052-Hogue-10707009-ang-E0009.958.1979                 26 2.65000E+01 1.51600E+02
n-Li007-MT052-Hogue-10707009-ang-E0009.958A001.1979             26 2.65000E+01 1.51600E+02
n-Li007-MT052-Hogue-10707009-ang-E0010.953.1979                 25 2.63000E+01 1.60700E+02
n-Li007-MT052-Hogue-10707009-ang-E0010.953A001.1979             25 2.63000E+01 1.60700E+02
n-Li007-MT052-Hogue-10707009-ang-E0012.042.1979                 25 2.63000E+01 1.60400E+02
n-Li007-MT052-Hogue-10707009-ang-E0012.042A001.1979             25 2.63000E+01 1.60400E+02
n-Li007-MT052-Hogue-10707009-ang-E0012.944.1979                 21 2.61000E+01 1.60400E+02
n-Li007-MT052-Hogue-10707009-ang-E0012.944A001.1979             21 2.61000E+01 1.60400E+02
n-Li007-MT052-Hogue-10707009-ang-E0013.936.1979                 26 2.61000E+01 1.55500E+02
n-Li007-MT052-Hogue-10707009-ang-E0013.936A001.1979             26 2.61000E+01 1.55500E+02
n-Li007-MT052-Hopkins-11153020-ang-E0005.740.1968                4 3.97000E+01 7.22000E+01
n-Li007-MT052-Hopkins-11153020-ang-E0005.740A001.1968            4 3.97000E+01 7.22000E+01
n-Li007-MT052-Hopkins-11153020-ang-E0007.500.1968                6 4.30000E+01 1.40600E+02
n-Li007-MT052-Hopkins-11153020-ang-E0007.500A001.1968            6 4.30000E+01 1.40600E+02
n-Li007-MT052-Hyakutake-20268005-ang-E0014.100.1968             14 2.07000E+01 1.60000E+02
n-Li007-MT052-Ibaraki-22359006-ang-E0011.500.1998               13 2.05000E+01 1.51700E+02
n-Li007-MT052-Ibaraki-22359006-ang-E0018.000.1998               13 2.05000E+01 1.50900E+02
n-Li007-MT052-Lisowski-10854011-ang-E0005.960.1980              23 2.50000E+01 6.00000E+01
n-Li007-MT052-Merchez-21177008-ang-E0014.100.1966               20 1.55000E+01 1.56100E+02
n-Li007-MT052-Schmidt-32001012-ang-E0009.800.1987                7 2.11000E+01 1.61500E+02
n-Li007-MT052-Takahashi-22773011-ang-E0014.100.1992             10 1.50000E+01 1.60000E+02
n-Li007-MT052-Wong-11022006-ang-E0014.000.1962                  10 2.79000E+01 9.94000E+01
n-Li007-MT052-Wong-11022006-ang-E0014.000A001.1962              10 2.79000E+01 9.94000E+01
