#              Filename                                         N    min         max     
d-H002-rp002003-Thornton-A1043003.1969                           4 5.00000E+00 1.00000E+01
d-H002-rp002003-Ying-A10760061.1973                              9 2.98000E-01 7.03000E-01
d-H002-rp002003-Preston-A1142002.1954                            5 1.56000E-01 4.66000E-01
d-H002-rp002003-Hunter-A1150004.1949                            11 4.91700E-01 3.70600E+00
d-H002-rp002003-Davidenko-A1168002.1957                         21 1.00000E-02 2.20000E-01
d-H002-rp002003-Ganeev-A1171005.1957                             8 2.59000E-01 9.98000E-01
d-H002-rp002003-Ganeev-A1171006.1957                            28 1.29000E-01 1.00700E+00
d-H002-rp002003-Chagnon-A1192002.1956                            7 2.50000E-01 8.25000E-01
d-H002-rp002003-Belov-A1299002.1990                              6 6.89670E-03 1.84650E-02
d-H002-rp002003-Mcneill-C00240031.1951                           4 1.20000E-01 2.50000E-01
d-H002-rp002003-Schulte-C0030005.1972                           10 1.96000E+00 6.20000E+00
d-H002-rp002003-Booth-C0033004.1956                              2 5.22000E-02 8.69000E-02
d-H002-rp002003-Goldberg-C0043005.1960                           4 5.00000E+00 1.22000E+01
d-H002-rp002003-Brown-C01090051.1990                            11 1.99400E-02 1.16900E-01
d-H002-rp002003-Leonard-C1499003.2006                            8 1.12200E-01 6.46100E-01
d-H002-rp002003-Hofstee-C1511002.2001                            2 4.80000E-02 8.00000E-02
d-H002-rp002003-Greife-O11710022.1995                            9 2.97000E-02 2.56000E-01
d-H002-rp002003-TheFirstResearchGroupppp-S0025002.1985          55 1.53000E-02 1.50000E-01
