#              Filename                                         N    min         max
n-Fe000-MT053-Kinney-10111004-ang-E0004.190.1970                 1 9.16400E+01 9.17400E+01
n-Fe000-MT053-Kinney-10111004-ang-E0004.190A001.1970             1 9.16400E+01 9.17400E+01
n-Fe000-MT053-Kinney-10111004-ang-E0004.460.1970                 1 3.08100E+01 9.16400E+01
n-Fe000-MT053-Kinney-10111004-ang-E0004.460A001.1970             1 3.08100E+01 9.16400E+01
n-Fe000-MT053-Kinney-10111004-ang-E0004.600.1970                12 3.08100E+01 1.33190E+02
n-Fe000-MT053-Kinney-10111004-ang-E0004.600A001.1970            12 3.08100E+01 1.33190E+02
n-Fe000-MT053-Kinney-10111004-ang-E0005.000.1970                16 3.07600E+01 1.16380E+02
n-Fe000-MT053-Kinney-10111004-ang-E0005.000A001.1970            16 3.07600E+01 1.16380E+02
n-Fe000-MT053-Kinney-10111004-ang-E0005.040.1970                11 3.07600E+01 1.31160E+02
n-Fe000-MT053-Kinney-10111004-ang-E0005.040A001.1970            11 3.07600E+01 1.31160E+02
n-Fe000-MT053-Kinney-10111004-ang-E0005.180.1970                 1 9.14500E+01 9.14900E+01
n-Fe000-MT053-Kinney-10111004-ang-E0005.180A001.1970             1 9.14500E+01 9.14900E+01
n-Fe000-MT053-Kinney-10111004-ang-E0005.500.1970                 1 3.07200E+01 9.14500E+01
n-Fe000-MT053-Kinney-10111004-ang-E0005.500A001.1970             1 3.07200E+01 9.14500E+01
n-Fe000-MT053-Kinney-10111004-ang-E0005.560.1970                10 3.07200E+01 1.33070E+02
n-Fe000-MT053-Kinney-10111004-ang-E0005.560A001.1970            10 3.07200E+01 1.33070E+02
n-Fe000-MT053-Kinney-10111004-ang-E0006.000.1970                 2 4.08800E+01 1.19200E+02
n-Fe000-MT053-Kinney-10111004-ang-E0006.000A001.1970             2 4.08800E+01 1.19200E+02
n-Fe000-MT053-Kinney-10111004-ang-E0006.130.1970                 5 4.08800E+01 1.20680E+02
n-Fe000-MT053-Kinney-10111004-ang-E0006.130A001.1970             5 4.08800E+01 1.20680E+02
n-Fe000-MT053-Kinney-10111004-ang-E0006.440.1970                 3 4.08600E+01 1.35460E+02
n-Fe000-MT053-Kinney-10111004-ang-E0006.440A001.1970             3 4.08600E+01 1.35460E+02
n-Fe000-MT053-Kinney-10111004-ang-E0006.530.1970                 3 4.08600E+01 1.20610E+02
n-Fe000-MT053-Kinney-10111004-ang-E0006.530A001.1970             3 4.08600E+01 1.20610E+02
n-Fe000-MT053-Kinney-10111004-ang-E0007.540.1970                 3 1.19120E+02 1.35410E+02
n-Fe000-MT053-Kinney-10111004-ang-E0007.540A001.1970             3 1.19120E+02 1.35410E+02
n-Fe000-MT053-Kinney-10111004-ang-E0007.600.1970                 1 5.60200E+01 1.19120E+02
n-Fe000-MT053-Kinney-10111004-ang-E0007.600A001.1970             1 5.60200E+01 1.19120E+02
n-Fe000-MT053-Kinney-10111004-ang-E0008.560.1970                 4 5.60200E+01 1.35380E+02
n-Fe000-MT053-Kinney-10111004-ang-E0008.560A001.1970             4 5.60200E+01 1.35380E+02
