#              Filename                                         N    min         max     
p-Fe000-rp023048-Michel-A01000077.1985                          26 4.93000E+01 1.99800E+02
p-Fe000-rp023048-Barchuk-A03390031.1987                         41 3.29300E+01 6.44000E+01
p-Fe000-rp023048-Brodzinski-C02720091.1971                       5 4.46000E+01 5.85000E+02
p-Fe000-rp023048-Sisterson-C1447003.2006                         6 1.40000E+02 5.00000E+02
p-Fe000-rp023048-Michel-O00780173.1989                           1 6.00000E+02 6.00000E+02
p-Fe000-rp023048-Lavrukhina-O0283026.1963                        1 1.50000E+02 1.50000E+02
p-Fe000-rp023048-Schiekel-O0284061.1996                         24 2.14000E+02 3.99000E+02
p-Fe000-rp023048-Lavrukhina-O0299026.1963                        1 6.60000E+02 6.60000E+02
p-Fe000-rp023048-Barashenkov-O0339032.1990                       1 1.10000E+03 1.10000E+03
p-Fe000-rp023048-Fassbender-O0728015.1999                       10 8.67000E+01 2.81000E+02
p-Fe000-rp023048-Gloris-O1881015.1998                           28 8.43000E+01 2.53000E+03
p-Fe000-rp023048-Neumann-O1882016.1999                           4 2.78000E+02 2.60000E+03
p-Fe000-rp023048-Schoen-T0276005.1979                            4 4.90000E+01 6.30000E+01
p-Fe000-rp023048-Michel-A0146017.1979                            4 3.87500E+01 4.45300E+01
p-Fe000-rp023048-Aleksandrov-A0501042.1990                       1 1.00000E+03 1.00000E+03
p-Fe000-rp023048-Williams-B0073010.1967                         25 2.02000E+01 6.25000E+01
p-Fe000-rp023048-Graves-C2243021.2016                           11 3.61000E+01 9.02000E+01
p-Fe000-rp023048-Rayudu-O0077007.1968                            5 5.00000E+02 2.90000E+03
p-Fe000-rp023048-Perron-O0085016.1976                            1 2.10000E+04 2.10000E+04
p-Fe000-rp023048-Weigel-O0088009.1975                            1 6.00000E+02 6.00000E+02
p-Fe000-rp023048-Michel-O0276069.1997                           57 3.80000E+01 2.80000E+02
p-Fe000-rp023048-Michel-O0277115.1995                            4 8.00000E+02 2.60000E+03
p-Fe000-rp023048-Gloris-O1881014.1998                           32 8.43000E+01 2.53000E+03
p-Fe000-rp023048-Neumann-O1882015.1999                           4 2.78000E+02 2.60000E+03
p-Fe000-rp023048-Orth-T0131010.1976                              1 5.90000E+02 5.90000E+02
