#              Filename                                         N    min         max
p-Pb206-MT601-Back-C1283004-ang-E0014.230.1983                   1 1.20000E+02 1.65000E+02
p-Pb206-MT601-Back-C1283004-ang-E0014.240.1983                   5 1.20000E+02 1.65000E+02
p-Pb206-MT601-Back-C1283004-ang-E0014.270.1983                   2 1.20000E+02 1.65000E+02
p-Pb206-MT601-Back-C1283004-ang-E0014.290.1983                   2 1.20000E+02 1.35000E+02
p-Pb206-MT601-Back-C1283004-ang-E0014.330.1983                   3 1.20000E+02 1.65000E+02
p-Pb206-MT601-Back-C1283004-ang-E0014.340.1983                   1 1.20000E+02 1.35000E+02
p-Pb206-MT601-Back-C1283004-ang-E0014.380.1983                   2 1.20000E+02 1.65000E+02
p-Pb206-MT601-Back-C1283004-ang-E0014.390.1983                   2 1.20000E+02 1.65000E+02
p-Pb206-MT601-Back-C1283004-ang-E0014.430.1983                   1 1.20000E+02 1.65000E+02
p-Pb206-MT601-Back-C1283004-ang-E0014.440.1983                   3 1.20000E+02 1.50000E+02
p-Pb206-MT601-Back-C1283004-ang-E0014.480.1983                   2 1.20000E+02 1.65000E+02
p-Pb206-MT601-Back-C1283004-ang-E0014.490.1983                   3 1.20000E+02 1.50000E+02
p-Pb206-MT601-Back-C1283004-ang-E0014.530.1983                   3 1.20000E+02 1.65000E+02
p-Pb206-MT601-Back-C1283004-ang-E0014.550.1983                   1 1.20000E+02 1.50000E+02
p-Pb206-MT601-Back-C1283004-ang-E0014.580.1983                   2 1.35000E+02 1.65000E+02
p-Pb206-MT601-Back-C1283004-ang-E0014.590.1983                   1 1.20000E+02 1.35000E+02
p-Pb206-MT601-Back-C1283004-ang-E0014.600.1983                   1 1.20000E+02 1.35000E+02
p-Pb206-MT601-Back-C1283004-ang-E0014.630.1983                   2 1.20000E+02 1.65000E+02
p-Pb206-MT601-Back-C1283004-ang-E0014.640.1983                   2 1.20000E+02 1.65000E+02
p-Pb206-MT601-Back-C1283004-ang-E0014.680.1983                   1 1.35000E+02 1.65000E+02
p-Pb206-MT601-Back-C1283004-ang-E0014.690.1983                   2 1.20000E+02 1.50000E+02
p-Pb206-MT601-Back-C1283004-ang-E0014.700.1983                   1 1.20000E+02 1.50000E+02
p-Pb206-MT601-Back-C1283004-ang-E0014.730.1983                   1 1.35000E+02 1.50000E+02
p-Pb206-MT601-Back-C1283004-ang-E0014.740.1983                   1 1.35000E+02 1.35000E+02
p-Pb206-MT601-Finck-C0672003-ang-E0035.000.1983               1388 1.61000E+01 1.08300E+02
p-Pb206-MT601-Glashausser-T0291003-ang-E0019.640.1974          100 3.08000E+01 1.57300E+02
