#              Filename                                         N    min         max
n-Br081-MT151-Alfimenkov-40865003.1984                           3 8.80000E-07 1.35000E-04
n-Br081-MT151-Alfimenkov-415760021.1983                          1 8.80000E-07 8.80000E-07
n-Br081-MT151-Alfimenkov-415760022.1983                          1 8.80000E-07 8.80000E-07
n-Br081-MT151-Alfimenkov-415760023.1983                          1 8.80000E-07 8.80000E-07
n-Br081-MT151-Julien-206760181.1968                              2 1.01500E-04 1.35450E-04
n-Br081-MT151-Julien-206760182.1968                              2 1.01500E-04 1.35450E-04
n-Br081-MT151-Julien-206760183.1968                              2 1.01500E-04 1.35450E-04
n-Br081-MT151-Julien-206760184.1968                              2 1.01500E-04 1.35450E-04
n-Br081-MT151-Julien-206760185.1968                              2 1.01500E-04 1.35450E-04
n-Br081-MT151-Julien-206760186.1968                              2 1.01500E-04 1.35450E-04
n-Br081-MT151-KIMHISANNN-408140031.1965                          2 1.01300E-04 1.35900E-04
n-Br081-MT151-KIMHISANNN-408140032.1965                          2 1.01300E-04 1.35900E-04
n-Br081-MT151-KIMHISANNN-408140033.1965                          2 1.01300E-04 1.35900E-04
n-Br081-MT151-KIMHISANNN-408140034.1965                          2 1.01300E-04 1.35900E-04
n-Br081-MT151-Leblanc-118330101.1959                             3 1.02000E-04 2.05000E-04
n-Br081-MT151-Leblanc-118330103.1959                             3 1.02000E-04 2.05000E-04
n-Br081-MT151-Leblanc-118330104.1959                             3 1.02000E-04 2.05000E-04
n-Br081-MT151-Leblanc-118330105.1959                             2 1.02000E-04 1.36000E-04
n-Br081-MT151-Macklin-131110071.1988                           304 1.01200E-04 2.09300E-02
n-Br081-MT151-Macklin-131110073.1988                            44 1.01200E-04 1.43100E-02
n-Br081-MT151-Macklin-131110074.1988                            37 1.01200E-04 1.14400E-02
n-Br081-MT151-Ohkubo-21294003.1981                               1 1.25000E-03 1.25000E-03
n-Br081-MT151-Ohkubo-21294005.1981                               1 7.50000E-03 7.50000E-03
n-Br081-MT151-Ohkubo-212940071.1981                            100 1.01100E-04 1.64300E-02
n-Br081-MT151-Ohkubo-212940072.1981                            100 1.01100E-04 1.64300E-02
n-Br081-MT151-Ohkubo-212940073.1981                              7 5.78400E-04 1.54770E-03
n-Br081-MT151-Ohkubo-212940074.1981                              7 5.78400E-04 1.54770E-03
n-Br081-MT151-Ohkubo-21294009.1981                               1 1.06305E-03 1.06305E-03
n-Br081-MT151-Zeliger-412310041.1963                             2 1.01300E-04 1.35900E-04
n-Br081-MT151-Zeliger-412310042.1963                             2 1.01300E-04 1.35900E-04
n-Br081-MT151-Zeliger-412310044.1963                             2 1.01300E-04 1.35900E-04
n-Br081-MT151-Zeliger-412310045.1963                             2 1.01300E-04 1.35900E-04
