#              Filename                                         N    min         max
n-Ni000-MT002-Bauer-11760003-ang-E0014.000.1963                 32 1.57000E+01 1.62700E+02
n-Ni000-MT002-Becker-11511011-ang-E0003.200.1966                13 2.02982E+01 1.40597E+02
n-Ni000-MT002-Bucher-10556005-ang-E0011.000.1975                 8 3.10009E+00 1.48000E+01
n-Ni000-MT002-Christodoulou-13804006-ang-E0014.000.1999         15 1.65000E+01 1.49000E+02
n-Ni000-MT002-Clarke-11768004-ang-E0014.100.1967                33 1.52000E+01 1.52000E+01
n-Ni000-MT002-Cox-10332006-ang-E0000.875.1972                    8 2.10000E+01 1.57000E+02
n-Ni000-MT002-Cox-10332006-ang-E0000.875A001.1972                8 2.10000E+01 1.57000E+02
n-Ni000-MT002-Cox-11519017-ang-E0000.672.1966                  544 1.99988E+01 1.60001E+02
n-Ni000-MT002-Darden-11638012-ang-E0001.000.1955                 1 1.40000E+01 3.00000E+01
n-Ni000-MT002-Darden-11638012-ang-E0001.550.1955                 2 1.40000E+01 3.00000E+01
n-Ni000-MT002-Ferrer-10633010-ang-E0011.010.1977                28 1.50000E+01 1.50000E+02
n-Ni000-MT002-Ferrer-10633010-ang-E0011.010A001.1977            28 1.50000E+01 1.50000E+02
n-Ni000-MT002-Fujita-21722041-ang-E0014.100.1972                 1 1.10000E+02 1.10000E+02
n-Ni000-MT002-Guenther-10593003-ang-E0000.328.1976               9 2.76000E+01 1.45000E+02
n-Ni000-MT002-Guenther-10593003-ang-E0000.328A001.1976           9 2.76000E+01 1.45000E+02
n-Ni000-MT002-Guenther-10593003-ang-E0000.379.1976               9 2.76000E+01 1.47600E+02
n-Ni000-MT002-Hammer-23738002-ang-E0005.330.1994                10 2.08000E+01 1.09900E+02
n-Ni000-MT002-Hammer-23738002-ang-E0007.750.1994                32 2.08000E+01 1.24100E+02
n-Ni000-MT002-Hansen-10423002-ang-E0014.600.1973                10 2.58000E+01 1.30800E+02
n-Ni000-MT002-Hansen-10423002-ang-E0014.600A001.1973            10 2.58000E+01 1.30800E+02
n-Ni000-MT002-Hill-11321006-ang-E0005.000.1958                  13 3.00029E+01 1.49997E+02
n-Ni000-MT002-Holmqvist-20019132-ang-E0003.000.1969            112 1.99000E+01 1.60100E+02
n-Ni000-MT002-Holmqvist-20020023-ang-E0001.770.1970             90 1.99000E+01 1.50000E+02
n-Ni000-MT002-Kammerdiener-14329034-ang-E0014.000.1972          10 2.46000E+01 1.29200E+02
n-Ni000-MT002-Kazakova-40706045-ang-E0002.000.1965               8 2.00000E+01 1.60000E+02
n-Ni000-MT002-Kinney-10113002-ang-E0004.070.1974                 3 1.00000E+01 8.50000E+01
n-Ni000-MT002-Kinney-10113002-ang-E0004.070A001.1974             3 1.00000E+01 8.50000E+01
n-Ni000-MT002-Kinney-10113002-ang-E0004.340.1974                24 1.00000E+01 1.36500E+02
n-Ni000-MT002-Kinney-10113002-ang-E0004.340A001.1974            24 1.00000E+01 1.36500E+02
n-Ni000-MT002-Kinney-10113002-ang-E0004.650.1974                 3 1.00000E+01 8.50000E+01
n-Ni000-MT002-Kinney-10113002-ang-E0004.650A001.1974             3 1.00000E+01 8.50000E+01
n-Ni000-MT002-Kinney-10113002-ang-E0004.920.1974                21 1.00000E+01 1.36500E+02
n-Ni000-MT002-Kinney-10113002-ang-E0004.920A001.1974            21 1.00000E+01 1.36500E+02
n-Ni000-MT002-Kinney-10113002-ang-E0005.230.1974                 3 4.75000E+01 8.50000E+01
n-Ni000-MT002-Kinney-10113002-ang-E0005.230A001.1974             3 4.75000E+01 8.50000E+01
n-Ni000-MT002-Kinney-10113002-ang-E0005.500.1974                 3 1.50000E+01 6.25000E+01
n-Ni000-MT002-Kinney-10113002-ang-E0005.500A001.1974             3 1.50000E+01 6.25000E+01
n-Ni000-MT002-Kinney-10113002-ang-E0006.440.1974                17 1.50000E+01 1.34500E+02
n-Ni000-MT002-Kinney-10113002-ang-E0006.440A001.1974            17 1.50000E+01 1.34500E+02
n-Ni000-MT002-Kinney-10113002-ang-E0007.030.1974                 3 1.50000E+01 8.50000E+01
n-Ni000-MT002-Kinney-10113002-ang-E0007.030A001.1974             3 1.50000E+01 8.50000E+01
n-Ni000-MT002-Kinney-10113002-ang-E0007.540.1974                17 1.50000E+01 1.34500E+02
n-Ni000-MT002-Kinney-10113002-ang-E0007.540A001.1974            17 1.50000E+01 1.34500E+02
n-Ni000-MT002-Kinney-10113002-ang-E0008.040.1974                 3 1.00000E+01 8.50000E+01
n-Ni000-MT002-Kinney-10113002-ang-E0008.040A001.1974             3 1.00000E+01 8.50000E+01
n-Ni000-MT002-Kinney-10113002-ang-E0008.560.1974                18 1.00000E+01 1.34500E+02
n-Ni000-MT002-Kinney-10113002-ang-E0008.560A001.1974            18 1.00000E+01 1.34500E+02
n-Ni000-MT002-Korzh-40042018-ang-E0001.500.1968                  8 2.91073E+01 1.40626E+02
n-Ni000-MT002-Korzh-40572006-ang-E0005.000.1980                 11 2.00000E+01 1.50000E+02
n-Ni000-MT002-Korzh-40685017-ang-E0000.500.1964                 16 3.00029E+01 1.39996E+02
n-Ni000-MT002-Korzh-40762021-ang-E0000.650.1963                  8 3.00029E+01 1.39996E+02
n-Ni000-MT002-Korzh-40763021-ang-E0000.300.1963                  8 3.00029E+01 1.39996E+02
n-Ni000-MT002-LiJingdee-32525002-ang-E0001.000.1986             10 1.99000E+01 1.50000E+02
n-Ni000-MT002-Lovchikova-40230011-ang-E0000.900.1963             5 3.00041E+01 1.49986E+02
n-Ni000-MT002-Machwe-11572021-ang-E0003.660.1959                24 1.07000E+01 1.60100E+02
n-Ni000-MT002-Malmskog-20197009-ang-E0000.500.1972             280 3.00000E+01 1.50000E+02
n-Ni000-MT002-Olsson-22048018-ang-E0021.600.1987                36 1.00000E+01 1.59500E+02
n-Ni000-MT002-Poole-21377007-ang-E0002.800.1953                  1 7.00000E+01 7.00000E+01
n-Ni000-MT002-Popov-40101007-ang-E0004.370.1971                 15 2.00000E+01 1.60000E+02
n-Ni000-MT002-QiHuiquann-30990003-ang-E0014.800.1992             8 2.50006E+00 1.60000E+01
n-Ni000-MT002-Stelson-11527014-ang-E0014.000.1965               10 2.91000E+01 1.25400E+02
n-Ni000-MT002-Strizhak-40761006-ang-E0002.900.1960               9 2.50000E+01 1.50000E+02
n-Ni000-MT002-Takahashi-22766033-ang-E0014.100.1992             16 1.50000E+01 1.60000E+02
n-Ni000-MT002-Tsukada-20304009-ang-E0002.010.1969               12 2.99000E+01 1.40000E+02
n-Ni000-MT002-Tsukada-20304009-ang-E0002.650.1969               12 2.99000E+01 1.40000E+02
n-Ni000-MT002-Tsukada-20304009-ang-E0003.260.1969               12 3.00000E+01 1.40000E+02
n-Ni000-MT002-Velkley-10384018-ang-E0008.970.1974               17 3.00000E+01 1.60000E+02
n-Ni000-MT002-Velkley-10384018-ang-E0008.970A001.1974           17 3.00000E+01 1.60000E+02
n-Ni000-MT002-Walt-11637013-ang-E0001.000.1954                   9 3.06000E+01 1.49300E+02
n-Ni000-MT002-Weddell-11695006-ang-E0004.400.1956                1 9.00000E+01 9.00000E+01
n-Ni000-MT002-Yabuta-22025059-ang-E0014.100.1986                 9 3.00000E+01 1.50000E+02
