#              Filename                                         N    min         max
a-B011-MT089-Bonner-F0464015-E0001.038.1956                      1 1.00000E+01 9.00000E+01
a-B011-MT089-Bonner-F0464015-E0001.855.1956                      1 1.00000E+01 9.00000E+01
a-B011-MT089-Bonner-F0464015-E0001.878.1956                      1 1.00000E+01 9.00000E+01
a-B011-MT089-Bonner-F0464015-E0001.889.1956                      1 1.00000E+01 9.00000E+01
a-B011-MT089-Bonner-F0464016-E0002.060.1956                     20 1.00000E+01 9.00000E+01
a-B011-MT089-Kjellman-F0469002-E0013.500.1962                   17 5.39997E+00 1.55600E+02
a-B011-MT089-Kjellman-F0469002-E0013.900.1962                   18 5.09997E+00 1.65700E+02
a-B011-MT089-Mani-F0465002-E0002.389.1966                      134 0.00000E+00 0.00000E+00
a-B011-MT089-Niecke-F0480005-E0002.049.1977                     10 1.55000E+01 1.50700E+02
a-B011-MT089-vanderzwan-C1630002-E0001.958.1975                259 0.00000E+00 0.00000E+00
a-B011-MT089-vanderzwan-C1630006-E0003.698.1975                 12 0.00000E+00 1.62500E+02
a-B011-MT089-vanderzwan-C1630007-E0003.712.1975                 12 0.00000E+00 1.63100E+02
a-B011-MT089-vanderzwan-C1630008-E0003.760.1975                 12 0.00000E+00 1.62800E+02
a-B011-MT089-vanderzwan-C1630009-E0003.830.1975                 12 0.00000E+00 1.65000E+02
a-B011-MT089-vanderzwan-C1630010-E0003.910.1975                 12 0.00000E+00 1.66600E+02
a-B011-MT089-vanderzwan-C1630011-E0003.940.1975                 12 0.00000E+00 1.64300E+02
a-B011-MT089-vanderzwan-C1630012-E0004.030.1975                 12 0.00000E+00 1.64400E+02
a-B011-MT089-vanderzwan-C1630013-E0004.230.1975                 12 0.00000E+00 1.64100E+02
a-B011-MT089-vanderzwan-C1630014-E0004.270.1975                 12 0.00000E+00 1.63900E+02
a-B011-MT089-vanderzwan-C1630015-E0004.330.1975                 12 0.00000E+00 1.64100E+02
a-B011-MT089-vanderzwan-C1630016-E0004.450.1975                 11 0.00000E+00 1.64700E+02
a-B011-MT089-vanderzwan-C1630017-E0004.600.1975                 12 0.00000E+00 1.63600E+02
a-B011-MT089-vanderzwan-C1630018-E0004.660.1975                 12 0.00000E+00 1.63400E+02
a-B011-MT089-vanderzwan-C1630019-E0004.730.1975                 12 0.00000E+00 1.63400E+02
a-B011-MT089-vanderzwan-C1630020-E0004.830.1975                 12 0.00000E+00 1.62700E+02
a-B011-MT089-vanderzwan-C1630021-E0004.920.1975                 12 0.00000E+00 1.63500E+02
a-B011-MT089-vanderzwan-C1630022-E0004.960.1975                 12 0.00000E+00 1.63100E+02
a-B011-MT089-vanderzwan-C1630023-E0005.050.1975                 12 0.00000E+00 1.62000E+02
a-B011-MT089-vanderzwan-C1630024-E0005.150.1975                 12 0.00000E+00 1.64600E+02
a-B011-MT089-vanderzwan-C1630025-E0005.220.1975                 12 0.00000E+00 1.65500E+02
a-B011-MT089-vanderzwan-C1630026-E0005.280.1975                 12 0.00000E+00 1.64800E+02
a-B011-MT089-vanderzwan-C1630027-E0005.320.1975                 12 0.00000E+00 1.65400E+02
a-B011-MT089-vanderzwan-C1630028-E0005.360.1975                 12 0.00000E+00 1.63000E+02
a-B011-MT089-vanderzwan-C1630029-E0005.430.1975                 12 0.00000E+00 1.62500E+02
a-B011-MT089-vanderzwan-C1630030-E0005.510.1975                 12 0.00000E+00 1.62300E+02
a-B011-MT089-vanderzwan-C1630031-E0005.530.1975                 12 0.00000E+00 1.64700E+02
a-B011-MT089-vanderzwan-C1630032-E0005.610.1975                 12 0.00000E+00 1.63000E+02
a-B011-MT089-vanderzwan-C1630033-E0005.660.1975                 12 0.00000E+00 1.64900E+02
a-B011-MT089-vanderzwan-C1630034-E0005.700.1975                 12 0.00000E+00 1.63700E+02
a-B011-MT089-vanderzwan-C1630035-E0005.770.1975                 12 0.00000E+00 1.64800E+02
a-B011-MT089-vanderzwan-C1630036-E0005.880.1975                 12 0.00000E+00 1.61500E+02
a-B011-MT089-vanderzwan-C1630037-E0006.060.1975                 11 0.00000E+00 1.65100E+02
a-B011-MT089-vanderzwan-C1630038-E0006.170.1975                 12 0.00000E+00 1.63900E+02
a-B011-MT089-vanderzwan-C1630039-E0006.280.1975                 12 0.00000E+00 1.64400E+02
a-B011-MT089-vanderzwan-C1630040-E0006.360.1975                 12 0.00000E+00 1.61600E+02
a-B011-MT089-vanderzwan-C1630041-E0006.570.1975                 12 0.00000E+00 1.67400E+02
a-B011-MT089-vanderzwan-C1630042-E0006.740.1975                 12 0.00000E+00 1.61600E+02
a-B011-MT089-vanderzwan-C1630043-E0006.830.1975                 12 0.00000E+00 1.63300E+02
a-B011-MT089-vanderzwan-C1630044-E0006.910.1975                 12 0.00000E+00 1.64100E+02
a-B011-MT089-vanderzwan-C1630045-E0007.000.1975                 12 0.00000E+00 1.65600E+02
a-B011-MT089-vanderzwan-C1630046-E0007.170.1975                 12 0.00000E+00 1.61600E+02
a-B011-MT089-vanderzwan-C1630047-E0007.260.1975                 12 0.00000E+00 1.61600E+02
a-B011-MT089-vanderzwan-C1630048-E0007.370.1975                 12 0.00000E+00 1.61700E+02
a-B011-MT089-vanderzwan-C1630049-E0007.540.1975                 12 0.00000E+00 1.64100E+02
a-B011-MT089-vanderzwan-C1630050-E0007.620.1975                 12 0.00000E+00 1.63800E+02
a-B011-MT089-vanderzwan-C1630051-E0007.690.1975                 12 0.00000E+00 1.63100E+02
a-B011-MT089-vanderzwan-C1630052-E0007.760.1975                 12 0.00000E+00 1.63300E+02
a-B011-MT089-vanderzwan-C1630053-E0007.850.1975                 12 0.00000E+00 1.62300E+02
