#              Filename                                         N    min         max
n-V051-MT151-Brusegan-223800031.1997                            40-1.76000E-02 9.86100E-02
n-V051-MT151-Cote-11641008.1958                                  1 6.00000E-03 6.00000E-03
n-V051-MT151-Cote-116410091.1958                                 3 4.18000E-03 1.15000E-02
n-V051-MT151-Cote-116410092.1958                                 1 4.18000E-03 4.18000E-03
n-V051-MT151-Firk-212770031.1963                                 6 4.16900E-03 2.23200E-02
n-V051-MT151-Firk-212770032.1963                                 6 4.16900E-03 2.23200E-02
n-V051-MT151-Firk-21277004.1963                                  1 1.28000E-02 1.28000E-02
n-V051-MT151-Garg-107160021.1978                                77 4.14800E-03 4.80000E-01
n-V051-MT151-Garg-107160021A001.1978                            77 4.14800E-03 4.80000E-01
n-V051-MT151-Garg-107160022.1978                                48 4.14800E-03 2.11000E-01
n-V051-MT151-Garg-107160022A001.1978                            48 4.14800E-03 2.11000E-01
n-V051-MT151-Garg-107160023.1978                                48 4.14800E-03 2.11000E-01
n-V051-MT151-Garg-107160023A001.1978                            48 4.14800E-03 2.11000E-01
n-V051-MT151-Garg-107160081.1978                                 2 2.15000E-01 2.15000E-01
n-V051-MT151-Garg-107160081A001.1978                             2 2.15000E-01 2.15000E-01
n-V051-MT151-Garg-145240031.1969                                17 4.14800E-03 5.29700E-02
n-V051-MT151-Garg-145240032.1969                                17 4.14800E-03 5.29700E-02
n-V051-MT151-Garg-145240033.1969                                17 4.14800E-03 5.29700E-02
n-V051-MT151-Garg-145240042.1969                                 2 6.00000E-02 6.00000E-02
n-V051-MT151-Marshak-116400041.1957                              9 4.10000E-03 8.71000E-02
n-V051-MT151-Marshak-116400042.1957                              9 4.10000E-03 8.71000E-02
n-V051-MT151-Marshak-116400043.1957                              5 4.10000E-03 8.71000E-02
n-V051-MT151-Miller-11007017.1959                                1 6.50000E-03 6.50000E-03
n-V051-MT151-Miller-11007017A001.1959                            1 6.50000E-03 6.50000E-03
n-V051-MT151-Morgenstern-206840071.1969                         34 2.94400E-02 1.30300E-01
n-V051-MT151-Morgenstern-206840072.1969                         13 2.94400E-02 1.17500E-01
n-V051-MT151-Morgenstern-206840073.1969                         16 2.94400E-02 1.17500E-01
n-V051-MT151-Morgenstern-206840074.1969                         34 2.94400E-02 1.30300E-01
n-V051-MT151-Morgenstern-206840075.1969                         13 2.94400E-02 1.17500E-01
n-V051-MT151-Morgenstern-20684009.1969                           2 6.50000E-02 6.50000E-02
n-V051-MT151-Moxon-215420021.1961                                7 4.15000E-03 3.06500E-02
n-V051-MT151-Moxon-215420022.1961                                7 4.15000E-03 3.06500E-02
n-V051-MT151-Moxon-215420023.1961                                7 4.15000E-03 3.06500E-02
n-V051-MT151-Moxon-225970021.1970                                6 4.16200E-03 1.62000E-02
n-V051-MT151-Moxon-225970022.1970                                4 4.16200E-03 1.62000E-02
n-V051-MT151-Moxon-225970023.1970                                4 4.16200E-03 1.62000E-02
n-V051-MT151-Moxon-225970024.1970                                4 4.16200E-03 1.62000E-02
n-V051-MT151-Rohr-20152003.1967                                 21 2.16500E-02 1.52900E-01
n-V051-MT151-Rohr-20152006.1967                                 21 2.16500E-02 1.52900E-01
n-V051-MT151-Rohr-20152007.1967                                  1 8.00000E-02 8.00000E-02
n-V051-MT151-Rohr-20152008.1967                                  2 8.00000E-02 8.00000E-02
n-V051-MT151-Seth-11665002.1964                                  1 3.26500E-01 3.26500E-01
n-V051-MT151-Stieglitz-100740251.1971                           17 4.16000E-03 8.76000E-02
n-V051-MT151-Stieglitz-100740251A001.1971                       17 4.16000E-03 8.76000E-02
n-V051-MT151-Stieglitz-100740252.1971                           17 4.16000E-03 8.76000E-02
n-V051-MT151-Stieglitz-100740252A001.1971                       17 4.16000E-03 8.76000E-02
n-V051-MT151-Stieglitz-100740253.1971                            6 4.16000E-03 3.96300E-02
n-V051-MT151-Stieglitz-100740253A001.1971                        6 4.16000E-03 3.96300E-02
n-V051-MT151-Stieglitz-100740254.1971                           17 4.16000E-03 8.76000E-02
n-V051-MT151-Stieglitz-100740254A001.1971                       17 4.16000E-03 8.76000E-02
n-V051-MT151-Stieglitz-100740281.1971                           20 4.39000E-03 4.86000E-02
n-V051-MT151-Stieglitz-100740281A001.1971                       20 4.39000E-03 4.86000E-02
n-V051-MT151-Stieglitz-10074034.1971                             1 4.40000E-02 4.40000E-02
n-V051-MT151-Stieglitz-10074034A001.1971                         1 4.40000E-02 4.40000E-02
n-V051-MT151-Stieglitz-10074040.1971                             1 2.30000E-02 2.30000E-02
n-V051-MT151-Stieglitz-10074040A001.1971                         1 2.30000E-02 2.30000E-02
n-V051-MT151-Winters-108130031.1978                             28 4.14800E-03 4.47000E-02
n-V051-MT151-Winters-108130031A001.1978                         28 4.14800E-03 4.47000E-02
n-V051-MT151-Winters-108130033.1978                             11 7.03000E-03 4.23600E-02
n-V051-MT151-Winters-108130033A001.1978                         11 7.03000E-03 4.23600E-02
n-V051-MT151-Winters-108130034.1978                             14 4.14800E-03 4.47000E-02
n-V051-MT151-Winters-108130034A001.1978                         14 4.14800E-03 4.47000E-02
n-V051-MT151-Winters-108130041.1978                             39 4.59000E-02 1.03700E-01
n-V051-MT151-Winters-108130041A001.1978                         39 4.59000E-02 1.03700E-01
n-V051-MT151-Winters-108130043.1978                             13 4.80600E-02 9.50200E-02
n-V051-MT151-Winters-108130043A001.1978                         13 4.80600E-02 9.50200E-02
n-V051-MT151-Winters-108130044.1978                              6 6.11100E-02 1.03700E-01
n-V051-MT151-Winters-108130044A001.1978                          6 6.11100E-02 1.03700E-01
n-V051-MT151-Winters-108130045.1978                             17 4.59000E-02 1.03700E-01
n-V051-MT151-Winters-108130045A001.1978                         17 4.59000E-02 1.03700E-01
n-V051-MT151-Winters-108130051.1978                             24 1.06930E-01 1.30700E-01
n-V051-MT151-Winters-108130051A001.1978                         24 1.06930E-01 1.30700E-01
n-V051-MT151-Winters-108130053.1978                              5 1.10320E-01 1.30700E-01
n-V051-MT151-Winters-108130053A001.1978                          5 1.10320E-01 1.30700E-01
n-V051-MT151-Winters-108130054.1978                              3 1.12940E-01 1.30700E-01
n-V051-MT151-Winters-108130054A001.1978                          3 1.12940E-01 1.30700E-01
n-V051-MT151-Winters-108130055.1978                              7 1.10320E-01 1.30700E-01
n-V051-MT151-Winters-108130055A001.1978                          7 1.10320E-01 1.30700E-01
n-V051-MT151-Winters-108130061.1978                             49 1.32880E-01 2.12200E-01
n-V051-MT151-Winters-108130061A001.1978                         49 1.32880E-01 2.12200E-01
n-V051-MT151-Winters-108130063.1978                             19 1.32880E-01 2.12200E-01
n-V051-MT151-Winters-108130063A001.1978                         19 1.32880E-01 2.12200E-01
n-V051-MT151-Winters-108130064.1978                             15 1.34980E-01 2.12200E-01
n-V051-MT151-Winters-108130064A001.1978                         15 1.34980E-01 2.12200E-01
