#              Filename                                         N    min         max     
d-Ti000-rp021046-Gagnon-C1801004.2010                           17 2.96000E+00 8.98000E+00
d-Ti000-rp021046-Lebeda-D0777012.2015                           15 4.50000E+00 1.90400E+01
d-Ti000-rp021046-Jung-D40580392.1991                             2 8.40000E+00 1.36000E+01
d-Ti000-rp021046-Hermanne-D40820022.2000                        40 7.20000E+00 4.92000E+01
d-Ti000-rp021046-Takacs-D4168005.2007                           14 3.52000E+00 9.95000E+00
d-Ti000-rp021046-Hermanne-D4310016.2014                         12 6.40000E+00 1.99000E+01
d-Ti000-rp021046-Hermanne-D4310017.2014                         17 6.50000E+00 2.09000E+01
d-Ti000-rp021046-Hermanne-D4310018.2014                         20 4.70000E+00 2.08000E+01
d-Ti000-rp021046-Hermanne-D4310019.2014                         15 4.20000E+00 2.02000E+01
d-Ti000-rp021046-Hermanne-D4310020.2014                         14 4.00000E+00 2.05000E+01
d-Ti000-rp021046-Hermanne-D4310021.2014                         10 8.90000E+00 1.98000E+01
d-Ti000-rp021046-Hermanne-D4310022.2014                         16 1.00000E-01 1.96000E+01
d-Ti000-rp021046-Hermanne-D4310023.2014                         12 5.00000E-01 1.95000E+01
d-Ti000-rp021046-Hermanne-D4310024.2014                         16 4.00000E-01 1.99000E+01
d-Ti000-rp021046-Hermanne-D4310025.2014                         18 1.50000E+00 2.01000E+01
d-Ti000-rp021046-Hermanne-D4310026.2014                          8 3.60000E+00 1.91000E+01
d-Ti000-rp021046-Hermanne-D4310027.2014                         13 2.09000E+01 4.84000E+01
d-Ti000-rp021046-Hermanne-D4310028.2014                         12 3.60000E+00 2.03000E+01
d-Ti000-rp021046-Hermanne-D4310029.2014                         16 4.00000E+00 2.01000E+01
d-Ti000-rp021046-Hermanne-D4310030.2014                         37 4.20000E+00 4.80000E+01
d-Ti000-rp021046-Hermanne-D4310031.2014                         24 4.10000E+00 4.98000E+01
d-Ti000-rp021046-Khandaker-E2404006.2013                        12 2.70000E+00 2.34400E+01
d-Ti000-rp021046-Khandaker-E2462006.2014                        13 3.07000E+00 2.35600E+01
d-Ti000-rp021046-Duchemin-O2265003.2015                         45 6.20000E+00 3.34400E+01
