#              Filename                                         N    min         max
n-Dy000-MT001-Abdelkawi-30467006.1972                          126 2.21400E-09 7.87300E-07
n-Dy000-MT001-Brunner-21025002.1967                            348 1.50500E-08 2.51200E-06
n-Dy000-MT001-Carter-11897005.1955                             256 2.41000E-06 4.30000E-05
n-Dy000-MT001-Child-13045013.1968                                1 7.01303E-08 7.01303E-08
n-Dy000-MT001-Cho-22725002.2000                                309 2.00000E-09 1.00000E-01
n-Dy000-MT001-Dilg-20583020.1972                                 1 2.70000E-03 2.70000E-03
n-Dy000-MT001-Egelstaff-21037007.1955                           47 1.44000E-04 3.60000E-02
n-Dy000-MT001-Fosterjr-10047070.1971                           249 2.29100E+00 1.48100E+01
n-Dy000-MT001-Fosterjr-10047070A001.1971                       249 2.29100E+00 1.48100E+01
n-Dy000-MT001-Gayther-21038007.1957                             17 7.97000E-04 2.39000E-02
n-Dy000-MT001-Hussain-30353002.1974                             32 3.98000E+00 5.90000E+00
n-Dy000-MT001-Hussain-30353003.1974                             34 1.62100E+01 1.91200E+01
n-Dy000-MT001-Kellie-20418008.1974                             646 7.00340E-01 9.06480E+00
n-Dy000-MT001-Kim-31530002.2003                                129 2.47000E-08 9.89426E-05
n-Dy000-MT001-Knorr-21498004.1970                                7 2.57000E-10 3.20700E-09
n-Dy000-MT001-Moore-12083002.1961                               75 5.30000E-10 4.00000E-07
n-Dy000-MT001-Ohno-23384005.1965                                36 6.07000E-10 4.93300E-08
n-Dy000-MT001-Okamoto-20276002.1964                             35 6.30000E-10 2.22000E-08
n-Dy000-MT001-Pineo-10542023.1974                               70 4.18700E-02 6.52200E-01
n-Dy000-MT001-Pineo-10542023A001.1974                           70 4.18700E-02 6.52200E-01
n-Dy000-MT001-Sailor-12110003.1954                              40 3.21000E-07 2.65000E-06
n-Dy000-MT001-Shin-30845002.2014                               633 2.77100E-08 1.02616E-04
n-Dy000-MT001-Stupegia-12125003.1966                           101 1.06000E-02 2.03700E+00
n-Dy000-MT001-Sturm-121360072.1947                               1-1.01000E-06 0.00000E+00
n-Dy000-MT001-Sturm-12668002.1947                               28 8.00000E-08 2.00000E-05
