#              Filename                                         N    min         max
a-Si028-MT801-Adachi-E2635027-ang-E0386.000.2018                12 1.90002E+00 5.69997E+00
a-Si028-MT801-Adachi-E2635038-ang-E0130.000.2018                17 4.00074E-01 1.35000E+01
a-Si028-MT801-Ahlfeld-T0264003-ang-E0018.000.1972              136 2.48000E+01 1.70400E+02
a-Si028-MT801-Blatchley-T0230004-ang-E0022.500.1965             62 1.60000E+01 1.69000E+02
a-Si028-MT801-Bobrowska-F0591006-ang-E0022.670.1974              1 1.75000E+02 1.79000E+02
a-Si028-MT801-Bobrowska-F0591006-ang-E0022.677.1974              1 1.70000E+02 1.79000E+02
a-Si028-MT801-Bobrowska-F0591006-ang-E0022.694.1974              1 1.70000E+02 1.70000E+02
a-Si028-MT801-Bobrowska-F0591007-ang-E0022.671.1974              1 1.70000E+02 1.79000E+02
a-Si028-MT801-Bobrowska-F0591007-ang-E0022.672.1974              1 1.75000E+02 1.79000E+02
a-Si028-MT801-Bobrowska-F0591007-ang-E0022.741.1974              1 1.75000E+02 1.79000E+02
a-Si028-MT801-Bobrowska-F0591007-ang-E0023.053.1974              1 1.70000E+02 1.79000E+02
a-Si028-MT801-Bobrowska-F0591007-ang-E0023.076.1974              1 1.70000E+02 1.75000E+02
a-Si028-MT801-Bobrowska-F0591007-ang-E0023.132.1974              1 1.75000E+02 1.79000E+02
a-Si028-MT801-Bobrowska-F0591007-ang-E0023.221.1974              1 1.70000E+02 1.79000E+02
a-Si028-MT801-Bobrowska-F0591007-ang-E0023.290.1974              1 1.70000E+02 1.75000E+02
a-Si028-MT801-Bobrowska-F0591007-ang-E0023.333.1974              1 1.75000E+02 1.79000E+02
a-Si028-MT801-Bobrowska-F0591007-ang-E0023.472.1974              1 1.75000E+02 1.79000E+02
a-Si028-MT801-Bobrowska-F0591007-ang-E0023.539.1974              1 1.75000E+02 1.79000E+02
a-Si028-MT801-Bobrowska-F0591007-ang-E0023.777.1974              1 1.70000E+02 1.79000E+02
a-Si028-MT801-Bobrowska-F0591007-ang-E0023.806.1974              1 1.70000E+02 1.75000E+02
a-Si028-MT801-Bobrowska-F0591007-ang-E0023.828.1974              1 1.75000E+02 1.79000E+02
a-Si028-MT801-Bobrowska-F0591007-ang-E0023.953.1974              1 1.70000E+02 1.79000E+02
a-Si028-MT801-Bobrowska-F0591007-ang-E0024.011.1974              1 1.70000E+02 1.75000E+02
a-Si028-MT801-Bobrowska-F0591007-ang-E0024.034.1974              1 1.75000E+02 1.79000E+02
a-Si028-MT801-Bobrowska-F0591007-ang-E0024.156.1974              1 1.75000E+02 1.79000E+02
a-Si028-MT801-Bobrowska-F0591007-ang-E0024.209.1974              1 1.70000E+02 1.75000E+02
a-Si028-MT801-Bobrowska-F0591007-ang-E0024.259.1974              1 1.70000E+02 1.79000E+02
a-Si028-MT801-Bobrowska-F0591007-ang-E0024.439.1974              1 1.75000E+02 1.79000E+02
a-Si028-MT801-Bobrowska-F0591007-ang-E0024.519.1974              1 1.70000E+02 1.75000E+02
a-Si028-MT801-Bobrowska-F0591007-ang-E0024.548.1974              1 1.70000E+02 1.79000E+02
a-Si028-MT801-Bobrowska-F0591007-ang-E0024.671.1974              1 1.75000E+02 1.79000E+02
a-Si028-MT801-Bobrowska-F0591007-ang-E0024.690.1974              1 1.70000E+02 1.75000E+02
a-Si028-MT801-Bobrowska-F0591007-ang-E0024.738.1974              1 1.70000E+02 1.75000E+02
a-Si028-MT801-Bobrowska-F0591007-ang-E0024.975.1974              2 1.70000E+02 1.79000E+02
a-Si028-MT801-Bobrowska-F0591007-ang-E0025.093.1974              1 1.70000E+02 1.79000E+02
a-Si028-MT801-Bobrowska-F0591007-ang-E0025.206.1974              1 1.75000E+02 1.79000E+02
a-Si028-MT801-Bobrowska-F0591007-ang-E0025.207.1974              1 1.70000E+02 1.75000E+02
a-Si028-MT801-Bobrowska-F0591007-ang-E0025.258.1974              1 1.70000E+02 1.79000E+02
a-Si028-MT801-Bobrowska-F0591007-ang-E0025.470.1974              1 1.75000E+02 1.79000E+02
a-Si028-MT801-Bobrowska-F0591007-ang-E0025.472.1974              1 1.70000E+02 1.75000E+02
a-Si028-MT801-Bobrowska-F0591007-ang-E0025.516.1974              1 1.70000E+02 1.70000E+02
a-Si028-MT801-Bodek-F0597003-ang-E0024.000.1982                214 3.39000E+01 1.72900E+02
a-Si028-MT801-Brenner-C0791003-ang-E0014.300.2000             2034 1.50000E+02 1.73400E+02
a-Si028-MT801-Burtebaev-D0925021-ang-E0050.500.1988            100 3.02000E+01 1.70100E+02
a-Si028-MT801-Chyla-D0875003-ang-E0026.500.1970                120 1.76000E+01 1.77500E+02
a-Si028-MT801-De-D0379003-ang-E0040.000.1989                    30 4.06000E+01 1.71900E+02
a-Si028-MT801-De-D0379003-ang-E0050.000.1989                    20 4.38000E+01 1.27100E+02
a-Si028-MT801-Fulmer-O1575011-ang-E0041.000.1978                40 4.95000E+01 1.50000E+02
a-Si028-MT801-Galanina-A0861003-ang-E0030.300.2010             161 2.01000E+01 1.60600E+02
a-Si028-MT801-Gonchar-F0668005-ang-E0039.000.1969               40 5.12000E+01 9.12000E+01
a-Si028-MT801-Grzeszczuk-F0596003-ang-E0026.300.1994            13 1.62100E+02 1.74000E+02
a-Si028-MT801-Grzeszczuk-F0596003-ang-E0026.600.1994            13 1.62100E+02 1.74100E+02
a-Si028-MT801-Grzeszczuk-F0596003-ang-E0027.000.1994            13 1.62000E+02 1.74000E+02
a-Si028-MT801-Grzeszczuk-F0596003-ang-E0027.600.1994            13 1.62000E+02 1.74000E+02
a-Si028-MT801-Grzeszczuk-F0596003-ang-E0028.000.1994            13 1.62400E+02 1.73900E+02
a-Si028-MT801-Ignatenko-F1344003-ang-E0025.000.1992            144 1.93000E+01 1.63400E+02
a-Si028-MT801-Jankowski-F0655004-ang-E0026.000.1984             86 2.43100E+01 1.74050E+02
a-Si028-MT801-Jarczyk-F0595003-ang-E0024.000.1976               58 2.43000E+01 1.76000E+02
a-Si028-MT801-Jarczyk-F0595003-ang-E0025.000.1976               57 2.39000E+01 1.77100E+02
a-Si028-MT801-Jarczyk-F0595003-ang-E0026.000.1976               57 2.39000E+01 1.76800E+02
a-Si028-MT801-Jarczyk-F0595003-ang-E0027.000.1976               54 2.45000E+01 1.77900E+02
a-Si028-MT801-Jarczyk-F0595003-ang-E0028.000.1976               60 2.45000E+01 1.76800E+02
a-Si028-MT801-Kokame-E2246020-ang-E0028.300.1965                29 1.28000E+01 8.04000E+01
a-Si028-MT801-Kokame-E2246021-ang-E0028.300.1965                25 2.26000E+01 8.31000E+01
a-Si028-MT801-Kokame-E2246023-ang-E0028.300.1965                22 1.53000E+01 6.85000E+01
a-Si028-MT801-Obst-T0269003-ang-E0020.900.1972                   3 2.99000E+01 1.57900E+02
a-Si028-MT801-Obst-T0269003-ang-E0020.910.1972                   3 2.99000E+01 1.70400E+02
a-Si028-MT801-Obst-T0269003-ang-E0021.010.1972                   1 4.25000E+01 1.53100E+02
a-Si028-MT801-Obst-T0269003-ang-E0021.030.1972                   1 1.30600E+02 1.53100E+02
a-Si028-MT801-Obst-T0269003-ang-E0021.040.1972                   1 2.99000E+01 1.30600E+02
a-Si028-MT801-Obst-T0269003-ang-E0021.050.1972                   3 2.99000E+01 1.57900E+02
a-Si028-MT801-Obst-T0269003-ang-E0021.060.1972                   2 2.99000E+01 1.70400E+02
a-Si028-MT801-Obst-T0269003-ang-E0021.150.1972                   3 2.99000E+01 1.53100E+02
a-Si028-MT801-Obst-T0269003-ang-E0021.160.1972                   1 1.53100E+02 1.57900E+02
a-Si028-MT801-Obst-T0269003-ang-E0021.170.1972                   2 2.99000E+01 1.70400E+02
a-Si028-MT801-Obst-T0269003-ang-E0021.280.1972                   3 2.99000E+01 1.30600E+02
a-Si028-MT801-Obst-T0269003-ang-E0021.290.1972                   1 4.25000E+01 1.53100E+02
a-Si028-MT801-Obst-T0269003-ang-E0021.300.1972                   2 1.53100E+02 1.70400E+02
a-Si028-MT801-Obst-T0269003-ang-E0021.310.1972                   1 8.01000E+01 1.57900E+02
a-Si028-MT801-Obst-T0269003-ang-E0021.380.1972                   1 2.99000E+01 8.01000E+01
a-Si028-MT801-Obst-T0269003-ang-E0021.390.1972                   2 2.99000E+01 1.30600E+02
a-Si028-MT801-Obst-T0269003-ang-E0021.400.1972                   1 1.30600E+02 1.53100E+02
a-Si028-MT801-Obst-T0269003-ang-E0021.410.1972                   2 1.53100E+02 1.70400E+02
a-Si028-MT801-Obst-T0269003-ang-E0021.430.1972                   1 6.01000E+01 1.70400E+02
a-Si028-MT801-Obst-T0269003-ang-E0021.520.1972                   1 4.25000E+01 6.01000E+01
a-Si028-MT801-Obst-T0269003-ang-E0021.540.1972                   1 4.25000E+01 8.01000E+01
a-Si028-MT801-Obst-T0269003-ang-E0021.550.1972                   3 8.01000E+01 1.70400E+02
a-Si028-MT801-Obst-T0269003-ang-E0021.560.1972                   2 6.01000E+01 1.57900E+02
a-Si028-MT801-Obst-T0269003-ang-E0021.640.1972                   1 4.25000E+01 6.01000E+01
a-Si028-MT801-Obst-T0269003-ang-E0021.650.1972                   1 2.99000E+01 4.25000E+01
a-Si028-MT801-Obst-T0269003-ang-E0021.660.1972                   2 2.99000E+01 1.53100E+02
a-Si028-MT801-Obst-T0269003-ang-E0021.670.1972                   1 1.53100E+02 1.57900E+02
a-Si028-MT801-Obst-T0269003-ang-E0021.680.1972                   1 1.57900E+02 1.70400E+02
a-Si028-MT801-Obst-T0269003-ang-E0021.690.1972                   1 1.30600E+02 1.70400E+02
a-Si028-MT801-Obst-T0269003-ang-E0021.700.1972                   1 4.25000E+01 1.30600E+02
a-Si028-MT801-Obst-T0269003-ang-E0021.770.1972                   1 4.25000E+01 8.01000E+01
a-Si028-MT801-Obst-T0269003-ang-E0021.790.1972                   1 8.01000E+01 1.30600E+02
a-Si028-MT801-Obst-T0269003-ang-E0021.810.1972                   2 1.30600E+02 1.57900E+02
a-Si028-MT801-Obst-T0269003-ang-E0021.820.1972                   2 2.99000E+01 1.70400E+02
a-Si028-MT801-Obst-T0269003-ang-E0021.900.1972                   4 2.99000E+01 1.57900E+02
a-Si028-MT801-Obst-T0269003-ang-E0021.910.1972                   1 8.01000E+01 1.30600E+02
a-Si028-MT801-Obst-T0269003-ang-E0021.920.1972                   1 1.30600E+02 1.53100E+02
a-Si028-MT801-Obst-T0269003-ang-E0021.930.1972                   1 1.53100E+02 1.70400E+02
a-Si028-MT801-Obst-T0269003-ang-E0021.940.1972                   1 4.25000E+01 1.70400E+02
a-Si028-MT801-Obst-T0269003-ang-E0022.010.1972                   1 2.99000E+01 4.25000E+01
a-Si028-MT801-Obst-T0269003-ang-E0022.020.1972                   1 2.99000E+01 8.01000E+01
a-Si028-MT801-Obst-T0269003-ang-E0022.030.1972                   3 8.01000E+01 1.57900E+02
a-Si028-MT801-Obst-T0269003-ang-E0022.040.1972                   1 1.53100E+02 1.70400E+02
a-Si028-MT801-Obst-T0269003-ang-E0022.050.1972                   1 4.25000E+01 1.70400E+02
a-Si028-MT801-Obst-T0269003-ang-E0022.150.1972                   1 2.99000E+01 4.25000E+01
a-Si028-MT801-Obst-T0269003-ang-E0022.160.1972                   3 2.99000E+01 1.53100E+02
a-Si028-MT801-Obst-T0269003-ang-E0022.170.1972                   2 1.53100E+02 1.70400E+02
a-Si028-MT801-Obst-T0269003-ang-E0022.180.1972                   1 8.01000E+01 1.57900E+02
a-Si028-MT801-Obst-T0269003-ang-E0022.190.1972                   1 6.01000E+01 8.01000E+01
a-Si028-MT801-Obst-T0269003-ang-E0022.250.1972                   1 4.25000E+01 6.01000E+01
a-Si028-MT801-Obst-T0269003-ang-E0022.260.1972                   1 4.25000E+01 8.01000E+01
a-Si028-MT801-Obst-T0269003-ang-E0022.280.1972                   1 8.01000E+01 1.30600E+02
a-Si028-MT801-Obst-T0269003-ang-E0022.300.1972                   3 1.30600E+02 1.70400E+02
a-Si028-MT801-Obst-T0269003-ang-E0022.310.1972                   1 4.25000E+01 1.70400E+02
a-Si028-MT801-Obst-T0269003-ang-E0022.400.1972                   2 2.99000E+01 6.01000E+01
a-Si028-MT801-Obst-T0269003-ang-E0022.420.1972                   3 2.99000E+01 1.53100E+02
a-Si028-MT801-Obst-T0269003-ang-E0022.440.1972                   3 6.01000E+01 1.70400E+02
a-Si028-MT801-Obst-T0269003-ang-E0022.500.1972                   1 4.25000E+01 6.01000E+01
a-Si028-MT801-Obst-T0269003-ang-E0022.510.1972                   1 4.25000E+01 1.53100E+02
a-Si028-MT801-Obst-T0269003-ang-E0022.530.1972                   1 8.01000E+01 1.53100E+02
a-Si028-MT801-Obst-T0269003-ang-E0022.540.1972                   2 8.01000E+01 1.57900E+02
a-Si028-MT801-Obst-T0269003-ang-E0022.560.1972                   2 4.25000E+01 1.70400E+02
a-Si028-MT801-Obst-T0269003-ang-E0022.650.1972                   1 2.99000E+01 4.25000E+01
a-Si028-MT801-Obst-T0269003-ang-E0022.660.1972                   2 2.99000E+01 8.01000E+01
a-Si028-MT801-Obst-T0269003-ang-E0022.680.1972                   2 8.01000E+01 1.53100E+02
a-Si028-MT801-Obst-T0269003-ang-E0022.690.1972                   1 1.53100E+02 1.57900E+02
a-Si028-MT801-Obst-T0269003-ang-E0022.700.1972                   1 1.57900E+02 1.70400E+02
a-Si028-MT801-Obst-T0269003-ang-E0022.710.1972                   1 6.01000E+01 1.70400E+02
a-Si028-MT801-Obst-T0269003-ang-E0022.760.1972                   1 4.25000E+01 6.01000E+01
a-Si028-MT801-Obst-T0269003-ang-E0022.770.1972                   1 4.25000E+01 8.01000E+01
a-Si028-MT801-Obst-T0269003-ang-E0022.790.1972                   1 8.01000E+01 1.30600E+02
a-Si028-MT801-Obst-T0269003-ang-E0022.800.1972                   2 1.30600E+02 1.70400E+02
a-Si028-MT801-Obst-T0269003-ang-E0022.810.1972                   1 1.57900E+02 1.70400E+02
a-Si028-MT801-Obst-T0269003-ang-E0022.820.1972                   1 6.01000E+01 1.57900E+02
a-Si028-MT801-Obst-T0269003-ang-E0022.900.1972                   1 4.25000E+01 6.01000E+01
a-Si028-MT801-Obst-T0269003-ang-E0022.910.1972                   1 2.99000E+01 4.25000E+01
a-Si028-MT801-Obst-T0269003-ang-E0022.920.1972                   3 2.99000E+01 1.57900E+02
a-Si028-MT801-Obst-T0269003-ang-E0022.940.1972                   1 1.53100E+02 1.57900E+02
a-Si028-MT801-Obst-T0269003-ang-E0022.950.1972                   2 4.25000E+01 1.70400E+02
a-Si028-MT801-Obst-T0269003-ang-E0023.020.1972                   3 2.99000E+01 8.01000E+01
a-Si028-MT801-Obst-T0269003-ang-E0023.030.1972                   1 2.99000E+01 1.30600E+02
a-Si028-MT801-Obst-T0269003-ang-E0023.060.1972                   3 1.30600E+02 1.70400E+02
a-Si028-MT801-Obst-T0269003-ang-E0023.070.1972                   1 4.25000E+01 1.70400E+02
a-Si028-MT801-Obst-T0269003-ang-E0023.110.1972                   1 2.99000E+01 4.25000E+01
a-Si028-MT801-Obst-T0269003-ang-E0023.130.1972                   3 2.99000E+01 1.30600E+02
a-Si028-MT801-Obst-T0269003-ang-E0023.140.1972                   1 1.30600E+02 1.53100E+02
a-Si028-MT801-Obst-T0269003-ang-E0023.150.1972                   2 1.53100E+02 1.70400E+02
a-Si028-MT801-Obst-T0269003-ang-E0023.170.1972                   1 4.25000E+01 1.70400E+02
a-Si028-MT801-Obst-T0269003-ang-E0023.260.1972                   1 4.25000E+01 6.01000E+01
a-Si028-MT801-Obst-T0269003-ang-E0023.270.1972                   1 2.99000E+01 6.01000E+01
a-Si028-MT801-Obst-T0269003-ang-E0023.280.1972                   2 2.99000E+01 1.30600E+02
a-Si028-MT801-Obst-T0269003-ang-E0023.290.1972                   1 8.01000E+01 1.57900E+02
a-Si028-MT801-Obst-T0269003-ang-E0023.300.1972                   1 1.53100E+02 1.57900E+02
a-Si028-MT801-Obst-T0269003-ang-E0023.310.1972                   1 1.53100E+02 1.70400E+02
a-Si028-MT801-Obst-T0269003-ang-E0023.340.1972                   1 6.01000E+01 1.70400E+02
a-Si028-MT801-Obst-T0269003-ang-E0023.380.1972                   1 2.99000E+01 6.01000E+01
a-Si028-MT801-Obst-T0269003-ang-E0023.400.1972                   4 2.99000E+01 1.53100E+02
a-Si028-MT801-Obst-T0269003-ang-E0023.410.1972                   1 1.30600E+02 1.57900E+02
a-Si028-MT801-Obst-T0269003-ang-E0023.430.1972                   1 1.57900E+02 1.70400E+02
a-Si028-MT801-Obst-T0269003-ang-E0023.450.1972                   1 4.25000E+01 1.70400E+02
a-Si028-MT801-Obst-T0269003-ang-E0023.520.1972                   2 2.99000E+01 6.01000E+01
a-Si028-MT801-Obst-T0269003-ang-E0023.540.1972                   2 2.99000E+01 1.30600E+02
a-Si028-MT801-Obst-T0269003-ang-E0023.560.1972                   3 1.30600E+02 1.70400E+02
a-Si028-MT801-Obst-T0269003-ang-E0023.570.1972                   1 4.25000E+01 1.57900E+02
a-Si028-MT801-Obst-T0269003-ang-E0023.630.1972                   1 2.99000E+01 4.25000E+01
a-Si028-MT801-Obst-T0269003-ang-E0023.640.1972                   2 2.99000E+01 8.01000E+01
a-Si028-MT801-Obst-T0269003-ang-E0023.660.1972                   2 8.01000E+01 1.53100E+02
a-Si028-MT801-Obst-T0269003-ang-E0023.670.1972                   1 1.53100E+02 1.57900E+02
a-Si028-MT801-Obst-T0269003-ang-E0023.680.1972                   1 1.57900E+02 1.70400E+02
a-Si028-MT801-Obst-T0269003-ang-E0023.690.1972                   1 4.25000E+01 1.70400E+02
a-Si028-MT801-Obst-T0269003-ang-E0023.790.1972                   1 2.99000E+01 4.25000E+01
a-Si028-MT801-Obst-T0269003-ang-E0023.800.1972                   2 2.99000E+01 8.01000E+01
a-Si028-MT801-Obst-T0269003-ang-E0023.810.1972                   3 8.01000E+01 1.57900E+02
a-Si028-MT801-Obst-T0269003-ang-E0023.830.1972                   1 1.57900E+02 1.70400E+02
a-Si028-MT801-Obst-T0269003-ang-E0023.850.1972                   1 6.01000E+01 1.70400E+02
a-Si028-MT801-Obst-T0269003-ang-E0023.880.1972                   1 4.25000E+01 6.01000E+01
a-Si028-MT801-Obst-T0269003-ang-E0023.890.1972                   1 4.25000E+01 8.01000E+01
a-Si028-MT801-Obst-T0269003-ang-E0023.900.1972                   1 2.99000E+01 8.01000E+01
a-Si028-MT801-Obst-T0269003-ang-E0023.910.1972                   3 2.99000E+01 1.57900E+02
a-Si028-MT801-Obst-T0269003-ang-E0023.920.1972                   1 1.57900E+02 1.70400E+02
a-Si028-MT801-Obst-T0269003-ang-E0023.950.1972                   1 4.25000E+01 1.70400E+02
a-Si028-MT801-Obst-T0269003-ang-E0024.030.1972                   2 2.99000E+01 8.01000E+01
a-Si028-MT801-Obst-T0269003-ang-E0024.040.1972                   2 2.99000E+01 1.30600E+02
a-Si028-MT801-Obst-T0269003-ang-E0024.050.1972                   1 1.30600E+02 1.53100E+02
a-Si028-MT801-Obst-T0269003-ang-E0024.060.1972                   1 1.53100E+02 1.57900E+02
a-Si028-MT801-Obst-T0269003-ang-E0024.070.1972                   1 1.57900E+02 1.70400E+02
a-Si028-MT801-Obst-T0269003-ang-E0024.080.1972                   1 4.25000E+01 1.70400E+02
a-Si028-MT801-Obst-T0269003-ang-E0024.140.1972                   2 2.99000E+01 6.01000E+01
a-Si028-MT801-Obst-T0269003-ang-E0024.150.1972                   3 2.99000E+01 1.53100E+02
a-Si028-MT801-Obst-T0269003-ang-E0024.160.1972                   2 1.53100E+02 1.70400E+02
a-Si028-MT801-Obst-T0269003-ang-E0024.180.1972                   1 4.25000E+01 1.70400E+02
a-Si028-MT801-Obst-T0269003-ang-E0024.270.1972                   1 4.25000E+01 6.01000E+01
a-Si028-MT801-Obst-T0269003-ang-E0024.280.1972                   1 2.99000E+01 6.01000E+01
a-Si028-MT801-Obst-T0269003-ang-E0024.290.1972                   2 2.99000E+01 1.30600E+02
a-Si028-MT801-Obst-T0269003-ang-E0024.300.1972                   1 1.30600E+02 1.53100E+02
a-Si028-MT801-Obst-T0269003-ang-E0024.310.1972                   1 1.53100E+02 1.57900E+02
a-Si028-MT801-Obst-T0269003-ang-E0024.330.1972                   2 4.25000E+01 1.70400E+02
a-Si028-MT801-Obst-T0269003-ang-E0024.390.1972                   2 2.99000E+01 6.01000E+01
a-Si028-MT801-Obst-T0269003-ang-E0024.410.1972                   2 2.99000E+01 1.30600E+02
a-Si028-MT801-Obst-T0269003-ang-E0024.420.1972                   1 1.30600E+02 1.53100E+02
a-Si028-MT801-Obst-T0269003-ang-E0024.440.1972                   2 1.53100E+02 1.70400E+02
a-Si028-MT801-Obst-T0269003-ang-E0024.450.1972                   1 8.01000E+01 1.70400E+02
a-Si028-MT801-Obst-T0269003-ang-E0024.500.1972                   1 4.25000E+01 8.01000E+01
a-Si028-MT801-Obst-T0269003-ang-E0024.510.1972                   2 2.99000E+01 6.01000E+01
a-Si028-MT801-Obst-T0269003-ang-E0024.520.1972                   1 2.99000E+01 1.30600E+02
a-Si028-MT801-Obst-T0269003-ang-E0024.530.1972                   1 1.30600E+02 1.53100E+02
a-Si028-MT801-Obst-T0269003-ang-E0024.540.1972                   1 1.53100E+02 1.57900E+02
a-Si028-MT801-Obst-T0269003-ang-E0024.560.1972                   1 1.57900E+02 1.70400E+02
a-Si028-MT801-Obst-T0269003-ang-E0024.580.1972                   1 1.30600E+02 1.70400E+02
a-Si028-MT801-Obst-T0269003-ang-E0024.650.1972                   2 2.99000E+01 1.53100E+02
a-Si028-MT801-Obst-T0269003-ang-E0024.660.1972                   2 2.99000E+01 6.01000E+01
a-Si028-MT801-Obst-T0269003-ang-E0024.670.1972                   2 6.01000E+01 1.57900E+02
a-Si028-MT801-Obst-T0269003-ang-E0024.690.1972                   1 1.57900E+02 1.70400E+02
a-Si028-MT801-Obst-T0269003-ang-E0024.740.1972                   1 2.99000E+01 1.70400E+02
a-Si028-MT801-Obst-T0269003-ang-E0024.750.1972                   2 2.99000E+01 6.01000E+01
a-Si028-MT801-Obst-T0269003-ang-E0024.760.1972                   1 4.25000E+01 8.01000E+01
a-Si028-MT801-Obst-T0269003-ang-E0024.770.1972                   1 8.01000E+01 1.30600E+02
a-Si028-MT801-Obst-T0269003-ang-E0024.780.1972                   2 1.30600E+02 1.70400E+02
a-Si028-MT801-Obst-T0269003-ang-E0024.830.1972                   1 2.99000E+01 1.70400E+02
a-Si028-MT801-Obst-T0269003-ang-E0024.900.1972                   3 2.99000E+01 8.01000E+01
a-Si028-MT801-Obst-T0269003-ang-E0024.920.1972                   2 8.01000E+01 1.53100E+02
a-Si028-MT801-Obst-T0269003-ang-E0024.930.1972                   1 1.53100E+02 1.57900E+02
a-Si028-MT801-Obst-T0269003-ang-E0024.950.1972                   1 1.57900E+02 1.70400E+02
a-Si028-MT801-Obst-T0269003-ang-E0024.960.1972                   1 6.01000E+01 1.70400E+02
a-Si028-MT801-Obst-T0269003-ang-E0025.010.1972                   1 2.99000E+01 6.01000E+01
a-Si028-MT801-Obst-T0269003-ang-E0025.020.1972                   2 2.99000E+01 8.01000E+01
a-Si028-MT801-Obst-T0269003-ang-E0025.030.1972                   2 8.01000E+01 1.53100E+02
a-Si028-MT801-Obst-T0269003-ang-E0025.050.1972                   2 1.53100E+02 1.70400E+02
a-Si028-MT801-Obst-T0269003-ang-E0025.090.1972                   1 2.99000E+01 1.70400E+02
a-Si028-MT801-Obst-T0269003-ang-E0025.160.1972                   3 2.99000E+01 1.30600E+02
a-Si028-MT801-Obst-T0269003-ang-E0025.170.1972                   1 1.30600E+02 1.53100E+02
a-Si028-MT801-Obst-T0269003-ang-E0025.180.1972                   2 8.01000E+01 1.57900E+02
a-Si028-MT801-Obst-T0269003-ang-E0025.190.1972                   1 8.01000E+01 1.70400E+02
a-Si028-MT801-Obst-T0269003-ang-E0025.220.1972                   1 2.99000E+01 1.70400E+02
a-Si028-MT801-Obst-T0269003-ang-E0025.260.1972                   2 2.99000E+01 6.01000E+01
a-Si028-MT801-Obst-T0269003-ang-E0025.270.1972                   1 6.01000E+01 8.01000E+01
a-Si028-MT801-Obst-T0269003-ang-E0025.280.1972                   1 8.01000E+01 1.30600E+02
a-Si028-MT801-Obst-T0269003-ang-E0025.290.1972                   1 1.30600E+02 1.53100E+02
a-Si028-MT801-Obst-T0269003-ang-E0025.310.1972                   2 1.53100E+02 1.70400E+02
a-Si028-MT801-Obst-T0269003-ang-E0025.350.1972                   1 4.25000E+01 1.70400E+02
a-Si028-MT801-Obst-T0269003-ang-E0025.400.1972                   2 2.99000E+01 6.01000E+01
a-Si028-MT801-Obst-T0269003-ang-E0025.420.1972                   1 2.99000E+01 1.30600E+02
a-Si028-MT801-Obst-T0269003-ang-E0025.430.1972                   2 8.01000E+01 1.53100E+02
a-Si028-MT801-Obst-T0269003-ang-E0025.440.1972                   1 8.01000E+01 1.57900E+02
a-Si028-MT801-Obst-T0269003-ang-E0025.470.1972                   1 1.57900E+02 1.70400E+02
a-Si028-MT801-Obst-T0269003-ang-E0025.480.1972                   1 4.25000E+01 1.70400E+02
a-Si028-MT801-Obst-T0269003-ang-E0025.510.1972                   1 4.25000E+01 6.01000E+01
a-Si028-MT801-Obst-T0269003-ang-E0025.520.1972                   1 2.99000E+01 6.01000E+01
a-Si028-MT801-Obst-T0269003-ang-E0025.530.1972                   1 2.99000E+01 8.01000E+01
a-Si028-MT801-Obst-T0269003-ang-E0025.540.1972                   1 8.01000E+01 1.30600E+02
a-Si028-MT801-Obst-T0269003-ang-E0025.550.1972                   2 1.30600E+02 1.57900E+02
a-Si028-MT801-Obst-T0269003-ang-E0025.560.1972                   1 1.57900E+02 1.70400E+02
a-Si028-MT801-Obst-T0269003-ang-E0025.590.1972                   1 4.25000E+01 1.70400E+02
a-Si028-MT801-Obst-T0269003-ang-E0025.650.1972                   1 4.25000E+01 6.01000E+01
a-Si028-MT801-Obst-T0269003-ang-E0025.660.1972                   1 2.99000E+01 6.01000E+01
a-Si028-MT801-Obst-T0269003-ang-E0025.680.1972                   2 2.99000E+01 1.30600E+02
a-Si028-MT801-Obst-T0269003-ang-E0025.690.1972                   2 8.01000E+01 8.01000E+01
a-Si028-MT801-Pavlova-D8017007-ang-E0050.500.1990               21 1.49000E+01 3.60000E+01
a-Si028-MT801-Rebel-D0215011-ang-E0104.000.1972                199 4.30002E+00 4.56000E+01
a-Si028-MT801-Roy-D0220003-ang-E0040.000.1992                   48 9.90000E+00 1.72300E+02
a-Si028-MT801-Roy-D0220003-ang-E0045.000.1992                   53 9.90000E+00 1.50800E+02
a-Si028-MT801-Tatischeff-D0217009-ang-E0166.000.1970            21 5.19999E+00 4.83000E+01
a-Si028-MT801-Yonezawa-F0117005-ang-E0006.306.1994             136 1.69000E+02 1.69000E+02
a-Si028-MT801-Youngblood-C1065003-ang-E0240.000.1998            93 9.99951E-01 7.10001E+00
a-Si028-MT801-Youngblood-C1065004-ang-E0240.000.1998            58 1.10003E+00 1.10003E+00
a-Si028-MT801-Youngblood-C1065005-ang-E0240.000.1998            39 9.99951E-01 4.79996E+00
a-Si028-MT801-Youngblood-C1110003-ang-E0240.000.2002           134 2.00008E+00 6.69999E+00
a-Si028-MT801-Zelenskaya-F0673006-ang-E0018.925.1969            21 1.00500E+02 1.00500E+02
