#              Filename                                         N    min         max
d-Co059-MT751-Niwano-E0771003-E0033.300.1982                    15 7.40003E+00 4.54000E+01
d-Co059-MT751-Niwano-E0771004-E0033.300.1982                    15 7.49999E+00 4.54000E+01
d-Co059-MT751-Niwano-E0771005-E0033.300.1982                    15 7.19999E+00 4.50000E+01
d-Co059-MT751-Niwano-E0771006-E0033.300.1982                    15 7.19999E+00 4.51000E+01
d-Co059-MT751-Niwano-E0771007-E0033.300.1982                    15 7.49999E+00 4.55000E+01
d-Co059-MT751-Niwano-E0771008-E0033.300.1982                    14 1.00000E+01 4.54000E+01
d-Co059-MT751-Niwano-E0771009-E0033.300.1982                    15 7.70001E+00 4.64000E+01
d-Co059-MT751-Niwano-E0771010-E0033.300.1982                    15 6.90001E+00 4.51000E+01
d-Co059-MT751-Niwano-E0771011-E0033.300.1982                    15 7.19999E+00 4.57000E+01
d-Co059-MT751-Niwano-E0771012-E0033.300.1982                    15 7.40003E+00 4.57000E+01
d-Co059-MT751-Niwano-E0771013-E0033.300.1982                    15 7.70001E+00 4.57000E+01
d-Co059-MT751-Niwano-E0771014-E0033.300.1982                    15 8.89998E+00 4.67000E+01
d-Co059-MT751-Niwano-E0771015-E0033.300.1982                    15 7.30001E+00 4.59000E+01
d-Co059-MT751-Niwano-E0771016-E0033.300.1982                    15 7.19999E+00 4.56000E+01
d-Co059-MT751-Niwano-E0771017-E0033.300.1982                    13 1.18000E+01 4.48000E+01
d-Co059-MT751-Niwano-E0771018-E0033.300.1982                    10 1.80000E+01 4.29000E+01
d-Co059-MT751-Niwano-E0771019-E0033.300.1982                    11 7.40003E+00 4.25000E+01
d-Co059-MT751-Niwano-E0771020-E0033.300.1982                    14 7.49999E+00 4.58000E+01
d-Co059-MT751-Niwano-E0771021-E0033.300.1982                    13 6.69999E+00 4.49000E+01
d-Co059-MT751-Niwano-E0771022-E0033.300.1982                    13 7.99998E+00 4.56000E+01
d-Co059-MT751-Niwano-E0771023-E0033.300.1982                    13 8.19997E+00 4.61000E+01
d-Co059-MT751-Niwano-E0771024-E0033.300.1982                    13 7.60001E+00 4.56000E+01
d-Co059-MT751-Niwano-E0771025-E0033.300.1982                    12 7.89998E+00 4.57000E+01
d-Co059-MT751-Niwano-E0771026-E0033.300.1982                     8 7.79996E+00 2.53000E+01
