#              Filename                                         N    min         max
n-Nb093-MT004-Habbani-20667016-E0003.290.1976                    2 9.00000E+01 9.00000E+01
n-Nb093-MT004-Hino-21681016-E0005.300.1979                      90 1.25000E+02 1.25000E+02
n-Nb093-MT004-Williams-13003002-E0001.400.1975                 117 5.50000E+01 5.50000E+01
n-Nb093-MT004-Williams-13003003-E0003.500.1975                 141 5.50000E+01 5.50000E+01
n-Nb093-MT004-Williams-13003004-E0001.600.1975                  88 2.50000E+01 9.00000E+01
n-Nb093-MT004-ZhouHongyuu-32509008-E0014.900.1989                7 3.00000E+01 1.40000E+02
n-Nb093-MT004-ZhouHongyuu-32509009-E0014.900.1989                7 3.00000E+01 1.40000E+02
n-Nb093-MT004-ZhouHongyuu-32509011-E0014.900.1989                7 3.00000E+01 1.40000E+02
n-Nb093-MT004-ZhouHongyuu-32509012-E0014.900.1989                7 3.00000E+01 1.40000E+02
n-Nb093-MT004-ZhouHongyuu-32509013-E0014.900.1989                7 3.00000E+01 1.40000E+02
n-Nb093-MT004-ZhouHongyuu-32509015-E0014.900.1989                7 3.00000E+01 1.40000E+02
n-Nb093-MT004-ZhouHongyuu-32509016-E0014.900.1989                7 3.00000E+01 1.40000E+02
n-Nb093-MT004-ZhouHongyuu-32509018-E0014.900.1989                7 3.00000E+01 1.40000E+02
n-Nb093-MT004-ZhouHongyuu-32509019-E0014.900.1989                7 3.00000E+01 1.40000E+02
n-Nb093-MT004-ZhouHongyuu-32509020-E0014.900.1989                7 3.00000E+01 1.40000E+02
n-Nb093-MT004-ZhouHongyuu-32509021-E0014.900.1989                7 3.00000E+01 1.40000E+02
n-Nb093-MT004-ZhouHongyuu-32509022-E0014.900.1989                7 3.00000E+01 1.40000E+02
n-Nb093-MT004-ZhouHongyuu-32509023-E0014.900.1989                7 3.00000E+01 1.40000E+02
n-Nb093-MT004-ZhouHongyuu-32509024-E0014.900.1989                7 3.00000E+01 1.40000E+02
n-Nb093-MT004-ZhouHongyuu-32509025-E0014.900.1989                7 3.00000E+01 1.40000E+02
n-Nb093-MT004-ZhouHongyuu-32509026-E0014.900.1989                7 3.00000E+01 1.40000E+02
n-Nb093-MT004-ZhouHongyuu-32509027-E0014.900.1989                7 3.00000E+01 1.40000E+02
n-Nb093-MT004-ZhouHongyuu-32509028-E0014.900.1989                7 3.00000E+01 1.40000E+02
n-Nb093-MT004-ZhouHongyuu-32509030-E0014.900.1989                7 3.00000E+01 1.40000E+02
n-Nb093-MT004-ZhouHongyuu-32509031-E0014.900.1989                7 3.00000E+01 1.40000E+02
n-Nb093-MT004-ZhouHongyuu-32509033-E0014.900.1989                7 3.00000E+01 1.40000E+02
n-Nb093-MT004-ZhouHongyuu-32509035-E0014.900.1989                7 3.00000E+01 1.40000E+02
n-Nb093-MT004-ZhouHongyuu-32509038-E0014.900.1989                7 3.00000E+01 1.40000E+02
n-Nb093-MT004-ZhouHongyuu-32509039-E0014.900.1989                7 3.00000E+01 1.40000E+02
n-Nb093-MT004-ZhouHongyuu-32509040-E0014.900.1989                7 3.00000E+01 1.40000E+02
n-Nb093-MT004-ZhouHongyuu-32509041-E0014.900.1989                7 3.00000E+01 1.40000E+02
n-Nb093-MT004-ZhouHongyuu-32509042-E0014.900.1989                7 3.00000E+01 1.40000E+02
n-Nb093-MT004-ZhouHongyuu-32509043-E0014.900.1989                7 3.00000E+01 1.40000E+02
n-Nb093-MT004-ZhouHongyuu-32509045-E0014.900.1989                7 3.00000E+01 1.40000E+02
n-Nb093-MT004-ZhouHongyuu-32509046-E0014.900.1989                7 3.00000E+01 1.40000E+02
n-Nb093-MT004-ZhouHongyuu-32509050-E0014.900.1989                7 3.00000E+01 1.40000E+02
n-Nb093-MT004-ZhouHongyuu-32509051-E0014.900.1989                7 3.00000E+01 1.40000E+02
n-Nb093-MT004-ZhouHongyuu-32509052-E0014.900.1989                7 3.00000E+01 1.40000E+02
n-Nb093-MT004-ZhouHongyuu-32509053-E0014.900.1989                7 3.00000E+01 1.40000E+02
n-Nb093-MT004-ZhouHongyuu-32509055-E0014.900.1989                7 3.00000E+01 1.40000E+02
n-Nb093-MT004-ZhouHongyuu-32509056-E0014.900.1989                7 3.00000E+01 1.40000E+02
n-Nb093-MT004-ZhouHongyuu-32509060-E0014.900.1989                7 3.00000E+01 1.40000E+02
n-Nb093-MT004-ZhouHongyuu-32509061-E0014.900.1989                7 3.00000E+01 1.40000E+02
n-Nb093-MT004-ZhouHongyuu-32509063-E0014.900.1989                7 3.00000E+01 1.40000E+02
n-Nb093-MT004-ZhouHongyuu-32509064-E0014.900.1989                7 3.00000E+01 1.40000E+02
n-Nb093-MT004-ZhouHongyuu-32509068-E0014.900.1989                7 3.00000E+01 1.40000E+02
n-Nb093-MT004-ZhouHongyuu-32509074-E0014.900.1989                7 3.00000E+01 1.40000E+02
