#              Filename                                         N    min         max
n-He003-MT002-Antolkovic-30043002-ang-E0014.400.1966             1 0.00000E+00 0.00000E+00
n-He003-MT002-Antolkovic-30044002-ang-E0014.400.1967             8 8.03000E+01 1.60600E+02
n-He003-MT002-Curtis-12703002-ang-E0014.080.1973                 9 2.00000E+01 1.20200E+02
n-He003-MT002-Drosg-10425002-ang-E0007.900.2012                 14 2.58000E+01 1.35500E+02
n-He003-MT002-Drosg-10425002-ang-E0007.900A001.2012             14 2.58000E+01 1.35500E+02
n-He003-MT002-Drosg-10425002-ang-E0012.000.2012                 14 2.59000E+01 1.35400E+02
n-He003-MT002-Drosg-10425002-ang-E0012.000A001.2012             14 2.59000E+01 1.35400E+02
n-He003-MT002-Drosg-10425002-ang-E0013.600.2012                 14 2.57000E+01 1.35700E+02
n-He003-MT002-Drosg-10425002-ang-E0013.600A001.2012             14 2.57000E+01 1.35700E+02
n-He003-MT002-Drosg-10425002-ang-E0014.400.2012                 14 2.57000E+01 1.35700E+02
n-He003-MT002-Drosg-10425002-ang-E0014.400A001.2012             14 2.57000E+01 1.35700E+02
n-He003-MT002-Drosg-10425002-ang-E0023.700.2012                 14 2.59000E+01 1.35800E+02
n-He003-MT002-Drosg-10425002-ang-E0023.700A001.2012             14 2.59000E+01 1.35800E+02
n-He003-MT002-Haesner-21883010-ang-E0005.000.1983              183 2.50000E+01 1.78800E+02
n-He003-MT002-Sayres-11110005-ang-E0002.670.1961                20 3.65000E+01 1.80000E+02
n-He003-MT002-Sayres-11110005-ang-E0002.670A001.1961            20 3.65000E+01 1.80000E+02
n-He003-MT002-Sayres-11110005-ang-E0005.000.1961                24 3.03000E+01 1.80000E+02
n-He003-MT002-Sayres-11110005-ang-E0005.000A001.1961            24 3.03000E+01 1.80000E+02
n-He003-MT002-Sayres-11110005-ang-E0008.070.1961                22 9.80000E+00 1.80000E+02
n-He003-MT002-Sayres-11110005-ang-E0008.070A001.1961            22 9.80000E+00 1.80000E+02
n-He003-MT002-Sayres-11110005-ang-E0017.500.1961                16 9.80000E+00 1.80000E+02
n-He003-MT002-Sayres-11110005-ang-E0017.500A001.1961            16 9.80000E+00 1.80000E+02
n-He003-MT002-Seagrave-11107005-ang-E0001.000.1960              44 2.00000E+01 1.52100E+02
