#              Filename                                         N    min         max
d-Mg024-MT651-Baeumer-O1080003-ang-E0170.000.2001               41 3.00003E+00 4.32000E+01
d-Mg024-MT651-Blair-F1126005-ang-E0021.000.1960                 30 1.84000E+01 9.10000E+01
d-Mg024-MT651-Brown-O1776005-ang-E0012.100.1972                 34 2.30000E+01 1.59300E+02
d-Mg024-MT651-Galanina-A0949003-ang-E0015.300.2013              28 2.15000E+01 1.61600E+02
d-Mg024-MT651-Haffner-F0021008-ang-E0015.000.1956               42 1.72000E+01 1.65500E+02
d-Mg024-MT651-Ishizaki-E2224005-ang-E0017.500.1961              24 1.62000E+01 1.43700E+02
d-Mg024-MT651-Ishizaki-E2224006-ang-E0015.900.1961              27 1.63000E+01 1.53800E+02
d-Mg024-MT651-Kiss-D0233003-ang-E0060.600.1976                  68 1.17000E+01 8.40000E+01
d-Mg024-MT651-Kiss-D0233003-ang-E0060.600A001.1976              76 1.11000E+01 9.69000E+01
d-Mg024-MT651-Kiss-D0233003-ang-E0060.600A002.1976              26 1.13000E+01 8.60000E+01
d-Mg024-MT651-Kiss-D0233003-ang-E0060.600A003.1976              64 1.17000E+01 9.50000E+01
d-Mg024-MT651-Kiss-D0233003-ang-E0060.600A004.1976              50 1.10000E+01 9.64000E+01
d-Mg024-MT651-Kiss-D0233003-ang-E0060.600A005.1976              52 1.09000E+01 9.64000E+01
d-Mg024-MT651-Kiss-D0233003-ang-E0077.300.1976                  73 1.13000E+01 8.81000E+01
d-Mg024-MT651-Kiss-D0233003-ang-E0077.300A001.1976              75 1.11000E+01 8.00000E+01
d-Mg024-MT651-Kiss-D0233003-ang-E0077.300A002.1976              34 1.13000E+01 8.80000E+01
d-Mg024-MT651-Kiss-D0233003-ang-E0077.300A003.1976              86 1.17000E+01 8.73000E+01
d-Mg024-MT651-Kiss-D0233003-ang-E0077.300A004.1976              24 2.49000E+01 7.58000E+01
d-Mg024-MT651-Kiss-D0233003-ang-E0077.300A005.1976              61 1.16000E+01 8.82000E+01
d-Mg024-MT651-Kiss-D0233003-ang-E0077.300A006.1976              61 1.13000E+01 8.87000E+01
d-Mg024-MT651-Kiss-D0233003-ang-E0090.000.1976                  60 1.13000E+01 7.62000E+01
d-Mg024-MT651-Kiss-D0233003-ang-E0090.000A001.1976              78 1.12000E+01 8.76000E+01
d-Mg024-MT651-Kiss-D0233003-ang-E0090.000A002.1976              18 1.37000E+01 8.01000E+01
d-Mg024-MT651-Kiss-D0233003-ang-E0090.000A003.1976              80 1.26000E+01 7.01000E+01
d-Mg024-MT651-Kiss-D0233003-ang-E0090.000A004.1976              16 1.10000E+01 8.29000E+01
d-Mg024-MT651-Kiss-D0233003-ang-E0090.000A005.1976              61 1.09000E+01 7.63000E+01
d-Mg024-MT651-Kiss-D0233003-ang-E0090.000A006.1976              69 1.13000E+01 8.02000E+01
d-Mg024-MT651-Kiss-D0233004-ang-E0060.000.1976                  45 1.24000E+01 7.07000E+01
d-Mg024-MT651-Kiss-D0233004-ang-E0062.000.1976                  45 1.26000E+01 7.07000E+01
d-Mg024-MT651-Mayerboricke-F1000003-ang-E0010.870.1962          29 2.47000E+01 1.65000E+02
d-Mg024-MT651-Mayerboricke-F1000005-ang-E0008.650.1962          17 3.00000E+01 1.11200E+02
d-Mg024-MT651-Mayerboricke-F1000005-ang-E0009.970.1962          28 3.00000E+01 1.65000E+02
d-Mg024-MT651-Romanovskii-F1351005-ang-E0004.500.1958            1 9.10000E+01 9.10000E+01
d-Mg024-MT651-Takeda-E2165019-ang-E0011.150.1960                29 2.33000E+01 1.60900E+02
d-Mg024-MT651-Tjinadjie-D0561009-ang-E0025.900.1967            190 8.69999E+00 1.59700E+02
d-Mg024-MT651-Vogler-F0725004-ang-E0010.000.1983                15 2.55000E+01 9.60000E+01
