#              Filename                                         N    min         max
p-Ni058-MT002-Arai-E1494002-ang-E0003.126.1976                1423 1.60000E+02 1.60000E+02
p-Ni058-MT002-Arai-E1494003-ang-E0003.462.1976                 218 9.00000E+01 9.00000E+01
p-Ni058-MT002-Arai-E1494004-ang-E0003.462.1976                 249 1.20000E+02 1.20000E+02
p-Ni058-MT002-Arai-E1494005-ang-E0003.462.1976                 230 1.35000E+02 1.35000E+02
p-Ni058-MT002-Beckert-F0874002-ang-E0004.708.1978              107 1.65000E+02 1.65000E+02
p-Ni058-MT002-Benveniste-O0431006-ang-E0010.880.1964            23 3.00000E+01 1.70000E+02
p-Ni058-MT002-Benveniste-O0431007-ang-E0011.700.1964            27 2.02000E+01 1.69600E+02
p-Ni058-MT002-Brussel-O0456004-ang-E0039.800.1959               49 9.60001E+00 1.10400E+02
p-Ni058-MT002-Fabrici-O1198021-ang-E0035.200.1980               30 2.00000E+01 1.70000E+02
p-Ni058-MT002-Fulmer-C1019016-ang-E0022.200.1962                 1 9.00000E+01 9.00000E+01
p-Ni058-MT002-Gubin-F1407003-ang-E0005.791.1974                  1 9.00000E+01 1.00000E+02
p-Ni058-MT002-Gubin-F1407003-ang-E0005.794.1974                  1 1.00000E+02 1.10000E+02
p-Ni058-MT002-Gubin-F1407003-ang-E0005.804.1974                  1 8.00000E+01 1.10000E+02
p-Ni058-MT002-Gubin-F1407003-ang-E0005.806.1974                  1 7.00000E+01 8.00000E+01
p-Ni058-MT002-Gubin-F1407003-ang-E0005.810.1974                  1 7.00000E+01 1.50000E+02
p-Ni058-MT002-Gubin-F1407003-ang-E0005.813.1974                  1 1.50000E+02 1.60000E+02
p-Ni058-MT002-Gubin-F1407003-ang-E0005.816.1974                  1 1.20000E+02 1.60000E+02
p-Ni058-MT002-Gubin-F1407003-ang-E0005.817.1974                  1 6.00000E+01 1.20000E+02
p-Ni058-MT002-Gubin-F1407003-ang-E0005.819.1974                  2 6.00000E+01 1.40000E+02
p-Ni058-MT002-Gubin-F1407003-ang-E0005.831.1974                  1 9.00000E+01 1.30000E+02
p-Ni058-MT002-Gubin-F1407003-ang-E0005.832.1974                  1 1.00000E+02 1.30000E+02
p-Ni058-MT002-Gubin-F1407003-ang-E0005.839.1974                  1 1.00000E+02 1.60000E+02
p-Ni058-MT002-Gubin-F1407003-ang-E0005.841.1974                  1 7.00000E+01 1.60000E+02
p-Ni058-MT002-Gubin-F1407003-ang-E0005.845.1974                  2 7.00000E+01 1.50000E+02
p-Ni058-MT002-Gubin-F1407003-ang-E0005.846.1974                  1 1.40000E+02 1.50000E+02
p-Ni058-MT002-Gubin-F1407003-ang-E0005.848.1974                  1 1.10000E+02 1.40000E+02
p-Ni058-MT002-Gubin-F1407003-ang-E0005.849.1974                  1 6.00000E+01 1.10000E+02
p-Ni058-MT002-Gubin-F1407003-ang-E0005.853.1974                  1 6.00000E+01 1.20000E+02
p-Ni058-MT002-Gubin-F1407003-ang-E0005.867.1974                  1 1.20000E+02 1.30000E+02
p-Ni058-MT002-Gubin-F1407003-ang-E0005.868.1974                  1 7.00000E+01 1.30000E+02
p-Ni058-MT002-Gubin-F1407003-ang-E0005.874.1974                  1 7.00000E+01 1.50000E+02
p-Ni058-MT002-Gubin-F1407003-ang-E0005.875.1974                  1 6.00000E+01 1.50000E+02
p-Ni058-MT002-Gubin-F1407003-ang-E0005.879.1974                  3 6.00000E+01 1.60000E+02
p-Ni058-MT002-Gubin-F1407003-ang-E0005.883.1974                  1 1.00000E+02 1.40000E+02
p-Ni058-MT002-Gubin-F1407003-ang-E0005.885.1974                  1 8.00000E+01 1.00000E+02
p-Ni058-MT002-Gubin-F1407003-ang-E0005.888.1974                  1 8.00000E+01 1.30000E+02
p-Ni058-MT002-Gubin-F1407003-ang-E0005.890.1974                  1 1.10000E+02 1.30000E+02
p-Ni058-MT002-Gubin-F1407003-ang-E0005.894.1974                  1 1.10000E+02 1.60000E+02
p-Ni058-MT002-Gubin-F1407003-ang-E0005.900.1974                  1 1.40000E+02 1.60000E+02
p-Ni058-MT002-Gubin-F1407003-ang-E0005.901.1974                  1 1.40000E+02 1.50000E+02
p-Ni058-MT002-Gubin-F1407003-ang-E0005.904.1974                  1 1.20000E+02 1.50000E+02
p-Ni058-MT002-Gubin-F1407003-ang-E0005.907.1974                  1 6.00000E+01 1.20000E+02
p-Ni058-MT002-Gubin-F1407003-ang-E0005.915.1974                  1 6.00000E+01 7.00000E+01
p-Ni058-MT002-Gubin-F1407003-ang-E0005.917.1974                  2 7.00000E+01 1.00000E+02
p-Ni058-MT002-Gubin-F1407003-ang-E0005.920.1974                  1 9.00000E+01 1.30000E+02
p-Ni058-MT002-Gubin-F1407003-ang-E0005.921.1974                  1 8.00000E+01 1.30000E+02
p-Ni058-MT002-Gubin-F1407003-ang-E0005.923.1974                  1 8.00000E+01 1.40000E+02
p-Ni058-MT002-Gubin-F1407003-ang-E0005.927.1974                  1 1.40000E+02 1.50000E+02
p-Ni058-MT002-Gubin-F1407003-ang-E0005.929.1974                  1 1.10000E+02 1.50000E+02
p-Ni058-MT002-Gubin-F1407003-ang-E0005.931.1974                  1 1.10000E+02 1.60000E+02
p-Ni058-MT002-Gubin-F1407003-ang-E0005.932.1974                  1 6.00000E+01 1.60000E+02
p-Ni058-MT002-Gubin-F1407003-ang-E0005.943.1974                  1 6.00000E+01 9.00000E+01
p-Ni058-MT002-Gubin-F1407003-ang-E0005.945.1974                  1 9.00000E+01 1.30000E+02
p-Ni058-MT002-Gubin-F1407003-ang-E0005.949.1974                  1 1.20000E+02 1.30000E+02
p-Ni058-MT002-Gubin-F1407003-ang-E0005.950.1974                  1 7.00000E+01 1.20000E+02
p-Ni058-MT002-Gubin-F1407003-ang-E0005.955.1974                  1 7.00000E+01 1.00000E+02
p-Ni058-MT002-Gubin-F1407003-ang-E0005.957.1974                  2 1.00000E+02 1.50000E+02
p-Ni058-MT002-Gubin-F1407003-ang-E0005.959.1974                  1 8.00000E+01 1.50000E+02
p-Ni058-MT002-Gubin-F1407003-ang-E0005.961.1974                  1 8.00000E+01 1.60000E+02
p-Ni058-MT002-Gubin-F1407003-ang-E0005.963.1974                  1 1.10000E+02 1.60000E+02
p-Ni058-MT002-Gubin-F1407003-ang-E0005.970.1974                  1 1.10000E+02 1.30000E+02
p-Ni058-MT002-Gubin-F1407003-ang-E0005.977.1974                  1 6.00000E+01 1.30000E+02
p-Ni058-MT002-Gubin-F1407003-ang-E0005.980.1974                  1 6.00000E+01 9.00000E+01
p-Ni058-MT002-Gubin-F1407003-ang-E0005.984.1974                  1 9.00000E+01 1.20000E+02
p-Ni058-MT002-Gubin-F1407003-ang-E0005.988.1974                  2 7.00000E+01 1.50000E+02
p-Ni058-MT002-Gubin-F1407003-ang-E0005.989.1974                  2 7.00000E+01 1.60000E+02
p-Ni058-MT002-Gubin-F1407003-ang-E0005.990.1974                  1 1.40000E+02 1.60000E+02
p-Ni058-MT002-Gubin-F1407003-ang-E0005.992.1974                  1 1.30000E+02 1.40000E+02
p-Ni058-MT002-Gubin-F1407003-ang-E0006.001.1974                  1 1.10000E+02 1.30000E+02
p-Ni058-MT002-Gubin-F1407003-ang-E0006.005.1974                  1 1.10000E+02 1.40000E+02
p-Ni058-MT002-Gubin-F1407003-ang-E0006.014.1974                  1 6.00000E+01 1.40000E+02
p-Ni058-MT002-Gubin-F1407003-ang-E0006.015.1974                  1 6.00000E+01 1.60000E+02
p-Ni058-MT002-Gubin-F1407003-ang-E0006.022.1974                  1 9.00000E+01 1.60000E+02
p-Ni058-MT002-Gubin-F1407003-ang-E0006.023.1974                  1 7.00000E+01 9.00000E+01
p-Ni058-MT002-Gubin-F1407003-ang-E0006.024.1974                  1 7.00000E+01 1.50000E+02
p-Ni058-MT002-Gubin-F1407003-ang-E0006.026.1974                  1 1.00000E+02 1.50000E+02
p-Ni058-MT002-Gubin-F1407003-ang-E0006.028.1974                  1 1.00000E+02 1.20000E+02
p-Ni058-MT002-Gubin-F1407003-ang-E0006.029.1974                  1 8.00000E+01 1.20000E+02
p-Ni058-MT002-Gubin-F1407003-ang-E0006.030.1974                  1 8.00000E+01 1.30000E+02
p-Ni058-MT002-Gubin-F1407003-ang-E0006.033.1974                  1 6.00000E+01 1.30000E+02
p-Ni058-MT002-Gubin-F1407003-ang-E0006.042.1974                  1 6.00000E+01 1.60000E+02
p-Ni058-MT002-Gubin-F1407003-ang-E0006.046.1974                  1 1.40000E+02 1.60000E+02
p-Ni058-MT002-Gubin-F1407003-ang-E0006.047.1974                  1 1.40000E+02 1.50000E+02
p-Ni058-MT002-Gubin-F1407003-ang-E0006.050.1974                  1 9.00000E+01 1.50000E+02
p-Ni058-MT002-Gubin-F1407003-ang-E0006.051.1974                  1 9.00000E+01 1.10000E+02
p-Ni058-MT002-Gubin-F1407003-ang-E0006.052.1974                  1 7.00000E+01 1.10000E+02
p-Ni058-MT002-Gubin-F1407003-ang-E0006.053.1974                  2 7.00000E+01 1.30000E+02
p-Ni058-MT002-Gubin-F1407003-ang-E0006.058.1974                  1 8.00000E+01 1.20000E+02
p-Ni058-MT002-Gubin-F1407003-ang-E0006.064.1974                  1 1.20000E+02 1.50000E+02
p-Ni058-MT002-Gubin-F1407003-ang-E0006.074.1974                  1 1.40000E+02 1.50000E+02
p-Ni058-MT002-Gubin-F1407003-ang-E0006.076.1974                  1 6.00000E+01 1.40000E+02
p-Ni058-MT002-Gubin-F1407003-ang-E0006.077.1974                  1 6.00000E+01 1.00000E+02
p-Ni058-MT002-Gubin-F1407003-ang-E0006.082.1974                  1 1.00000E+02 1.60000E+02
p-Ni058-MT002-Gubin-F1407003-ang-E0006.083.1974                  1 1.30000E+02 1.60000E+02
p-Ni058-MT002-Gubin-F1407003-ang-E0006.089.1974                  1 9.00000E+01 1.30000E+02
p-Ni058-MT002-Gubin-F1407003-ang-E0006.090.1974                  2 7.00000E+01 1.10000E+02
p-Ni058-MT002-Gubin-F1407003-ang-E0006.091.1974                  1 7.00000E+01 8.00000E+01
p-Ni058-MT002-Gubin-F1407003-ang-E0006.093.1974                  1 6.00000E+01 8.00000E+01
p-Ni058-MT002-Gubin-F1407003-ang-E0006.106.1974                  1 6.00000E+01 1.00000E+02
p-Ni058-MT002-Gubin-F1407003-ang-E0006.108.1974                  3 1.00000E+02 1.50000E+02
p-Ni058-MT002-Gubin-F1407003-ang-E0006.110.1974                  1 1.20000E+02 1.30000E+02
p-Ni058-MT002-Gubin-F1407003-ang-E0006.111.1974                  1 1.20000E+02 1.60000E+02
p-Ni058-MT002-Gubin-F1407003-ang-E0006.112.1974                  1 1.10000E+02 1.60000E+02
p-Ni058-MT002-Gubin-F1407003-ang-E0006.128.1974                  1 1.10000E+02 1.50000E+02
p-Ni058-MT002-Gubin-F1407003-ang-E0006.133.1974                  1 1.30000E+02 1.50000E+02
p-Ni058-MT002-Gubin-F1407003-ang-E0006.134.1974                  1 9.00000E+01 1.30000E+02
p-Ni058-MT002-Gubin-F1407003-ang-E0006.135.1974                  1 7.00000E+01 9.00000E+01
p-Ni058-MT002-Gubin-F1407003-ang-E0006.137.1974                  1 6.00000E+01 7.00000E+01
p-Ni058-MT002-Gubin-F1407003-ang-E0006.139.1974                  1 6.00000E+01 1.40000E+02
p-Ni058-MT002-Gubin-F1407003-ang-E0006.140.1974                  1 8.00000E+01 1.40000E+02
p-Ni058-MT002-Gubin-F1407003-ang-E0006.141.1974                  2 8.00000E+01 1.60000E+02
p-Ni058-MT002-Gubin-F1407003-ang-E0006.143.1974                  1 1.00000E+02 1.20000E+02
p-Ni058-MT002-Gubin-F1407003-ang-E0006.146.1974                  1 1.00000E+02 1.40000E+02
p-Ni058-MT002-Gubin-F1407003-ang-E0006.156.1974                  1 8.00000E+01 1.40000E+02
p-Ni058-MT002-Gubin-F1407003-ang-E0006.161.1974                  1 8.00000E+01 1.50000E+02
p-Ni058-MT002-Gubin-F1407003-ang-E0006.162.1974                  1 1.10000E+02 1.50000E+02
p-Ni058-MT002-Gubin-F1407003-ang-E0006.165.1974                  2 1.10000E+02 1.60000E+02
p-Ni058-MT002-Gubin-F1407003-ang-E0006.167.1974                  1 6.00000E+01 1.60000E+02
p-Ni058-MT002-Gubin-F1407003-ang-E0006.171.1974                  3 6.00000E+01 1.00000E+02
p-Ni058-MT002-Gubin-F1407003-ang-E0006.188.1974                  3 1.00000E+02 1.60000E+02
p-Ni058-MT002-Gubin-F1407003-ang-E0006.198.1974                  1 1.50000E+02 1.60000E+02
p-Ni058-MT002-Gubin-F1407003-ang-E0006.200.1974                  1 6.00000E+01 1.50000E+02
p-Ni058-MT002-Gubin-F1407003-ang-E0006.201.1974                  2 6.00000E+01 8.00000E+01
p-Ni058-MT002-Gubin-F1407003-ang-E0006.204.1974                  2 8.00000E+01 1.10000E+02
p-Ni058-MT002-Gubin-F1407003-ang-E0006.210.1974                  1 9.00000E+01 1.40000E+02
p-Ni058-MT002-Gubin-F1407003-ang-E0006.213.1974                  1 1.30000E+02 1.40000E+02
p-Ni058-MT002-Gubin-F1407003-ang-E0006.222.1974                  1 1.20000E+02 1.30000E+02
p-Ni058-MT002-Gubin-F1407003-ang-E0006.224.1974                  1 1.00000E+02 1.20000E+02
p-Ni058-MT002-Gubin-F1407003-ang-E0006.228.1974                  1 1.00000E+02 1.50000E+02
p-Ni058-MT002-Gubin-F1407003-ang-E0006.230.1974                  1 1.50000E+02 1.60000E+02
p-Ni058-MT002-Gubin-F1407003-ang-E0006.232.1974                  1 9.00000E+01 1.60000E+02
p-Ni058-MT002-Gubin-F1407003-ang-E0006.235.1974                  1 8.00000E+01 9.00000E+01
p-Ni058-MT002-Gubin-F1407003-ang-E0006.236.1974                  1 6.00000E+01 8.00000E+01
p-Ni058-MT002-Gubin-F1407003-ang-E0006.242.1974                  2 6.00000E+01 1.10000E+02
p-Ni058-MT002-Gubin-F1407003-ang-E0006.244.1974                  1 1.10000E+02 1.30000E+02
p-Ni058-MT002-Gubin-F1407003-ang-E0006.249.1974                  2 1.30000E+02 1.50000E+02
p-Ni058-MT002-Gubin-F1407003-ang-E0006.257.1974                  1 1.50000E+02 1.60000E+02
p-Ni058-MT002-Gubin-F1407003-ang-E0006.258.1974                  1 8.00000E+01 1.60000E+02
p-Ni058-MT002-Gubin-F1407003-ang-E0006.264.1974                  2 8.00000E+01 1.20000E+02
p-Ni058-MT002-Gubin-F1407003-ang-E0006.269.1974                  1 6.00000E+01 1.20000E+02
p-Ni058-MT002-Gubin-F1407003-ang-E0006.283.1974                  2 6.00000E+01 1.30000E+02
p-Ni058-MT002-Gubin-F1407003-ang-E0006.287.1974                  2 7.00000E+01 1.50000E+02
p-Ni058-MT002-Gubin-F1407003-ang-E0006.288.1974                  1 9.00000E+01 1.10000E+02
p-Ni058-MT002-Gubin-F1407003-ang-E0006.293.1974                  2 9.00000E+01 1.60000E+02
p-Ni058-MT002-Gubin-F1407003-ang-E0006.295.1974                  1 1.30000E+02 1.60000E+02
p-Ni058-MT002-Gubin-F1407003-ang-E0006.306.1974                  1 1.20000E+02 1.30000E+02
p-Ni058-MT002-Gubin-F1407003-ang-E0006.311.1974                  1 8.00000E+01 1.20000E+02
p-Ni058-MT002-Gubin-F1407003-ang-E0006.315.1974                  1 8.00000E+01 1.00000E+02
p-Ni058-MT002-Gubin-F1407003-ang-E0006.317.1974                  1 6.00000E+01 1.00000E+02
p-Ni058-MT002-Gubin-F1407003-ang-E0006.325.1974                  1 6.00000E+01 9.00000E+01
p-Ni058-MT002-Gubin-F1407003-ang-E0006.329.1974                  1 9.00000E+01 1.50000E+02
p-Ni058-MT002-Gubin-F1407003-ang-E0006.331.1974                  1 1.50000E+02 1.60000E+02
p-Ni058-MT002-Gubin-F1407003-ang-E0006.332.1974                  1 7.00000E+01 1.60000E+02
p-Ni058-MT002-Gubin-F1407003-ang-E0006.333.1974                  1 7.00000E+01 1.10000E+02
p-Ni058-MT002-Gubin-F1407003-ang-E0006.336.1974                  1 1.10000E+02 1.30000E+02
p-Ni058-MT002-Gubin-F1407003-ang-E0006.340.1974                  2 1.30000E+02 1.40000E+02
p-Ni058-MT002-Hintz-C1292004-ang-E0333.000.1988                 39 5.25057E+00 2.77291E+01
p-Ni058-MT002-Hintz-C1292004-ang-E0498.000.1988                 69 4.67018E+00 3.01692E+01
p-Ni058-MT002-Hintz-C1292004-ang-E0800.000.1988                 73 4.67018E+00 3.65078E+01
p-Ni058-MT002-Hoffmann-C0258004-ang-E0796.000.1978             149 2.19998E+00 3.09000E+01
p-Ni058-MT002-Ingemarsson-D0189002-ang-E0178.000.1981           29 5.99999E+00 6.01000E+01
p-Ni058-MT002-Kobayashi-O0446002-ang-E0008.200.1960             15 2.78000E+01 1.65300E+02
p-Ni058-MT002-Kobayashi-O0446002-ang-E0010.700.1960             15 2.76000E+01 1.66100E+02
p-Ni058-MT002-Kobayashi-O0446002-ang-E0014.400.1960             15 2.64000E+01 1.65800E+02
p-Ni058-MT002-Kobayashi-O0446002-ang-E0015.400.1960             15 2.64000E+01 1.65700E+02
p-Ni058-MT002-Kossanyidemay-D0286017-ang-E0018.600.1967         24 2.58570E+01 1.47780E+02
p-Ni058-MT002-Kyle-C0663002-ang-E0796.000.1980                  79 4.09997E+00 3.09000E+01
p-Ni058-MT002-Leejr-C1024003-ang-E0007.000.1964                185 2.03400E+01 1.68210E+02
p-Ni058-MT002-Liers-O04360031-ang-E0039.600.1970                31 2.25000E+01 1.60100E+02
p-Ni058-MT002-Lombard-O0126002-ang-E1047.000.1981               56 3.50001E+00 1.75000E+01
p-Ni058-MT002-Nonaka-E2237003-ang-E0057.000.1962                19 1.14000E+01 1.16300E+02
p-Ni058-MT002-Noro-E0249026-ang-E0065.000.1981                  31 1.40000E+01 7.01000E+01
p-Ni058-MT002-Sakaguchi-E1201006-ang-E0065.000.1981             31 1.40000E+01 7.01000E+01
p-Ni058-MT002-Sakaguchi-E1704002-ang-E0192.000.1998             28 7.49999E+00 5.52000E+01
p-Ni058-MT002-Sakaguchi-E1704003-ang-E0295.000.1998             26 3.99998E+00 4.52000E+01
p-Ni058-MT002-Sakaguchi-E1704004-ang-E0400.000.1998             27 3.99998E+00 4.33000E+01
p-Ni058-MT002-Sakaguchi-O0032008S-ang-E0065.000.1983            31 1.40000E+01 7.01000E+01
p-Ni058-MT002-Takeda-E2042003-ang-E0250.000.2003                28 5.99999E+00 5.02000E+01
p-Ni058-MT002-Tesmer-O0079004-ang-E0020.000.1972                34 3.03000E+01 1.66400E+02
p-Ni058-MT002-Varner-C0893012-ang-E0016.000.1986                30 2.50000E+01 1.70000E+02
p-Ni058-MT002-Zenihiro-E2291005-ang-E0295.000.2010              29 7.60001E+00 4.82000E+01
