#              Filename                                         N    min         max
n-He000-MT002-Adair-11052002-ang-E0000.400.1952                 13 4.07000E+01 1.30200E+02
n-He000-MT002-Adair-11052002-ang-E0000.400A001.1952             13 4.07000E+01 1.30200E+02
n-He000-MT002-Adair-11052002-ang-E0000.600.1952                 19 4.07000E+01 1.30200E+02
n-He000-MT002-Adair-11052002-ang-E0000.600A001.1952             19 4.07000E+01 1.30200E+02
n-He000-MT002-Adair-11052002-ang-E0000.750.1952                 17 3.62000E+01 1.28000E+02
n-He000-MT002-Adair-11052002-ang-E0000.750A001.1952             17 3.62000E+01 1.28000E+02
n-He000-MT002-Adair-11052002-ang-E0000.865.1952                 20 3.62000E+01 1.31300E+02
n-He000-MT002-Adair-11052002-ang-E0000.865A001.1952             20 3.62000E+01 1.31300E+02
n-He000-MT002-Adair-11052002-ang-E0001.000.1952                 20 4.96000E+01 1.20300E+02
n-He000-MT002-Austin-11115003-ang-E0002.020.1962                18 4.79000E+01 1.33600E+02
n-He000-MT002-Austin-11115003-ang-E0002.020A001.1962            18 4.79000E+01 1.33600E+02
n-He000-MT002-Austin-11115003-ang-E0003.020.1962                23 4.07000E+01 1.33600E+02
n-He000-MT002-Austin-11115003-ang-E0003.020A001.1962            23 4.07000E+01 1.33600E+02
n-He000-MT002-Austin-11115003-ang-E0004.050.1962                25 4.07000E+01 1.42900E+02
n-He000-MT002-Austin-11115003-ang-E0004.050A001.1962            25 4.07000E+01 1.42900E+02
n-He000-MT002-Austin-11115003-ang-E0005.970.1962                22 4.44000E+01 1.42900E+02
n-He000-MT002-Austin-11115003-ang-E0005.970A001.1962            22 4.44000E+01 1.42900E+02
n-He000-MT002-Austin-11115003-ang-E0007.960.1962                24 4.44000E+01 1.41400E+02
n-He000-MT002-Austin-11115003-ang-E0007.960A001.1962            24 4.44000E+01 1.41400E+02
n-He000-MT002-Austin-11115003-ang-E0010.000.1962                20 6.63000E+01 1.46100E+02
n-He000-MT002-Austin-11115003-ang-E0010.000A001.1962            20 6.63000E+01 1.46100E+02
n-He000-MT002-Austin-11115003-ang-E0012.000.1962                17 5.18000E+01 1.44400E+02
n-He000-MT002-Austin-11115003-ang-E0012.000A001.1962            17 5.18000E+01 1.44400E+02
n-He000-MT002-Austin-11115003-ang-E0014.700.1962                22 4.56000E+01 1.42900E+02
n-He000-MT002-Austin-11115003-ang-E0014.700A001.1962            22 4.56000E+01 1.42900E+02
n-He000-MT002-Austin-11115003-ang-E0017.800.1962                24 4.56000E+01 1.40000E+02
n-He000-MT002-Austin-11115003-ang-E0017.800A001.1962            24 4.56000E+01 1.40000E+02
n-He000-MT002-Austin-11115003-ang-E0020.900.1962                21 5.18000E+01 1.41400E+02
n-He000-MT002-Austin-11115003-ang-E0020.900A001.1962            21 5.18000E+01 1.41400E+02
n-He000-MT002-Hoopjr-11027002-ang-E0008.020.1966                18 4.05000E+01 1.38600E+02
n-He000-MT002-Hoopjr-11027002-ang-E0008.020A001.1966            18 4.05000E+01 1.38600E+02
n-He000-MT002-Hoopjr-11027002-ang-E0010.000.1966                22 3.62000E+01 1.32400E+02
n-He000-MT002-Hoopjr-11027002-ang-E0010.000A001.1966            22 3.62000E+01 1.32400E+02
n-He000-MT002-Hoopjr-11027002-ang-E0012.380.1966                18 2.97000E+01 1.29100E+02
n-He000-MT002-Hoopjr-11027002-ang-E0012.380A001.1966            18 2.97000E+01 1.29100E+02
n-He000-MT002-Hoopjr-11027002-ang-E0015.050.1966                25 2.97000E+01 1.32400E+02
n-He000-MT002-Hoopjr-11027002-ang-E0015.050A001.1966            25 2.97000E+01 1.32400E+02
n-He000-MT002-Hoopjr-11027002-ang-E0017.740.1966                25 3.65000E+01 1.33600E+02
n-He000-MT002-Hoopjr-11027002-ang-E0017.740A001.1966            25 3.65000E+01 1.33600E+02
n-He000-MT002-Hoopjr-11027002-ang-E0019.260.1966                21 3.94000E+01 1.42300E+02
n-He000-MT002-Hoopjr-11027002-ang-E0019.260A001.1966            21 3.94000E+01 1.42300E+02
n-He000-MT002-Hoopjr-11027002-ang-E0020.910.1966                21 4.51000E+01 1.38100E+02
n-He000-MT002-Hoopjr-11027002-ang-E0020.910A001.1966            21 4.51000E+01 1.38100E+02
n-He000-MT002-Hoopjr-11027002-ang-E0021.850.1966                18 4.53000E+01 1.26400E+02
n-He000-MT002-Hoopjr-11027002-ang-E0021.850A001.1966            18 4.53000E+01 1.26400E+02
n-He000-MT002-Hoopjr-11027002-ang-E0022.000.1966                18 4.53000E+01 1.26400E+02
n-He000-MT002-Seagrave-11070002-ang-E0002.610.1953              29 5.35000E+01 1.27000E+02
n-He000-MT002-Seagrave-11070002-ang-E0002.610A001.1953          29 5.35000E+01 1.27000E+02
n-He000-MT002-Seagrave-11070002-ang-E0004.530.1953              26 5.83000E+01 1.27000E+02
n-He000-MT002-Seagrave-11070002-ang-E0004.530A001.1953          26 5.83000E+01 1.27000E+02
n-He000-MT002-Seagrave-11070002-ang-E0005.540.1953              40 5.83000E+01 1.34800E+02
n-He000-MT002-Seagrave-11070002-ang-E0005.540A001.1953          40 5.83000E+01 1.34800E+02
n-He000-MT002-Seagrave-11070002-ang-E0006.500.1953              43 6.26000E+01 1.32400E+02
n-He000-MT002-Seagrave-11070002-ang-E0006.500A001.1953          43 6.26000E+01 1.32400E+02
n-He000-MT002-Seagrave-11070003-ang-E0014.300.1953             103 4.90000E+01 1.46100E+02
n-He000-MT002-Seagrave-11070003-ang-E0014.300A001.1953         103 4.90000E+01 1.46100E+02
