#              Filename                                         N    min         max
n-Se078-MT151-Cote-118360091.1964                                1 3.81000E-04 3.81000E-04
n-Se078-MT151-Cote-118360093.1964                                1 3.81000E-04 3.81000E-04
n-Se078-MT151-Cote-118360094.1964                                1 3.81000E-04 3.81000E-04
n-Se078-MT151-Cote-118360095.1964                                1 3.81000E-04 3.81000E-04
n-Se078-MT151-Cote-11836010.1964                                 1 3.19000E-03 3.19000E-03
n-Se078-MT151-Engler-127280051.1981                              1 3.83000E-04 3.83000E-04
n-Se078-MT151-Julien-206870121.1969                              1 3.81700E-04 3.81700E-04
n-Se078-MT151-Julien-206870122.1969                              1 3.81700E-04 3.81700E-04
n-Se078-MT151-Julien-206870123.1969                              1 3.81700E-04 3.81700E-04
n-Se078-MT151-Julien-206870124.1969                              1 3.81700E-04 3.81700E-04
n-Se078-MT151-Julien-206870125.1969                              1 3.81700E-04 3.81700E-04
n-Se078-MT151-Julien-206870126.1969                              1 3.81700E-04 3.81700E-04
n-Se078-MT151-Leblanc-118330061.1959                             1 3.82000E-04 3.82000E-04
n-Se078-MT151-Leblanc-118330063.1959                             1 3.82000E-04 3.82000E-04
n-Se078-MT151-Leblanc-118330064.1959                             1 3.82000E-04 3.82000E-04
n-Se078-MT151-Malecki-40022009.1969                             15 3.84000E-04 2.01500E-02
n-Se078-MT151-Malecki-40022010.1969                              4 3.84000E-04 6.85700E-03
n-Se078-MT151-Malecki-40022017.1969                              1 1.02670E-02 1.02670E-02
n-Se078-MT151-Malecki-40022022.1969                              1 1.02670E-02 1.02670E-02
n-Se078-MT151-Malecki-40022027.1969                              1 1.02670E-02 1.02670E-02
n-Se078-MT151-Muenzer-118380031.1961                             9 5.73000E-03 4.05000E-02
n-Se078-MT151-Muenzer-118380032.1961                             9 5.73000E-03 4.05000E-02
n-Se078-MT151-Muenzer-118380033.1961                             9 5.73000E-03 4.05000E-02
