#              Filename                                         N    min         max
p-Be009-MT602-Bingham-F0196003-ang-E0005.000.1964               18 1.61000E+01 1.70900E+02
p-Be009-MT602-Bingham-F0196003-ang-E0006.000.1964               20 1.03000E+01 1.70100E+02
p-Be009-MT602-Bingham-F0196003-ang-E0007.000.1964               17 1.03000E+01 1.68700E+02
p-Be009-MT602-Bingham-F0196003-ang-E0008.000.1964               18 1.13000E+01 1.70900E+02
p-Be009-MT602-Bingham-F0196003-ang-E0009.000.1964               22 1.08000E+01 1.71800E+02
p-Be009-MT602-Bingham-F0196003-ang-E0010.000.1964               25 1.08000E+01 1.69000E+02
p-Be009-MT602-Bingham-F0196003-ang-E0011.000.1964               21 1.49000E+01 1.71400E+02
p-Be009-MT602-Bingham-F0196003-ang-E0011.900.1964               21 1.46000E+01 1.73500E+02
p-Be009-MT602-Bingham-F0196003-ang-E0013.000.1964               23 1.24000E+01 1.68500E+02
p-Be009-MT602-Bingham-F0196003-ang-E0014.000.1964               22 1.24000E+01 1.70700E+02
p-Be009-MT602-Bingham-F0196003-ang-E0015.100.1964               22 1.48000E+01 1.70200E+02
p-Be009-MT602-Blieden-F0167004-ang-E0005.700.1963               18 9.00000E+01 9.00000E+01
p-Be009-MT602-Blieden-F0167005-ang-E0006.000.1963               15 2.16000E+01 1.61600E+02
p-Be009-MT602-Flanders-C0144013-ang-E0497.500.1991              30 3.69999E+00 3.29000E+01
p-Be009-MT602-Kelly-C0142007-ang-E0317.400.1991                111 4.50002E+00 4.52000E+01
p-Be009-MT602-Montague-C1207003-ang-E0017.000.1973             258 8.99997E+00 1.68700E+02
p-Be009-MT602-Read-F0090002-ang-E0004.162.1961                  18 2.00000E+01 2.00000E+01
p-Be009-MT602-Roy-T0074004-ang-E0220.000.1985                   28 4.69999E+00 6.19000E+01
p-Be009-MT602-Summersgill-F0119003-ang-E0012.000.1958           22 7.40003E+00 1.62200E+02
p-Be009-MT602-Vasilev-F0137003-ang-E0006.400.1971               10 2.91000E+01 1.52300E+02
p-Be009-MT602-Votava-F0132004-ang-E0013.000.1973                19 1.87000E+01 1.59300E+02
p-Be009-MT602-Votava-F0132004-ang-E0014.000.1973                15 1.87000E+01 1.61400E+02
p-Be009-MT602-Votava-F0132004-ang-E0015.000.1973                15 1.98000E+01 1.60300E+02
p-Be009-MT602-Votava-F0132004-ang-E0021.350.1973                29 1.98000E+01 1.62700E+02
p-Be009-MT602-Votava-F0132004-ang-E0030.300.1973                18 3.51000E+01 1.64500E+02
p-Be009-MT602-Yasue-F0134002-ang-E0003.984.1972                  1 8.40000E+01 1.15000E+02
p-Be009-MT602-Yasue-F0134002-ang-E0003.994.1972                  1 1.15000E+02 1.50000E+02
p-Be009-MT602-Yasue-F0134002-ang-E0003.997.1972                  1 4.50000E+01 1.50000E+02
p-Be009-MT602-Yasue-F0134002-ang-E0004.016.1972                  1 4.50000E+01 8.40000E+01
p-Be009-MT602-Yasue-F0134002-ang-E0004.092.1972                  1 8.40000E+01 1.15000E+02
p-Be009-MT602-Yasue-F0134002-ang-E0004.093.1972                  1 1.15000E+02 1.50000E+02
p-Be009-MT602-Yasue-F0134002-ang-E0004.103.1972                  1 4.50000E+01 1.50000E+02
p-Be009-MT602-Yasue-F0134002-ang-E0004.118.1972                  1 4.50000E+01 8.40000E+01
p-Be009-MT602-Yasue-F0134002-ang-E0004.194.1972                  1 8.40000E+01 1.15000E+02
p-Be009-MT602-Yasue-F0134002-ang-E0004.206.1972                  1 1.15000E+02 1.50000E+02
p-Be009-MT602-Yasue-F0134002-ang-E0004.213.1972                  1 4.50000E+01 1.50000E+02
p-Be009-MT602-Yasue-F0134002-ang-E0004.224.1972                  1 4.50000E+01 8.40000E+01
p-Be009-MT602-Yasue-F0134002-ang-E0004.299.1972                  1 8.40000E+01 1.15000E+02
p-Be009-MT602-Yasue-F0134002-ang-E0004.301.1972                  1 1.15000E+02 1.50000E+02
p-Be009-MT602-Yasue-F0134002-ang-E0004.316.1972                  1 4.50000E+01 1.50000E+02
p-Be009-MT602-Yasue-F0134002-ang-E0004.317.1972                  1 4.50000E+01 8.40000E+01
p-Be009-MT602-Yasue-F0134002-ang-E0004.397.1972                  2 8.40000E+01 1.50000E+02
p-Be009-MT602-Yasue-F0134002-ang-E0004.415.1972                  1 4.50000E+01 1.50000E+02
p-Be009-MT602-Yasue-F0134002-ang-E0004.419.1972                  1 4.50000E+01 1.15000E+02
p-Be009-MT602-Yasue-F0134002-ang-E0004.491.1972                  1 8.40000E+01 1.15000E+02
p-Be009-MT602-Yasue-F0134002-ang-E0004.495.1972                  1 8.40000E+01 1.50000E+02
p-Be009-MT602-Yasue-F0134002-ang-E0004.511.1972                  1 4.50000E+01 1.50000E+02
p-Be009-MT602-Yasue-F0134002-ang-E0004.525.1972                  1 4.50000E+01 1.15000E+02
p-Be009-MT602-Yasue-F0134002-ang-E0004.543.1972                  1 1.15000E+02 1.50000E+02
p-Be009-MT602-Yasue-F0134002-ang-E0004.571.1972                  1 4.50000E+01 1.50000E+02
p-Be009-MT602-Yasue-F0134002-ang-E0004.574.1972                  1 4.50000E+01 8.40000E+01
p-Be009-MT602-Yasue-F0134002-ang-E0004.585.1972                  1 8.40000E+01 1.15000E+02
p-Be009-MT602-Yasue-F0134002-ang-E0004.589.1972                  1 1.15000E+02 1.50000E+02
p-Be009-MT602-Yasue-F0134002-ang-E0004.614.1972                  1 4.50000E+01 1.50000E+02
p-Be009-MT602-Yasue-F0134002-ang-E0004.623.1972                  1 4.50000E+01 1.15000E+02
p-Be009-MT602-Yasue-F0134002-ang-E0004.642.1972                  1 4.50000E+01 1.15000E+02
p-Be009-MT602-Yasue-F0134002-ang-E0004.672.1972                  1 4.50000E+01 1.50000E+02
p-Be009-MT602-Yasue-F0134002-ang-E0004.681.1972                  1 8.40000E+01 1.50000E+02
p-Be009-MT602-Yasue-F0134002-ang-E0004.694.1972                  1 8.40000E+01 1.15000E+02
p-Be009-MT602-Yasue-F0134002-ang-E0004.696.1972                  1 1.15000E+02 1.50000E+02
p-Be009-MT602-Yasue-F0134002-ang-E0004.714.1972                  1 4.50000E+01 1.50000E+02
p-Be009-MT602-Yasue-F0134002-ang-E0004.721.1972                  1 4.50000E+01 1.15000E+02
p-Be009-MT602-Yasue-F0134002-ang-E0004.743.1972                  1 1.15000E+02 1.50000E+02
p-Be009-MT602-Yasue-F0134002-ang-E0004.760.1972                  1 4.50000E+01 1.50000E+02
p-Be009-MT602-Yasue-F0134002-ang-E0004.771.1972                  1 4.50000E+01 1.15000E+02
p-Be009-MT602-Yasue-F0134002-ang-E0004.793.1972                  1 8.40000E+01 1.15000E+02
p-Be009-MT602-Yasue-F0134002-ang-E0004.798.1972                  1 8.40000E+01 1.50000E+02
p-Be009-MT602-Yasue-F0134002-ang-E0004.810.1972                  1 4.50000E+01 1.50000E+02
p-Be009-MT602-Yasue-F0134002-ang-E0004.824.1972                  1 4.50000E+01 1.15000E+02
p-Be009-MT602-Yasue-F0134002-ang-E0004.847.1972                  1 1.15000E+02 1.50000E+02
p-Be009-MT602-Yasue-F0134002-ang-E0004.856.1972                  1 4.50000E+01 1.50000E+02
p-Be009-MT602-Yasue-F0134002-ang-E0004.877.1972                  1 4.50000E+01 1.15000E+02
p-Be009-MT602-Yasue-F0134002-ang-E0004.890.1972                  1 8.40000E+01 1.15000E+02
p-Be009-MT602-Yasue-F0134002-ang-E0004.896.1972                  1 8.40000E+01 1.50000E+02
p-Be009-MT602-Yasue-F0134002-ang-E0004.903.1972                  1 4.50000E+01 1.50000E+02
p-Be009-MT602-Yasue-F0134002-ang-E0004.920.1972                  1 4.50000E+01 1.15000E+02
p-Be009-MT602-Yasue-F0134002-ang-E0004.940.1972                  1 1.15000E+02 1.50000E+02
p-Be009-MT602-Yasue-F0134002-ang-E0004.956.1972                  1 4.50000E+01 1.50000E+02
p-Be009-MT602-Yasue-F0134002-ang-E0004.964.1972                  1 4.50000E+01 1.15000E+02
p-Be009-MT602-Yasue-F0134002-ang-E0004.994.1972                  1 8.40000E+01 1.15000E+02
p-Be009-MT602-Yasue-F0134002-ang-E0004.996.1972                  1 8.40000E+01 1.50000E+02
p-Be009-MT602-Yasue-F0134002-ang-E0005.002.1972                  1 4.50000E+01 1.50000E+02
p-Be009-MT602-Yasue-F0134002-ang-E0005.024.1972                  1 4.50000E+01 1.15000E+02
p-Be009-MT602-Yasue-F0134002-ang-E0005.044.1972                  1 1.15000E+02 1.50000E+02
p-Be009-MT602-Yasue-F0134002-ang-E0005.062.1972                  1 1.15000E+02 1.50000E+02
p-Be009-MT602-Yasue-F0134002-ang-E0005.100.1972                  1 8.40000E+01 1.15000E+02
p-Be009-MT602-Yasue-F0134002-ang-E0005.103.1972                  1 8.40000E+01 1.50000E+02
p-Be009-MT602-Yasue-F0134002-ang-E0005.105.1972                  1 4.50000E+01 1.50000E+02
p-Be009-MT602-Yasue-F0134002-ang-E0005.126.1972                  1 4.50000E+01 1.15000E+02
p-Be009-MT602-Yasue-F0134002-ang-E0005.137.1972                  1 1.15000E+02 1.50000E+02
p-Be009-MT602-Yasue-F0134002-ang-E0005.158.1972                  1 1.15000E+02 1.50000E+02
p-Be009-MT602-Yasue-F0134002-ang-E0005.194.1972                  1 8.40000E+01 1.15000E+02
p-Be009-MT602-Yasue-F0134002-ang-E0005.199.1972                  1 8.40000E+01 1.50000E+02
p-Be009-MT602-Yasue-F0134002-ang-E0005.201.1972                  1 1.15000E+02 1.50000E+02
p-Be009-MT602-Yasue-F0134002-ang-E0005.243.1972                  1 1.15000E+02 1.50000E+02
p-Be009-MT602-Yasue-F0134002-ang-E0005.254.1972                  1 1.15000E+02 1.50000E+02
p-Be009-MT602-Yasue-F0134002-ang-E0005.290.1972                  1 8.40000E+01 1.15000E+02
p-Be009-MT602-Yasue-F0134002-ang-E0005.302.1972                  1 8.40000E+01 1.50000E+02
p-Be009-MT602-Yasue-F0134002-ang-E0005.304.1972                  1 1.15000E+02 1.50000E+02
p-Be009-MT602-Yasue-F0134002-ang-E0005.340.1972                  1 1.15000E+02 1.50000E+02
p-Be009-MT602-Yasue-F0134002-ang-E0005.357.1972                  1 1.15000E+02 1.50000E+02
p-Be009-MT602-Yasue-F0134002-ang-E0005.397.1972                  1 8.40000E+01 1.15000E+02
p-Be009-MT602-Yasue-F0134002-ang-E0005.400.1972                  1 8.40000E+01 1.50000E+02
p-Be009-MT602-Yasue-F0134002-ang-E0005.410.1972                  1 8.40000E+01 1.50000E+02
p-Be009-MT602-Yasue-F0134002-ang-E0005.503.1972                  2 8.40000E+01 1.50000E+02
p-Be009-MT602-Yasue-F0134002-ang-E0005.506.1972                  1 1.15000E+02 1.50000E+02
p-Be009-MT602-Yasue-F0134002-ang-E0005.602.1972                  1 1.15000E+02 1.50000E+02
p-Be009-MT602-Yasue-F0134002-ang-E0005.606.1972                  1 8.40000E+01 1.50000E+02
p-Be009-MT602-Yasue-F0134002-ang-E0005.608.1972                  1 8.40000E+01 1.15000E+02
p-Be009-MT602-Yasue-F0134002-ang-E0005.701.1972                  1 8.40000E+01 1.15000E+02
p-Be009-MT602-Yasue-F0134002-ang-E0005.704.1972                  1 8.40000E+01 1.50000E+02
p-Be009-MT602-Yasue-F0134002-ang-E0005.709.1972                  1 1.15000E+02 1.50000E+02
p-Be009-MT602-Yasue-F0134002-ang-E0005.798.1972                  1 1.15000E+02 1.50000E+02
p-Be009-MT602-Yasue-F0134002-ang-E0005.808.1972                  1 1.15000E+02 1.50000E+02
p-Be009-MT602-Yasue-F0134002-ang-E0005.897.1972                  1 1.15000E+02 1.50000E+02
p-Be009-MT602-Yasue-F0134002-ang-E0005.901.1972                  1 4.50000E+01 1.50000E+02
p-Be009-MT602-Yasue-F0134002-ang-E0005.929.1972                  1 4.50000E+01 1.15000E+02
p-Be009-MT602-Yasue-F0134002-ang-E0005.997.1972                  2 4.50000E+01 1.50000E+02
p-Be009-MT602-Yasue-F0134002-ang-E0006.026.1972                  2 4.50000E+01 1.50000E+02
p-Be009-MT602-debever-E1581009-ang-E0054.700.1994               38 8.89998E+00 8.73000E+01
p-Be009-MT602-debever-E1581010-ang-E0074.720.1994               38 8.89998E+00 8.77000E+01
