#              Filename                                         N    min         max
p-C014-MT051-Alford-C0807002-E0200.000.1989                      6 0.00000E+00 0.00000E+00
p-C014-MT051-Anderson-C0132007-E0135.000.1991                   11 1.99792E-01 6.04200E+01
p-C014-MT051-Doering-C1522002-E0035.000.1979                    58 9.94400E+00 1.57200E+02
p-C014-MT051-Garcia-C0131002-E0135.000.1994                     66 0.00000E+00 5.70000E+01
p-C014-MT051-Jon-E2092005-E0035.000.2000                        16 0.00000E+00 1.20300E+02
p-C014-MT051-Kabasawa-E1486002-E0035.000.1992                   16 0.00000E+00 1.20500E+02
p-C014-MT051-Kabasawa-E1486006-E0035.000.1992                   16 0.00000E+00 1.20600E+02
p-C014-MT051-Rapaport-C0824006-E0492.000.1989                    2 0.00000E+00 0.00000E+00
p-C014-MT051-Rapaport-T0180009-E0160.000.1987                   34 8.25194E-01 1.57300E+01
p-C014-MT051-Sugarbaker-C0568002-E0494.000.1990                  6 0.00000E+00 0.00000E+00
p-C014-MT051-Taddeucci-C1523005-E0025.700.1984                  12 9.30001E+00 1.20000E+02
p-C014-MT051-Taddeucci-C1523005-E0035.000.1984                  30 9.30001E+00 1.59400E+02
p-C014-MT051-Taddeucci-C1523005-E0045.000.1984                  10 1.50000E+01 6.03000E+01
p-C014-MT051-Taddeucci-C1523006-E0025.700.1984                  12 1.04917E+01 1.03662E+02
p-C014-MT051-Taddeucci-C1523006-E0035.000.1984                  30 1.04917E+01 1.27128E+02
p-C014-MT051-Taddeucci-C1523006-E0045.000.1984                  10 1.50135E+01 5.77788E+01
p-C014-MT051-Taddeucci-C1523007-E0025.700.1984                  12 1.00051E+01 1.10869E+02
p-C014-MT051-Taddeucci-C1523007-E0035.000.1984                  30 1.02702E+01 1.34782E+02
p-C014-MT051-Taddeucci-C1523007-E0045.000.1984                  10 1.54335E+01 5.91609E+01
p-C014-MT051-Wong-C2615004-E0007.200.1971                       10 4.59998E+00 1.42900E+02
p-C014-MT051-Wong-C2615004-E0008.800.1971                       10 4.40002E+00 1.38900E+02
p-C014-MT051-Wong-C2615004-E0010.400.1971                       10 4.40002E+00 1.35800E+02
p-C014-MT051-Wong-C2615004-E0011.700.1971                       10 6.49999E+00 1.39000E+02
p-C014-MT051-Wong-C2615004-E0012.600.1971                        9 3.30002E+00 1.37200E+02
p-C014-MT051-Wong-C2615004-E0013.300.1971                       10 3.30002E+00 1.35800E+02
p-C014-MT051-Wong-C2615004-E0018.300.1971                       10 3.40001E+00 1.35900E+02
