#              Filename                                         N    min         max
n-Mo092-MT151-Divadeenam-105230241.1968                         19 8.50000E-03 4.97000E-02
n-Mo092-MT151-Divadeenam-105230241A001.1968                     19 8.50000E-03 4.97000E-02
n-Mo092-MT151-Divadeenam-105230242.1968                         11 1.13000E-02 4.97000E-02
n-Mo092-MT151-Divadeenam-105230242A001.1968                     11 1.13000E-02 4.97000E-02
n-Mo092-MT151-Divadeenam-105230243.1968                         19 8.50000E-03 4.97000E-02
n-Mo092-MT151-Divadeenam-105230243A001.1968                     19 8.50000E-03 4.97000E-02
n-Mo092-MT151-Divadeenam-105230244.1968                         19 8.50000E-03 4.97000E-02
n-Mo092-MT151-Divadeenam-105230244A001.1968                     19 8.50000E-03 4.97000E-02
n-Mo092-MT151-Kuznetsova-40981002.1987                           1 4.00000E-01 4.00000E-01
n-Mo092-MT151-Kuznetsova-40981003.1987                           2 4.00000E-01 4.00000E-01
n-Mo092-MT151-Leinweber-142630271.2010                           2 3.46870E-04 1.86480E-03
n-Mo092-MT151-Leinweber-142630272.2010                           2 3.46870E-04 1.86480E-03
n-Mo092-MT151-Mughabghab-102290041.1971                          2 3.47000E-04 2.04000E-03
n-Mo092-MT151-Mughabghab-102290041A001.1971                      2 3.47000E-04 2.04000E-03
n-Mo092-MT151-Pevzner-400910021.1963                             6 3.46600E-04 1.66600E-02
n-Mo092-MT151-Pevzner-400910022.1963                             5 3.46600E-04 1.66600E-02
n-Mo092-MT151-Pevzner-400910023.1963                             5 3.46600E-04 1.66600E-02
n-Mo092-MT151-Shwe-119140031.1969                                1 3.46900E-04 3.46900E-04
n-Mo092-MT151-Wasson-10747002.1973                              12 3.47000E-04 2.39000E-02
n-Mo092-MT151-Wasson-10747002A001.1973                          12 3.47000E-04 2.39000E-02
n-Mo092-MT151-Wasson-10747003.1973                              29 3.00000E-04 2.39000E-02
n-Mo092-MT151-Wasson-10747003A001.1973                          29 3.00000E-04 2.39000E-02
n-Mo092-MT151-Wasson-107480041.1973                             43 3.47000E-04 3.11000E-02
n-Mo092-MT151-Wasson-107480041A001.1973                         43 3.47000E-04 3.11000E-02
n-Mo092-MT151-Wasson-107480042.1973                             36 3.47000E-04 3.11000E-02
n-Mo092-MT151-Wasson-107480042A001.1973                         36 3.47000E-04 3.11000E-02
n-Mo092-MT151-Wasson-107480043.1973                             42 3.47000E-04 3.11000E-02
n-Mo092-MT151-Wasson-107480043A001.1973                         42 3.47000E-04 3.11000E-02
n-Mo092-MT151-Wasson-107480044.1973                             43 3.47000E-04 3.11000E-02
n-Mo092-MT151-Wasson-107480044A001.1973                         43 3.47000E-04 3.11000E-02
n-Mo092-MT151-Wasson-107480046.1973                             30 3.17000E-03 3.11000E-02
n-Mo092-MT151-Wasson-107480046A001.1973                         30 3.17000E-03 3.11000E-02
n-Mo092-MT151-Wasson-107480047.1973                             13 3.47000E-04 3.11000E-02
n-Mo092-MT151-Wasson-107480047A001.1973                         13 3.47000E-04 3.11000E-02
n-Mo092-MT151-Wasson-107480048.1973                             30 1.86000E-03 3.03000E-02
n-Mo092-MT151-Wasson-107480048A001.1973                         30 1.86000E-03 3.03000E-02
n-Mo092-MT151-Wasson-107480051.1973                              2 1.57235E-02 1.60800E-02
n-Mo092-MT151-Wasson-107480051A001.1973                          2 1.57235E-02 1.60800E-02
n-Mo092-MT151-Weigmann-20398003.1971                             1 3.16900E-03 3.16900E-03
n-Mo092-MT151-Weigmann-20398004.1971                            17 3.46960E-04 1.14940E-02
n-Mo092-MT151-Weigmann-20398005.1971                             2 3.46960E-04 1.86810E-03
