#              Filename                                         N    min         max
d-Be009-MT600-Annegarn-F0460003-E0000.239.1974                 442 9.00000E+01 9.00000E+01
d-Be009-MT600-Antufyev-F0154002-E0002.000.1984                  10 2.86000E+01 1.29200E+02
d-Be009-MT600-Antufyev-F0154002-E0002.300.1984                  13 2.91000E+01 1.52900E+02
d-Be009-MT600-Antufyev-F0154002-E0002.500.1984                  10 2.91000E+01 1.31700E+02
d-Be009-MT600-Antufyev-F0154002-E0002.800.1984                  13 3.34000E+01 1.54400E+02
d-Be009-MT600-Arena-F0456002-E0000.719.1972                      1 3.00000E+01 6.00000E+01
d-Be009-MT600-Arena-F0456002-E0000.730.1972                      1 3.00000E+01 1.50000E+02
d-Be009-MT600-Arena-F0456002-E0000.739.1972                      1 9.00000E+01 1.50000E+02
d-Be009-MT600-Arena-F0456002-E0000.743.1972                      1 9.00000E+01 1.50000E+02
d-Be009-MT600-Arena-F0456002-E0000.774.1972                      1 9.00000E+01 1.50000E+02
d-Be009-MT600-Arena-F0456002-E0000.777.1972                      1 6.00000E+01 9.00000E+01
d-Be009-MT600-Arena-F0456002-E0000.784.1972                      1 3.00000E+01 6.00000E+01
d-Be009-MT600-Arena-F0456002-E0000.794.1972                      1 3.00000E+01 3.00000E+01
d-Be009-MT600-Bertrand-F0114004-E0000.300.1968                  16 6.10002E+00 1.49700E+02
d-Be009-MT600-Bertrand-F0114004-E0000.400.1968                  15 1.04000E+01 1.49600E+02
d-Be009-MT600-Bertrand-F0114004-E0000.500.1968                  15 1.04000E+01 1.51000E+02
d-Be009-MT600-Bertrand-F0114004-E0000.600.1968                  15 1.05000E+01 1.50400E+02
d-Be009-MT600-Bertrand-F0114004-E0000.700.1968                  15 1.05000E+01 1.50500E+02
d-Be009-MT600-Bertrand-F0114004-E0000.800.1968                  15 9.20003E+00 1.52400E+02
d-Be009-MT600-Bertrand-F0114004-E0000.900.1968                  15 9.20003E+00 1.49000E+02
d-Be009-MT600-Bertrand-F0114004-E0001.000.1968                  14 1.93000E+01 1.50000E+02
d-Be009-MT600-Bondouk-F0130002-E0000.890.1974                    1 4.50000E+01 1.20000E+02
d-Be009-MT600-Bondouk-F0130002-E0000.903.1974                    1 4.50000E+01 1.20000E+02
d-Be009-MT600-Bondouk-F0130002-E0000.909.1974                    1 4.50000E+01 1.20000E+02
d-Be009-MT600-Bondouk-F0130002-E0000.923.1974                    1 4.50000E+01 1.20000E+02
d-Be009-MT600-Bondouk-F0130002-E0000.928.1974                    1 4.50000E+01 4.50000E+01
d-Be009-MT600-Bondouk-F0226002-E0000.900.1974                    1 4.50000E+01 1.20000E+02
d-Be009-MT600-Bondouk-F0226002-E0000.902.1974                    1 4.50000E+01 1.20000E+02
d-Be009-MT600-Bondouk-F0226002-E0000.913.1974                    1 4.50000E+01 1.20000E+02
d-Be009-MT600-Bondouk-F0226002-E0000.922.1974                    1 4.50000E+01 1.20000E+02
d-Be009-MT600-Bondouk-F0226002-E0000.927.1974                    1 4.50000E+01 4.50000E+01
d-Be009-MT600-Bondouk-F0226003-E0000.900.1974                   14 2.67000E+01 1.57800E+02
d-Be009-MT600-Bondouk-F0226003-E0001.100.1974                   14 2.10000E+01 1.58700E+02
d-Be009-MT600-Bondouk-F0226003-E0001.300.1974                   15 2.10000E+01 1.57700E+02
d-Be009-MT600-Bondouk-F0226003-E0001.500.1974                   15 1.95000E+01 1.57300E+02
d-Be009-MT600-Bondouk-F0226003-E0001.700.1974                   15 1.95000E+01 1.57200E+02
d-Be009-MT600-Bondouk-F0226003-E0001.900.1974                   15 1.65000E+01 1.56400E+02
d-Be009-MT600-Bondouk-F0226003-E0002.100.1974                   15 1.65000E+01 1.57500E+02
d-Be009-MT600-Bondouk-F0226003-E0002.300.1974                   15 2.03000E+01 1.47700E+02
d-Be009-MT600-Cecil-C0762003-E0000.067.1981                     10 1.50000E+02 1.50000E+02
d-Be009-MT600-Darden-F0191004-E0015.000.1976                    85 1.42000E+01 1.30300E+02
d-Be009-MT600-Deineko-F0269002-E0001.456.1980                   76 1.40000E+02 1.40000E+02
d-Be009-MT600-Deineko-F0409002-E0002.000.1984                   10 2.96000E+01 1.27900E+02
d-Be009-MT600-Deineko-F0409002-E0002.300.1984                   13 2.97000E+01 1.49200E+02
d-Be009-MT600-Deineko-F0409002-E0002.500.1984                   10 2.80000E+01 1.28800E+02
d-Be009-MT600-Deineko-F0409002-E0002.800.1984                   20 2.50000E+01 1.45700E+02
d-Be009-MT600-Friedland-F0153003-E0000.600.1974                 11 2.81000E+01 1.59100E+02
d-Be009-MT600-Friedland-F0153003-E0000.800.1974                 10 2.63000E+01 1.58800E+02
d-Be009-MT600-Friedland-F0153003-E0001.000.1974                 10 2.63000E+01 1.58800E+02
d-Be009-MT600-Friedland-F0153003-E0001.200.1974                 12 2.77000E+01 1.60300E+02
d-Be009-MT600-Friedland-F0153003-E0001.400.1974                 12 2.78000E+01 1.56700E+02
d-Be009-MT600-Friedland-F0153003-E0001.600.1974                 15 2.69000E+01 1.59600E+02
d-Be009-MT600-Friedland-F0153003-E0001.800.1974                 16 2.69000E+01 1.59400E+02
d-Be009-MT600-Friedland-F0153003-E0002.000.1974                 12 2.80000E+01 1.59800E+02
d-Be009-MT600-Friedland-F0153003-E0002.200.1974                 12 2.80000E+01 1.60800E+02
d-Be009-MT600-Friedland-F0153003-E0002.300.1974                 12 3.69000E+01 1.58100E+02
d-Be009-MT600-Friedland-F0153003-E0002.400.1974                 12 3.79000E+01 1.58600E+02
d-Be009-MT600-Friedland-F0153003-E0002.700.1974                 12 3.79000E+01 1.48200E+02
d-Be009-MT600-Fulbright-F0091002-E0003.600.1952                 34 1.59998E+00 1.60200E+02
d-Be009-MT600-Generalov-F0524002-E0003.000.2000                 24 1.00000E+01 1.65100E+02
d-Be009-MT600-Generalov-F0524002-E0003.500.2000                 25 1.00000E+01 1.70100E+02
d-Be009-MT600-Generalov-F0524002-E0004.000.2000                 25 1.00000E+01 1.70000E+02
d-Be009-MT600-Ishimatsu-E2393002-E0001.740.1961                 12 0.00000E+00 1.66200E+02
d-Be009-MT600-Ishimatsu-E2393003-E0001.970.1961                 12 0.00000E+00 1.65900E+02
d-Be009-MT600-Ishimatsu-E2393004-E0002.240.1961                 12 0.00000E+00 1.65400E+02
d-Be009-MT600-Ishimatsu-E2393005-E0002.510.1961                 12 0.00000E+00 1.65000E+02
d-Be009-MT600-Ishimatsu-E2393006-E0002.730.1961                 12 0.00000E+00 1.65500E+02
d-Be009-MT600-Ishimatsu-E2393007-E0003.030.1961                 12 0.00000E+00 1.65100E+02
d-Be009-MT600-Ishimatsu-E2393008-E0001.740.1961                  7 3.00000E+01 3.00000E+01
d-Be009-MT600-Ishimatsu-F0103002-E0001.740.1961                 12 1.99792E-01 1.67500E+02
d-Be009-MT600-Ishimatsu-F0103002-E0001.970.1961                 12 1.99792E-01 1.66400E+02
d-Be009-MT600-Ishimatsu-F0103002-E0002.240.1961                 12 9.00051E-01 1.66700E+02
d-Be009-MT600-Ishimatsu-F0103002-E0002.510.1961                 12 1.99792E-01 1.63500E+02
d-Be009-MT600-Ishimatsu-F0103002-E0002.730.1961                 12 9.89117E-02 1.64300E+02
d-Be009-MT600-Ishimatsu-F0103002-E0003.030.1961                 12 9.89117E-02 1.64300E+02
d-Be009-MT600-Ishimatsu-F0103003-E0001.721.1961                  7 3.00000E+01 3.00000E+01
d-Be009-MT600-Powell-A1432003-E0004.500.1970                    25 1.48000E+01 1.59500E+02
d-Be009-MT600-Powell-A1432003-E0004.750.1970                    28 1.52000E+01 1.59100E+02
d-Be009-MT600-Powell-A1432003-E0005.000.1970                    27 1.61000E+01 1.60300E+02
d-Be009-MT600-Powell-A1432003-E0005.250.1970                    27 1.61000E+01 1.60700E+02
d-Be009-MT600-Read-F0090007-E0003.869.1961                      50 4.00000E+01 4.00000E+01
d-Be009-MT600-Read-F0161004-E0005.860.1961                      22 1.92000E+01 9.16000E+01
d-Be009-MT600-Roush-F0146004-E0002.800.1969                     28 3.79999E+00 8.97000E+01
d-Be009-MT600-Schmidtrohr-F0144006-E0011.800.1964              156 1.01000E+01 1.66600E+02
d-Be009-MT600-Szczurek-F0588004-E0007.000.1989                 167 2.93000E+01 1.65600E+02
d-Be009-MT600-Szczurek-F0588010-E0006.498.1989                  11 1.60000E+02 1.60000E+02
d-Be009-MT600-Tsavalas-O2481002-E0001.000.2020                 561 1.20000E+02 1.70000E+02
d-Be009-MT600-Urazbekov-D0962004-E0019.500.2019                141 1.10000E+01 1.33200E+02
d-Be009-MT600-Vasileva-F0166002-E0012.500.1987                  60 1.84000E+01 1.56300E+02
d-Be009-MT600-Zelenskaya-A0664002-E0015.300.2001                46 1.85000E+01 1.60300E+02
d-Be009-MT600-Zelenskaya-A0664003-E0011.800.2001                58 5.00000E+01 5.00000E+01
d-Be009-MT600-Zelenskaya-F0499002-E0015.300.2001                46 1.81000E+01 1.60700E+02
d-Be009-MT600-Zelenskaya-F0499003-E0011.797.2001                58 5.00000E+01 5.00000E+01
