#              Filename                                         N    min         max
n-H001-MT001-Abdivaliev-416030021.1975                           8 6.24180E+02 4.23640E+03
n-H001-MT001-Abdivaliev-416030023.1975                           8 6.24180E+02 4.23640E+03
n-H001-MT001-Abdivaliev-416030025.1975                           4 2.29970E+03 4.23640E+03
n-H001-MT001-Abdivaliev-416030027.1975                           3 3.00400E+03 4.23640E+03
n-H001-MT001-Abdivaliev-41603003.1975                            8 6.24180E+02 4.23640E+03
n-H001-MT001-Abfalterer-13753032.2001                          101 9.16000E+00 5.00300E+02
n-H001-MT001-Allen-21364002.1955                                 4 6.00000E-02 5.50000E-01
n-H001-MT001-Allen-21364003.1955                                 1 1.20000E-01 1.20000E-01
n-H001-MT001-Ambrosino-21225002.1965                             1 2.76800E+00 2.76800E+00
n-H001-MT001-Anderson-14689006.1946                              1 1.55160E-09 1.55160E-09
n-H001-MT001-Anderson-14689007.1946                              1 1.55160E-09 1.55160E-09
n-H001-MT001-Aoki-22586002.1939                                  5 2.13000E+00 2.75000E+00
n-H001-MT001-Ashmore-21680002.1957                               1 3.51200E+02 3.51200E+02
n-H001-MT001-Atkinson-11112002.1961                              1 5.00000E+03 5.00000E+03
n-H001-MT001-Atkinson-11112002A001.1961                          1 5.00000E+03 5.00000E+03
n-H001-MT001-Bailey-11140002.1946                               15 3.50000E-01 6.00000E+00
n-H001-MT001-Bailey-11140002A001.1946                           15 3.50000E-01 6.00000E+00
n-H001-MT001-Bashkin-11035002.1950                               1 1.00000E+00 1.00000E+00
n-H001-MT001-Bashkin-11035002A001.1950                           1 1.00000E+00 1.00000E+00
n-H001-MT001-Battat-11021002.1959                                1 1.41000E+01 1.41000E+01
n-H001-MT001-Battat-11021002A001.1959                            1 1.41000E+01 1.41000E+01
n-H001-MT001-Blair-20863002.1976                                47 2.64100E+01 1.27500E+02
n-H001-MT001-Bol-21969002.1985                                   5 2.69000E+01 7.25000E+01
n-H001-MT001-Bowen-21103003.1961                                63 1.58000E+01 1.11500E+02
n-H001-MT001-Brady-10102002.1970                                 8 2.46300E+01 5.93500E+01
n-H001-MT001-Brady-10102002A001.1970                             8 2.46300E+01 5.93500E+01
n-H001-MT001-Bratenahl-11155002.1958                             6 7.17000E+00 1.40200E+01
n-H001-MT001-Bratenahl-11155002A001.1958                         6 7.17000E+00 1.40200E+01
n-H001-MT001-Bretscher-21251002.1950                            10 2.20000E-01 4.05000E+00
n-H001-MT001-Broecker-21146002.1966                             30 2.25700E-08 3.31100E-07
n-H001-MT001-Broecker-21146003.1966                             31 2.25700E-08 4.08600E-07
n-H001-MT001-Broecker-21146004.1966                             31 2.25700E-08 4.08600E-07
n-H001-MT001-Broecker-21146005.1966                             31 2.25700E-08 4.08600E-07
n-H001-MT001-Broecker-21146006.1966                             30 2.25700E-08 3.31100E-07
n-H001-MT001-Broecker-21146007.1966                             30 2.25700E-08 3.31100E-07
n-H001-MT001-Broecker-21146008.1966                             24 3.11800E-08 3.31100E-07
n-H001-MT001-Broecker-21146009.1966                             63 2.25700E-08 5.20000E-07
n-H001-MT001-Broecker-21146010.1966                             64 2.25700E-08 5.40000E-07
n-H001-MT001-Broecker-21146011.1966                             21 2.25700E-08 9.23300E-08
n-H001-MT001-Broecker-21146012.1966                              9 1.02800E-07 3.31100E-07
n-H001-MT001-Broecker-21146014.1966                             20 2.37300E-08 9.23300E-08
n-H001-MT001-Broecker-21146015.1966                              9 1.02800E-07 3.31100E-07
n-H001-MT001-Broecker-21146021.1966                             15 3.11800E-08 9.23300E-08
n-H001-MT001-Broecker-21146022.1966                              9 1.02800E-07 3.31100E-07
n-H001-MT001-Castromadero-30223002.1972                        140 7.07900E-09 2.11300E-05
n-H001-MT001-Celli-23340002.1999                               323 4.58410E-09 3.54000E-04
n-H001-MT001-Cierjacks-20015002.1969                          1066 7.01450E-01 3.19900E+01
n-H001-MT001-Clement-10173003.1972                             425 5.01100E-01 2.46290E+01
n-H001-MT001-Clement-10173003A001.1972                         425 5.01100E-01 2.46290E+01
n-H001-MT001-Cook-11074002.1954                                  8 1.41000E+01 1.80000E+01
n-H001-MT001-Cook-11074002A001.1954                              8 1.41000E+01 1.80000E+01
n-H001-MT001-Cook-11146002.1949                                  1 8.30000E+01 8.30000E+01
n-H001-MT001-Cook-11146002A001.1949                              1 8.30000E+01 8.30000E+01
n-H001-MT001-Coon-14745003.1952                                  1 1.41000E+01 1.41000E+01
n-H001-MT001-Coor-11087002.1955                                  1 1.40000E+03 1.40000E+03
n-H001-MT001-Coor-11087002A001.1955                              1 1.40000E+03 1.40000E+03
n-H001-MT001-Coor-11087003.1955                                  1 1.40000E+03 1.40000E+03
n-H001-MT001-Coor-11087003A001.1955                              1 1.40000E+03 1.40000E+03
n-H001-MT001-Culler-11088002.1955                                4 9.34000E+01 1.06800E+02
n-H001-MT001-Culler-11088002A001.1955                            4 9.34000E+01 1.06800E+02
n-H001-MT001-Daub-14356002.2013                                 49 1.55000E-01 6.35000E-01
n-H001-MT001-Davis-10099003.1971                                27 1.50000E+00 2.75150E+01
n-H001-MT001-Davis-10099003A001.1971                            27 1.50000E+00 2.75150E+01
n-H001-MT001-Davis-10184002.1971                                 1 2.53300E+00 2.53300E+00
n-H001-MT001-Davis-10184002A001.1971                             1 2.53300E+00 2.53300E+00
n-H001-MT001-Day-11068002.1953                                   1 1.99300E+01 1.99300E+01
n-H001-MT001-Day-11068002A001.1953                               1 1.99300E+01 1.99300E+01
n-H001-MT001-Day-11099002.1959                                   1 1.96650E+01 1.96650E+01
n-H001-MT001-Day-11099002A001.1959                               1 1.96650E+01 1.96650E+01
n-H001-MT001-Dejuren-11174002.1950                               1 9.50000E+01 9.50000E+01
n-H001-MT001-Dejuren-11174002A001.1950                           1 9.50000E+01 9.50000E+01
n-H001-MT001-Dejuren-11174004.1950                               1 9.50000E+01 9.50000E+01
n-H001-MT001-Dejuren-11174004A001.1950                           1 9.50000E+01 9.50000E+01
n-H001-MT001-Dejuren-11176002.1950                               1 2.70000E+02 2.70000E+02
n-H001-MT001-Dejuren-11176002A001.1950                           1 2.70000E+02 2.70000E+02
n-H001-MT001-Dejuren-11177002.1951                               2 1.60000E+02 2.20000E+02
n-H001-MT001-Dejuren-11177002A001.1951                           2 1.60000E+02 2.20000E+02
n-H001-MT001-Devlin-10365002.1973                               26 2.47360E+02 2.58830E+03
n-H001-MT001-Devlin-10365002A001.1973                           26 2.47360E+02 2.58830E+03
n-H001-MT001-Dilg-20597003.1975                                  4 1.32000E-04 1.32000E-04
n-H001-MT001-Dritsa-22613002.1967                              243 1.01100E-08 1.53820E-05
n-H001-MT001-Dritsa-22613003.1967                              243 1.01100E-08 1.53820E-05
n-H001-MT001-Dzhelepov-41261002.1955                             1 5.90000E+02 5.90000E+02
n-H001-MT001-Engelke-11118002.1963                               1 3.20500E+00 3.20500E+00
n-H001-MT001-Engelke-11118002A001.1963                           1 3.20500E+00 3.20500E+00
n-H001-MT001-Engelke-11118003.1963                               1 4.92600E-01 4.92600E-01
n-H001-MT001-Engelke-11118003A001.1963                           1 4.92600E-01 4.92600E-01
n-H001-MT001-Fields-11073002.1954                                2 1.00500E+00 2.54000E+00
n-H001-MT001-Fields-11073002A001.1954                            2 1.00500E+00 2.54000E+00
n-H001-MT001-Fosterjr-10047002.1971                            238 2.30200E+00 1.46890E+01
n-H001-MT001-Fosterjr-10047002A001.1971                        238 2.30200E+00 1.46890E+01
n-H001-MT001-Fox-11175002.1950                                   1 2.70000E+02 2.70000E+02
n-H001-MT001-Fox-11175002A001.1950                               1 2.70000E+02 2.70000E+02
n-H001-MT001-Frisch-11141002.1946                                4 3.50000E-02 4.90000E-01
n-H001-MT001-Frisch-11141002A001.1946                            4 3.50000E-02 4.90000E-01
n-H001-MT001-Fujita-20700002.1976                                1 2.36450E-02 2.36450E-02
n-H001-MT001-Galloway-11522012.1966                             87 2.00600E+00 1.37740E+01
n-H001-MT001-Good-11178002.1941                                  1 9.00000E-01 9.00000E-01
n-H001-MT001-Good-11178002A001.1941                              1 9.00000E-01 9.00000E-01
n-H001-MT001-Good-14785002.1940                                  1 9.00000E-01 9.00000E-01
n-H001-MT001-Goodman-11057002.1952                               1 1.40000E+01 1.40000E+01
n-H001-MT001-Goodman-11057002A001.1952                           1 1.40000E+01 1.40000E+01
n-H001-MT001-Gordon-12839002.1983                               10 2.08390E+01 4.55680E+01
n-H001-MT001-Grammer-14566002.2015                             130 4.33310E-10 1.61166E-08
n-H001-MT001-Granada-30748002.1987                             102 1.03500E-09 8.75000E-06
n-H001-MT001-Groce-31278002.1966                                 3 1.95650E+01 2.79500E+01
n-H001-MT001-Hafner-11059002.1953                                1 4.74900E+00 4.74900E+00
n-H001-MT001-Hafner-11059002A001.1953                            1 4.74900E+00 4.74900E+00
n-H001-MT001-Hanstein-12589002.1941                              2 3.00000E-08 9.00000E-07
n-H001-MT001-Herdade-30229002.1973                             147 8.21000E-10 1.36000E-07
n-H001-MT001-Herdade-30229003.1973                             146 8.25000E-10 1.34000E-07
n-H001-MT001-Heuer-20560002.1974                                27 5.51000E+00 9.58000E+00
n-H001-MT001-Hibdon-12646002.1950                                1 3.45000E-04 3.45000E-04
n-H001-MT001-Hibdon-13041002.1950                                1 1.20000E-04 1.20000E-04
n-H001-MT001-Hildebrand-11039002.1950                            1 4.20000E+01 4.20000E+01
n-H001-MT001-Hildebrand-11039002A001.1950                        1 4.20000E+01 4.20000E+01
n-H001-MT001-Hillman-11081002.1954                               2 4.75000E+01 8.80000E+01
n-H001-MT001-Hillman-11081002A001.1954                           2 4.75000E+01 8.80000E+01
n-H001-MT001-Hillman-11081003.1954                               1 8.80000E+01 8.80000E+01
n-H001-MT001-Hillman-11081003A001.1954                           1 8.80000E+01 8.80000E+01
n-H001-MT001-Houk-10139003.1971                                 64 2.80000E-07 7.05073E-04
n-H001-MT001-Houk-10139003A001.1971                             64 2.80000E-07 7.05073E-04
n-H001-MT001-Houk-10800003.1971                                  3 4.00000E-09 5.00000E-09
n-H001-MT001-Houk-10800003A001.1971                              3 4.00000E-09 5.00000E-09
n-H001-MT001-Jones-10194002.1971                                 4 1.10970E+04 2.55770E+04
n-H001-MT001-Jones-10194002A001.1971                             4 1.10970E+04 2.55770E+04
n-H001-MT001-Jonesjr-114320041.1948                              1 8.00000E-07 8.00000E-07
n-H001-MT001-Jonesjr-114320042.1948                              1 8.00000E-07 8.00000E-07
n-H001-MT001-Jonesjr-11432005.1948                              49 2.81900E-09 9.67500E-05
n-H001-MT001-Kazarinov-40810002.1965                            29 1.00000E+02 1.26000E+03
n-H001-MT001-Kazarinov-40810004.1965                             1 6.30000E+02 6.30000E+02
n-H001-MT001-Kazarinov-41209003.1962                             1 2.00000E+02 2.00000E+02
n-H001-MT001-Keeler-12884002.1982                                6 2.12000E+02 4.95000E+02
n-H001-MT001-Kirilyuk-409800032.1987                             7 2.00000E-03 1.45000E-01
n-H001-MT001-Kirilyuk-40980004.1987                              2 2.00000E-03 1.45000E-01
n-H001-MT001-Knoll-23725002.1985                                10 8.18000E-12 1.27810E-09
n-H001-MT001-Koester-222170021.1990                              1 1.43000E-01 1.43000E-01
n-H001-MT001-Koester-222170241.1990                              1 1.97000E-03 1.97000E-03
n-H001-MT001-Koester-222170242.1990                              1 1.97000E-03 1.97000E-03
n-H001-MT001-Kreisler-11134002.1968                              4 1.36910E+04 2.60770E+04
n-H001-MT001-Kreisler-11134002A001.1968                          4 1.36910E+04 2.60770E+04
n-H001-MT001-Ladenburg-13790002.1937                             1 2.44000E+00 2.44000E+00
n-H001-MT001-Lampi-12644003.1950                                 6 7.98000E-01 4.97000E+00
n-H001-MT001-Langsford-21497002.1970                            17 8.41000E-01 1.99570E+01
n-H001-MT001-Larson-12882002.1980                              412 4.00030E+00 4.98660E+01
n-H001-MT001-Lasday-11041002.1951                                1 1.39000E+01 1.39000E+01
n-H001-MT001-Lasday-11041002A001.1951                            1 1.39000E+01 1.39000E+01
n-H001-MT001-Lebowitz-12663002.1965                              3 3.20400E+00 7.87000E+00
n-H001-MT001-Lee-23539002.2020                                  84 1.18450E-09 1.10550E-05
n-H001-MT001-Lee-23539003.2020                                  61 1.20850E-08 4.73350E-02
n-H001-MT001-Lee-31580002.2002                                  99 5.82000E-09 4.73257E-04
n-H001-MT001-Lehar-23429002.1987                                 4 6.30000E+02 1.08000E+03
n-H001-MT001-Lehar-23429003.1987                                 4 6.30000E+02 1.08000E+03
n-H001-MT001-Lisowski-12761002.1982                            112 3.90000E+01 7.70000E+02
n-H001-MT001-Lisowski-12761003.1982                              1 7.93000E+02 7.93000E+02
n-H001-MT001-Longo-10443002.1974                                 7 3.30730E+04 2.72060E+05
n-H001-MT001-Longo-10443002A001.1974                             7 3.30730E+04 2.72060E+05
n-H001-MT001-Marquezdamian-23772002.2020                       288 9.68150E-09 1.03756E-05
n-H001-MT001-May-23425002.1982                                   6 1.00990E-09 4.03950E-09
n-H001-MT001-May-23425004.1982                                   6 8.18000E-10 8.18000E-10
n-H001-MT001-Measday-11152003.1966                               7 8.82000E+01 1.50900E+02
n-H001-MT001-Measday-11152003A001.1966                           7 8.82000E+01 1.50900E+02
n-H001-MT001-Measday-11152004.1966                               7 8.82000E+01 1.50900E+02
n-H001-MT001-Measday-11152004A001.1966                           7 8.82000E+01 1.50900E+02
n-H001-MT001-Measday-11152005.1966                               7 8.82000E+01 1.50900E+02
n-H001-MT001-Measday-11152005A001.1966                           7 8.82000E+01 1.50900E+02
n-H001-MT001-Meier-20907002.1969                                 1 1.41400E+01 1.41400E+01
n-H001-MT001-Meier-20907003.1969                                 1 1.41400E+01 1.41400E+01
n-H001-MT001-Melkonian-11149002.1949                            29 4.75000E-07 1.83000E-03
n-H001-MT001-Melkonian-11149002A001.1949                        29 4.75000E-07 1.83000E-03
n-H001-MT001-Melkonian-11150002.1949                            62 3.30000E-09 1.83000E-03
n-H001-MT001-Melkonian-11150002A001.1949                        62 3.30000E-09 1.83000E-03
n-H001-MT001-Melkonian-11150003.1949                            40 3.32000E-09 5.30000E-06
n-H001-MT001-Melkonian-11150003A001.1949                        40 3.32000E-09 5.30000E-06
n-H001-MT001-Meyer-12641002.1951                                 1 1.42150E+01 1.42150E+01
n-H001-MT001-Meyer-12641008.1951                                 1 1.42150E+01 1.42150E+01
n-H001-MT001-Meyer-12641009.1951                                 1 1.42150E+01 1.42150E+01
n-H001-MT001-Mott-13038002.1952                                  6 9.70000E+01 2.20000E+02
n-H001-MT001-Nedzel-13568002.1954                                1 4.10000E+02 4.10000E+02
n-H001-MT001-Nereson-11060002.1953                              37 2.95600E+00 1.31550E+01
n-H001-MT001-Nereson-11060002A001.1953                          37 2.95600E+00 1.31550E+01
n-H001-MT001-Nuckolls-11142003.1946                             15 3.50000E-01 6.00000E+00
n-H001-MT001-Nuckolls-11142003A001.1946                         15 3.50000E-01 6.00000E+00
n-H001-MT001-Ozhdjani-40796002.1962                              1 8.30000E+03 8.30000E+03
n-H001-MT001-Pantuev-40818003.1965                               5 2.60000E+03 8.30000E+03
n-H001-MT001-Parker-10044002.1970                                2 3.16930E+03 4.83740E+03
n-H001-MT001-Parker-10044002A001.1970                            2 3.16930E+03 4.83740E+03
n-H001-MT001-Peterson-11108002.1960                              5 1.78000E+01 2.90000E+01
n-H001-MT001-Peterson-11108002A001.1960                          5 1.78000E+01 2.90000E+01
n-H001-MT001-Phillips-10945002.1980                             57 1.05300E+00 1.85560E+01
n-H001-MT001-Phillips-10945002A001.1980                         57 1.05300E+00 1.85560E+01
n-H001-MT001-Poenitz-12715002.1982                               3 5.09000E-01 2.00300E+00
n-H001-MT001-Poss-11053002.1952                                  1 1.41000E+01 1.41000E+01
n-H001-MT001-Poss-11053002A001.1952                              1 1.41000E+01 1.41000E+01
n-H001-MT001-Priesmeyer-22021002.1985                            1 2.39650E-02 2.39650E-02
n-H001-MT001-Pruitt-14661012.2020                              500 3.00567E+00 4.83080E+02
n-H001-MT001-Pruitt-14661013.2020                              500 3.00567E+00 4.83080E+02
n-H001-MT001-Rayburn-11026002.1965                               1 1.44000E-06 1.44000E-06
n-H001-MT001-Rayburn-11026002A001.1965                           1 1.44000E-06 1.44000E-06
n-H001-MT001-Rodriguezpalomino-23402002.2017                    93 2.33000E-09 9.29270E-05
n-H001-MT001-Rodriguezpalomino-23402003.2017                    93 2.33000E-09 9.29270E-05
n-H001-MT001-Rodriguezpalomino-23402004.2017                    93 2.33000E-09 9.29270E-05
n-H001-MT001-Russelljr-11162003.1966                           134 3.54000E-09 1.60400E-05
n-H001-MT001-Russelljr-11162003A001.1966                       134 3.54000E-09 1.60400E-05
n-H001-MT001-Sanchez-142420021.2009                           1600 1.01000E-09 9.94000E-02
n-H001-MT001-Sanchez-142420022.2009                           1600 1.01000E-09 9.94000E-02
n-H001-MT001-Schwartz-10005003.1969                           1652 1.44700E+00 1.49700E+01
n-H001-MT001-Schwartz-10005003A001.1969                       1652 1.44700E+00 1.49700E+01
n-H001-MT001-Seiffert-23423003.1970                             65 9.00000E-10 5.99000E-08
n-H001-MT001-Seiffert-23423004.1970                             70 9.00000E-10 7.82000E-08
n-H001-MT001-Seiffert-23423007.1970                             72 1.37430E-09 3.99910E-08
n-H001-MT001-Seiffert-23423008.1970                             62 1.09540E-09 7.91270E-08
n-H001-MT001-Sherr-11138002.1945                                 1 2.54000E+01 2.54000E+01
n-H001-MT001-Sherr-11138002A001.1945                             1 2.54000E+01 2.54000E+01
n-H001-MT001-Simmons-10227002.1971                               1 5.26000E-01 5.26000E-01
n-H001-MT001-Simmons-10227002A001.1971                           1 5.26000E-01 5.26000E-01
n-H001-MT001-Simpson-11020002.1964                              68 4.22200E-07 1.71500E-03
n-H001-MT001-Simpson-11020002A001.1964                          68 4.22200E-07 1.71500E-03
n-H001-MT001-Sleator-12640002.1947                               9 6.50000E+00 2.11000E+01
n-H001-MT001-Smith-11172002.1953                                29 6.40000E-10 9.05000E-09
n-H001-MT001-Smith-11172002A001.1953                            29 6.40000E-10 9.05000E-09
n-H001-MT001-Springer-21078002.1961                             29 1.20000E-08 5.30000E-07
n-H001-MT001-Stepanov-41620002.1974                             35 4.17350E-10 1.27810E-09
n-H001-MT001-Stepanov-41620003.1974                             49 4.17350E-10 1.27810E-09
n-H001-MT001-Stepanov-41621002.1976                             30 2.26590E-10 3.63560E-10
n-H001-MT001-Stepanov-41621003.1976                             66 2.26590E-10 1.27810E-09
n-H001-MT001-Storrs-11080002.1954                                1 1.31500E+00 1.31500E+00
n-H001-MT001-Storrs-11080002A001.1954                            1 1.31500E+00 1.31500E+00
n-H001-MT001-Taylor-21378002.1953                                5 3.80000E+01 1.53000E+02
n-H001-MT001-Vertebny-40109006.1972                             28 1.30000E-08 1.00000E-06
n-H001-MT001-Walston-13803002.2001                               6 4.98000E+00 1.97000E+01
n-H001-MT001-Walston-13803003.2001                               5 4.98000E+00 1.71000E+01
n-H001-MT001-Walton-11173002.1960                              111 1.31000E-09 1.83300E-05
n-H001-MT001-Walton-11173002A001.1960                          111 1.31000E-09 1.83300E-05
n-H001-MT001-Westii-11031002.1965                                5 1.95800E+01 3.04600E+01
n-H001-MT001-Westii-11031002A001.1965                            5 1.95800E+01 3.04600E+01
n-H001-MT001-Wilburn-13620002.1995                               6 3.65000E+00 6.25000E+00
n-H001-MT001-Wilburn-13620003.1995                               3 7.43000E+00 1.16000E+01
n-H001-MT001-Zhitarev-41619002.1977                             28 2.26590E-10 4.84020E-10
n-H001-MT001-Zhitarev-41619003.1977                             27 2.26590E-10 4.84020E-10
n-H001-MT001-Zhitarev-41623002.1978                            115 1.91830E-13 9.52840E-13
n-H001-MT001-Zinn-11136002.1939                                  1 2.88000E+00 2.88000E+00
n-H001-MT001-Zinn-11136002A001.1939                              1 2.88000E+00 2.88000E+00
n-H001-MT001-Zinn-11136015.1939                                  1 2.88000E+00 2.88000E+00
n-H001-MT001-Zinn-11136015A001.1939                              1 2.88000E+00 2.88000E+00
