#              Filename                                         N    min         max
n-Ti000-MT002-Barnard-10048002.1974                             83 3.12000E-01 1.47200E+00
n-Ti000-MT002-Barnard-10048002A001.1974                         83 3.12000E-01 1.47200E+00
n-Ti000-MT002-Cox-10332070.1972                                  1 8.94300E-01 8.94300E-01
n-Ti000-MT002-Cox-10332070A001.1972                              1 8.94300E-01 8.94300E-01
n-Ti000-MT002-Kazakova-40706006.1965                             1 2.00000E+00 2.00000E+00
n-Ti000-MT002-Kinney-10285018.1973                               5 4.34000E+00 8.56000E+00
n-Ti000-MT002-Kinney-10285018A001.1973                           5 4.34000E+00 8.56000E+00
n-Ti000-MT002-Korzh-40042002.1968                                1 1.50000E+00 1.50000E+00
n-Ti000-MT002-Korzh-40767002.1966                                2 3.00000E-01 5.00000E-01
n-Ti000-MT002-Lovchikova-40230003.1963                           1 9.00000E-01 9.00000E-01
n-Ti000-MT002-Pasechnik-41305002.1970                            3 2.00000E+00 3.00000E+00
n-Ti000-MT002-Pierre-11486008.1959                               1 1.40000E+01 1.40000E+01
n-Ti000-MT002-Shull-11642004.1960                                1 2.53000E-08 2.53000E-08
n-Ti000-MT002-Takahashi-22186083.1992                            1 1.41000E+01 1.41000E+01
n-Ti000-MT002-Walt-11215014.1955                                 1 4.10000E+00 4.10000E+00
n-Ti000-MT002-Walt-11215014A001.1955                             1 4.10000E+00 4.10000E+00
n-Ti000-MT002-Walt-11637002.1954                                 1 1.00000E+00 1.00000E+00
n-Ti000-MT002-Winsberg-12625004.1949                             1 2.53000E-08 2.53000E-08
n-Ti000-MT002-ZoInOkkk-40937002.1985                            21 3.60000E-03 4.42000E-01
