#              Filename                                         N    min         max
h-C013-MT600-Chew-O1799002-E0003.544.1978                        1 8.00000E+01 9.00000E+01
h-C013-MT600-Chew-O1799002-E0003.557.1978                        1 9.00000E+01 1.00000E+02
h-C013-MT600-Chew-O1799002-E0003.568.1978                        1 1.00000E+02 1.10000E+02
h-C013-MT600-Chew-O1799002-E0003.579.1978                        1 7.00000E+01 1.10000E+02
h-C013-MT600-Chew-O1799002-E0003.582.1978                        1 2.00000E+01 7.00000E+01
h-C013-MT600-Chew-O1799002-E0003.584.1978                        1 2.00000E+01 6.00000E+01
h-C013-MT600-Chew-O1799002-E0003.590.1978                        1 5.00000E+01 6.00000E+01
h-C013-MT600-Chew-O1799002-E0003.592.1978                        1 1.00000E+01 5.00000E+01
h-C013-MT600-Chew-O1799002-E0003.593.1978                        2 1.00000E+01 4.00000E+01
h-C013-MT600-Chew-O1799002-E0003.595.1978                        1 3.00000E+01 1.30000E+02
h-C013-MT600-Chew-O1799002-E0003.612.1978                        1 1.20000E+02 1.30000E+02
h-C013-MT600-Chew-O1799002-E0003.613.1978                        1 1.20000E+02 1.40000E+02
h-C013-MT600-Chew-O1799002-E0003.634.1978                        1 1.40000E+02 1.45000E+02
h-C013-MT600-Chew-O1799002-E0003.656.1978                        1 1.45000E+02 1.65000E+02
h-C013-MT600-Chew-O1799002-E0003.674.1978                        1 1.55000E+02 1.65000E+02
h-C013-MT600-Chew-O1799002-E0003.678.1978                        1 1.55000E+02 1.60000E+02
h-C013-MT600-Chew-O1799002-E0003.689.1978                        1 1.00000E+02 1.60000E+02
h-C013-MT600-Chew-O1799002-E0003.760.1978                        1 8.00000E+01 1.00000E+02
h-C013-MT600-Chew-O1799002-E0003.767.1978                        1 8.00000E+01 9.00000E+01
h-C013-MT600-Chew-O1799002-E0003.768.1978                        1 7.00000E+01 9.00000E+01
h-C013-MT600-Chew-O1799002-E0003.779.1978                        1 7.00000E+01 1.10000E+02
h-C013-MT600-Chew-O1799002-E0003.782.1978                        1 2.00000E+01 1.10000E+02
h-C013-MT600-Chew-O1799002-E0003.784.1978                        1 1.00000E+01 2.00000E+01
h-C013-MT600-Chew-O1799002-E0003.792.1978                        2 1.00000E+01 5.00000E+01
h-C013-MT600-Chew-O1799002-E0003.795.1978                        1 3.00000E+01 4.00000E+01
h-C013-MT600-Chew-O1799002-E0003.801.1978                        1 4.00000E+01 6.00000E+01
h-C013-MT600-Chew-O1799002-E0003.814.1978                        1 6.00000E+01 1.30000E+02
h-C013-MT600-Chew-O1799002-E0003.815.1978                        1 1.20000E+02 1.30000E+02
h-C013-MT600-Chew-O1799002-E0003.817.1978                        1 1.20000E+02 1.40000E+02
h-C013-MT600-Chew-O1799002-E0003.849.1978                        1 1.40000E+02 1.45000E+02
h-C013-MT600-Chew-O1799002-E0003.860.1978                        1 1.45000E+02 1.55000E+02
h-C013-MT600-Chew-O1799002-E0003.882.1978                        1 1.55000E+02 1.65000E+02
h-C013-MT600-Chew-O1799002-E0003.890.1978                        1 1.60000E+02 1.65000E+02
h-C013-MT600-Chew-O1799002-E0003.892.1978                        1 8.00000E+01 1.60000E+02
h-C013-MT600-Chew-O1799002-E0003.955.1978                        1 8.00000E+01 9.00000E+01
h-C013-MT600-Chew-O1799002-E0003.958.1978                        1 9.00000E+01 1.00000E+02
h-C013-MT600-Chew-O1799002-E0003.964.1978                        1 5.00000E+01 1.00000E+02
h-C013-MT600-Chew-O1799002-E0003.980.1978                        1 2.00000E+01 5.00000E+01
h-C013-MT600-Chew-O1799002-E0003.985.1978                        1 2.00000E+01 1.10000E+02
h-C013-MT600-Chew-O1799002-E0003.986.1978                        1 7.00000E+01 1.10000E+02
h-C013-MT600-Chew-O1799002-E0003.990.1978                        1 4.00000E+01 7.00000E+01
h-C013-MT600-Chew-O1799002-E0003.991.1978                        1 1.00000E+01 4.00000E+01
h-C013-MT600-Chew-O1799002-E0003.993.1978                        1 1.00000E+01 3.00000E+01
h-C013-MT600-Chew-O1799002-E0004.007.1978                        1 3.00000E+01 6.00000E+01
h-C013-MT600-Chew-O1799002-E0004.012.1978                        1 6.00000E+01 1.30000E+02
h-C013-MT600-Chew-O1799002-E0004.019.1978                        1 1.20000E+02 1.30000E+02
h-C013-MT600-Chew-O1799002-E0004.020.1978                        1 1.20000E+02 1.40000E+02
h-C013-MT600-Chew-O1799002-E0004.053.1978                        1 1.40000E+02 1.45000E+02
h-C013-MT600-Chew-O1799002-E0004.063.1978                        1 1.45000E+02 1.55000E+02
h-C013-MT600-Chew-O1799002-E0004.074.1978                        1 1.55000E+02 1.65000E+02
h-C013-MT600-Chew-O1799002-E0004.081.1978                        1 1.60000E+02 1.65000E+02
h-C013-MT600-Chew-O1799002-E0004.095.1978                        1 8.00000E+01 1.60000E+02
h-C013-MT600-Chew-O1799002-E0004.154.1978                        1 8.00000E+01 1.00000E+02
h-C013-MT600-Chew-O1799002-E0004.155.1978                        1 1.00000E+02 1.10000E+02
h-C013-MT600-Chew-O1799002-E0004.166.1978                        1 9.00000E+01 1.10000E+02
h-C013-MT600-Chew-O1799002-E0004.168.1978                        1 7.00000E+01 9.00000E+01
h-C013-MT600-Chew-O1799002-E0004.177.1978                        1 2.00000E+01 7.00000E+01
h-C013-MT600-Chew-O1799002-E0004.183.1978                        1 2.00000E+01 5.00000E+01
h-C013-MT600-Chew-O1799002-E0004.189.1978                        1 1.00000E+01 5.00000E+01
h-C013-MT600-Chew-O1799002-E0004.191.1978                        1 1.00000E+01 3.00000E+01
h-C013-MT600-Chew-O1799002-E0004.194.1978                        1 3.00000E+01 4.00000E+01
h-C013-MT600-Chew-O1799002-E0004.198.1978                        1 4.00000E+01 6.00000E+01
h-C013-MT600-Chew-O1799002-E0004.199.1978                        1 6.00000E+01 1.20000E+02
h-C013-MT600-Chew-O1799002-E0004.212.1978                        1 1.20000E+02 1.30000E+02
h-C013-MT600-Chew-O1799002-E0004.222.1978                        1 1.30000E+02 1.40000E+02
h-C013-MT600-Chew-O1799002-E0004.244.1978                        1 1.40000E+02 1.45000E+02
h-C013-MT600-Chew-O1799002-E0004.255.1978                        1 1.45000E+02 1.55000E+02
h-C013-MT600-Chew-O1799002-E0004.277.1978                        1 1.55000E+02 1.65000E+02
h-C013-MT600-Chew-O1799002-E0004.284.1978                        1 1.60000E+02 1.65000E+02
h-C013-MT600-Chew-O1799002-E0004.286.1978                        1 8.00000E+01 1.60000E+02
h-C013-MT600-Chew-O1799002-E0004.365.1978                        1 8.00000E+01 9.00000E+01
h-C013-MT600-Chew-O1799002-E0004.367.1978                        1 9.00000E+01 1.10000E+02
h-C013-MT600-Chew-O1799002-E0004.369.1978                        1 1.00000E+02 1.10000E+02
h-C013-MT600-Chew-O1799002-E0004.371.1978                        1 6.00000E+01 1.00000E+02
h-C013-MT600-Chew-O1799002-E0004.386.1978                        2 5.00000E+01 7.00000E+01
h-C013-MT600-Chew-O1799002-E0004.387.1978                        1 2.00000E+01 5.00000E+01
h-C013-MT600-Chew-O1799002-E0004.392.1978                        1 1.00000E+01 2.00000E+01
h-C013-MT600-Chew-O1799002-E0004.398.1978                        1 1.00000E+01 3.00000E+01
h-C013-MT600-Chew-O1799002-E0004.403.1978                        2 3.00000E+01 1.20000E+02
h-C013-MT600-Chew-O1799002-E0004.406.1978                        1 4.00000E+01 1.30000E+02
h-C013-MT600-Chew-O1799002-E0004.414.1978                        1 1.30000E+02 1.40000E+02
h-C013-MT600-Chew-O1799002-E0004.448.1978                        1 1.40000E+02 1.45000E+02
h-C013-MT600-Chew-O1799002-E0004.470.1978                        1 1.45000E+02 1.55000E+02
h-C013-MT600-Chew-O1799002-E0004.480.1978                        1 1.55000E+02 1.65000E+02
h-C013-MT600-Chew-O1799002-E0004.487.1978                        1 1.60000E+02 1.65000E+02
h-C013-MT600-Chew-O1799002-E0004.489.1978                        1 8.00000E+01 1.60000E+02
h-C013-MT600-Chew-O1799002-E0004.552.1978                        1 8.00000E+01 1.00000E+02
h-C013-MT600-Chew-O1799002-E0004.562.1978                        1 9.00000E+01 1.00000E+02
h-C013-MT600-Chew-O1799002-E0004.565.1978                        1 9.00000E+01 1.10000E+02
h-C013-MT600-Chew-O1799002-E0004.572.1978                        1 1.00000E+01 1.10000E+02
h-C013-MT600-Chew-O1799002-E0004.583.1978                        1 1.00000E+01 7.00000E+01
h-C013-MT600-Chew-O1799002-E0004.587.1978                        1 3.00000E+01 7.00000E+01
h-C013-MT600-Chew-O1799002-E0004.589.1978                        1 3.00000E+01 6.00000E+01
h-C013-MT600-Chew-O1799002-E0004.597.1978                        1 5.00000E+01 6.00000E+01
h-C013-MT600-Chew-O1799002-E0004.598.1978                        1 2.00000E+01 5.00000E+01
h-C013-MT600-Chew-O1799002-E0004.601.1978                        1 2.00000E+01 4.00000E+01
h-C013-MT600-Chew-O1799002-E0004.606.1978                        1 4.00000E+01 1.20000E+02
h-C013-MT600-Chew-O1799002-E0004.607.1978                        1 1.20000E+02 1.30000E+02
h-C013-MT600-Chew-O1799002-E0004.617.1978                        1 1.30000E+02 1.40000E+02
h-C013-MT600-Chew-O1799002-E0004.651.1978                        1 1.40000E+02 1.45000E+02
h-C013-MT600-Chew-O1799002-E0004.661.1978                        1 1.45000E+02 1.65000E+02
h-C013-MT600-Chew-O1799002-E0004.678.1978                        1 1.55000E+02 1.65000E+02
h-C013-MT600-Chew-O1799002-E0004.683.1978                        1 1.55000E+02 1.60000E+02
h-C013-MT600-Chew-O1799002-E0004.693.1978                        1 8.00000E+01 1.60000E+02
h-C013-MT600-Chew-O1799002-E0004.764.1978                        2 8.00000E+01 1.10000E+02
h-C013-MT600-Chew-O1799002-E0004.765.1978                        1 9.00000E+01 1.00000E+02
h-C013-MT600-Chew-O1799002-E0004.777.1978                        1 1.00000E+01 9.00000E+01
h-C013-MT600-Chew-O1799002-E0004.784.1978                        1 1.00000E+01 6.00000E+01
h-C013-MT600-Chew-O1799002-E0004.787.1978                        1 6.00000E+01 7.00000E+01
h-C013-MT600-Chew-O1799002-E0004.788.1978                        1 2.00000E+01 7.00000E+01
h-C013-MT600-Chew-O1799002-E0004.789.1978                        2 2.00000E+01 5.00000E+01
h-C013-MT600-Chew-O1799002-E0004.798.1978                        1 4.00000E+01 5.00000E+01
h-C013-MT600-Chew-O1799002-E0004.804.1978                        1 4.00000E+01 1.30000E+02
h-C013-MT600-Chew-O1799002-E0004.809.1978                        1 1.20000E+02 1.30000E+02
h-C013-MT600-Chew-O1799002-E0004.822.1978                        1 1.20000E+02 1.40000E+02
h-C013-MT600-Chew-O1799002-E0004.843.1978                        1 1.40000E+02 1.55000E+02
h-C013-MT600-Chew-O1799002-E0004.863.1978                        1 1.45000E+02 1.55000E+02
h-C013-MT600-Chew-O1799002-E0004.865.1978                        1 1.45000E+02 1.65000E+02
h-C013-MT600-Chew-O1799002-E0004.894.1978                        1 1.60000E+02 1.65000E+02
h-C013-MT600-Chew-O1799002-E0004.897.1978                        1 8.00000E+01 1.60000E+02
h-C013-MT600-Chew-O1799002-E0004.964.1978                        1 8.00000E+01 1.00000E+02
h-C013-MT600-Chew-O1799002-E0004.969.1978                        1 9.00000E+01 1.00000E+02
h-C013-MT600-Chew-O1799002-E0004.977.1978                        1 9.00000E+01 1.10000E+02
h-C013-MT600-Chew-O1799002-E0004.979.1978                        1 1.00000E+01 1.10000E+02
h-C013-MT600-Chew-O1799002-E0004.984.1978                        1 1.00000E+01 6.00000E+01
h-C013-MT600-Chew-O1799002-E0004.986.1978                        1 3.00000E+01 6.00000E+01
h-C013-MT600-Chew-O1799002-E0004.988.1978                        1 2.00000E+01 3.00000E+01
h-C013-MT600-Chew-O1799002-E0004.989.1978                        2 2.00000E+01 7.00000E+01
h-C013-MT600-Chew-O1799002-E0004.994.1978                        1 4.00000E+01 5.00000E+01
h-C013-MT600-Chew-O1799002-E0004.998.1978                        1 5.00000E+01 1.20000E+02
h-C013-MT600-Chew-O1799002-E0005.002.1978                        1 1.20000E+02 1.30000E+02
h-C013-MT600-Chew-O1799002-E0005.024.1978                        1 1.30000E+02 1.40000E+02
h-C013-MT600-Chew-O1799002-E0005.034.1978                        1 1.40000E+02 1.55000E+02
h-C013-MT600-Chew-O1799002-E0005.067.1978                        1 1.45000E+02 1.55000E+02
h-C013-MT600-Chew-O1799002-E0005.080.1978                        1 1.45000E+02 1.65000E+02
h-C013-MT600-Chew-O1799002-E0005.098.1978                        1 1.60000E+02 1.65000E+02
h-C013-MT600-Chew-O1799002-E0005.101.1978                        1 8.00000E+01 1.60000E+02
h-C013-MT600-Chew-O1799002-E0005.152.1978                        1 8.00000E+01 1.00000E+02
h-C013-MT600-Chew-O1799002-E0005.160.1978                        1 1.00000E+02 1.10000E+02
h-C013-MT600-Chew-O1799002-E0005.171.1978                        1 7.00000E+01 1.10000E+02
h-C013-MT600-Chew-O1799002-E0005.176.1978                        1 7.00000E+01 9.00000E+01
h-C013-MT600-Chew-O1799002-E0005.177.1978                        1 1.00000E+01 9.00000E+01
h-C013-MT600-Chew-O1799002-E0005.180.1978                        1 1.00000E+01 4.00000E+01
h-C013-MT600-Chew-O1799002-E0005.184.1978                        1 2.00000E+01 4.00000E+01
h-C013-MT600-Chew-O1799002-E0005.187.1978                        2 2.00000E+01 6.00000E+01
h-C013-MT600-Chew-O1799002-E0005.188.1978                        1 3.00000E+01 5.00000E+01
h-C013-MT600-Chew-O1799002-E0005.200.1978                        1 5.00000E+01 1.20000E+02
h-C013-MT600-Chew-O1799002-E0005.205.1978                        1 1.20000E+02 1.30000E+02
h-C013-MT600-Chew-O1799002-E0005.228.1978                        1 1.30000E+02 1.40000E+02
h-C013-MT600-Chew-O1799002-E0005.250.1978                        1 1.40000E+02 1.45000E+02
h-C013-MT600-Chew-O1799002-E0005.260.1978                        1 1.45000E+02 1.55000E+02
h-C013-MT600-Chew-O1799002-E0005.282.1978                        1 1.55000E+02 1.60000E+02
h-C013-MT600-Chew-O1799002-E0005.292.1978                        1 1.60000E+02 1.65000E+02
h-C013-MT600-Chew-O1799002-E0005.301.1978                        1 8.00000E+01 1.65000E+02
h-C013-MT600-Chew-O1799002-E0005.351.1978                        1 8.00000E+01 1.10000E+02
h-C013-MT600-Chew-O1799002-E0005.362.1978                        1 9.00000E+01 1.10000E+02
h-C013-MT600-Chew-O1799002-E0005.376.1978                        2 2.00000E+01 1.00000E+02
h-C013-MT600-Chew-O1799002-E0005.386.1978                        2 2.00000E+01 7.00000E+01
h-C013-MT600-Chew-O1799002-E0005.387.1978                        1 5.00000E+01 7.00000E+01
h-C013-MT600-Chew-O1799002-E0005.399.1978                        1 3.00000E+01 5.00000E+01
h-C013-MT600-Chew-O1799002-E0005.400.1978                        1 1.00000E+01 3.00000E+01
h-C013-MT600-Chew-O1799002-E0005.401.1978                        1 1.00000E+01 4.00000E+01
h-C013-MT600-Chew-O1799002-E0005.410.1978                        1 4.00000E+01 1.30000E+02
h-C013-MT600-Chew-O1799002-E0005.419.1978                        1 1.20000E+02 1.30000E+02
h-C013-MT600-Chew-O1799002-E0005.421.1978                        1 1.20000E+02 1.40000E+02
h-C013-MT600-Chew-O1799002-E0005.453.1978                        1 1.40000E+02 1.45000E+02
h-C013-MT600-Chew-O1799002-E0005.464.1978                        1 1.45000E+02 1.55000E+02
h-C013-MT600-Chew-O1799002-E0005.486.1978                        1 1.55000E+02 1.65000E+02
h-C013-MT600-Chew-O1799002-E0005.505.1978                        1 1.60000E+02 1.65000E+02
h-C013-MT600-Chew-O1799002-E0005.507.1978                        1 1.00000E+02 1.60000E+02
h-C013-MT600-Chew-O1799002-E0005.555.1978                        1 8.00000E+01 1.00000E+02
h-C013-MT600-Chew-O1799002-E0005.562.1978                        1 8.00000E+01 9.00000E+01
h-C013-MT600-Chew-O1799002-E0005.575.1978                        1 9.00000E+01 1.10000E+02
h-C013-MT600-Chew-O1799002-E0005.578.1978                        1 7.00000E+01 1.10000E+02
h-C013-MT600-Chew-O1799002-E0005.586.1978                        1 1.00000E+01 7.00000E+01
h-C013-MT600-Chew-O1799002-E0005.590.1978                        1 1.00000E+01 4.00000E+01
h-C013-MT600-Chew-O1799002-E0005.596.1978                        1 2.00000E+01 4.00000E+01
h-C013-MT600-Chew-O1799002-E0005.598.1978                        2 2.00000E+01 5.00000E+01
h-C013-MT600-Chew-O1799002-E0005.599.1978                        1 3.00000E+01 6.00000E+01
h-C013-MT600-Chew-O1799002-E0005.608.1978                        1 6.00000E+01 1.20000E+02
h-C013-MT600-Chew-O1799002-E0005.612.1978                        1 1.20000E+02 1.30000E+02
h-C013-MT600-Chew-O1799002-E0005.623.1978                        1 1.30000E+02 1.40000E+02
h-C013-MT600-Chew-O1799002-E0005.657.1978                        1 1.40000E+02 1.45000E+02
h-C013-MT600-Chew-O1799002-E0005.679.1978                        1 1.45000E+02 1.55000E+02
h-C013-MT600-Chew-O1799002-E0005.689.1978                        1 1.55000E+02 1.65000E+02
h-C013-MT600-Chew-O1799002-E0005.696.1978                        1 1.60000E+02 1.65000E+02
h-C013-MT600-Chew-O1799002-E0005.699.1978                        1 8.00000E+01 1.60000E+02
h-C013-MT600-Chew-O1799002-E0005.762.1978                        1 8.00000E+01 9.00000E+01
h-C013-MT600-Chew-O1799002-E0005.763.1978                        1 9.00000E+01 1.00000E+02
h-C013-MT600-Chew-O1799002-E0005.771.1978                        1 1.00000E+01 1.00000E+02
h-C013-MT600-Chew-O1799002-E0005.781.1978                        2 1.00000E+01 1.10000E+02
h-C013-MT600-Chew-O1799002-E0005.787.1978                        1 2.00000E+01 6.00000E+01
h-C013-MT600-Chew-O1799002-E0005.797.1978                        1 6.00000E+01 7.00000E+01
h-C013-MT600-Chew-O1799002-E0005.798.1978                        1 4.00000E+01 7.00000E+01
h-C013-MT600-Chew-O1799002-E0005.799.1978                        1 3.00000E+01 4.00000E+01
h-C013-MT600-Chew-O1799002-E0005.800.1978                        1 3.00000E+01 5.00000E+01
h-C013-MT600-Chew-O1799002-E0005.810.1978                        1 5.00000E+01 1.30000E+02
h-C013-MT600-Chew-O1799002-E0005.826.1978                        1 1.20000E+02 1.30000E+02
h-C013-MT600-Chew-O1799002-E0005.827.1978                        1 1.20000E+02 1.40000E+02
h-C013-MT600-Chew-O1799002-E0005.848.1978                        1 1.40000E+02 1.55000E+02
h-C013-MT600-Chew-O1799002-E0005.869.1978                        1 1.45000E+02 1.55000E+02
h-C013-MT600-Chew-O1799002-E0005.870.1978                        1 1.45000E+02 1.65000E+02
h-C013-MT600-Chew-O1799002-E0005.900.1978                        1 1.60000E+02 1.65000E+02
h-C013-MT600-Chew-O1799002-E0005.902.1978                        1 1.00000E+02 1.60000E+02
h-C013-MT600-Chew-O1799002-E0005.962.1978                        1 8.00000E+01 1.00000E+02
h-C013-MT600-Chew-O1799002-E0005.974.1978                        1 1.00000E+01 8.00000E+01
h-C013-MT600-Chew-O1799002-E0005.981.1978                        1 1.00000E+01 1.10000E+02
h-C013-MT600-Chew-O1799002-E0005.984.1978                        1 9.00000E+01 1.10000E+02
h-C013-MT600-Chew-O1799002-E0005.986.1978                        1 4.00000E+01 9.00000E+01
h-C013-MT600-Chew-O1799002-E0005.997.1978                        1 4.00000E+01 6.00000E+01
h-C013-MT600-Chew-O1799002-E0005.998.1978                        1 2.00000E+01 6.00000E+01
h-C013-MT600-Chew-O1799002-E0005.999.1978                        2 2.00000E+01 5.00000E+01
h-C013-MT600-Chew-O1799002-E0006.010.1978                        1 5.00000E+01 7.00000E+01
h-C013-MT600-Chew-O1799002-E0006.011.1978                        1 7.00000E+01 1.20000E+02
h-C013-MT600-Chew-O1799002-E0006.019.1978                        1 1.20000E+02 1.30000E+02
h-C013-MT600-Chew-O1799002-E0006.029.1978                        1 1.30000E+02 1.40000E+02
h-C013-MT600-Chew-O1799002-E0006.052.1978                        1 1.40000E+02 1.45000E+02
h-C013-MT600-Chew-O1799002-E0006.086.1978                        1 1.45000E+02 1.55000E+02
h-C013-MT600-Chew-O1799002-E0006.096.1978                        1 1.55000E+02 1.65000E+02
h-C013-MT600-Chew-O1799002-E0006.103.1978                        1 1.60000E+02 1.65000E+02
h-C013-MT600-Chew-O1799002-E0006.105.1978                        1 9.00000E+01 1.60000E+02
h-C013-MT600-Chew-O1799002-E0006.162.1978                        1 9.00000E+01 1.00000E+02
h-C013-MT600-Chew-O1799002-E0006.166.1978                        1 8.00000E+01 1.00000E+02
h-C013-MT600-Chew-O1799002-E0006.174.1978                        1 8.00000E+01 1.10000E+02
h-C013-MT600-Chew-O1799002-E0006.176.1978                        1 1.00000E+01 1.10000E+02
h-C013-MT600-Chew-O1799002-E0006.182.1978                        1 1.00000E+01 2.00000E+01
h-C013-MT600-Chew-O1799002-E0006.199.1978                        3 2.00000E+01 7.00000E+01
h-C013-MT600-Chew-O1799002-E0006.211.1978                        3 3.00000E+01 1.20000E+02
h-C013-MT600-Chew-O1799002-E0006.212.1978                        1 5.00000E+01 1.30000E+02
h-C013-MT600-Chew-O1799002-E0006.221.1978                        1 1.30000E+02 1.40000E+02
h-C013-MT600-Chew-O1799002-E0006.243.1978                        1 1.40000E+02 1.45000E+02
h-C013-MT600-Chew-O1799002-E0006.265.1978                        1 1.45000E+02 1.55000E+02
h-C013-MT600-Chew-O1799002-E0006.287.1978                        1 1.55000E+02 1.65000E+02
h-C013-MT600-Chew-O1799002-E0006.306.1978                        1 1.60000E+02 1.65000E+02
h-C013-MT600-Chew-O1799002-E0006.309.1978                        1 1.00000E+02 1.60000E+02
h-C013-MT600-Chew-O1799002-E0006.357.1978                        1 8.00000E+01 1.00000E+02
h-C013-MT600-Chew-O1799002-E0006.373.1978                        1 8.00000E+01 9.00000E+01
h-C013-MT600-Chew-O1799002-E0006.374.1978                        1 9.00000E+01 1.10000E+02
h-C013-MT600-Chew-O1799002-E0006.380.1978                        1 1.00000E+01 1.10000E+02
h-C013-MT600-Chew-O1799002-E0006.381.1978                        1 1.00000E+01 2.00000E+01
h-C013-MT600-Chew-O1799002-E0006.399.1978                        4 2.00000E+01 7.00000E+01
h-C013-MT600-Chew-O1799002-E0006.410.1978                        1 4.00000E+01 5.00000E+01
h-C013-MT600-Chew-O1799002-E0006.424.1978                        1 5.00000E+01 1.30000E+02
h-C013-MT600-Chew-O1799002-E0006.425.1978                        1 1.20000E+02 1.30000E+02
h-C013-MT600-Chew-O1799002-E0006.426.1978                        1 1.20000E+02 1.40000E+02
h-C013-MT600-Chew-O1799002-E0006.459.1978                        1 1.40000E+02 1.45000E+02
h-C013-MT600-Chew-O1799002-E0006.469.1978                        1 1.45000E+02 1.55000E+02
h-C013-MT600-Chew-O1799002-E0006.491.1978                        1 1.55000E+02 1.65000E+02
h-C013-MT600-Chew-O1799002-E0006.510.1978                        1 1.60000E+02 1.65000E+02
h-C013-MT600-Chew-O1799002-E0006.525.1978                        1 8.00000E+01 1.60000E+02
h-C013-MT600-Chew-O1799002-E0006.561.1978                        2 1.00000E+01 1.00000E+02
h-C013-MT600-Chew-O1799002-E0006.570.1978                        1 1.00000E+01 1.10000E+02
h-C013-MT600-Chew-O1799002-E0006.583.1978                        1 9.00000E+01 1.10000E+02
h-C013-MT600-Chew-O1799002-E0006.585.1978                        1 3.00000E+01 9.00000E+01
h-C013-MT600-Chew-O1799002-E0006.587.1978                        1 3.00000E+01 6.00000E+01
h-C013-MT600-Chew-O1799002-E0006.598.1978                        1 2.00000E+01 6.00000E+01
h-C013-MT600-Chew-O1799002-E0006.599.1978                        2 2.00000E+01 5.00000E+01
h-C013-MT600-Chew-O1799002-E0006.611.1978                        1 5.00000E+01 1.30000E+02
h-C013-MT600-Chew-O1799002-E0006.628.1978                        1 1.20000E+02 1.30000E+02
h-C013-MT600-Chew-O1799002-E0006.630.1978                        1 1.20000E+02 1.40000E+02
h-C013-MT600-Chew-O1799002-E0006.650.1978                        1 1.40000E+02 1.45000E+02
h-C013-MT600-Chew-O1799002-E0006.672.1978                        1 1.45000E+02 1.55000E+02
h-C013-MT600-Chew-O1799002-E0006.695.1978                        1 1.55000E+02 1.65000E+02
h-C013-MT600-Chew-O1799002-E0006.714.1978                        1 1.60000E+02 1.65000E+02
h-C013-MT600-Chew-O1799002-E0006.716.1978                        1 1.60000E+02 1.65000E+02
h-C013-MT600-Chew-O1799003-E0004.370.1978                       18 7.49999E+00 1.62600E+02
h-C013-MT600-Chew-O1799003-E0004.570.1978                       18 6.29999E+00 1.62300E+02
h-C013-MT600-Chew-O1799003-E0004.970.1978                       18 5.99999E+00 1.62800E+02
h-C013-MT600-Chew-O1799003-E0005.570.1978                       18 5.99999E+00 1.62700E+02
h-C013-MT600-Geerillsley-C1361002-E0002.000.1957                15 8.80000E+00 1.54900E+02
h-C013-MT600-Geerillsley-C1361002-E0004.500.1957                16 2.00000E+01 1.55500E+02
h-C013-MT600-Geerillsley-C1361003-E0001.880.1957                 3 0.00000E+00 9.00000E+01
h-C013-MT600-Geerillsley-C1361003-E0001.890.1957                 2 9.00000E+01 1.50000E+02
h-C013-MT600-Geerillsley-C1361003-E0001.900.1957                 1 6.00000E+01 1.50000E+02
h-C013-MT600-Geerillsley-C1361003-E0001.920.1957                 1 0.00000E+00 6.00000E+01
h-C013-MT600-Geerillsley-C1361003-E0001.930.1957                 2 0.00000E+00 1.20000E+02
h-C013-MT600-Geerillsley-C1361003-E0001.940.1957                 2 9.00000E+01 1.50000E+02
h-C013-MT600-Geerillsley-C1361003-E0001.950.1957                 1 3.00000E+01 9.00000E+01
h-C013-MT600-Geerillsley-C1361003-E0001.970.1957                 1 0.00000E+00 3.00000E+01
h-C013-MT600-Geerillsley-C1361003-E0001.980.1957                 3 0.00000E+00 1.50000E+02
h-C013-MT600-Geerillsley-C1361003-E0001.990.1957                 1 1.20000E+02 1.50000E+02
h-C013-MT600-Geerillsley-C1361003-E0002.000.1957                 1 6.00000E+01 1.50000E+02
h-C013-MT600-Geerillsley-C1361003-E0002.020.1957                 1 0.00000E+00 6.00000E+01
h-C013-MT600-Geerillsley-C1361003-E0002.030.1957                 3 0.00000E+00 1.20000E+02
h-C013-MT600-Geerillsley-C1361003-E0002.040.1957                 1 9.00000E+01 1.50000E+02
h-C013-MT600-Geerillsley-C1361003-E0002.050.1957                 1 0.00000E+00 1.50000E+02
h-C013-MT600-Geerillsley-C1361003-E0002.080.1957                 4 0.00000E+00 1.20000E+02
h-C013-MT600-Geerillsley-C1361003-E0002.090.1957                 2 0.00000E+00 1.50000E+02
h-C013-MT600-Geerillsley-C1361003-E0002.130.1957                 3 0.00000E+00 1.20000E+02
h-C013-MT600-Geerillsley-C1361003-E0002.140.1957                 2 9.00000E+01 1.50000E+02
h-C013-MT600-Geerillsley-C1361003-E0002.160.1957                 1 3.00000E+01 9.00000E+01
h-C013-MT600-Geerillsley-C1361003-E0002.170.1957                 1 0.00000E+00 3.00000E+01
h-C013-MT600-Geerillsley-C1361003-E0002.180.1957                 3 0.00000E+00 1.20000E+02
h-C013-MT600-Geerillsley-C1361003-E0002.190.1957                 2 0.00000E+00 1.50000E+02
h-C013-MT600-Geerillsley-C1361003-E0002.230.1957                 4 0.00000E+00 1.50000E+02
h-C013-MT600-Geerillsley-C1361003-E0002.240.1957                 1 9.00000E+01 1.50000E+02
h-C013-MT600-Geerillsley-C1361003-E0002.250.1957                 1 3.00000E+01 9.00000E+01
h-C013-MT600-Geerillsley-C1361003-E0002.270.1957                 1 0.00000E+00 3.00000E+01
h-C013-MT600-Geerillsley-C1361003-E0002.280.1957                 3 0.00000E+00 1.50000E+02
h-C013-MT600-Geerillsley-C1361003-E0002.290.1957                 1 6.00000E+01 9.00000E+01
h-C013-MT600-Geerillsley-C1361003-E0002.320.1957                 1 0.00000E+00 6.00000E+01
h-C013-MT600-Geerillsley-C1361003-E0002.330.1957                 3 0.00000E+00 1.20000E+02
h-C013-MT600-Geerillsley-C1361003-E0002.340.1957                 2 0.00000E+00 1.50000E+02
h-C013-MT600-Geerillsley-C1361003-E0002.380.1957                 3 0.00000E+00 9.00000E+01
h-C013-MT600-Geerillsley-C1361003-E0002.390.1957                 3 0.00000E+00 1.50000E+02
h-C013-MT600-Geerillsley-C1361003-E0002.430.1957                 3 0.00000E+00 9.00000E+01
h-C013-MT600-Geerillsley-C1361003-E0002.440.1957                 2 0.00000E+00 1.50000E+02
h-C013-MT600-Geerillsley-C1361003-E0002.480.1957                 3 0.00000E+00 1.20000E+02
h-C013-MT600-Geerillsley-C1361003-E0002.490.1957                 3 0.00000E+00 1.50000E+02
h-C013-MT600-Geerillsley-C1361003-E0002.520.1957                 1 0.00000E+00 3.00000E+01
h-C013-MT600-Geerillsley-C1361003-E0002.530.1957                 4 3.00000E+01 1.50000E+02
h-C013-MT600-Geerillsley-C1361003-E0002.540.1957                 1 0.00000E+00 9.00000E+01
h-C013-MT600-Geerillsley-C1361003-E0002.570.1957                 2 0.00000E+00 6.00000E+01
h-C013-MT600-Geerillsley-C1361003-E0002.580.1957                 2 3.00000E+01 1.20000E+02
h-C013-MT600-Geerillsley-C1361003-E0002.590.1957                 2 0.00000E+00 1.50000E+02
h-C013-MT600-Geerillsley-C1361003-E0002.620.1957                 3 0.00000E+00 1.20000E+02
h-C013-MT600-Geerillsley-C1361003-E0002.630.1957                 1 9.00000E+01 1.20000E+02
h-C013-MT600-Geerillsley-C1361003-E0002.640.1957                 2 0.00000E+00 1.50000E+02
h-C013-MT600-Geerillsley-C1361003-E0002.670.1957                 2 0.00000E+00 6.00000E+01
h-C013-MT600-Geerillsley-C1361003-E0002.680.1957                 2 6.00000E+01 1.20000E+02
h-C013-MT600-Geerillsley-C1361003-E0002.690.1957                 1 3.00000E+01 9.00000E+01
h-C013-MT600-Geerillsley-C1361003-E0002.720.1957                 1 0.00000E+00 3.00000E+01
h-C013-MT600-Geerillsley-C1361003-E0002.730.1957                 3 0.00000E+00 1.20000E+02
h-C013-MT600-Geerillsley-C1361003-E0002.740.1957                 1 3.00000E+01 9.00000E+01
h-C013-MT600-Geerillsley-C1361003-E0002.770.1957                 1 3.00000E+01 6.00000E+01
h-C013-MT600-Geerillsley-C1361003-E0002.780.1957                 2 6.00000E+01 1.20000E+02
h-C013-MT600-Geerillsley-C1361003-E0002.790.1957                 1 0.00000E+00 9.00000E+01
h-C013-MT600-Geerillsley-C1361003-E0002.820.1957                 1 0.00000E+00 3.00000E+01
h-C013-MT600-Geerillsley-C1361003-E0002.830.1957                 3 3.00000E+01 1.20000E+02
h-C013-MT600-Geerillsley-C1361003-E0002.840.1957                 2 6.00000E+01 1.50000E+02
h-C013-MT600-Geerillsley-C1361003-E0002.870.1957                 1 0.00000E+00 6.00000E+01
h-C013-MT600-Geerillsley-C1361003-E0002.880.1957                 3 0.00000E+00 1.20000E+02
h-C013-MT600-Geerillsley-C1361003-E0002.890.1957                 2 6.00000E+01 1.50000E+02
h-C013-MT600-Geerillsley-C1361003-E0002.920.1957                 1 6.00000E+01 1.20000E+02
h-C013-MT600-Geerillsley-C1361003-E0002.930.1957                 1 3.00000E+01 1.20000E+02
h-C013-MT600-Geerillsley-C1361003-E0002.940.1957                 3 0.00000E+00 1.50000E+02
h-C013-MT600-Geerillsley-C1361003-E0002.970.1957                 2 0.00000E+00 6.00000E+01
h-C013-MT600-Geerillsley-C1361003-E0002.980.1957                 3 6.00000E+01 1.50000E+02
h-C013-MT600-Geerillsley-C1361003-E0002.990.1957                 1 6.00000E+01 1.50000E+02
h-C013-MT600-Geerillsley-C1361003-E0003.070.1957                 1 3.00000E+01 6.00000E+01
h-C013-MT600-Geerillsley-C1361003-E0003.080.1957                 3 0.00000E+00 1.20000E+02
h-C013-MT600-Geerillsley-C1361003-E0003.100.1957                 1 0.00000E+00 1.50000E+02
h-C013-MT600-Geerillsley-C1361003-E0003.120.1957                 1 0.00000E+00 1.50000E+02
h-C013-MT600-Geerillsley-C1361003-E0003.170.1957                 3 0.00000E+00 1.20000E+02
h-C013-MT600-Geerillsley-C1361003-E0003.180.1957                 1 6.00000E+01 9.00000E+01
h-C013-MT600-Geerillsley-C1361003-E0003.190.1957                 2 6.00000E+01 1.50000E+02
h-C013-MT600-Geerillsley-C1361003-E0003.270.1957                 1 0.00000E+00 6.00000E+01
h-C013-MT600-Geerillsley-C1361003-E0003.280.1957                 3 0.00000E+00 1.20000E+02
h-C013-MT600-Geerillsley-C1361003-E0003.290.1957                 2 0.00000E+00 1.50000E+02
h-C013-MT600-Geerillsley-C1361003-E0003.370.1957                 2 0.00000E+00 1.20000E+02
h-C013-MT600-Geerillsley-C1361003-E0003.380.1957                 2 3.00000E+01 9.00000E+01
h-C013-MT600-Geerillsley-C1361003-E0003.390.1957                 1 9.00000E+01 1.50000E+02
h-C013-MT600-Geerillsley-C1361003-E0003.400.1957                 1 0.00000E+00 1.50000E+02
h-C013-MT600-Geerillsley-C1361003-E0003.470.1957                 1 0.00000E+00 3.00000E+01
h-C013-MT600-Geerillsley-C1361003-E0003.480.1957                 3 3.00000E+01 1.20000E+02
h-C013-MT600-Geerillsley-C1361003-E0003.490.1957                 2 0.00000E+00 1.50000E+02
h-C013-MT600-Geerillsley-C1361003-E0003.580.1957                 4 0.00000E+00 1.20000E+02
h-C013-MT600-Geerillsley-C1361003-E0003.590.1957                 1 9.00000E+01 1.50000E+02
h-C013-MT600-Geerillsley-C1361003-E0003.600.1957                 1 6.00000E+01 1.50000E+02
h-C013-MT600-Geerillsley-C1361003-E0003.670.1957                 1 0.00000E+00 6.00000E+01
h-C013-MT600-Geerillsley-C1361003-E0003.680.1957                 3 0.00000E+00 1.20000E+02
h-C013-MT600-Geerillsley-C1361003-E0003.690.1957                 2 0.00000E+00 1.50000E+02
h-C013-MT600-Geerillsley-C1361003-E0003.780.1957                 5 0.00000E+00 1.20000E+02
h-C013-MT600-Moeller-O2321005-E0002.208.2017                   210 1.65000E+02 1.65000E+02
h-C013-MT600-Pedersen-O1298002-E0020.000.1977                  208 8.69999E+00 1.11600E+02
h-C013-MT600-Schiffer-A1495010-E0001.410.1956                  191 0.00000E+00 0.00000E+00
