#              Filename                                         N    min         max
d-Be009-MT700-Abramovich-A0577002-E0003.000.1995                25 9.90000E+00 1.65000E+02
d-Be009-MT700-Abramovich-A0577002-E0003.500.1995                25 1.00000E+01 1.66200E+02
d-Be009-MT700-Abramovich-A0577002-E0004.000.1995                21 9.40003E+00 1.52700E+02
d-Be009-MT700-Abramovich-A0577002-E0004.500.1995                22 9.40003E+00 1.71700E+02
d-Be009-MT700-Abramovich-A0577002-E0005.000.1995                25 9.80000E+00 1.58800E+02
d-Be009-MT700-Abramovich-A0577002-E0005.500.1995                25 1.10000E+01 1.58800E+02
d-Be009-MT700-Abramovich-A0577002-E0006.000.1995                22 9.90000E+00 1.46800E+02
d-Be009-MT700-Abramovich-A0577002-E0006.500.1995                22 9.90000E+00 1.64900E+02
d-Be009-MT700-Abramovich-A0577002-E0007.000.1995                24 1.17000E+01 1.64100E+02
d-Be009-MT700-Abramovich-A0577002-E0007.500.1995                22 1.17000E+01 1.69800E+02
d-Be009-MT700-Abramovich-A0577002-E0008.000.1995                18 1.09000E+01 1.48900E+02
d-Be009-MT700-Abramovich-A0577002-E0008.500.1995                14 1.09000E+01 1.60900E+02
d-Be009-MT700-Abramovich-A0577002-E0009.000.1995                17 1.48000E+01 1.73500E+02
d-Be009-MT700-Abramovich-A0577002-E0009.500.1995                16 2.30002E+00 1.72900E+02
d-Be009-MT700-Abramovich-A0577002-E0010.000.1995                18 2.30002E+00 1.70900E+02
d-Be009-MT700-Abramovich-A0577002-E0010.500.1995                16 1.17000E+01 1.66600E+02
d-Be009-MT700-Abramovich-A0577002-E0011.000.1995                23 1.17000E+01 1.72200E+02
d-Be009-MT700-Antufyev-F0154003-E0002.300.1984                  11 2.64000E+01 1.37800E+02
d-Be009-MT700-Antufyev-F0154003-E0002.500.1984                  11 2.78000E+01 1.38800E+02
d-Be009-MT700-Antufyev-F0154003-E0002.800.1984                  11 2.85000E+01 1.26500E+02
d-Be009-MT700-Biggerstaff-F0095002-E0000.860.1962               11 1.97000E+01 1.66300E+02
d-Be009-MT700-Biggerstaff-F0095002-E0001.000.1962               11 1.97000E+01 1.64600E+02
d-Be009-MT700-Biggerstaff-F0095002-E0001.100.1962                7 1.92000E+01 1.19400E+02
d-Be009-MT700-Biggerstaff-F0095002-E0001.580.1962                6 1.92000E+01 9.08000E+01
d-Be009-MT700-Biggerstaff-F0095002-E0001.940.1962               10 2.03000E+01 1.49700E+02
d-Be009-MT700-Biggerstaff-F0095002-E0002.190.1962                7 3.10000E+01 1.20900E+02
d-Be009-MT700-Bondouk-F0130004-E0000.885.1974                    1 4.50000E+01 1.20000E+02
d-Be009-MT700-Bondouk-F0130004-E0000.901.1974                    1 4.50000E+01 1.20000E+02
d-Be009-MT700-Bondouk-F0130004-E0000.905.1974                    1 4.50000E+01 1.20000E+02
d-Be009-MT700-Bondouk-F0130004-E0000.918.1974                    1 4.50000E+01 1.20000E+02
d-Be009-MT700-Bondouk-F0130004-E0000.928.1974                    1 4.50000E+01 1.20000E+02
d-Be009-MT700-Bondouk-F0130004-E0000.937.1974                    1 4.50000E+01 1.20000E+02
d-Be009-MT700-Bondouk-F0130004-E0000.947.1974                    1 4.50000E+01 1.20000E+02
d-Be009-MT700-Bondouk-F0130004-E0000.957.1974                    1 4.50000E+01 1.20000E+02
d-Be009-MT700-Bondouk-F0130004-E0000.966.1974                    1 4.50000E+01 1.20000E+02
d-Be009-MT700-Bondouk-F0130004-E0000.977.1974                    1 4.50000E+01 1.20000E+02
d-Be009-MT700-Bondouk-F0130004-E0000.986.1974                    1 4.50000E+01 1.20000E+02
d-Be009-MT700-Bondouk-F0130004-E0001.003.1974                    1 4.50000E+01 1.20000E+02
d-Be009-MT700-Bondouk-F0130004-E0001.005.1974                    1 4.50000E+01 1.20000E+02
d-Be009-MT700-Bondouk-F0130004-E0001.020.1974                    1 4.50000E+01 1.20000E+02
d-Be009-MT700-Bondouk-F0130004-E0001.024.1974                    1 4.50000E+01 1.20000E+02
d-Be009-MT700-Bondouk-F0130004-E0001.040.1974                    1 4.50000E+01 1.20000E+02
d-Be009-MT700-Bondouk-F0130004-E0001.043.1974                    1 4.50000E+01 1.20000E+02
d-Be009-MT700-Bondouk-F0130004-E0001.056.1974                    1 4.50000E+01 1.20000E+02
d-Be009-MT700-Bondouk-F0130004-E0001.063.1974                    1 4.50000E+01 1.20000E+02
d-Be009-MT700-Bondouk-F0130004-E0001.079.1974                    1 4.50000E+01 1.20000E+02
d-Be009-MT700-Bondouk-F0130004-E0001.082.1974                    1 4.50000E+01 1.20000E+02
d-Be009-MT700-Bondouk-F0130004-E0001.099.1974                    1 4.50000E+01 1.20000E+02
d-Be009-MT700-Bondouk-F0130004-E0001.105.1974                    1 4.50000E+01 1.20000E+02
d-Be009-MT700-Bondouk-F0130004-E0001.123.1974                    1 4.50000E+01 1.20000E+02
d-Be009-MT700-Bondouk-F0130004-E0001.140.1974                    1 4.50000E+01 1.20000E+02
d-Be009-MT700-Bondouk-F0130004-E0001.146.1974                    1 4.50000E+01 1.20000E+02
d-Be009-MT700-Bondouk-F0130004-E0001.159.1974                    1 4.50000E+01 1.20000E+02
d-Be009-MT700-Bondouk-F0130004-E0001.169.1974                    1 4.50000E+01 1.20000E+02
d-Be009-MT700-Bondouk-F0130004-E0001.182.1974                    1 4.50000E+01 1.20000E+02
d-Be009-MT700-Bondouk-F0130004-E0001.185.1974                    1 4.50000E+01 1.20000E+02
d-Be009-MT700-Bondouk-F0130004-E0001.205.1974                    1 4.50000E+01 1.20000E+02
d-Be009-MT700-Bondouk-F0130004-E0001.209.1974                    1 4.50000E+01 1.20000E+02
d-Be009-MT700-Bondouk-F0130004-E0001.221.1974                    1 4.50000E+01 1.20000E+02
d-Be009-MT700-Bondouk-F0130004-E0001.222.1974                    1 4.50000E+01 1.20000E+02
d-Be009-MT700-Bondouk-F0130004-E0001.240.1974                    1 4.50000E+01 1.20000E+02
d-Be009-MT700-Bondouk-F0130004-E0001.245.1974                    1 4.50000E+01 1.20000E+02
d-Be009-MT700-Bondouk-F0130004-E0001.263.1974                    1 4.50000E+01 1.20000E+02
d-Be009-MT700-Bondouk-F0130004-E0001.265.1974                    1 1.20000E+02 1.20000E+02
d-Be009-MT700-Bondouk-F0181003-E0000.891.1975                    1 4.50000E+01 1.20000E+02
d-Be009-MT700-Bondouk-F0181003-E0000.901.1975                    1 4.50000E+01 1.20000E+02
d-Be009-MT700-Bondouk-F0181003-E0000.917.1975                    1 4.50000E+01 1.20000E+02
d-Be009-MT700-Bondouk-F0181003-E0000.921.1975                    1 4.50000E+01 1.20000E+02
d-Be009-MT700-Bondouk-F0181003-E0000.931.1975                    1 4.50000E+01 1.20000E+02
d-Be009-MT700-Bondouk-F0181003-E0000.946.1975                    1 4.50000E+01 1.20000E+02
d-Be009-MT700-Bondouk-F0181003-E0000.957.1975                    1 4.50000E+01 1.20000E+02
d-Be009-MT700-Bondouk-F0181003-E0000.965.1975                    1 4.50000E+01 1.20000E+02
d-Be009-MT700-Bondouk-F0181003-E0000.969.1975                    1 4.50000E+01 1.20000E+02
d-Be009-MT700-Bondouk-F0181003-E0000.984.1975                    1 4.50000E+01 1.20000E+02
d-Be009-MT700-Bondouk-F0181003-E0000.994.1975                    1 4.50000E+01 1.20000E+02
d-Be009-MT700-Bondouk-F0181003-E0001.006.1975                    1 4.50000E+01 1.20000E+02
d-Be009-MT700-Bondouk-F0181003-E0001.019.1975                    1 4.50000E+01 1.20000E+02
d-Be009-MT700-Bondouk-F0181003-E0001.022.1975                    1 1.20000E+02 1.20000E+02
d-Be009-MT700-Bondouk-F0181004-E0001.300.1975                   13 3.11000E+01 1.57100E+02
d-Be009-MT700-Bondouk-F0181004-E0001.500.1975                    9 2.56000E+01 1.28900E+02
d-Be009-MT700-Bondouk-F0181004-E0001.700.1975                   13 1.86000E+01 1.49100E+02
d-Be009-MT700-Bondouk-F0181004-E0001.900.1975                   13 1.86000E+01 1.42300E+02
d-Be009-MT700-Bondouk-F0181004-E0002.100.1975                   14 1.94000E+01 1.49600E+02
d-Be009-MT700-Bondouk-F0181004-E0002.300.1975                   14 1.91000E+01 1.48300E+02
d-Be009-MT700-Bondouk-F0181004-E0002.500.1975                   13 1.91000E+01 1.48800E+02
d-Be009-MT700-Darden-F0191006-E0015.000.1976                    40 1.55000E+01 1.20300E+02
d-Be009-MT700-Fitz-F0221016-E0011.800.1967                      60 1.15000E+01 1.59400E+02
d-Be009-MT700-Friedland-F0153005-E0000.594.1974                 28 9.00000E+01 9.00000E+01
d-Be009-MT700-Friedland-F0153006-E0000.600.1974                 13 2.98000E+01 1.62700E+02
d-Be009-MT700-Friedland-F0153006-E0000.800.1974                 14 2.79000E+01 1.61500E+02
d-Be009-MT700-Friedland-F0153006-E0001.000.1974                 14 2.77000E+01 1.60000E+02
d-Be009-MT700-Friedland-F0153006-E0001.200.1974                 13 2.71000E+01 1.48400E+02
d-Be009-MT700-Friedland-F0153006-E0001.400.1974                 11 2.51000E+01 1.24600E+02
d-Be009-MT700-Friedland-F0153006-E0001.600.1974                 10 2.51000E+01 1.18400E+02
d-Be009-MT700-Friedland-F0153006-E0001.800.1974                 12 2.67000E+01 1.60000E+02
d-Be009-MT700-Friedland-F0153006-E0002.000.1974                 12 2.67000E+01 1.60400E+02
d-Be009-MT700-Friedland-F0153006-E0002.200.1974                 12 2.75000E+01 1.59400E+02
d-Be009-MT700-Fulbright-F0091003-E0003.600.1952                 17 3.00003E+00 1.44300E+02
d-Be009-MT700-Generalov-F0524004-E0003.000.2000                353 1.00000E+01 1.50000E+02
d-Be009-MT700-Goncharov-F0222002-E0018.000.1988                 40 5.99999E+00 1.01300E+02
d-Be009-MT700-Read-F0090009-E0003.840.1961                      24 4.00000E+01 4.00000E+01
d-Be009-MT700-Read-F0090010-E0005.860.1961                       9 2.04000E+01 7.82000E+01
d-Be009-MT700-Szczurek-F0588005-E0007.000.1989                  37 2.85000E+01 1.64100E+02
d-Be009-MT700-Szczurek-F0588009-E0006.499.1989                  11 1.60000E+02 1.60000E+02
d-Be009-MT700-Tanaka-F0170002-E0012.350.1978                    72 1.45000E+01 1.64500E+02
d-Be009-MT700-Tanaka-F0170004-E0012.170.1978                    20 8.50000E+01 8.50000E+01
d-Be009-MT700-Urazbekov-D0962005-E0019.500.2019                 40 1.27000E+01 1.28100E+02
d-Be009-MT700-Urazbekov-D0962005-E0035.000.2019                 48 1.12000E+01 1.40100E+02
d-Be009-MT700-Vlasov-F1369006-E0020.000.1959                    13 8.09999E+00 1.39300E+02
