#              Filename                                         N    min         max
h-C012-MT801-Adeev-F1139003-E0018.000.1977                      28 2.17000E+01 1.25800E+02
h-C012-MT801-Adeev-F1139003-E0020.000.1977                      32 2.48000E+01 1.43300E+02
h-C012-MT801-Adeev-F1139003-E0022.000.1977                      23 2.48000E+01 1.22600E+02
h-C012-MT801-Bohne-F0281004-E0009.500.1970                      30 1.08000E+01 1.57700E+02
h-C012-MT801-Fortune-R0011003-E0035.650.1978                    40 7.79996E+00 1.70000E+02
h-C012-MT801-Fuchs-F0883002-E0024.000.1973                      33 1.11000E+01 9.22000E+01
h-C012-MT801-Fuchs-F0883002-E0028.000.1973                      34 1.10000E+01 1.10400E+02
h-C012-MT801-Gerlic-R0021008-E0216.000.1975                      4 7.10001E+00 1.54000E+01
h-C012-MT801-Gerlic-R0021009-E0216.000.1975                      4 7.10001E+00 1.54000E+01
h-C012-MT801-Karban-R0022006-E0033.300.1976                     26 7.70001E+00 7.00000E+01
h-C012-MT801-Karban-R0022007-E0033.300.1976                     26 7.40003E+00 7.05000E+01
h-C012-MT801-Kuan-C1040005-E0004.200.1964                       10 3.50000E+01 1.66400E+02
h-C012-MT801-Kuan-C1040005-E0004.880.1964                       10 3.50000E+01 1.66700E+02
h-C012-MT801-Pankratov-F1409002-E0026.100.1963                  16 1.63000E+01 5.42000E+01
h-C012-MT801-Pankratov-F1409002-E0027.400.1963                  16 1.63000E+01 5.42000E+01
h-C012-MT801-Tanaka-E0426005-E0099.400.1981                     14 9.00051E-01 4.53000E+01
h-C012-MT801-Tanaka-E0426006-E0119.100.1981                     13 9.00051E-01 4.51000E+01
h-C012-MT801-Tanaka-E0426007-E0139.600.1981                     17 5.00068E-01 3.94000E+01
h-C012-MT801-Vandewiele-R0015031-E0217.000.1978                  4 7.00003E+00 1.53000E+01
h-C012-MT801-Vandewiele-R0015034-E0217.000.1978                  5 7.30001E+00 2.75000E+01
h-C012-MT801-Yamaji-E2319002-E0024.000.1974                     25 1.73000E+01 6.40000E+01
h-C012-MT801-Yamaji-E2319002-E0029.200.1974                     35 1.31000E+01 7.76000E+01
h-C012-MT801-Yamaji-E2319002-E0034.700.1974                     35 1.31000E+01 7.73000E+01
h-C012-MT801-Yamaji-E2319002-E0039.600.1974                     35 1.58000E+01 7.84000E+01
