#              Filename                                         N    min         max
d-H002-MT103-Alderliesten-O1565003-E0050.000.1978               17 1.29000E+01 4.63000E+01
d-H002-MT103-Alderliesten-O1565003-E0051.500.1978                7 1.29000E+01 3.61000E+01
d-H002-MT103-Alderliesten-O1565003-E0060.000.1978               16 1.24000E+01 6.07000E+01
d-H002-MT103-Alderliesten-O1565003-E0070.000.1978               15 1.23000E+01 6.05000E+01
d-H002-MT103-Alderliesten-O1565003-E0077.500.1978               15 1.23000E+01 5.01000E+01
d-H002-MT103-Alderliesten-O1565003-E0085.000.1978               17 1.24000E+01 5.31000E+01
d-H002-MT103-Alderliesten-O1565004-E0050.000.1978               48 2.60000E+01 7.04000E+01
d-H002-MT103-Brolleyjr-C0046002-E0006.100.1957                 161 1.00000E+01 1.72600E+02
d-H002-MT103-Brown-C0109002-E0000.020.1990                      12 2.65000E+01 1.49600E+02
d-H002-MT103-Brown-C0109002-E0000.030.1990                      12 2.60000E+01 1.49500E+02
d-H002-MT103-Brown-C0109002-E0000.040.1990                      12 2.54000E+01 1.49500E+02
d-H002-MT103-Brown-C0109002-E0000.050.1990                      12 2.50000E+01 1.49500E+02
d-H002-MT103-Brown-C0109002-E0000.060.1990                      12 2.45000E+01 1.49600E+02
d-H002-MT103-Brown-C0109002-E0000.070.1990                      12 2.42000E+01 1.49500E+02
d-H002-MT103-Brown-C0109002-E0000.080.1990                      12 2.38000E+01 1.49500E+02
d-H002-MT103-Brown-C0109002-E0000.090.1990                      12 2.34000E+01 1.49500E+02
d-H002-MT103-Brown-C0109002-E0000.100.1990                      12 2.31000E+01 1.49500E+02
d-H002-MT103-Brown-C0109002-E0000.110.1990                      12 2.30000E+01 1.49600E+02
d-H002-MT103-Brown-C0109002-E0000.117.1990                      10 2.30000E+01 1.49500E+02
d-H002-MT103-Brueckmann-O1344003-E0051.500.1970                 27 8.09999E+00 5.90000E+01
d-H002-MT103-Eliot-A1141003-E0000.015.1953                      12 9.00000E+01 1.25000E+02
d-H002-MT103-Ganeev-A1171002-E0000.077.1957                      6 0.00000E+00 1.35000E+02
d-H002-MT103-Ganeev-A1171002-E0000.150.1957                      6 0.00000E+00 1.28700E+02
d-H002-MT103-Mcneill-C00240042-E0000.120.1951                    5 9.00000E+01 9.00000E+01
d-H002-MT103-Quillet-O0817008-E0000.968.1993                     1 1.50000E+02 1.50000E+02
d-H002-MT103-Schulte-C00300022-E0001.960.1972                  190 1.25000E+01 6.75000E+01
d-H002-MT103-Volkov-A1170002-E0000.200.1957                      8 7.40003E+00 8.13000E+01
d-H002-MT103-Volkov-A1170002-E0000.380.1957                      8 6.60004E+00 7.98000E+01
d-H002-MT103-Volkov-A1170002-E0000.510.1957                      8 6.20005E+00 7.85000E+01
d-H002-MT103-Volkov-A1170002-E0000.610.1957                      3 4.99999E+00 8.00000E+01
d-H002-MT103-Volkov-A1170002-E0000.720.1957                      9 4.99999E+00 8.07000E+01
d-H002-MT103-Volkov-A1170002-E0000.800.1957                      8 8.00153E-01 7.99000E+01
d-H002-MT103-Volkov-A1170002-E0000.920.1957                      9 8.00153E-01 7.82000E+01
d-H002-MT103-Volkov-A1170002-E0000.990.1957                      9 1.02000E+01 7.92000E+01
d-H002-MT103-Volkov-A1170002-E0001.090.1957                      9 1.01000E+01 7.78000E+01
d-H002-MT103-Volkov-A1170002-E0001.190.1957                      9 1.00000E+01 7.49000E+01
d-H002-MT103-Volkov-A1170002-E0001.300.1957                      9 9.90000E+00 7.85000E+01
d-H002-MT103-Volkov-A1170002-E0001.410.1957                      8 9.80000E+00 7.72000E+01
d-H002-MT103-Volkov-A1170002-E0001.530.1957                     11 9.80000E+00 7.67000E+01
d-H002-MT103-Volkov-A1170002-E0001.770.1957                     10 1.03000E+01 7.43000E+01
