#              Filename                                         N    min         max
p-Yb174-MT603-Foissel-O1928005-ang-E0011.001.1972                1 1.25000E+02 1.41000E+02
p-Yb174-MT603-Foissel-O1928005-ang-E0011.032.1972                2 1.25000E+02 1.60000E+02
p-Yb174-MT603-Foissel-O1928005-ang-E0011.058.1972                1 1.25000E+02 1.60000E+02
p-Yb174-MT603-Foissel-O1928005-ang-E0011.081.1972                1 1.25000E+02 1.41000E+02
p-Yb174-MT603-Foissel-O1928005-ang-E0011.088.1972                1 1.41000E+02 1.60000E+02
p-Yb174-MT603-Foissel-O1928005-ang-E0011.112.1972                1 1.25000E+02 1.60000E+02
p-Yb174-MT603-Foissel-O1928005-ang-E0011.140.1972                1 1.25000E+02 1.41000E+02
p-Yb174-MT603-Foissel-O1928005-ang-E0011.149.1972                1 1.25000E+02 1.41000E+02
p-Yb174-MT603-Foissel-O1928005-ang-E0011.184.1972                1 1.25000E+02 1.41000E+02
p-Yb174-MT603-Foissel-O1928005-ang-E0011.196.1972                1 1.25000E+02 1.41000E+02
p-Yb174-MT603-Foissel-O1928005-ang-E0011.217.1972                1 1.25000E+02 1.41000E+02
p-Yb174-MT603-Foissel-O1928005-ang-E0011.231.1972                1 1.25000E+02 1.41000E+02
p-Yb174-MT603-Foissel-O1928005-ang-E0011.266.1972                1 1.25000E+02 1.41000E+02
p-Yb174-MT603-Foissel-O1928005-ang-E0011.276.1972                1 1.25000E+02 1.41000E+02
p-Yb174-MT603-Foissel-O1928005-ang-E0011.308.1972                1 1.25000E+02 1.41000E+02
p-Yb174-MT603-Foissel-O1928005-ang-E0011.327.1972                1 1.25000E+02 1.41000E+02
p-Yb174-MT603-Foissel-O1928005-ang-E0011.362.1972                1 1.25000E+02 1.41000E+02
p-Yb174-MT603-Foissel-O1928005-ang-E0011.376.1972                1 1.25000E+02 1.41000E+02
p-Yb174-MT603-Foissel-O1928005-ang-E0011.400.1972                1 1.25000E+02 1.25000E+02
p-Yb174-MT603-Ichihara-E0809024-ang-E0065.000.1984              21 3.00000E+01 7.05000E+01
