#              Filename                                         N    min         max
n-H002-MT002-Adair-11061003-ang-E0000.220.1953                  11 4.50000E+01 1.17800E+02
n-H002-MT002-Adair-11061003-ang-E0000.220A001.1953              11 4.50000E+01 1.17800E+02
n-H002-MT002-Adair-11061003-ang-E0000.500.1953                  11 4.73000E+01 1.16500E+02
n-H002-MT002-Allen-21074002-ang-E0000.100.1955                  22 3.68699E+01 1.39464E+02
n-H002-MT002-Allen-21074002-ang-E0000.200.1955                  22 3.87394E+01 1.36054E+02
n-H002-MT002-Allred-11066005-ang-E0014.100.1953                 26 3.10000E+01 1.72100E+02
n-H002-MT002-Allred-11066005-ang-E0014.100A001.1953             26 3.10000E+01 1.72100E+02
n-H002-MT002-Amten-20994002-ang-E0008.050.1977                   1 1.80000E+02 1.80000E+02
n-H002-MT002-Amten-20994003-ang-E0009.968.1977                  10 7.76000E+01 1.80000E+02
n-H002-MT002-BaiXixiangg-30620002-ang-E0014.700.1980             9 1.50000E+01 1.35000E+02
n-H002-MT002-Balewski-22717002-ang-E0067.000.1995                5 2.03000E+01 6.07000E+01
n-H002-MT002-Basar-31048003-ang-E0014.400.1967                  11 5.55000E+01 1.59300E+02
n-H002-MT002-Berick-11126004-ang-E0014.300.1968                 19 8.99997E+00 1.29900E+02
n-H002-MT002-Berick-11126004-ang-E0014.300A001.1968             19 8.99997E+00 1.29900E+02
n-H002-MT002-Blanc-21148014-ang-E0001.200.1966                   9 3.80000E+01 1.80000E+02
n-H002-MT002-Blanc-21148014-ang-E0001.710.1966                  12 4.13000E+01 1.80000E+02
n-H002-MT002-Blanc-21148014-ang-E0002.220.1966                  13 3.34000E+01 1.80000E+02
n-H002-MT002-Blanc-21148014-ang-E0003.220.1966                  12 3.34000E+01 1.80000E+02
n-H002-MT002-Blanc-21148014-ang-E0003.720.1966                  11 3.60000E+01 1.80000E+02
n-H002-MT002-Blanc-21148014-ang-E0004.950.1966                  26 3.60000E+01 1.80000E+02
n-H002-MT002-Bonner-10792002-ang-E0794.000.1978                 17 1.10900E+02 1.77100E+02
n-H002-MT002-Bonner-10792002-ang-E0794.000A001.1978             17 1.10900E+02 1.77100E+02
n-H002-MT002-Bonner-11154002-ang-E0005.640.1969                 21 3.33000E+01 1.20000E+02
n-H002-MT002-Bonner-11154002-ang-E0005.640A001.1969             21 3.33000E+01 1.20000E+02
n-H002-MT002-Bonner-11154002-ang-E0007.010.1969                 19 2.73000E+01 1.24800E+02
n-H002-MT002-Bonner-11154002-ang-E0007.010A001.1969             19 2.73000E+01 1.24800E+02
n-H002-MT002-Bonner-11154002-ang-E0009.040.1969                 16 2.73000E+01 1.38400E+02
n-H002-MT002-Bonner-11154002-ang-E0009.040A001.1969             16 2.73000E+01 1.38400E+02
n-H002-MT002-Brady-10462002-ang-E0035.000.1974                  11 6.28000E+01 1.58900E+02
n-H002-MT002-Brady-10462002-ang-E0035.000A001.1974              11 6.28000E+01 1.58900E+02
n-H002-MT002-Brady-10462002-ang-E0046.300.1974                  10 6.32000E+01 1.60100E+02
n-H002-MT002-Brady-10462002-ang-E0046.300A001.1974              10 6.32000E+01 1.60100E+02
n-H002-MT002-Bruellmann-21173002-ang-E0014.140.1968             10 7.49999E+00 7.50000E+01
n-H002-MT002-Bruellmann-21244002-ang-E0003.270.1959              6 3.60017E+01 1.43998E+02
n-H002-MT002-Burrows-10369002-ang-E0024.000.1973                15 6.34000E+01 1.52700E+02
n-H002-MT002-Chatelain-21623002-ang-E0002.450.1979             113 4.12000E+01 1.80000E+02
n-H002-MT002-Chatelain-21623003-ang-E0003.280.1979             126 3.18000E+01 1.71100E+02
n-H002-MT002-Chen-21985002-ang-E0031.300.1985                    1 6.34000E+01 1.52700E+02
n-H002-MT002-Chen-21985002-ang-E0060.900.1985                    1 6.34000E+01 1.52700E+02
n-H002-MT002-Cooper-107710022-ang-E0004.650.1970                42 3.00000E+01 8.99000E+01
n-H002-MT002-Elwyn-11116002-ang-E0000.500.1962                  15 2.21000E+01 1.50900E+02
n-H002-MT002-Ertan-14362002-ang-E0135.000.2013                  60 5.79000E+01 1.01600E+02
n-H002-MT002-Frenje-14305003-ang-E0014.100.2011                 45 4.55000E+01 1.74200E+02
n-H002-MT002-Gouanere-20528002-ang-E0028.000.1970               13 3.99000E+01 1.80000E+02
n-H002-MT002-Gul-30538002-ang-E0014.800.1979                    18 1.93000E+01 1.15000E+02
n-H002-MT002-Higuchi-21694005-ang-E0014.100.1982                 4 5.80002E+00 2.91000E+01
n-H002-MT002-Howard-20360004-ang-E0129.000.1974                 12 6.30000E+01 1.56500E+02
n-H002-MT002-Howard-20360005-ang-E0129.000.1974                  5 2.04000E+01 8.04000E+01
n-H002-MT002-Howell-13609002-ang-E0008.000.1994                 21 1.19400E+02 1.71600E+02
n-H002-MT002-Kulkarni-10952003-ang-E0009.000.1981               10 4.80000E+01 1.69200E+02
n-H002-MT002-Kulkarni-10952003-ang-E0009.000A001.1981           10 4.80000E+01 1.69200E+02
n-H002-MT002-Kulkarni-10952003-ang-E0011.000.1981               12 4.80000E+01 1.69200E+02
n-H002-MT002-Kulkarni-10952003-ang-E0011.000A001.1981           12 4.80000E+01 1.69200E+02
n-H002-MT002-Maeda-229830021-ang-E0248.000.2007                 13 4.34000E+01 1.68000E+02
n-H002-MT002-Maeda-229830022-ang-E0248.000.2007                 18 5.91000E+01 1.76000E+02
n-H002-MT002-Maeda-22983003-ang-E0248.000.2007                   5 7.40003E+00 3.99000E+01
n-H002-MT002-Malone-14633002-ang-E0010.000.2020                  2 3.67000E+01 3.67000E+01
n-H002-MT002-Mermod-22914003-ang-E0094.800.2004                 10 1.98000E+01 1.26100E+02
n-H002-MT002-Mermod-22920002-ang-E0094.800.2005                 15 1.01000E+01 7.10000E+01
n-H002-MT002-Mermod-22920003-ang-E0094.800.2005                  7 7.66000E+01 1.38700E+02
n-H002-MT002-Messelt-20039002-ang-E0014.800.1965                 6 1.27000E+01 5.18000E+01
n-H002-MT002-Moore-10794002-ang-E0015.580.1973                  41 3.00000E+01 3.00000E+01
n-H002-MT002-Palmieri-10273002-ang-E0152.000.1972               10 7.08000E+01 1.59900E+02
n-H002-MT002-Palmieri-10273002-ang-E0152.000A001.1972           10 7.08000E+01 1.59900E+02
n-H002-MT002-Romero-10135002-ang-E0036.000.1970                 16 5.88000E+01 1.60100E+02
n-H002-MT002-Romero-10135002-ang-E0036.000A001.1970             16 5.88000E+01 1.60100E+02
n-H002-MT002-Romero-10135003-ang-E0036.000.1970                 11 1.01000E+01 9.04000E+01
n-H002-MT002-Romero-10135003-ang-E0036.000A001.1970             11 1.01000E+01 9.04000E+01
n-H002-MT002-Romero-10135004-ang-E0046.300.1970                 11 4.79000E+01 1.60300E+02
n-H002-MT002-Romero-10135004-ang-E0046.300A001.1970             11 4.79000E+01 1.60300E+02
n-H002-MT002-Romero-10135005-ang-E0046.300.1970                 12 1.01000E+01 7.05000E+01
n-H002-MT002-Romero-10135005-ang-E0046.300A001.1970             12 1.01000E+01 7.05000E+01
n-H002-MT002-Sanada-20320002-ang-E0003.100.1950                  2 1.67000E+01 2.35000E+01
n-H002-MT002-Schwarz-21845002-ang-E0002.500.1983               237 4.50000E+01 1.15000E+02
n-H002-MT002-Seagrave-10159002-ang-E0005.550.1972               40 3.10000E+01 1.20000E+02
n-H002-MT002-Seagrave-10159006-ang-E0018.550.1972               23 2.80000E+01 1.35000E+02
n-H002-MT002-Seagrave-10159006-ang-E0018.550A001.1972           23 2.80000E+01 1.35000E+02
n-H002-MT002-Seagrave-10159006-ang-E0020.500.1972               23 3.00000E+01 1.34000E+02
n-H002-MT002-Seagrave-11084005-ang-E0014.100.1955                8 4.81000E+01 1.68000E+02
n-H002-MT002-Seagrave-11084005-ang-E0014.100A001.1955            8 4.81000E+01 1.68000E+02
n-H002-MT002-Seagrave-11095002-ang-E0002.450.1957                9 1.66000E+01 1.50500E+02
n-H002-MT002-Seagrave-11095002-ang-E0002.450A001.1957            9 1.66000E+01 1.50500E+02
n-H002-MT002-Seagrave-11095002-ang-E0003.270.1957                8 2.09000E+01 1.50500E+02
n-H002-MT002-Seagrave-11095002-ang-E0003.270A001.1957            8 2.09000E+01 1.50500E+02
n-H002-MT002-Shirato-20334003-ang-E0014.100.1968                11 3.90360E+00 5.02000E+01
n-H002-MT002-Shirato-20344003-ang-E0014.100.1972                10 4.03000E+01 1.64500E+02
n-H002-MT002-TangHongqingg-30779002-ang-E0008.600.1986          15 1.50000E+01 1.33100E+02
n-H002-MT002-Vedrenne-21142004-ang-E0014.200.1963               15 1.54000E+01 1.80000E+02
n-H002-MT002-Wang-10430002-ang-E0026.500.1974                   11 6.48000E+01 1.52700E+02
n-H002-MT002-Wang-10430002-ang-E0026.500A001.1974               11 6.48000E+01 1.52700E+02
n-H002-MT002-Wang-10463002-ang-E0053.000.1974                   24 1.01000E+01 1.41900E+02
n-H002-MT002-Wang-10463002-ang-E0053.000A001.1974               24 1.01000E+01 1.41900E+02
n-H002-MT002-Wantuch-11050003-ang-E0004.500.1951                 6 4.81000E+01 1.80000E+02
n-H002-MT002-Wantuch-11050003-ang-E0004.500A001.1951             6 4.81000E+01 1.80000E+02
n-H002-MT002-Wantuch-11050003-ang-E0005.500.1951                 7 4.81000E+01 1.80000E+02
n-H002-MT002-Wantuch-11050003-ang-E0005.500A001.1951             7 4.81000E+01 1.80000E+02
n-H002-MT002-Weber-21874002-ang-E0002.016.1981                  81 7.55000E+01 1.80000E+02
n-H002-MT002-Yountz-12678002-ang-E0090.000.1953                  4 1.19300E+02 1.59700E+02
n-H002-MT002-Yountz-12678004-ang-E0090.000.1953                  8 9.91000E+01 1.69800E+02
