#              Filename                                         N    min         max
p-Pb208-MT648-Cook-O0187003-ang-E0318.000.1987                   9 2.68046E+01 4.18001E+01
p-Pb208-MT648-Cook-O0187004-ang-E0318.000.1987                  10 2.54191E+01 4.11420E+01
p-Pb208-MT648-Cook-O0187005-ang-E0318.000.1987                   9 2.50392E+01 3.99563E+01
p-Pb208-MT648-Cook-O0187006-ang-E0318.000.1987                  12 2.19340E+01 4.13797E+01
p-Pb208-MT648-Fujita-E1310003-ang-E0080.000.1990                11 3.97000E+01 8.51000E+01
p-Pb208-MT648-Fujita-E1310004-ang-E0080.000.1990                10 4.45000E+01 8.57000E+01
p-Pb208-MT648-Fujita-E1310005-ang-E0080.000.1990                10 3.99000E+01 8.59000E+01
p-Pb208-MT648-Fujita-E1310006-ang-E0080.000.1990                 8 5.11000E+01 8.54000E+01
p-Pb208-MT648-Fujita-E1310007-ang-E0080.000.1990                11 4.02000E+01 8.50000E+01
p-Pb208-MT648-Fujita-E1310008-ang-E0080.000.1990                 9 4.41000E+01 7.94000E+01
p-Pb208-MT648-Fujita-E1310009-ang-E0080.000.1990                10 4.11000E+01 8.75000E+01
p-Pb208-MT648-Fujita-E1310010-ang-E0080.000.1990                 9 4.91000E+01 8.86000E+01
p-Pb208-MT648-Fujita-E1310011-ang-E0080.000.1990                 8 5.11000E+01 8.69000E+01
p-Pb208-MT648-Fujita-E1442007-ang-E0065.000.1989                11 8.89998E+00 3.66000E+01
p-Pb208-MT648-Fujita-E1442008-ang-E0065.000.1989                 9 8.69999E+00 3.62000E+01
p-Pb208-MT648-Fujita-E1442009-ang-E0065.000.1989                10 1.16000E+01 3.68000E+01
p-Pb208-MT648-Heusler-O1860002-ang-E0014.920.2010                5 4.50000E+01 1.15000E+02
p-Pb208-MT648-Heusler-O1860003-ang-E0014.920.2010                6 3.00000E+01 1.15000E+02
p-Pb208-MT648-Heusler-O1860004-ang-E0014.920.2010                6 3.00000E+01 1.15000E+02
p-Pb208-MT648-Heusler-O1860005-ang-E0014.920.2010                6 3.00000E+01 1.15000E+02
p-Pb208-MT648-Heusler-O1860006-ang-E0014.920.2010                6 3.00000E+01 1.15000E+02
p-Pb208-MT648-Heusler-O1861002-ang-E0016.400.2010                7 9.95000E+01 9.95000E+01
p-Pb208-MT648-Heusler-O1861003-ang-E0016.400.2010                7 9.95000E+01 9.95000E+01
p-Pb208-MT648-Poltoratska-E2374003-ang-E0295.000.2012           20 4.31601E-01 4.50198E+00
