#              Filename                                         N    min         max     
p-Fe000-rp025054-Michel-A01000073.1985                          26 4.93000E+01 1.99800E+02
p-Fe000-rp025054-Michel-A01450074.1980                           1 1.60600E+01 1.60600E+01
p-Fe000-rp025054-Michel-A0146015.1979                           18 1.67900E+01 4.45300E+01
p-Fe000-rp025054-Barchuk-A03390034.1987                         40 7.11000E+00 6.44000E+01
p-Fe000-rp025054-Dittrich-A0408010.1988                          1 6.00000E+02 6.00000E+02
p-Fe000-rp025054-Aleksandrov-A0501038.1990                       1 1.00000E+03 1.00000E+03
p-Fe000-rp025054-ZhaoWenrongg-A06000024.1993                     8 1.43810E+01 1.88640E+01
p-Fe000-rp025054-Williams-B0073013.1967                         14 3.10000E+01 6.24000E+01
p-Fe000-rp025054-Cline-B00850184.1971                            1 5.90000E+02 5.90000E+02
p-Fe000-rp025054-Honda-C0226005.1964                             1 7.30000E+02 7.30000E+02
p-Fe000-rp025054-Honda-C0235010.1960                             2 5.00000E+02 7.30000E+02
p-Fe000-rp025054-Brodzinski-C0272004.1971                        8 2.95000E+01 5.85000E+02
p-Fe000-rp025054-Sisterson-C1447006.2006                         6 1.40000E+02 5.00000E+02
p-Fe000-rp025054-Graves-C2243020.2016                           12 3.46000E+01 9.02000E+01
p-Fe000-rp025054-Alabyad-D0500006.2009                          15 6.60000E+00 1.85000E+01
p-Fe000-rp025054-Ditroi-D4181006.2004                           11 4.20000E+01 6.72000E+01
p-Fe000-rp025054-Kim-D7007004.2014                              20 1.20400E+01 4.03000E+01
p-Fe000-rp025054-Rayudu-O0073003.1964                            4 1.30000E+02 3.96000E+02
p-Fe000-rp025054-Rayudu-O0077003.1968                            5 5.00000E+02 2.90000E+03
p-Fe000-rp025054-Michel-O00780182.1989                           1 6.00000E+02 6.00000E+02
p-Fe000-rp025054-Perron-O0085018.1976                            1 2.10000E+04 2.10000E+04
p-Fe000-rp025054-Weigel-O0088006.1975                            1 6.00000E+02 6.00000E+02
p-Fe000-rp025054-Michel-O0276072.1997                           84 7.35000E+00 3.29000E+02
p-Fe000-rp025054-Michel-O0277119.1995                            4 8.00000E+02 2.60000E+03
p-Fe000-rp025054-Lavrukhina-O0283033.1963                        1 1.50000E+02 1.50000E+02
p-Fe000-rp025054-Schiekel-O0284064.1996                         14 2.14000E+02 3.99000E+02
p-Fe000-rp025054-Lavrukhina-O0299033.1963                        1 6.60000E+02 6.60000E+02
p-Fe000-rp025054-Aleksandrov-O0376007.1989                       1 1.00000E+03 1.00000E+03
p-Fe000-rp025054-Daum-O0498004.1997                              5 1.06000E+01 2.99000E+01
p-Fe000-rp025054-Fassbender-O0728011.1999                       16 8.67000E+01 3.52700E+02
p-Fe000-rp025054-Gloris-O1881019.1998                           33 8.43000E+01 2.53000E+03
p-Fe000-rp025054-Neumann-O1882021.1999                           4 2.78000E+02 2.60000E+03
p-Fe000-rp025054-Uddin-O2373005.2017                            11 8.70000E+00 1.57000E+01
p-Fe000-rp025054-Uddin-O2373006.2017                             8 5.80000E+00 1.43000E+01
p-Fe000-rp025054-Orth-T0131007.1976                              1 5.90000E+02 5.90000E+02
p-Fe000-rp025054-Schoen-T0276006.1979                            4 2.66000E+01 6.30000E+01
