#              Filename                                         N    min         max
n-Na023-MT051-Cranberg-11396003-ang-E0002.450.1956               1 9.00000E+01 9.00000E+01
n-Na023-MT051-Fasoli-20661003-ang-E0008.000.1973                14 2.02000E+01 1.50300E+02
n-Na023-MT051-Fasoli-20661004-ang-E0008.000.1973                14 2.03000E+01 1.50500E+02
n-Na023-MT051-Fasoli-20661005-ang-E0008.000.1973                14 2.06000E+01 1.50900E+02
n-Na023-MT051-Fasoli-21039003-ang-E0001.510.1969                12 1.92000E+01 1.48700E+02
n-Na023-MT051-Fasoli-21039003-ang-E0002.470.1969                12 1.92000E+01 1.48700E+02
n-Na023-MT051-Perey-10104004-ang-E0005.440.1970                  9 4.76000E+01 1.13100E+02
n-Na023-MT051-Perey-10104004-ang-E0005.440A001.1970              9 4.76000E+01 1.13100E+02
n-Na023-MT051-Perey-10104004-ang-E0006.370.1970                 17 4.70000E+01 1.34600E+02
n-Na023-MT051-Perey-10104004-ang-E0006.370A001.1970             17 4.70000E+01 1.34600E+02
n-Na023-MT051-Perey-10104004-ang-E0007.600.1970                 18 4.70000E+01 1.34500E+02
n-Na023-MT051-Perey-10104004-ang-E0007.600A001.1970             18 4.70000E+01 1.34500E+02
n-Na023-MT051-Perey-10104004-ang-E0008.520.1970                 12 5.70000E+01 1.34500E+02
n-Na023-MT051-Perey-10104004-ang-E0008.520A001.1970             12 5.70000E+01 1.34500E+02
n-Na023-MT051-Perey-10104007-ang-E0005.440.1970                 10 3.80000E+01 1.14100E+02
n-Na023-MT051-Perey-10104007-ang-E0005.440A001.1970             10 3.80000E+01 1.14100E+02
n-Na023-MT051-Perey-10104007-ang-E0006.370.1970                 19 3.80000E+01 1.35100E+02
n-Na023-MT051-Perey-10104007-ang-E0006.370A001.1970             19 3.80000E+01 1.35100E+02
n-Na023-MT051-Perey-10104007-ang-E0007.600.1970                 17 5.30000E+01 1.34900E+02
n-Na023-MT051-Perey-10104007-ang-E0007.600A001.1970             17 5.30000E+01 1.34900E+02
n-Na023-MT051-Perey-10104008-ang-E0005.440.1970                 13 3.32000E+01 1.15100E+02
n-Na023-MT051-Perey-10104008-ang-E0005.440A001.1970             13 3.32000E+01 1.15100E+02
n-Na023-MT051-Perey-10104008-ang-E0006.370.1970                 18 3.26000E+01 1.35600E+02
n-Na023-MT051-Perey-10104008-ang-E0006.370A001.1970             18 3.26000E+01 1.35600E+02
n-Na023-MT051-Perey-10104008-ang-E0007.600.1970                 19 2.84000E+01 1.35300E+02
n-Na023-MT051-Perey-10104008-ang-E0007.600A001.1970             19 2.84000E+01 1.35300E+02
n-Na023-MT051-Perey-10104008-ang-E0008.520.1970                 15 2.84000E+01 1.35200E+02
n-Na023-MT051-Perey-10104008-ang-E0008.520A001.1970             15 2.84000E+01 1.35200E+02
n-Na023-MT051-Perey-10104014-ang-E0006.370.1970                  3 1.20100E+02 1.35100E+02
n-Na023-MT051-Perey-10104014-ang-E0006.370A001.1970              3 1.20100E+02 1.35100E+02
n-Na023-MT051-Perey-10104014-ang-E0007.600.1970                  3 8.75000E+01 1.35000E+02
n-Na023-MT051-Perey-10104014-ang-E0007.600A001.1970              3 8.75000E+01 1.35000E+02
n-Na023-MT051-Perey-10104014-ang-E0008.520.1970                  6 8.75000E+01 1.34900E+02
n-Na023-MT051-Perey-10104014-ang-E0008.520A001.1970              6 8.75000E+01 1.34900E+02
n-Na023-MT051-Perey-10104018-ang-E0006.370.1970                  3 1.20500E+02 1.35700E+02
n-Na023-MT051-Perey-10104018-ang-E0006.370A001.1970              3 1.20500E+02 1.35700E+02
n-Na023-MT051-Perey-10104018-ang-E0007.600.1970                  3 1.20300E+02 1.35400E+02
n-Na023-MT051-Perey-10104018-ang-E0007.600A001.1970              3 1.20300E+02 1.35400E+02
n-Na023-MT051-Perey-10104018-ang-E0008.520.1970                  3 1.20300E+02 1.35200E+02
n-Na023-MT051-Perey-10104018-ang-E0008.520A001.1970              3 1.20300E+02 1.35200E+02
n-Na023-MT051-Perey-10104034-ang-E0007.600.1970                  7 5.43000E+01 1.36300E+02
n-Na023-MT051-Perey-10104034-ang-E0007.600A001.1970              7 5.43000E+01 1.36300E+02
n-Na023-MT051-Perey-10104034-ang-E0008.520.1970                  6 8.88000E+01 1.35700E+02
n-Na023-MT051-Perey-10104034-ang-E0008.520A001.1970              6 8.88000E+01 1.35700E+02
n-Na023-MT051-Perey-10104036-ang-E0007.600.1970                  3 1.21300E+02 1.36800E+02
n-Na023-MT051-Perey-10104036-ang-E0007.600A001.1970              3 1.21300E+02 1.36800E+02
n-Na023-MT051-Perey-10104036-ang-E0008.520.1970                  3 1.21300E+02 1.36000E+02
n-Na023-MT051-Perey-10104036-ang-E0008.520A001.1970              3 1.21300E+02 1.36000E+02
n-Na023-MT051-Popov-40101011-ang-E0004.370.1971                 14 3.00000E+01 1.50000E+02
n-Na023-MT051-Schweitzer-30463005-ang-E0003.400.1978            10 2.50000E+01 1.50500E+02
n-Na023-MT051-Shipley-11408002-ang-E0003.490.1959               27 3.05000E+01 1.50400E+02
n-Na023-MT051-Towle-21089008-ang-E0000.980.1962                  9 3.02000E+01 1.37800E+02
n-Na023-MT051-Towle-21089008-ang-E0001.500.1962                 12 3.02000E+01 1.35200E+02
n-Na023-MT051-Towle-21089008-ang-E0002.515.1962                  4 3.06000E+01 1.36300E+02
n-Na023-MT051-Towle-21089008-ang-E0003.970.1962                 30 3.06000E+01 1.38600E+02
n-Na023-MT051-Vanhoy-14403003-ang-E0001.480.2015               254 3.00000E+01 1.40000E+02
