#              Filename                                         N    min         max
p-Pb208-MT628-Kulleck-C2700010-ang-E0014.397.1970                1 9.00000E+01 1.70000E+02
p-Pb208-MT628-Kulleck-C2700010-ang-E0014.432.1970                2 9.00000E+01 1.50000E+02
p-Pb208-MT628-Kulleck-C2700010-ang-E0014.437.1970                1 1.25000E+02 1.70000E+02
p-Pb208-MT628-Kulleck-C2700010-ang-E0014.447.1970                1 9.00000E+01 1.70000E+02
p-Pb208-MT628-Kulleck-C2700010-ang-E0014.487.1970                2 9.00000E+01 1.50000E+02
p-Pb208-MT628-Kulleck-C2700010-ang-E0014.497.1970                1 1.50000E+02 1.70000E+02
p-Pb208-MT628-Kulleck-C2700010-ang-E0014.507.1970                1 1.50000E+02 1.70000E+02
p-Pb208-MT628-Kulleck-C2700010-ang-E0014.537.1970                1 9.00000E+01 1.50000E+02
p-Pb208-MT628-Kulleck-C2700010-ang-E0014.547.1970                1 9.00000E+01 1.25000E+02
p-Pb208-MT628-Kulleck-C2700010-ang-E0014.557.1970                1 1.25000E+02 1.70000E+02
p-Pb208-MT628-Kulleck-C2700010-ang-E0014.567.1970                1 1.25000E+02 1.70000E+02
p-Pb208-MT628-Kulleck-C2700010-ang-E0014.602.1970                1 9.00000E+01 1.25000E+02
p-Pb208-MT628-Kulleck-C2700010-ang-E0014.607.1970                2 9.00000E+01 1.70000E+02
p-Pb208-MT628-Kulleck-C2700010-ang-E0014.632.1970                1 1.25000E+02 1.70000E+02
p-Pb208-MT628-Kulleck-C2700010-ang-E0014.652.1970                1 9.00000E+01 1.25000E+02
p-Pb208-MT628-Kulleck-C2700010-ang-E0014.657.1970                1 9.00000E+01 1.50000E+02
p-Pb208-MT628-Kulleck-C2700010-ang-E0014.662.1970                1 1.50000E+02 1.70000E+02
p-Pb208-MT628-Kulleck-C2700010-ang-E0014.692.1970                1 9.00000E+01 1.70000E+02
p-Pb208-MT628-Kulleck-C2700010-ang-E0014.712.1970                2 9.00000E+01 1.50000E+02
p-Pb208-MT628-Kulleck-C2700010-ang-E0014.717.1970                1 1.25000E+02 1.70000E+02
p-Pb208-MT628-Kulleck-C2700010-ang-E0014.747.1970                1 1.50000E+02 1.70000E+02
p-Pb208-MT628-Kulleck-C2700010-ang-E0014.767.1970                1 9.00000E+01 1.50000E+02
p-Pb208-MT628-Kulleck-C2700010-ang-E0014.777.1970                2 9.00000E+01 1.70000E+02
p-Pb208-MT628-Kulleck-C2700010-ang-E0014.797.1970                1 9.00000E+01 1.70000E+02
p-Pb208-MT628-Kulleck-C2700010-ang-E0014.827.1970                2 9.00000E+01 1.50000E+02
p-Pb208-MT628-Kulleck-C2700010-ang-E0014.837.1970                1 1.25000E+02 1.70000E+02
p-Pb208-MT628-Kulleck-C2700010-ang-E0014.857.1970                1 1.25000E+02 1.70000E+02
p-Pb208-MT628-Kulleck-C2700010-ang-E0014.877.1970                1 9.00000E+01 1.25000E+02
p-Pb208-MT628-Kulleck-C2700010-ang-E0014.887.1970                2 9.00000E+01 1.70000E+02
p-Pb208-MT628-Kulleck-C2700010-ang-E0014.892.1970                1 1.50000E+02 1.70000E+02
p-Pb208-MT628-Kulleck-C2700010-ang-E0014.912.1970                1 9.00000E+01 1.70000E+02
p-Pb208-MT628-Kulleck-C2700010-ang-E0014.917.1970                2 9.00000E+01 1.50000E+02
p-Pb208-MT628-Kulleck-C2700010-ang-E0014.927.1970                1 1.50000E+02 1.70000E+02
p-Pb208-MT628-Kulleck-C2700010-ang-E0014.932.1970                1 1.25000E+02 1.70000E+02
p-Pb208-MT628-Kulleck-C2700010-ang-E0014.937.1970                1 9.00000E+01 1.25000E+02
p-Pb208-MT628-Kulleck-C2700010-ang-E0014.947.1970                2 9.00000E+01 1.50000E+02
p-Pb208-MT628-Kulleck-C2700010-ang-E0014.972.1970                1 9.00000E+01 1.50000E+02
p-Pb208-MT628-Kulleck-C2700010-ang-E0014.977.1970                1 9.00000E+01 1.70000E+02
