#              Filename                                         N    min         max
n-B000-MT101-Arbildo-128190042.1986                              1 2.53000E-08 2.53000E-08
n-B000-MT101-Carter-11211002.1953                                1 2.53000E-08 2.53000E-08
n-B000-MT101-Carter-11211002A001.1953                            1 2.53000E-08 2.53000E-08
n-B000-MT101-Fink-13845004.1936                                  1 2.53000E-08 2.53000E-08
n-B000-MT101-Gould-11198002.1960                                 1 2.53000E-08 2.53000E-08
n-B000-MT101-Gould-11198002A001.1960                             1 2.53000E-08 2.53000E-08
n-B000-MT101-Green-21180004.1954                                 1 2.53000E-08 2.53000E-08
n-B000-MT101-Hammermesh-11064003.1953                            1 2.53000E-08 2.53000E-08
n-B000-MT101-Hammermesh-11064003A001.1953                        1 2.53000E-08 2.53000E-08
n-B000-MT101-Knoll-23725004.1985                                 1 8.18000E-12 8.18000E-12
n-B000-MT101-Lolich-30344002.1973                                1 2.53000E-08 2.53000E-08
n-B000-MT101-Meadows-11028004.1961                               1 2.53000E-08 2.53000E-08
n-B000-MT101-Meadows-11028004A001.1961                           1 2.53000E-08 2.53000E-08
n-B000-MT101-Meadows-11028005.1961                               1 2.53000E-08 2.53000E-08
n-B000-MT101-Meadows-11028005A001.1961                           1 2.53000E-08 2.53000E-08
n-B000-MT101-Safford-11199002.1961                               1 2.53000E-08 2.53000E-08
n-B000-MT101-Safford-11199002A001.1961                           1 2.53000E-08 2.53000E-08
n-B000-MT101-Safford-11199003.1961                               1 2.53000E-08 2.53000E-08
n-B000-MT101-Safford-11199003A001.1961                           1 2.53000E-08 2.53000E-08
n-B000-MT101-Safford-11199004.1961                               1 2.53000E-08 2.53000E-08
n-B000-MT101-Safford-11199004A001.1961                           1 2.53000E-08 2.53000E-08
n-B000-MT101-Safford-11199005.1961                               1 2.53000E-08 2.53000E-08
n-B000-MT101-Safford-11199005A001.1961                           1 2.53000E-08 2.53000E-08
n-B000-MT101-Sokolowski-22615002.1969                            1 2.53000E-08 2.53000E-08
n-B000-MT101-Wynchank-21133002.1965                              1 2.53000E-08 2.53000E-08
