#              Filename                                         N    min         max     
n-Pu239-MT464-Meierbachtol-14459002-E0000.586.2016               1 5.86000E-01 5.86000E-01
n-Pu239-MT464-Meierbachtol-14459002-E0000.683.2016               1 6.83000E-01 6.83000E-01
n-Pu239-MT464-Meierbachtol-14459002-E0000.797.2016               1 7.97000E-01 7.97000E-01
n-Pu239-MT464-Meierbachtol-14459002-E0000.929.2016               1 9.29000E-01 9.29000E-01
n-Pu239-MT464-Meierbachtol-14459002-E0001.080.2016               1 1.08000E+00 1.08000E+00
n-Pu239-MT464-Meierbachtol-14459002-E0001.260.2016               1 1.26000E+00 1.26000E+00
n-Pu239-MT464-Meierbachtol-14459002-E0001.470.2016               1 1.47000E+00 1.47000E+00
n-Pu239-MT464-Meierbachtol-14459002-E0001.710.2016               1 1.71000E+00 1.71000E+00
n-Pu239-MT464-Meierbachtol-14459002-E0002.000.2016               1 2.00000E+00 2.00000E+00
n-Pu239-MT464-Meierbachtol-14459002-E0002.330.2016               1 2.33000E+00 2.33000E+00
n-Pu239-MT464-Meierbachtol-14459002-E0002.720.2016               1 2.72000E+00 2.72000E+00
n-Pu239-MT464-Meierbachtol-14459002-E0003.170.2016               1 3.17000E+00 3.17000E+00
n-Pu239-MT464-Meierbachtol-14459002-E0003.690.2016               1 3.69000E+00 3.69000E+00
n-Pu239-MT464-Meierbachtol-14459002-E0004.310.2016               1 4.31000E+00 4.31000E+00
n-Pu239-MT464-Meierbachtol-14459002-E0005.020.2016               1 5.02000E+00 5.02000E+00
n-Pu239-MT464-Meierbachtol-14459002-E0005.860.2016               1 5.86000E+00 5.86000E+00
n-Pu239-MT464-Meierbachtol-14459002-E0006.830.2016               1 6.83000E+00 6.83000E+00
n-Pu239-MT464-Meierbachtol-14459002-E0007.970.2016               1 7.97000E+00 7.97000E+00
n-Pu239-MT464-Meierbachtol-14459002-E0009.280.2016               1 9.28000E+00 9.28000E+00
n-Pu239-MT464-Meierbachtol-14459002-E0010.800.2016               1 1.08000E+01 1.08000E+01
n-Pu239-MT464-Meierbachtol-14459002-E0012.600.2016               1 1.26000E+01 1.26000E+01
n-Pu239-MT464-Meierbachtol-14459002-E0014.700.2016               1 1.47000E+01 1.47000E+01
n-Pu239-MT464-Meierbachtol-14459002-E0017.100.2016               1 1.71000E+01 1.71000E+01
n-Pu239-MT464-Meierbachtol-14459002-E0020.000.2016               1 2.00000E+01 2.00000E+01
n-Pu239-MT464-Meierbachtol-14459002-E0023.300.2016               1 2.33000E+01 2.33000E+01
n-Pu239-MT464-Meierbachtol-14459002-E0027.200.2016               1 2.72000E+01 2.72000E+01
n-Pu239-MT464-Meierbachtol-14459002-E0031.700.2016               1 3.17000E+01 3.17000E+01
n-Pu239-MT464-Meierbachtol-14459002-E0036.900.2016               1 3.69000E+01 3.69000E+01
n-Pu239-MT464-Meierbachtol-14459002-E0043.100.2016               2 4.31000E+01 4.31000E+01
n-Pu239-MT464-Chemey-147150021-E0002.840.2020                    1 2.84000E+00 2.84000E+00
n-Pu239-MT464-Chemey-147150021-E0003.780.2020                    1 3.78000E+00 3.78000E+00
n-Pu239-MT464-Chemey-147150021-E0005.015.2020                    1 5.01500E+00 5.01500E+00
n-Pu239-MT464-Chemey-147150021-E0006.705.2020                    1 6.70500E+00 6.70500E+00
n-Pu239-MT464-Chemey-147150021-E0009.205.2020                    1 9.20500E+00 9.20500E+00
n-Pu239-MT464-Chemey-147150021-E0013.815.2020                    1 1.38150E+01 1.38150E+01
n-Pu239-MT464-Chemey-147150021-E0022.065.2020                    1 2.20650E+01 2.20650E+01
n-Pu239-MT464-Chemey-147150021-E0035.405.2020                    1 3.54050E+01 3.54050E+01
n-Pu239-MT464-Chemey-147150021-E0055.360.2020                    2 5.53600E+01 5.53600E+01
n-Pu239-MT464-Deruytter-209540025-E2.53E-08.1973                 1 1.00000E+20 0.00000E+00
n-Pu239-MT464-Qaim-22067005-E2.53E-08.1970                       3 2.53000E-08 2.53000E-08
n-Pu239-MT464-Schillebeeckx-22273002-E2.53E-08.1992              1 1.00000E+20 0.00000E+00
n-Pu239-MT464-Schillebeeckx-22273003-E2.53E-08.1992              1 1.00000E+20 0.00000E+00
n-Pu239-MT464-Schillebeeckx-22273010-E2.53E-08.1992              3 2.53000E-08 2.53000E-08
n-Pu239-MT464-Schillebeeckx-22273011-E2.53E-08.1992              3 2.53000E-08 2.53000E-08
n-Pu239-MT464-Schillebeeckx-222730121-E2.53E-08.1992             3 2.53000E-08 2.53000E-08
n-Pu239-MT464-Schillebeeckx-222730122-E2.53E-08.1992             3 2.53000E-08 2.53000E-08
n-Pu239-MT464-Hambsch-22690003-E5.05E-07.2002                    2 5.05000E-07 5.05000E-07
n-Pu239-MT464-Hambsch-22690004-E5.05E-07.2002                    2 5.05000E-07 5.05000E-07
n-Pu239-MT464-Hambsch-22690005-E5.05E-07.2002                    2 5.05000E-07 5.05000E-07
n-Pu239-MT464-Hambsch-22690009-E1.35E-08.2002                    1 1.34800E-08 1.34800E-08
n-Pu239-MT464-Hambsch-22690009-E1.74E-08.2002                    1 1.74400E-08 1.74400E-08
n-Pu239-MT464-Hambsch-22690009-E2.16E-08.2002                    1 2.16100E-08 2.16100E-08
n-Pu239-MT464-Hambsch-22690009-E2.58E-08.2002                    1 2.57700E-08 2.57700E-08
n-Pu239-MT464-Hambsch-22690009-E3.04E-08.2002                    1 3.04300E-08 3.04300E-08
n-Pu239-MT464-Hambsch-22690009-E3.50E-08.2002                    1 3.50200E-08 3.50200E-08
n-Pu239-MT464-Hambsch-22690009-E4.02E-08.2002                    1 4.01800E-08 4.01800E-08
n-Pu239-MT464-Hambsch-22690009-E4.57E-08.2002                    1 4.56700E-08 4.56700E-08
n-Pu239-MT464-Hambsch-22690009-E5.21E-08.2002                    1 5.20900E-08 5.20900E-08
n-Pu239-MT464-Hambsch-22690009-E5.88E-08.2002                    1 5.88400E-08 5.88400E-08
n-Pu239-MT464-Hambsch-22690009-E6.67E-08.2002                    1 6.67100E-08 6.67100E-08
n-Pu239-MT464-Hambsch-22690009-E7.60E-08.2002                    1 7.60000E-08 7.60000E-08
n-Pu239-MT464-Hambsch-22690009-E8.73E-08.2002                    1 8.73100E-08 8.73100E-08
n-Pu239-MT464-Hambsch-22690009-E1.03E-07.2002                    1 1.02600E-07 1.02600E-07
n-Pu239-MT464-Hambsch-22690009-E1.23E-07.2002                    1 1.22600E-07 1.22600E-07
n-Pu239-MT464-Hambsch-22690009-E1.51E-07.2002                    1 1.50800E-07 1.50800E-07
n-Pu239-MT464-Hambsch-22690009-E1.83E-07.2002                    1 1.83400E-07 1.83400E-07
n-Pu239-MT464-Hambsch-22690009-E2.15E-07.2002                    1 2.14900E-07 2.14900E-07
n-Pu239-MT464-Hambsch-22690009-E2.40E-07.2002                    1 2.40000E-07 2.40000E-07
n-Pu239-MT464-Hambsch-22690009-E2.62E-07.2002                    1 2.61800E-07 2.61800E-07
n-Pu239-MT464-Hambsch-22690009-E2.78E-07.2002                    1 2.77900E-07 2.77900E-07
n-Pu239-MT464-Hambsch-22690009-E2.94E-07.2002                    1 2.93900E-07 2.93900E-07
n-Pu239-MT464-Hambsch-22690009-E3.08E-07.2002                    1 3.07700E-07 3.07700E-07
n-Pu239-MT464-Hambsch-22690009-E3.27E-07.2002                    1 3.27500E-07 3.27500E-07
n-Pu239-MT464-Hambsch-22690009-E3.62E-07.2002                    2 3.61700E-07 3.61700E-07
n-Pu239-MT464-Hambsch-22690013-E5.05E-07.2002                    1 1.00000E+20 0.00000E+00
n-Pu239-MT464-Srivastava-307870051-E2.53E-08.1986                1 1.00000E+20 0.00000E+00
n-Pu239-MT464-Akimov-40144007-E0000.050.1971                     1 5.00000E-02 5.00000E-02
n-Pu239-MT464-Akimov-40144007-E0000.070.1971                     1 7.00000E-02 7.00000E-02
n-Pu239-MT464-Akimov-40144007-E0000.080.1971                     1 8.00000E-02 8.00000E-02
n-Pu239-MT464-Akimov-40144007-E0000.160.1971                     1 1.60000E-01 1.60000E-01
n-Pu239-MT464-Akimov-40144007-E0000.280.1971                     1 2.80000E-01 2.80000E-01
n-Pu239-MT464-Akimov-40144007-E0000.400.1971                     1 4.00000E-01 4.00000E-01
n-Pu239-MT464-Akimov-40144007-E0000.500.1971                     1 5.00000E-01 5.00000E-01
n-Pu239-MT464-Akimov-40144007-E0000.600.1971                     1 6.00000E-01 6.00000E-01
n-Pu239-MT464-Akimov-40144007-E0000.720.1971                     1 7.20000E-01 7.20000E-01
n-Pu239-MT464-Akimov-40144007-E0000.820.1971                     1 8.20000E-01 8.20000E-01
n-Pu239-MT464-Akimov-40144007-E0000.910.1971                     1 9.10000E-01 9.10000E-01
n-Pu239-MT464-Akimov-40144007-E0001.010.1971                     1 1.01000E+00 1.01000E+00
n-Pu239-MT464-Akimov-40144007-E0001.110.1971                     1 1.11000E+00 1.11000E+00
n-Pu239-MT464-Akimov-40144007-E0001.210.1971                     1 1.21000E+00 1.21000E+00
n-Pu239-MT464-Akimov-40144007-E0001.310.1971                     1 1.31000E+00 1.31000E+00
n-Pu239-MT464-Akimov-40144007-E0001.410.1971                     1 1.41000E+00 1.41000E+00
n-Pu239-MT464-Akimov-40144007-E0001.510.1971                     1 1.51000E+00 1.51000E+00
n-Pu239-MT464-Akimov-40144007-E0001.610.1971                     1 1.61000E+00 1.61000E+00
n-Pu239-MT464-Akimov-40144007-E0001.720.1971                     1 1.72000E+00 1.72000E+00
n-Pu239-MT464-Akimov-40144007-E0001.820.1971                     1 1.82000E+00 1.82000E+00
n-Pu239-MT464-Akimov-40144007-E0001.920.1971                     1 1.92000E+00 1.92000E+00
n-Pu239-MT464-Akimov-40144007-E0002.020.1971                     1 2.02000E+00 2.02000E+00
n-Pu239-MT464-Akimov-40144007-E0002.120.1971                     1 2.12000E+00 2.12000E+00
n-Pu239-MT464-Akimov-40144007-E0002.220.1971                     1 2.22000E+00 2.22000E+00
n-Pu239-MT464-Akimov-40144007-E0002.320.1971                     1 2.32000E+00 2.32000E+00
n-Pu239-MT464-Akimov-40144007-E0002.520.1971                     1 2.52000E+00 2.52000E+00
n-Pu239-MT464-Akimov-40144007-E0002.720.1971                     1 2.72000E+00 2.72000E+00
n-Pu239-MT464-Akimov-40144007-E0002.920.1971                     1 2.92000E+00 2.92000E+00
n-Pu239-MT464-Akimov-40144007-E0003.070.1971                     1 3.07000E+00 3.07000E+00
n-Pu239-MT464-Akimov-40144007-E0003.200.1971                     1 3.20000E+00 3.20000E+00
n-Pu239-MT464-Akimov-40144007-E0003.350.1971                     1 3.35000E+00 3.35000E+00
n-Pu239-MT464-Akimov-40144007-E0003.500.1971                     1 3.50000E+00 3.50000E+00
n-Pu239-MT464-Akimov-40144007-E0004.000.1971                     1 4.00000E+00 4.00000E+00
n-Pu239-MT464-Akimov-40144007-E0004.480.1971                     2 4.48000E+00 4.48000E+00
