#              Filename                                         N    min         max     
p-Fe000-rp021044m-Michel-A01000083.1985                         23 6.38500E+01 1.99800E+02
p-Fe000-rp021044m-Aleksandrov-A0501046.1990                      1 1.00000E+03 1.00000E+03
p-Fe000-rp021044m-Cline-B0085042M.1971                           1 5.90000E+02 5.90000E+02
p-Fe000-rp021044m-Brodzinski-C02720131.1971                      3 1.20000E+02 5.85000E+02
p-Fe000-rp021044m-Rayudu-O0077009.1968                           5 5.00000E+02 2.90000E+03
p-Fe000-rp021044m-Michel-O00780164.1989                          1 6.00000E+02 6.00000E+02
p-Fe000-rp021044m-Weigel-O0088012.1975                           1 6.00000E+02 6.00000E+02
p-Fe000-rp021044m-Michel-O0276064.1997                          20 6.45000E+01 2.15000E+02
p-Fe000-rp021044m-Michel-O0277111.1995                           4 8.00000E+02 2.60000E+03
p-Fe000-rp021044m-Schiekel-O0284058.1996                        14 2.14000E+02 3.99000E+02
p-Fe000-rp021044m-Lavrukhina-O0299021.1963                       1 6.60000E+02 6.60000E+02
p-Fe000-rp021044m-Barashenkov-O0339035.1990                      1 1.10000E+03 1.10000E+03
p-Fe000-rp021044m-Aleksandrov-O0376014.1989                      1 1.00000E+03 1.00000E+03
p-Fe000-rp021044m-Lagardesimonoff-O0410015.1975                  2 3.00000E+02 6.00000E+02
p-Fe000-rp021044m-Fassbender-O0728013.1999                      15 8.67000E+01 3.52700E+02
p-Fe000-rp021044m-Gloris-O1881009.1998                          28 8.43000E+01 2.53000E+03
p-Fe000-rp021044m-Neumann-O1882009.1999                          4 2.78000E+02 2.60000E+03
p-Fe000-rp021044m-Orth-T0131011.1976                             1 5.90000E+02 5.90000E+02
