#              Filename                                         N    min         max
n-Zn064-MT151-Cote-11641022.1958                                 1 7.50000E-03 7.50000E-03
n-Zn064-MT151-Dahlberg-118050021.1956                            2 2.75000E-03 4.60000E-03
n-Zn064-MT151-Dahlberg-118050023.1956                            1 2.75000E-03 2.75000E-03
n-Zn064-MT151-Garg-108200021.1981                              103 2.62700E-03 3.67550E-01
n-Zn064-MT151-Garg-108200021A001.1981                          103 2.62700E-03 3.67550E-01
n-Zn064-MT151-Garg-108200022.1981                              103 2.62700E-03 3.67550E-01
n-Zn064-MT151-Garg-108200022A001.1981                          103 2.62700E-03 3.67550E-01
n-Zn064-MT151-Garg-108200031.1981                              168 2.81000E-04 3.69140E-01
n-Zn064-MT151-Garg-108200031A001.1981                          168 2.81000E-04 3.69140E-01
n-Zn064-MT151-Garg-108200032.1981                              168 2.81000E-04 3.69140E-01
n-Zn064-MT151-Garg-108200032A001.1981                          168 2.81000E-04 3.69140E-01
n-Zn064-MT151-Garg-109630031.1981                               35 4.17000E-03 1.25130E-01
n-Zn064-MT151-Garg-109630031A001.1981                           35 4.17000E-03 1.25130E-01
n-Zn064-MT151-Garg-109630032.1981                               35 4.17000E-03 1.25130E-01
n-Zn064-MT151-Garg-109630032A001.1981                           35 4.17000E-03 1.25130E-01
n-Zn064-MT151-Garg-109630034.1981                               34 4.17000E-03 1.25130E-01
n-Zn064-MT151-Garg-109630034A001.1981                           34 4.17000E-03 1.25130E-01
n-Zn064-MT151-Garg-109630041.1981                              193 4.18500E-03 1.30745E-01
n-Zn064-MT151-Garg-109630041A001.1981                          193 4.18500E-03 1.30745E-01
n-Zn064-MT151-Garg-109630044.1981                              141 4.18500E-03 1.30745E-01
n-Zn064-MT151-Garg-109630044A001.1981                          141 4.18500E-03 1.30745E-01
n-Zn064-MT151-Garg-109630045.1981                               47 5.96700E-03 1.27045E-01
n-Zn064-MT151-Garg-109630045A001.1981                           47 5.96700E-03 1.27045E-01
n-Zn064-MT151-Garg-11646018.1964                                 5 2.63700E-03 1.52400E-02
n-Zn064-MT151-Julien-206870031.1969                              1 2.81600E-04 2.81600E-04
n-Zn064-MT151-Julien-206870032.1969                              1 2.81600E-04 2.81600E-04
n-Zn064-MT151-Julien-206870033.1969                              1 2.81600E-04 2.81600E-04
n-Zn064-MT151-Julien-206870034.1969                              1 2.81600E-04 2.81600E-04
n-Zn064-MT151-Julien-206870035.1969                              1 2.81600E-04 2.81600E-04
n-Zn064-MT151-Julien-206870036.1969                              1 2.81600E-04 2.81600E-04
n-Zn064-MT151-KimKhiSannn-412110021.1965                         1 2.88000E-04 2.88000E-04
n-Zn064-MT151-KimKhiSannn-412110022.1965                         1 2.88000E-04 2.88000E-04
n-Zn064-MT151-KimKhiSannn-412110023.1965                         1 2.88000E-04 2.88000E-04
