#              Filename                                         N    min         max
a-B011-MT051-Luther-C0673002-E0047.400.1988                      5 0.00000E+00 0.00000E+00
a-B011-MT051-vanderzwan-C1630003-E0003.319.1975                164 0.00000E+00 0.00000E+00
a-B011-MT051-vanderzwan-C1630054-E0003.700.1975                  5 0.00000E+00 7.03000E+01
a-B011-MT051-vanderzwan-C1630055-E0003.830.1975                  6 0.00000E+00 8.29000E+01
a-B011-MT051-vanderzwan-C1630056-E0003.940.1975                  7 0.00000E+00 9.98000E+01
a-B011-MT051-vanderzwan-C1630057-E0004.230.1975                 10 0.00000E+00 1.55700E+02
a-B011-MT051-vanderzwan-C1630058-E0004.330.1975                  9 0.00000E+00 1.28300E+02
a-B011-MT051-vanderzwan-C1630059-E0004.450.1975                  9 0.00000E+00 1.41400E+02
a-B011-MT051-vanderzwan-C1630060-E0004.600.1975                 12 0.00000E+00 1.65300E+02
a-B011-MT051-vanderzwan-C1630061-E0004.730.1975                 12 0.00000E+00 1.63700E+02
a-B011-MT051-vanderzwan-C1630062-E0004.830.1975                 12 0.00000E+00 1.64800E+02
a-B011-MT051-vanderzwan-C1630063-E0004.920.1975                 12 0.00000E+00 1.66400E+02
a-B011-MT051-vanderzwan-C1630064-E0005.050.1975                 11 0.00000E+00 1.61800E+02
a-B011-MT051-vanderzwan-C1630065-E0005.150.1975                 12 0.00000E+00 1.65200E+02
a-B011-MT051-vanderzwan-C1630066-E0005.220.1975                 10 1.34000E+01 1.63500E+02
a-B011-MT051-vanderzwan-C1630067-E0005.280.1975                 11 1.40000E+01 1.64300E+02
a-B011-MT051-vanderzwan-C1630068-E0005.360.1975                 10 0.00000E+00 1.64500E+02
a-B011-MT051-vanderzwan-C1630069-E0005.430.1975                 10 0.00000E+00 1.64500E+02
a-B011-MT051-vanderzwan-C1630070-E0005.530.1975                 11 1.59000E+01 1.63700E+02
a-B011-MT051-vanderzwan-C1630071-E0005.660.1975                 10 0.00000E+00 1.64600E+02
a-B011-MT051-vanderzwan-C1630072-E0005.880.1975                  9 0.00000E+00 1.53100E+02
a-B011-MT051-vanderzwan-C1630073-E0005.950.1975                 11 0.00000E+00 1.63700E+02
a-B011-MT051-vanderzwan-C1630074-E0006.060.1975                  7 0.00000E+00 1.68800E+02
a-B011-MT051-vanderzwan-C1630075-E0006.280.1975                 10 0.00000E+00 1.52300E+02
a-B011-MT051-vanderzwan-C1630076-E0006.480.1975                  7 0.00000E+00 1.51500E+02
a-B011-MT051-vanderzwan-C1630077-E0006.630.1975                  7 0.00000E+00 1.49900E+02
a-B011-MT051-vanderzwan-C1630078-E0006.740.1975                 12 0.00000E+00 1.65200E+02
a-B011-MT051-vanderzwan-C1630079-E0006.830.1975                 12 0.00000E+00 1.64500E+02
a-B011-MT051-vanderzwan-C1630080-E0007.000.1975                 12 0.00000E+00 1.64300E+02
a-B011-MT051-vanderzwan-C1630081-E0007.170.1975                 12 0.00000E+00 1.66100E+02
a-B011-MT051-vanderzwan-C1630082-E0007.260.1975                 11 0.00000E+00 1.66300E+02
a-B011-MT051-vanderzwan-C1630083-E0007.370.1975                  9 0.00000E+00 1.66000E+02
a-B011-MT051-vanderzwan-C1630084-E0007.540.1975                 10 0.00000E+00 1.53200E+02
a-B011-MT051-vanderzwan-C1630085-E0007.690.1975                  9 0.00000E+00 1.64400E+02
a-B011-MT051-vanderzwan-C1630086-E0007.850.1975                  8 1.52000E+01 1.49700E+02
