#              Filename                                         N    min         max     
n-U233-MT464-Flynn-10517005-E2.53E-08.1975                       3 2.53000E-08 2.53000E-08
n-U233-MT464-Flynn-10517005-E2.53E-08A001.1975                   3 2.53000E-08 2.53000E-08
n-U233-MT464-Rosman-14087006-E2.53E-08.1983                      7 2.53000E-08 2.53000E-08
n-U233-MT464-Rosman-14087006-E2.00E-07.1983                      6 2.00000E-07 2.00000E-07
n-U233-MT464-Higgins-14600002-E0000.120.2020                     1 1.20000E-01 1.20000E-01
n-U233-MT464-Higgins-14600002-E0000.250.2020                     1 2.50000E-01 2.50000E-01
n-U233-MT464-Higgins-14600002-E0000.290.2020                     1 2.90000E-01 2.90000E-01
n-U233-MT464-Higgins-14600002-E0000.340.2020                     1 3.40000E-01 3.40000E-01
n-U233-MT464-Higgins-14600002-E0000.400.2020                     1 4.00000E-01 4.00000E-01
n-U233-MT464-Higgins-14600002-E0000.470.2020                     1 4.70000E-01 4.70000E-01
n-U233-MT464-Higgins-14600002-E0000.550.2020                     1 5.50000E-01 5.50000E-01
n-U233-MT464-Higgins-14600002-E0000.640.2020                     1 6.40000E-01 6.40000E-01
n-U233-MT464-Higgins-14600002-E0000.750.2020                     1 7.50000E-01 7.50000E-01
n-U233-MT464-Higgins-14600002-E0000.870.2020                     1 8.70000E-01 8.70000E-01
n-U233-MT464-Higgins-14600002-E0001.020.2020                     1 1.02000E+00 1.02000E+00
n-U233-MT464-Higgins-14600002-E0001.190.2020                     1 1.19000E+00 1.19000E+00
n-U233-MT464-Higgins-14600002-E0001.400.2020                     1 1.40000E+00 1.40000E+00
n-U233-MT464-Higgins-14600002-E0001.630.2020                     1 1.63000E+00 1.63000E+00
n-U233-MT464-Higgins-14600002-E0001.910.2020                     1 1.91000E+00 1.91000E+00
n-U233-MT464-Higgins-14600002-E0002.230.2020                     1 2.23000E+00 2.23000E+00
n-U233-MT464-Higgins-14600002-E0002.610.2020                     1 2.61000E+00 2.61000E+00
n-U233-MT464-Higgins-14600002-E0003.050.2020                     1 3.05000E+00 3.05000E+00
n-U233-MT464-Higgins-14600002-E0003.560.2020                     1 3.56000E+00 3.56000E+00
n-U233-MT464-Higgins-14600002-E0004.160.2020                     1 4.16000E+00 4.16000E+00
n-U233-MT464-Higgins-14600002-E0004.870.2020                     1 4.87000E+00 4.87000E+00
n-U233-MT464-Higgins-14600002-E0005.690.2020                     1 5.69000E+00 5.69000E+00
n-U233-MT464-Higgins-14600002-E0006.660.2020                     1 6.66000E+00 6.66000E+00
n-U233-MT464-Higgins-14600002-E0007.780.2020                     1 7.78000E+00 7.78000E+00
n-U233-MT464-Higgins-14600002-E0009.100.2020                     1 9.10000E+00 9.10000E+00
n-U233-MT464-Higgins-14600002-E0010.630.2020                     1 1.06300E+01 1.06300E+01
n-U233-MT464-Higgins-14600002-E0012.430.2020                     1 1.24300E+01 1.24300E+01
n-U233-MT464-Higgins-14600002-E0014.530.2020                     1 1.45300E+01 1.45300E+01
n-U233-MT464-Higgins-14600002-E0016.990.2020                     1 1.69900E+01 1.69900E+01
n-U233-MT464-Higgins-14600002-E0019.860.2020                     1 1.98600E+01 1.98600E+01
n-U233-MT464-Higgins-14600002-E0023.220.2020                     1 2.32200E+01 2.32200E+01
n-U233-MT464-Higgins-14600002-E0027.150.2020                     1 2.71500E+01 2.71500E+01
n-U233-MT464-Higgins-14600002-E0031.740.2020                     2 3.17400E+01 3.17400E+01
n-U233-MT464-Higgins-14600003-E0000.120.2020                     1 1.20000E-01 1.20000E-01
n-U233-MT464-Higgins-14600003-E0000.250.2020                     1 2.50000E-01 2.50000E-01
n-U233-MT464-Higgins-14600003-E0000.290.2020                     1 2.90000E-01 2.90000E-01
n-U233-MT464-Higgins-14600003-E0000.340.2020                     1 3.40000E-01 3.40000E-01
n-U233-MT464-Higgins-14600003-E0000.400.2020                     1 4.00000E-01 4.00000E-01
n-U233-MT464-Higgins-14600003-E0000.470.2020                     1 4.70000E-01 4.70000E-01
n-U233-MT464-Higgins-14600003-E0000.550.2020                     1 5.50000E-01 5.50000E-01
n-U233-MT464-Higgins-14600003-E0000.640.2020                     1 6.40000E-01 6.40000E-01
n-U233-MT464-Higgins-14600003-E0000.750.2020                     1 7.50000E-01 7.50000E-01
n-U233-MT464-Higgins-14600003-E0000.870.2020                     1 8.70000E-01 8.70000E-01
n-U233-MT464-Higgins-14600003-E0001.020.2020                     1 1.02000E+00 1.02000E+00
n-U233-MT464-Higgins-14600003-E0001.190.2020                     1 1.19000E+00 1.19000E+00
n-U233-MT464-Higgins-14600003-E0001.400.2020                     1 1.40000E+00 1.40000E+00
n-U233-MT464-Higgins-14600003-E0001.630.2020                     1 1.63000E+00 1.63000E+00
n-U233-MT464-Higgins-14600003-E0001.910.2020                     1 1.91000E+00 1.91000E+00
n-U233-MT464-Higgins-14600003-E0002.230.2020                     1 2.23000E+00 2.23000E+00
n-U233-MT464-Higgins-14600003-E0002.610.2020                     1 2.61000E+00 2.61000E+00
n-U233-MT464-Higgins-14600003-E0003.050.2020                     1 3.05000E+00 3.05000E+00
n-U233-MT464-Higgins-14600003-E0003.560.2020                     1 3.56000E+00 3.56000E+00
n-U233-MT464-Higgins-14600003-E0004.160.2020                     1 4.16000E+00 4.16000E+00
n-U233-MT464-Higgins-14600003-E0004.870.2020                     1 4.87000E+00 4.87000E+00
n-U233-MT464-Higgins-14600003-E0005.690.2020                     1 5.69000E+00 5.69000E+00
n-U233-MT464-Higgins-14600003-E0006.660.2020                     1 6.66000E+00 6.66000E+00
n-U233-MT464-Higgins-14600003-E0007.780.2020                     1 7.78000E+00 7.78000E+00
n-U233-MT464-Higgins-14600003-E0009.100.2020                     1 9.10000E+00 9.10000E+00
n-U233-MT464-Higgins-14600003-E0010.630.2020                     1 1.06300E+01 1.06300E+01
n-U233-MT464-Higgins-14600003-E0012.430.2020                     1 1.24300E+01 1.24300E+01
n-U233-MT464-Higgins-14600003-E0014.530.2020                     1 1.45300E+01 1.45300E+01
n-U233-MT464-Higgins-14600003-E0016.990.2020                     1 1.69900E+01 1.69900E+01
n-U233-MT464-Higgins-14600003-E0019.860.2020                     1 1.98600E+01 1.98600E+01
n-U233-MT464-Higgins-14600003-E0023.220.2020                     1 2.32200E+01 2.32200E+01
n-U233-MT464-Higgins-14600003-E0027.150.2020                     1 2.71500E+01 2.71500E+01
n-U233-MT464-Higgins-14600003-E0031.740.2020                     2 3.17400E+01 3.17400E+01
n-U233-MT464-Blachot-21736002-E2.53E-08.1974                    18 2.53000E-08 2.53000E-08
n-U233-MT464-Blachot-21736004-E0001.500.1974                    21 1.50000E+00 1.50000E+00
n-U233-MT464-Qaim-22067004-E2.53E-08.1970                        3 2.53000E-08 2.53000E-08
n-U233-MT464-Quade-22130003-E2.53E-08.1988                      28 2.53000E-08 2.53000E-08
n-U233-MT464-Sergachev-401060022-E2.53E-08.1973                  1 2.53000E-08 2.53000E-08
n-U233-MT464-Sergachev-401060022-E0000.070.1973                  1 7.00000E-02 7.00000E-02
n-U233-MT464-Sergachev-401060022-E0000.220.1973                  1 2.20000E-01 2.20000E-01
n-U233-MT464-Sergachev-401060022-E0000.240.1973                  1 2.40000E-01 2.40000E-01
n-U233-MT464-Sergachev-401060022-E0000.290.1973                  1 2.90000E-01 2.90000E-01
n-U233-MT464-Sergachev-401060022-E0000.400.1973                  1 4.00000E-01 4.00000E-01
n-U233-MT464-Sergachev-401060022-E0000.520.1973                  1 5.20000E-01 5.20000E-01
n-U233-MT464-Sergachev-401060022-E0000.630.1973                  1 6.30000E-01 6.30000E-01
n-U233-MT464-Sergachev-401060022-E0000.780.1973                  1 7.80000E-01 7.80000E-01
n-U233-MT464-Sergachev-401060022-E0000.950.1973                  1 9.50000E-01 9.50000E-01
n-U233-MT464-Sergachev-401060022-E0001.040.1973                  1 1.04000E+00 1.04000E+00
n-U233-MT464-Sergachev-401060022-E0001.130.1973                  1 1.13000E+00 1.13000E+00
n-U233-MT464-Sergachev-401060022-E0001.240.1973                  1 1.24000E+00 1.24000E+00
n-U233-MT464-Sergachev-401060022-E0001.350.1973                  1 1.35000E+00 1.35000E+00
n-U233-MT464-Sergachev-401060022-E0001.450.1973                  1 1.45000E+00 1.45000E+00
n-U233-MT464-Sergachev-401060022-E0001.560.1973                  1 1.56000E+00 1.56000E+00
n-U233-MT464-Sergachev-401060022-E0001.740.1973                  1 1.74000E+00 1.74000E+00
n-U233-MT464-Sergachev-401060022-E0001.890.1973                  1 1.89000E+00 1.89000E+00
n-U233-MT464-Sergachev-401060022-E0001.940.1973                  1 1.94000E+00 1.94000E+00
n-U233-MT464-Sergachev-401060022-E0002.140.1973                  1 2.14000E+00 2.14000E+00
n-U233-MT464-Sergachev-401060022-E0002.360.1973                  1 2.36000E+00 2.36000E+00
n-U233-MT464-Sergachev-401060022-E0002.540.1973                  1 2.54000E+00 2.54000E+00
n-U233-MT464-Sergachev-401060022-E0002.750.1973                  1 2.75000E+00 2.75000E+00
n-U233-MT464-Sergachev-401060022-E0002.940.1973                  1 2.94000E+00 2.94000E+00
n-U233-MT464-Sergachev-401060022-E0003.150.1973                  1 3.15000E+00 3.15000E+00
n-U233-MT464-Sergachev-401060022-E0003.340.1973                  1 3.34000E+00 3.34000E+00
n-U233-MT464-Sergachev-401060022-E0003.550.1973                  1 3.55000E+00 3.55000E+00
n-U233-MT464-Sergachev-401060022-E0003.750.1973                  1 3.75000E+00 3.75000E+00
n-U233-MT464-Sergachev-401060022-E0003.860.1973                  1 3.86000E+00 3.86000E+00
n-U233-MT464-Sergachev-401060022-E0003.980.1973                  1 3.98000E+00 3.98000E+00
n-U233-MT464-Sergachev-401060022-E0004.580.1973                  2 4.58000E+00 4.58000E+00
n-U233-MT464-Andreev-405270061-E2.53E-08.1977                    1 1.00000E+20 0.00000E+00
n-U233-MT464-Andreev-405270062-E2.53E-08.1977                    1 1.00000E+20 0.00000E+00
