#              Filename                                         N    min         max
n-Fe000-MT051-Antolkovic-20040003-ang-E0004.560.1966            57 4.05000E+01 1.60200E+02
n-Fe000-MT051-Barnard-30076002-ang-E0000.937.1968              226 9.00000E+01 9.00000E+01
n-Fe000-MT051-Barnard-30076003-ang-E0001.050.1968               50 5.00000E+01 5.00000E+01
n-Fe000-MT051-Christodoulou-13804005-ang-E0014.000.1999         37 3.33000E+01 1.49500E+02
n-Fe000-MT051-Coon-11322006-ang-E0014.500.1958                  34 3.69653E+01 1.64796E+02
n-Fe000-MT051-Jacquot-20379006-ang-E0001.260.1966               63 1.99988E+01 1.41999E+02
n-Fe000-MT051-Kinney-10111002-ang-E0004.190.1970                 1 9.11500E+01 9.11600E+01
n-Fe000-MT051-Kinney-10111002-ang-E0004.190A001.1970             1 9.11500E+01 9.11600E+01
n-Fe000-MT051-Kinney-10111002-ang-E0004.460.1970                 1 3.05700E+01 9.11500E+01
n-Fe000-MT051-Kinney-10111002-ang-E0004.460A001.1970             1 3.05700E+01 9.11500E+01
n-Fe000-MT051-Kinney-10111002-ang-E0004.600.1970                12 2.54800E+01 1.32850E+02
n-Fe000-MT051-Kinney-10111002-ang-E0004.600A001.1970            12 2.54800E+01 1.32850E+02
n-Fe000-MT051-Kinney-10111002-ang-E0005.000.1970                20 2.54800E+01 1.40730E+02
n-Fe000-MT051-Kinney-10111002-ang-E0005.000A001.1970            20 2.54800E+01 1.40730E+02
n-Fe000-MT051-Kinney-10111002-ang-E0005.040.1970                11 3.05700E+01 1.30870E+02
n-Fe000-MT051-Kinney-10111002-ang-E0005.040A001.1970            11 3.05700E+01 1.30870E+02
n-Fe000-MT051-Kinney-10111002-ang-E0005.180.1970                 1 3.26000E+01 9.11300E+01
n-Fe000-MT051-Kinney-10111002-ang-E0005.180A001.1970             1 3.26000E+01 9.11300E+01
n-Fe000-MT051-Kinney-10111002-ang-E0005.440.1970                17 3.26000E+01 1.15020E+02
n-Fe000-MT051-Kinney-10111002-ang-E0005.440A001.1970            17 3.26000E+01 1.15020E+02
n-Fe000-MT051-Kinney-10111002-ang-E0005.500.1970                 1 3.05600E+01 9.11200E+01
n-Fe000-MT051-Kinney-10111002-ang-E0005.500A001.1970             1 3.05600E+01 9.11200E+01
n-Fe000-MT051-Kinney-10111002-ang-E0005.560.1970                10 3.05600E+01 1.32830E+02
n-Fe000-MT051-Kinney-10111002-ang-E0005.560A001.1970            10 3.05600E+01 1.32830E+02
n-Fe000-MT051-Kinney-10111002-ang-E0006.000.1970                 2 3.05600E+01 1.18980E+02
n-Fe000-MT051-Kinney-10111002-ang-E0006.000A001.1970             2 3.05600E+01 1.18980E+02
n-Fe000-MT051-Kinney-10111002-ang-E0006.130.1970                13 1.52800E+01 1.14720E+02
n-Fe000-MT051-Kinney-10111002-ang-E0006.130A001.1970            13 1.52800E+01 1.14720E+02
n-Fe000-MT051-Kinney-10111002-ang-E0006.440.1970                27 1.52800E+01 1.35290E+02
n-Fe000-MT051-Kinney-10111002-ang-E0006.440A001.1970            27 1.52800E+01 1.35290E+02
n-Fe000-MT051-Kinney-10111002-ang-E0006.530.1970                15 1.52800E+01 1.15010E+02
n-Fe000-MT051-Kinney-10111002-ang-E0006.530A001.1970            15 1.52800E+01 1.15010E+02
n-Fe000-MT051-Kinney-10111002-ang-E0007.540.1970                21 1.52800E+01 1.35280E+02
n-Fe000-MT051-Kinney-10111002-ang-E0007.540A001.1970            21 1.52800E+01 1.35280E+02
n-Fe000-MT051-Kinney-10111002-ang-E0007.600.1970                 2 3.05400E+01 1.18970E+02
n-Fe000-MT051-Kinney-10111002-ang-E0007.600A001.1970             2 3.05400E+01 1.18970E+02
n-Fe000-MT051-Kinney-10111002-ang-E0008.560.1970                15 3.05400E+01 1.35270E+02
n-Fe000-MT051-Kinney-10111002-ang-E0008.560A001.1970            15 3.05400E+01 1.35270E+02
n-Fe000-MT051-Kinney-10111005-ang-E0004.190.1970                 1 9.18200E+01 9.19500E+01
n-Fe000-MT051-Kinney-10111005-ang-E0004.190A001.1970             1 9.18200E+01 9.19500E+01
n-Fe000-MT051-Kinney-10111005-ang-E0004.460.1970                 1 3.08800E+01 9.18200E+01
n-Fe000-MT051-Kinney-10111005-ang-E0004.460A001.1970             1 3.08800E+01 9.18200E+01
n-Fe000-MT051-Kinney-10111005-ang-E0004.600.1970                12 3.08800E+01 1.33310E+02
n-Fe000-MT051-Kinney-10111005-ang-E0004.600A001.1970            12 3.08800E+01 1.33310E+02
n-Fe000-MT051-Kinney-10111005-ang-E0005.000.1970                19 3.08100E+01 1.41060E+02
n-Fe000-MT051-Kinney-10111005-ang-E0005.000A001.1970            19 3.08100E+01 1.41060E+02
n-Fe000-MT051-Kinney-10111005-ang-E0005.040.1970                11 3.08100E+01 1.31250E+02
n-Fe000-MT051-Kinney-10111005-ang-E0005.040A001.1970            11 3.08100E+01 1.31250E+02
n-Fe000-MT051-Kinney-10111005-ang-E0005.180.1970                 1 9.15300E+01 9.16000E+01
n-Fe000-MT051-Kinney-10111005-ang-E0005.180A001.1970             1 9.15300E+01 9.16000E+01
n-Fe000-MT051-Kinney-10111005-ang-E0005.500.1970                 1 3.07600E+01 9.15300E+01
n-Fe000-MT051-Kinney-10111005-ang-E0005.500A001.1970             1 3.07600E+01 9.15300E+01
n-Fe000-MT051-Kinney-10111005-ang-E0005.560.1970                10 3.07600E+01 1.33130E+02
n-Fe000-MT051-Kinney-10111005-ang-E0005.560A001.1970            10 3.07600E+01 1.33130E+02
n-Fe000-MT051-Kinney-10111005-ang-E0006.000.1970                 1 4.09300E+01 5.36400E+01
n-Fe000-MT051-Kinney-10111005-ang-E0006.000A001.1970             1 4.09300E+01 5.36400E+01
n-Fe000-MT051-Kinney-10111005-ang-E0006.130.1970                 5 4.09300E+01 1.20720E+02
n-Fe000-MT051-Kinney-10111005-ang-E0006.130A001.1970             5 4.09300E+01 1.20720E+02
n-Fe000-MT051-Kinney-10111005-ang-E0006.440.1970                 3 4.09000E+01 1.35500E+02
n-Fe000-MT051-Kinney-10111005-ang-E0006.440A001.1970             3 4.09000E+01 1.35500E+02
n-Fe000-MT051-Kinney-10111005-ang-E0006.530.1970                 3 4.09000E+01 1.11320E+02
n-Fe000-MT051-Kinney-10111005-ang-E0006.530A001.1970             3 4.09000E+01 1.11320E+02
n-Fe000-MT051-Kinney-10111005-ang-E0007.540.1970                 6 1.01310E+02 1.35450E+02
n-Fe000-MT051-Kinney-10111005-ang-E0007.540A001.1970             6 1.01310E+02 1.35450E+02
n-Fe000-MT051-Kinney-10111005-ang-E0008.560.1970                 2 1.28020E+02 1.35410E+02
n-Fe000-MT051-Kinney-10111005-ang-E0008.560A001.1970             2 1.28020E+02 1.35410E+02
n-Fe000-MT051-Kinney-10111010-ang-E0004.460.1970                 1 4.36000E+01 9.09000E+01
n-Fe000-MT051-Kinney-10111010-ang-E0004.460A001.1970             1 4.36000E+01 9.09000E+01
n-Fe000-MT051-Kinney-10111010-ang-E0004.600.1970                11 3.54000E+01 1.32600E+02
n-Fe000-MT051-Kinney-10111010-ang-E0004.600A001.1970            11 3.54000E+01 1.32600E+02
n-Fe000-MT051-Kinney-10111010-ang-E0005.000.1970                19 3.03000E+01 1.40500E+02
n-Fe000-MT051-Kinney-10111010-ang-E0005.000A001.1970            19 3.03000E+01 1.40500E+02
n-Fe000-MT051-Kinney-10111010-ang-E0005.040.1970                11 3.03000E+01 1.30500E+02
n-Fe000-MT051-Kinney-10111010-ang-E0005.040A001.1970            11 3.03000E+01 1.30500E+02
n-Fe000-MT051-Kinney-10111010-ang-E0005.180.1970                11 9.06000E+01 9.06000E+01
n-Fe000-MT051-Kinney-10111025-ang-E0005.000.1970                56 5.65300E+01 5.65300E+01
n-Fe000-MT051-Kinney-10111026-ang-E0005.000.1970                53 5.66400E+01 5.66400E+01
n-Fe000-MT051-Kinney-10111027-ang-E0005.000.1970                 4 3.11100E+01 9.22100E+01
n-Fe000-MT051-Kinney-10111027-ang-E0005.000A001.1970             4 3.11100E+01 9.22100E+01
n-Fe000-MT051-Kinney-10111027-ang-E0005.040.1970                11 3.11100E+01 1.31690E+02
n-Fe000-MT051-Kinney-10111027-ang-E0005.040A001.1970            11 3.11100E+01 1.31690E+02
n-Fe000-MT051-Kinney-10111027-ang-E0005.180.1970                 1 9.19300E+01 9.21100E+01
n-Fe000-MT051-Kinney-10111027-ang-E0005.180A001.1970             1 9.19300E+01 9.21100E+01
n-Fe000-MT051-Kinney-10111027-ang-E0005.500.1970                 1 3.09500E+01 9.19300E+01
n-Fe000-MT051-Kinney-10111027-ang-E0005.500A001.1970             1 3.09500E+01 9.19300E+01
n-Fe000-MT051-Kinney-10111027-ang-E0005.560.1970                10 3.09500E+01 1.33400E+02
n-Fe000-MT051-Kinney-10111027-ang-E0005.560A001.1970            10 3.09500E+01 1.33400E+02
n-Fe000-MT051-Kinney-10111027-ang-E0006.000.1970                 2 4.11000E+01 1.19540E+02
n-Fe000-MT051-Kinney-10111027-ang-E0006.000A001.1970             2 4.11000E+01 1.19540E+02
n-Fe000-MT051-Kinney-10111027-ang-E0006.130.1970                 5 4.11000E+01 1.20930E+02
n-Fe000-MT051-Kinney-10111027-ang-E0006.130A001.1970             5 4.11000E+01 1.20930E+02
n-Fe000-MT051-Kinney-10111027-ang-E0006.440.1970                 3 4.10500E+01 1.35670E+02
n-Fe000-MT051-Kinney-10111027-ang-E0006.440A001.1970             3 4.10500E+01 1.35670E+02
n-Fe000-MT051-Kinney-10111027-ang-E0006.530.1970                 3 4.10500E+01 1.11530E+02
n-Fe000-MT051-Kinney-10111027-ang-E0006.530A001.1970             3 4.10500E+01 1.11530E+02
n-Fe000-MT051-Kinney-10111027-ang-E0007.540.1970                 9 7.13900E+01 1.35550E+02
n-Fe000-MT051-Kinney-10111027-ang-E0007.540A001.1970             9 7.13900E+01 1.35550E+02
n-Fe000-MT051-Kinney-10111027-ang-E0008.560.1970                 3 1.20710E+02 1.35490E+02
n-Fe000-MT051-Kinney-10111027-ang-E0008.560A001.1970             3 1.20710E+02 1.35490E+02
n-Fe000-MT051-Kinney-10111065-ang-E0005.500.1970                 1 3.10400E+01 9.21200E+01
n-Fe000-MT051-Kinney-10111065-ang-E0005.500A001.1970             1 3.10400E+01 9.21200E+01
n-Fe000-MT051-Kinney-10111065-ang-E0005.560.1970                10 3.10400E+01 1.33530E+02
n-Fe000-MT051-Kinney-10111065-ang-E0005.560A001.1970            10 3.10400E+01 1.33530E+02
n-Fe000-MT051-Kinney-10111065-ang-E0006.000.1970                 2 4.62900E+01 1.19650E+02
n-Fe000-MT051-Kinney-10111065-ang-E0006.000A001.1970             2 4.62900E+01 1.19650E+02
n-Fe000-MT051-Kinney-10111065-ang-E0006.130.1970                 4 4.62900E+01 1.21010E+02
n-Fe000-MT051-Kinney-10111065-ang-E0006.130A001.1970             4 4.62900E+01 1.21010E+02
n-Fe000-MT051-Kinney-10111065-ang-E0006.440.1970                 3 4.11000E+01 1.35730E+02
n-Fe000-MT051-Kinney-10111065-ang-E0006.440A001.1970             3 4.11000E+01 1.35730E+02
n-Fe000-MT051-Kinney-10111065-ang-E0006.530.1970                 3 4.11000E+01 1.11610E+02
n-Fe000-MT051-Kinney-10111065-ang-E0006.530A001.1970             3 4.11000E+01 1.11610E+02
n-Fe000-MT051-Kinney-10111065-ang-E0007.540.1970                13 7.12600E+01 1.35590E+02
n-Fe000-MT051-Kinney-10111065-ang-E0007.540A001.1970            13 7.12600E+01 1.35590E+02
n-Fe000-MT051-Kinney-10111065-ang-E0008.560.1970                 3 1.20740E+02 1.35520E+02
n-Fe000-MT051-Kinney-10111065-ang-E0008.560A001.1970             3 1.20740E+02 1.35520E+02
n-Fe000-MT051-Kinney-10111100-ang-E0006.440.1970                 2 1.18300E+02 1.27200E+02
n-Fe000-MT051-Kinney-10111100-ang-E0006.440A001.1970             2 1.18300E+02 1.27200E+02
n-Fe000-MT051-Kinney-10111152-ang-E0006.370.1970                18 3.25000E+01 1.08400E+02
n-Fe000-MT051-Kinney-10111152-ang-E0006.370A001.1970            18 3.25000E+01 1.08400E+02
n-Fe000-MT051-Kinney-10111152-ang-E0007.540.1970                 3 1.19900E+02 1.34900E+02
n-Fe000-MT051-Kinney-10111152-ang-E0007.540A001.1970             3 1.19900E+02 1.34900E+02
n-Fe000-MT051-Kinney-10111152-ang-E0007.550.1970                 9 4.03000E+01 1.14500E+02
n-Fe000-MT051-Kinney-10111152-ang-E0007.550A001.1970             9 4.03000E+01 1.14500E+02
n-Fe000-MT051-Kinney-10111152-ang-E0008.500.1970                10 4.03000E+01 1.14700E+02
n-Fe000-MT051-Kinney-10111152-ang-E0008.500A001.1970            10 4.03000E+01 1.14700E+02
n-Fe000-MT051-Kinney-10111152-ang-E0008.560.1970                 3 3.25000E+01 1.34800E+02
n-Fe000-MT051-Kinney-10111152-ang-E0008.560A001.1970             3 3.25000E+01 1.34800E+02
n-Fe000-MT051-Landon-11717003-ang-E0002.200.1958                13 3.06834E+01 1.36054E+02
n-Fe000-MT051-Lychagin-40732002-ang-E0014.300.1979              36 4.50000E+01 1.50000E+02
n-Fe000-MT051-Muehlhause-11316004-ang-E0001.580.1956            22 2.90000E+01 1.29000E+02
n-Fe000-MT051-Poole-21377006-ang-E0002.500.1953                  1 9.70000E+01 9.70000E+01
n-Fe000-MT051-Popov-40367003-ang-E0002.900.1957                  1 9.00000E+01 9.00000E+01
n-Fe000-MT051-Popov-40367018-ang-E0002.900.1957                  4 6.00000E+01 1.49986E+02
n-Fe000-MT051-Salnikov-40037014-ang-E0014.360.1971               5 3.10000E+01 1.51000E+02
n-Fe000-MT051-Salnikov-40037015-ang-E0014.360.1971               5 3.10000E+01 1.51000E+02
n-Fe000-MT051-Salnikov-40037016-ang-E0014.360.1971               5 3.10000E+01 1.51000E+02
n-Fe000-MT051-Salnikov-40372005-ang-E0002.340.1957               5 3.00041E+01 1.34983E+02
n-Fe000-MT051-Schectman-11698002-ang-E0014.100.1965              1 9.00000E+01 9.00000E+01
n-Fe000-MT051-Schmidt-22403004-ang-E0009.410.1994               32 2.43000E+01 1.59300E+02
n-Fe000-MT051-Schmidt-22403004-ang-E0009.970.1994               28 2.41000E+01 1.59200E+02
n-Fe000-MT051-Schmidt-22403004-ang-E0010.530.1994               32 2.41000E+01 1.59100E+02
n-Fe000-MT051-Schmidt-22403004-ang-E0011.000.1994               27 2.45000E+01 1.59300E+02
n-Fe000-MT051-Schmidt-22403004-ang-E0011.420.1994               24 2.42000E+01 1.59200E+02
n-Fe000-MT051-Schmidt-22403004-ang-E0011.960.1994               26 2.42000E+01 1.59200E+02
n-Fe000-MT051-Schmidt-22403004-ang-E0012.460.1994               28 2.03000E+01 1.59200E+02
n-Fe000-MT051-Schmidt-22403004-ang-E0013.070.1994               24 2.03000E+01 1.59200E+02
n-Fe000-MT051-Schmidt-22403004-ang-E0013.630.1994               26 2.43000E+01 1.59300E+02
n-Fe000-MT051-Schmidt-22403004-ang-E0014.090.1994               26 2.43000E+01 1.59200E+02
n-Fe000-MT051-Smith-13606003-ang-E0004.500.1996                 40 1.76600E+01 1.56000E+02
n-Fe000-MT051-Smith-13606003-ang-E0005.000.1996                 37 1.76600E+01 1.56000E+02
n-Fe000-MT051-Smith-13606003-ang-E0005.500.1996                 40 1.76600E+01 1.56000E+02
n-Fe000-MT051-Smith-13606003-ang-E0005.900.1996                 38 1.76600E+01 1.56000E+02
n-Fe000-MT051-Smith-13606003-ang-E0006.500.1996                 40 1.76600E+01 1.56000E+02
n-Fe000-MT051-Smith-13606003-ang-E0007.140.1996                 35 2.77600E+01 1.57300E+02
n-Fe000-MT051-Smith-13606003-ang-E0007.550.1996                 33 2.77600E+01 1.54400E+02
n-Fe000-MT051-Smith-13606003-ang-E0008.080.1996                 31 3.13400E+01 1.57400E+02
n-Fe000-MT051-Smith-13606003-ang-E0008.410.1996                 35 3.13400E+01 1.57500E+02
n-Fe000-MT051-Smith-13606003-ang-E0009.060.1996                 33 3.56200E+01 1.57500E+02
n-Fe000-MT051-Smith-13606003-ang-E0009.500.1996                 34 3.56200E+01 1.57800E+02
n-Fe000-MT051-Smith-13606003-ang-E0009.990.1996                 33 3.96000E+01 1.57800E+02
n-Fe000-MT051-Takahashi-22766028-ang-E0014.100.1992             51 3.00000E+01 1.60000E+02
n-Fe000-MT051-Thomson-11495010-ang-E0007.000.1963                2 9.00000E+01 9.00000E+01
n-Fe000-MT051-Tsukada-22531006-ang-E0003.440.1961               12 9.00000E+01 9.00000E+01
n-Fe000-MT051-Velkley-10384017-ang-E0008.970.1974               15 5.00000E+01 1.60000E+02
n-Fe000-MT051-Velkley-10384017-ang-E0008.970A001.1974           15 5.00000E+01 1.60000E+02
n-Fe000-MT051-Western-12681006-ang-E0014.600.1965               21 5.00000E+01 1.15000E+02
n-Fe000-MT051-Wilenzick-11287011-ang-E0006.040.1965             10 4.00040E+01 1.39996E+02
