#              Filename                                         N    min         max
p-Mg025-MT002-Adams-C1256002-ang-E0000.701.1984               1986 1.60000E+02 1.60000E+02
p-Mg025-MT002-Antropov-F1135006-ang-E0006.030.1970              24 1.67000E+01 1.55300E+02
p-Mg025-MT002-Crawley-C0828010-ang-E0017.500.1968               16 1.50000E+01 1.30000E+02
p-Mg025-MT002-Gallmann-F1191002-ang-E0004.499.1966               1 1.20000E+02 1.50000E+02
p-Mg025-MT002-Gallmann-F1191002-ang-E0004.501.1966               1 1.20000E+02 1.50000E+02
p-Mg025-MT002-Gallmann-F1191002-ang-E0004.523.1966               1 1.20000E+02 1.50000E+02
p-Mg025-MT002-Gallmann-F1191002-ang-E0004.524.1966               1 1.20000E+02 1.50000E+02
p-Mg025-MT002-Gallmann-F1191002-ang-E0004.549.1966               1 1.20000E+02 1.50000E+02
p-Mg025-MT002-Gallmann-F1191002-ang-E0004.551.1966               1 1.20000E+02 1.50000E+02
p-Mg025-MT002-Gallmann-F1191002-ang-E0004.574.1966               1 1.20000E+02 1.50000E+02
p-Mg025-MT002-Gallmann-F1191002-ang-E0004.577.1966               1 1.20000E+02 1.50000E+02
p-Mg025-MT002-Gallmann-F1191002-ang-E0004.601.1966               1 1.20000E+02 1.50000E+02
p-Mg025-MT002-Gallmann-F1191002-ang-E0004.601A001.1966           1 1.20000E+02 1.50000E+02
p-Mg025-MT002-Gallmann-F1191002-ang-E0004.626.1966               1 1.20000E+02 1.50000E+02
p-Mg025-MT002-Gallmann-F1191002-ang-E0004.626A001.1966           1 1.20000E+02 1.20000E+02
p-Mg025-MT002-Gallmann-F1191005-ang-E0006.000.1966              31 1.41000E+01 1.64600E+02
p-Mg025-MT002-Herman-O1090004-ang-E0009.100.1976                23 2.89000E+01 1.59800E+02
p-Mg025-MT002-Popov-F0955002-ang-E0001.491.1962                737 1.23100E+02 1.23100E+02
