#              Filename                                         N    min         max
n-Sb000-MT001-Abuelela-30217003.1968                             5 1.33500E-07 2.28200E-07
n-Sb000-MT001-Bally-30205003.1962                               23 2.72200E-09 9.46800E-09
n-Sb000-MT001-Bockelman-11881005.1949                           31 2.00000E-02 1.37100E+00
n-Sb000-MT001-Bratenahl-11155025.1958                            5 7.01000E+00 1.43700E+01
n-Sb000-MT001-Bratenahl-11155025A001.1958                        5 7.01000E+00 1.43700E+01
n-Sb000-MT001-Carlson-11497022.1967                             61 4.53100E+00 7.56400E+00
n-Sb000-MT001-Carpenter-13850008.1959                            1 1.11000E+02 1.11000E+02
n-Sb000-MT001-Carter-11878003.1955                              62 5.50000E-06 3.09000E-05
n-Sb000-MT001-Coon-12524039.1952                                 1 1.41200E+01 1.41200E+01
n-Sb000-MT001-Dilg-20583008.1972                                 1 2.70000E-03 2.70000E-03
n-Sb000-MT001-Dukarevich-40813047.1967                           1 1.42000E+01 1.42000E+01
n-Sb000-MT001-Fields-11260020.1947                               6 2.40000E-02 8.30000E-01
n-Sb000-MT001-Fosterjr-10047056.1971                           242 2.27100E+00 1.47510E+01
n-Sb000-MT001-Fosterjr-10047056A001.1971                       242 2.27100E+00 1.47510E+01
n-Sb000-MT001-Goodman-11057018.1952                              1 1.40000E+01 1.40000E+01
n-Sb000-MT001-Goodman-11057018A001.1952                          1 1.40000E+01 1.40000E+01
n-Sb000-MT001-Havensjr-11139031.1946                            40 1.40000E-08 5.68140E-05
n-Sb000-MT001-Havensjr-11139031A001.1946                        40 1.40000E-08 5.68140E-05
n-Sb000-MT001-Kent-11617033.1962                                 1 3.66000E+00 3.66000E+00
n-Sb000-MT001-Kobayashi-221540021.1989                          64 5.30395E-03 2.88840E+00
n-Sb000-MT001-Kobayashi-221540022.1989                          63 5.30395E-03 2.61350E+00
n-Sb000-MT001-Kobayashi-22154003.1989                           66 1.43190E-08 9.52420E-06
n-Sb000-MT001-Kobayashi-22154004.1989                            2 1.46000E-06 4.91000E-06
n-Sb000-MT001-Koester-21954015.1984                              2 1.26000E-06 5.20000E-06
n-Sb000-MT001-Koester-22001013.1986                              1 5.70000E-10 5.70000E-10
n-Sb000-MT001-Koester-22001018.1986                              2 1.26000E-06 5.19000E-06
n-Sb000-MT001-Mateiciuc-30020002.1967                           31 5.01000E-08 2.48300E-06
n-Sb000-MT001-Miller-11712014.1952                              17 1.00000E+00 3.21000E+00
n-Sb000-MT001-Nereson-11308018.1954                             30 2.78700E+00 1.31730E+01
n-Sb000-MT001-Ohkubo-20825005.1978                            4040 3.98900E-05 8.85410E-03
n-Sb000-MT001-Palmer-11804012.1956                             257 2.15000E-06 9.10300E-03
n-Sb000-MT001-Peterson-11108032.1960                             4 1.75000E+01 2.88000E+01
n-Sb000-MT001-Peterson-11108032A001.1960                         4 1.75000E+01 2.88000E+01
n-Sb000-MT001-Poenitz-12853044.1983                              9 4.70000E-02 2.28000E-01
n-Sb000-MT001-Poenitz-12853045.1983                             21 2.15000E-01 1.60000E+00
n-Sb000-MT001-Poenitz-12853046.1983                             66 1.81700E+00 1.88300E+01
n-Sb000-MT001-Ragent-11338004.1953                              29 3.61000E+01 1.94000E+02
n-Sb000-MT001-Rainwater-11685004.1947                           32 4.07500E-06 4.46580E-05
n-Sb000-MT001-Rainwater-11685018.1947                           31 2.27000E-06 7.17049E-02
n-Sb000-MT001-Smith-12805002.1984                               69 8.09600E-01 4.51800E+00
n-Sb000-MT001-Tabony-11953005.1968                             102 3.00000E-02 6.50000E-01
n-Sb000-MT001-Vincent-11621016.1960                              1 4.10000E+00 4.10000E+00
n-Sb000-MT001-Wynchank-11913010.1968                          9316 6.50000E-06 5.00000E-03
