#              Filename                                         N    min         max
p-B011-MT089-Bair-F0322005-E0003.550.1955                        1 0.00000E+00 0.00000E+00
p-B011-MT089-Clough-F0789003-E0030.000.1970                      7 2.19998E+00 6.03000E+01
p-B011-MT089-Clough-F0789003-E0050.000.1970                      7 2.19998E+00 5.04000E+01
p-B011-MT089-Grimes-C2665002-E0016.000.1985                     10 3.30002E+00 1.42600E+02
p-B011-MT089-Grimes-C2665002-E0017.000.1985                     10 3.30002E+00 1.42300E+02
p-B011-MT089-Grimes-C2665002-E0018.000.1985                     10 5.69997E+00 1.42600E+02
p-B011-MT089-Hisatake-E2216013-E0008.100.1960                   10 1.22000E+01 1.34700E+02
p-B011-MT089-Hisatake-E2216014-E0008.900.1960                   10 1.43000E+01 1.35300E+02
p-B011-MT089-Hisatake-E2216015-E0009.800.1960                   13 6.60004E+00 1.36700E+02
p-B011-MT089-Hisatake-E2216016-E0012.100.1960                   10 1.20000E+01 1.35900E+02
p-B011-MT089-Hisatake-E2216017-E0014.100.1960                   10 1.20000E+01 1.36200E+02
p-B011-MT089-Hoehn-F0288002-E0005.394.1981                       1 2.00000E+01 4.00000E+01
p-B011-MT089-Hoehn-F0288002-E0005.395.1981                       1 4.00000E+01 1.60000E+02
p-B011-MT089-Hoehn-F0288002-E0005.396.1981                       1 8.00000E+01 1.60000E+02
p-B011-MT089-Hoehn-F0288002-E0005.398.1981                       1 8.00000E+01 1.40000E+02
p-B011-MT089-Hoehn-F0288002-E0005.400.1981                       1 2.00000E+01 1.40000E+02
p-B011-MT089-Hoehn-F0288002-E0005.420.1981                       1 2.00000E+01 1.60000E+02
p-B011-MT089-Hoehn-F0288002-E0005.423.1981                       1 4.00000E+01 1.60000E+02
p-B011-MT089-Hoehn-F0288002-E0005.425.1981                       1 4.00000E+01 8.00000E+01
p-B011-MT089-Hoehn-F0288002-E0005.428.1981                       1 8.00000E+01 1.40000E+02
p-B011-MT089-Hoehn-F0288002-E0005.434.1981                       1 2.00000E+01 1.40000E+02
p-B011-MT089-Hoehn-F0288002-E0005.454.1981                       1 2.00000E+01 4.00000E+01
p-B011-MT089-Hoehn-F0288002-E0005.456.1981                       1 4.00000E+01 1.60000E+02
p-B011-MT089-Hoehn-F0288002-E0005.457.1981                       1 8.00000E+01 1.60000E+02
p-B011-MT089-Hoehn-F0288002-E0005.459.1981                       1 8.00000E+01 1.40000E+02
p-B011-MT089-Hoehn-F0288002-E0005.461.1981                       1 2.00000E+01 1.40000E+02
p-B011-MT089-Hoehn-F0288002-E0005.480.1981                       1 2.00000E+01 4.00000E+01
p-B011-MT089-Hoehn-F0288002-E0005.482.1981                       1 4.00000E+01 1.60000E+02
p-B011-MT089-Hoehn-F0288002-E0005.484.1981                       1 8.00000E+01 1.60000E+02
p-B011-MT089-Hoehn-F0288002-E0005.489.1981                       1 8.00000E+01 1.40000E+02
p-B011-MT089-Hoehn-F0288002-E0005.491.1981                       1 4.00000E+01 1.40000E+02
p-B011-MT089-Hoehn-F0288002-E0005.513.1981                       1 2.00000E+01 4.00000E+01
p-B011-MT089-Hoehn-F0288002-E0005.515.1981                       1 2.00000E+01 8.00000E+01
p-B011-MT089-Hoehn-F0288002-E0005.516.1981                       1 8.00000E+01 1.40000E+02
p-B011-MT089-Hoehn-F0288002-E0005.522.1981                       2 4.00000E+01 1.60000E+02
p-B011-MT089-Hoehn-F0288002-E0005.540.1981                       1 2.00000E+01 4.00000E+01
p-B011-MT089-Hoehn-F0288002-E0005.541.1981                       1 2.00000E+01 8.00000E+01
p-B011-MT089-Hoehn-F0288002-E0005.543.1981                       1 8.00000E+01 1.60000E+02
p-B011-MT089-Hoehn-F0288002-E0005.545.1981                       1 1.40000E+02 1.60000E+02
p-B011-MT089-Hoehn-F0288002-E0005.549.1981                       1 2.00000E+01 1.40000E+02
p-B011-MT089-Hoehn-F0288002-E0005.572.1981                       1 2.00000E+01 1.60000E+02
p-B011-MT089-Hoehn-F0288002-E0005.576.1981                       1 8.00000E+01 1.60000E+02
p-B011-MT089-Hoehn-F0288002-E0005.577.1981                       1 4.00000E+01 8.00000E+01
p-B011-MT089-Hoehn-F0288002-E0005.578.1981                       1 4.00000E+01 1.40000E+02
p-B011-MT089-Hoehn-F0288002-E0005.583.1981                       1 4.00000E+01 1.40000E+02
p-B011-MT089-Hoehn-F0288002-E0005.600.1981                       1 2.00000E+01 4.00000E+01
p-B011-MT089-Hoehn-F0288002-E0005.606.1981                       1 2.00000E+01 8.00000E+01
p-B011-MT089-Hoehn-F0288002-E0005.608.1981                       1 8.00000E+01 1.40000E+02
p-B011-MT089-Hoehn-F0288002-E0005.610.1981                       2 2.00000E+01 1.60000E+02
p-B011-MT089-Hoehn-F0288002-E0005.633.1981                       1 2.00000E+01 4.00000E+01
p-B011-MT089-Hoehn-F0288002-E0005.635.1981                       1 4.00000E+01 1.60000E+02
p-B011-MT089-Hoehn-F0288002-E0005.637.1981                       1 8.00000E+01 1.60000E+02
p-B011-MT089-Hoehn-F0288002-E0005.638.1981                       1 8.00000E+01 1.40000E+02
p-B011-MT089-Hoehn-F0288002-E0005.644.1981                       1 2.00000E+01 1.40000E+02
p-B011-MT089-Hoehn-F0288002-E0005.664.1981                       1 2.00000E+01 4.00000E+01
p-B011-MT089-Hoehn-F0288002-E0005.665.1981                       2 4.00000E+01 1.60000E+02
p-B011-MT089-Hoehn-F0288002-E0005.667.1981                       1 1.40000E+02 1.60000E+02
p-B011-MT089-Hoehn-F0288002-E0005.670.1981                       1 2.00000E+01 1.40000E+02
p-B011-MT089-Hoehn-F0288002-E0005.694.1981                       1 2.00000E+01 4.00000E+01
p-B011-MT089-Hoehn-F0288002-E0005.696.1981                       1 4.00000E+01 1.60000E+02
p-B011-MT089-Hoehn-F0288002-E0005.698.1981                       1 8.00000E+01 1.60000E+02
p-B011-MT089-Hoehn-F0288002-E0005.699.1981                       1 8.00000E+01 1.40000E+02
p-B011-MT089-Hoehn-F0288002-E0005.701.1981                       1 4.00000E+01 1.40000E+02
p-B011-MT089-Hoehn-F0288002-E0005.726.1981                       1 4.00000E+01 1.60000E+02
p-B011-MT089-Hoehn-F0288002-E0005.728.1981                       1 2.00000E+01 1.60000E+02
p-B011-MT089-Hoehn-F0288002-E0005.729.1981                       1 2.00000E+01 8.00000E+01
p-B011-MT089-Hoehn-F0288002-E0005.730.1981                       1 8.00000E+01 1.40000E+02
p-B011-MT089-Hoehn-F0288002-E0005.731.1981                       1 2.00000E+01 1.40000E+02
p-B011-MT089-Hoehn-F0288002-E0005.755.1981                       1 2.00000E+01 4.00000E+01
p-B011-MT089-Hoehn-F0288002-E0005.756.1981                       1 4.00000E+01 1.60000E+02
p-B011-MT089-Hoehn-F0288002-E0005.759.1981                       1 8.00000E+01 1.60000E+02
p-B011-MT089-Hoehn-F0288002-E0005.760.1981                       1 8.00000E+01 1.40000E+02
p-B011-MT089-Hoehn-F0288002-E0005.761.1981                       1 2.00000E+01 1.40000E+02
p-B011-MT089-Hoehn-F0288002-E0005.782.1981                       1 2.00000E+01 8.00000E+01
p-B011-MT089-Hoehn-F0288002-E0005.787.1981                       1 8.00000E+01 1.60000E+02
p-B011-MT089-Hoehn-F0288002-E0005.789.1981                       1 4.00000E+01 1.60000E+02
p-B011-MT089-Hoehn-F0288002-E0005.791.1981                       1 4.00000E+01 1.40000E+02
p-B011-MT089-Hoehn-F0288002-E0005.792.1981                       1 2.00000E+01 1.40000E+02
p-B011-MT089-Hoehn-F0288002-E0005.816.1981                       1 2.00000E+01 4.00000E+01
p-B011-MT089-Hoehn-F0288002-E0005.817.1981                       1 4.00000E+01 1.40000E+02
p-B011-MT089-Hoehn-F0288002-E0005.818.1981                       1 1.40000E+02 1.60000E+02
p-B011-MT089-Hoehn-F0288002-E0005.819.1981                       1 8.00000E+01 1.60000E+02
p-B011-MT089-Hoehn-F0288002-E0005.821.1981                       1 2.00000E+01 8.00000E+01
p-B011-MT089-Hoehn-F0288002-E0005.843.1981                       1 2.00000E+01 4.00000E+01
p-B011-MT089-Hoehn-F0288002-E0005.844.1981                       1 4.00000E+01 8.00000E+01
p-B011-MT089-Hoehn-F0288002-E0005.848.1981                       1 8.00000E+01 1.60000E+02
p-B011-MT089-Hoehn-F0288002-E0005.850.1981                       1 1.40000E+02 1.60000E+02
p-B011-MT089-Hoehn-F0288002-E0005.852.1981                       1 2.00000E+01 1.40000E+02
p-B011-MT089-Hoehn-F0288002-E0005.874.1981                       1 2.00000E+01 1.60000E+02
p-B011-MT089-Hoehn-F0288002-E0005.876.1981                       1 4.00000E+01 1.60000E+02
p-B011-MT089-Hoehn-F0288002-E0005.878.1981                       2 4.00000E+01 1.40000E+02
p-B011-MT089-Hoehn-F0288002-E0005.879.1981                       1 8.00000E+01 1.40000E+02
p-B011-MT089-Hoehn-F0288002-E0005.904.1981                       1 4.00000E+01 8.00000E+01
p-B011-MT089-Hoehn-F0288002-E0005.905.1981                       1 4.00000E+01 1.60000E+02
p-B011-MT089-Hoehn-F0288002-E0005.907.1981                       1 2.00000E+01 1.60000E+02
p-B011-MT089-Hoehn-F0288002-E0005.908.1981                       1 2.00000E+01 1.40000E+02
p-B011-MT089-Hoehn-F0288002-E0005.909.1981                       1 2.00000E+01 1.40000E+02
p-B011-MT089-Hoehn-F0288002-E0005.931.1981                       2 2.00000E+01 8.00000E+01
p-B011-MT089-Hoehn-F0288002-E0005.939.1981                       1 8.00000E+01 1.40000E+02
p-B011-MT089-Hoehn-F0288002-E0005.940.1981                       1 1.40000E+02 1.60000E+02
p-B011-MT089-Hoehn-F0288002-E0005.941.1981                       1 2.00000E+01 1.60000E+02
p-B011-MT089-Hoehn-F0288002-E0005.965.1981                       3 2.00000E+01 1.60000E+02
p-B011-MT089-Hoehn-F0288002-E0005.968.1981                       1 1.40000E+02 1.60000E+02
p-B011-MT089-Hoehn-F0288002-E0005.970.1981                       1 4.00000E+01 1.40000E+02
p-B011-MT089-Hoehn-F0288002-E0005.992.1981                       1 2.00000E+01 4.00000E+01
p-B011-MT089-Hoehn-F0288002-E0005.996.1981                       2 2.00000E+01 1.60000E+02
p-B011-MT089-Hoehn-F0288002-E0005.999.1981                       1 1.40000E+02 1.60000E+02
p-B011-MT089-Hoehn-F0288002-E0006.001.1981                       1 2.00000E+01 1.40000E+02
p-B011-MT089-Hoehn-F0288002-E0006.026.1981                       3 2.00000E+01 1.60000E+02
p-B011-MT089-Hoehn-F0288002-E0006.029.1981                       1 1.40000E+02 1.60000E+02
p-B011-MT089-Hoehn-F0288002-E0006.031.1981                       1 2.00000E+01 1.40000E+02
p-B011-MT089-Hoehn-F0288002-E0006.053.1981                       1 2.00000E+01 4.00000E+01
p-B011-MT089-Hoehn-F0288002-E0006.056.1981                       1 4.00000E+01 8.00000E+01
p-B011-MT089-Hoehn-F0288002-E0006.057.1981                       1 8.00000E+01 1.60000E+02
p-B011-MT089-Hoehn-F0288002-E0006.059.1981                       1 1.40000E+02 1.60000E+02
p-B011-MT089-Hoehn-F0288002-E0006.062.1981                       1 4.00000E+01 1.40000E+02
p-B011-MT089-Hoehn-F0288002-E0006.083.1981                       1 2.00000E+01 4.00000E+01
p-B011-MT089-Hoehn-F0288002-E0006.088.1981                       1 2.00000E+01 1.40000E+02
p-B011-MT089-Hoehn-F0288002-E0006.089.1981                       1 1.40000E+02 1.60000E+02
p-B011-MT089-Hoehn-F0288002-E0006.090.1981                       1 8.00000E+01 1.60000E+02
p-B011-MT089-Hoehn-F0288002-E0006.091.1981                       1 4.00000E+01 8.00000E+01
p-B011-MT089-Hoehn-F0288002-E0006.114.1981                       1 2.00000E+01 4.00000E+01
p-B011-MT089-Hoehn-F0288002-E0006.115.1981                       1 2.00000E+01 1.60000E+02
p-B011-MT089-Hoehn-F0288002-E0006.117.1981                       1 8.00000E+01 1.60000E+02
p-B011-MT089-Hoehn-F0288002-E0006.118.1981                       1 8.00000E+01 1.40000E+02
p-B011-MT089-Hoehn-F0288002-E0006.119.1981                       1 4.00000E+01 1.40000E+02
p-B011-MT089-Hoehn-F0288002-E0006.144.1981                       1 4.00000E+01 1.60000E+02
p-B011-MT089-Hoehn-F0288002-E0006.147.1981                       1 8.00000E+01 1.60000E+02
p-B011-MT089-Hoehn-F0288002-E0006.148.1981                       1 2.00000E+01 8.00000E+01
p-B011-MT089-Hoehn-F0288002-E0006.149.1981                       2 2.00000E+01 1.40000E+02
p-B011-MT089-Hoehn-F0288002-E0006.175.1981                       1 4.00000E+01 8.00000E+01
p-B011-MT089-Hoehn-F0288002-E0006.178.1981                       2 2.00000E+01 1.60000E+02
p-B011-MT089-Hoehn-F0288002-E0006.179.1981                       1 2.00000E+01 1.40000E+02
p-B011-MT089-Hoehn-F0288002-E0006.180.1981                       1 4.00000E+01 1.40000E+02
p-B011-MT089-Hoehn-F0288002-E0006.205.1981                       1 2.00000E+01 4.00000E+01
p-B011-MT089-Hoehn-F0288002-E0006.206.1981                       1 2.00000E+01 8.00000E+01
p-B011-MT089-Hoehn-F0288002-E0006.209.1981                       2 8.00000E+01 1.60000E+02
p-B011-MT089-Hoehn-F0288002-E0006.210.1981                       1 4.00000E+01 1.40000E+02
p-B011-MT089-Hoehn-F0288002-E0006.232.1981                       1 2.00000E+01 4.00000E+01
p-B011-MT089-Hoehn-F0288002-E0006.237.1981                       1 2.00000E+01 8.00000E+01
p-B011-MT089-Hoehn-F0288002-E0006.239.1981                       2 8.00000E+01 1.60000E+02
p-B011-MT089-Hoehn-F0288002-E0006.245.1981                       1 4.00000E+01 1.40000E+02
p-B011-MT089-Hoehn-F0288002-E0006.263.1981                       1 2.00000E+01 4.00000E+01
p-B011-MT089-Hoehn-F0288002-E0006.267.1981                       1 2.00000E+01 8.00000E+01
p-B011-MT089-Hoehn-F0288002-E0006.270.1981                       2 8.00000E+01 1.60000E+02
p-B011-MT089-Hoehn-F0288002-E0006.271.1981                       1 4.00000E+01 1.40000E+02
p-B011-MT089-Hoehn-F0288002-E0006.289.1981                       1 4.00000E+01 1.60000E+02
p-B011-MT089-Hoehn-F0288002-E0006.296.1981                       1 8.00000E+01 1.60000E+02
p-B011-MT089-Hoehn-F0288002-E0006.297.1981                       1 2.00000E+01 8.00000E+01
p-B011-MT089-Hoehn-F0288002-E0006.298.1981                       1 2.00000E+01 1.40000E+02
p-B011-MT089-Hoehn-F0288002-E0006.302.1981                       1 2.00000E+01 1.40000E+02
p-B011-MT089-Hoehn-F0288002-E0006.321.1981                       1 2.00000E+01 1.60000E+02
p-B011-MT089-Hoehn-F0288002-E0006.323.1981                       1 4.00000E+01 1.60000E+02
p-B011-MT089-Hoehn-F0288002-E0006.324.1981                       1 4.00000E+01 1.40000E+02
p-B011-MT089-Hoehn-F0288002-E0006.333.1981                       1 8.00000E+01 1.40000E+02
p-B011-MT089-Hoehn-F0288002-E0006.335.1981                       1 8.00000E+01 1.60000E+02
p-B011-MT089-Hoehn-F0288002-E0006.354.1981                       1 2.00000E+01 1.60000E+02
p-B011-MT089-Hoehn-F0288002-E0006.355.1981                       1 2.00000E+01 4.00000E+01
p-B011-MT089-Hoehn-F0288002-E0006.358.1981                       2 4.00000E+01 1.40000E+02
p-B011-MT089-Hoehn-F0288002-E0006.359.1981                       1 4.00000E+01 1.40000E+02
p-B011-MT089-Hoehn-F0288002-E0006.385.1981                       1 2.00000E+01 4.00000E+01
p-B011-MT089-Hoehn-F0288002-E0006.386.1981                       1 2.00000E+01 1.60000E+02
p-B011-MT089-Hoehn-F0288002-E0006.388.1981                       1 1.40000E+02 1.60000E+02
p-B011-MT089-Hoehn-F0288002-E0006.390.1981                       1 8.00000E+01 1.40000E+02
p-B011-MT089-Hoehn-F0288002-E0006.392.1981                       1 4.00000E+01 8.00000E+01
p-B011-MT089-Hoehn-F0288002-E0006.411.1981                       1 2.00000E+01 4.00000E+01
p-B011-MT089-Hoehn-F0288002-E0006.416.1981                       2 2.00000E+01 1.60000E+02
p-B011-MT089-Hoehn-F0288002-E0006.419.1981                       1 8.00000E+01 1.60000E+02
p-B011-MT089-Hoehn-F0288002-E0006.422.1981                       1 4.00000E+01 8.00000E+01
p-B011-MT089-Hoehn-F0288002-E0006.442.1981                       1 2.00000E+01 4.00000E+01
p-B011-MT089-Hoehn-F0288002-E0006.443.1981                       1 2.00000E+01 8.00000E+01
p-B011-MT089-Hoehn-F0288002-E0006.445.1981                       2 8.00000E+01 1.60000E+02
p-B011-MT089-Hoehn-F0288002-E0006.451.1981                       1 1.40000E+02 1.60000E+02
p-B011-MT089-Hoehn-F0288002-E0006.472.1981                       1 8.00000E+01 1.60000E+02
p-B011-MT089-Hoehn-F0288002-E0006.475.1981                       1 4.00000E+01 8.00000E+01
p-B011-MT089-Hoehn-F0288002-E0006.476.1981                       1 2.00000E+01 4.00000E+01
p-B011-MT089-Hoehn-F0288002-E0006.478.1981                       1 2.00000E+01 1.40000E+02
p-B011-MT089-Hoehn-F0288002-E0006.481.1981                       1 4.00000E+01 1.40000E+02
p-B011-MT089-Hoehn-F0288002-E0006.503.1981                       2 2.00000E+01 1.60000E+02
p-B011-MT089-Hoehn-F0288002-E0006.504.1981                       1 2.00000E+01 1.40000E+02
p-B011-MT089-Hoehn-F0288002-E0006.508.1981                       1 8.00000E+01 1.40000E+02
p-B011-MT089-Hoehn-F0288002-E0006.510.1981                       1 4.00000E+01 8.00000E+01
p-B011-MT089-Hoehn-F0288002-E0006.533.1981                       1 4.00000E+01 8.00000E+01
p-B011-MT089-Hoehn-F0288002-E0006.537.1981                       1 8.00000E+01 1.60000E+02
p-B011-MT089-Hoehn-F0288002-E0006.538.1981                       1 2.00000E+01 1.60000E+02
p-B011-MT089-Hoehn-F0288002-E0006.539.1981                       1 2.00000E+01 1.40000E+02
p-B011-MT089-Hoehn-F0288002-E0006.542.1981                       1 4.00000E+01 1.40000E+02
p-B011-MT089-Hoehn-F0288002-E0006.564.1981                       1 2.00000E+01 4.00000E+01
p-B011-MT089-Hoehn-F0288002-E0006.565.1981                       2 2.00000E+01 1.60000E+02
p-B011-MT089-Hoehn-F0288002-E0006.567.1981                       1 8.00000E+01 1.40000E+02
p-B011-MT089-Hoehn-F0288002-E0006.573.1981                       1 1.40000E+02 1.60000E+02
p-B011-MT089-Hoehn-F0288002-E0006.595.1981                       1 2.00000E+01 1.60000E+02
p-B011-MT089-Hoehn-F0288002-E0006.596.1981                       1 2.00000E+01 8.00000E+01
p-B011-MT089-Hoehn-F0288002-E0006.597.1981                       1 4.00000E+01 8.00000E+01
p-B011-MT089-Hoehn-F0288002-E0006.598.1981                       1 4.00000E+01 1.40000E+02
p-B011-MT089-Hoehn-F0288002-E0006.600.1981                       1 2.00000E+01 1.40000E+02
p-B011-MT089-Hoehn-F0288002-E0006.626.1981                       2 2.00000E+01 1.60000E+02
p-B011-MT089-Hoehn-F0288002-E0006.629.1981                       1 4.00000E+01 1.40000E+02
p-B011-MT089-Hoehn-F0288002-E0006.630.1981                       1 8.00000E+01 1.40000E+02
p-B011-MT089-Hoehn-F0288002-E0006.632.1981                       1 4.00000E+01 8.00000E+01
p-B011-MT089-Hoehn-F0288002-E0006.652.1981                       1 2.00000E+01 4.00000E+01
p-B011-MT089-Hoehn-F0288002-E0006.657.1981                       2 2.00000E+01 1.60000E+02
p-B011-MT089-Hoehn-F0288002-E0006.658.1981                       1 8.00000E+01 1.40000E+02
p-B011-MT089-Hoehn-F0288002-E0006.665.1981                       1 1.40000E+02 1.60000E+02
p-B011-MT089-Hoehn-F0288002-E0006.683.1981                       1 4.00000E+01 1.60000E+02
p-B011-MT089-Hoehn-F0288002-E0006.686.1981                       1 2.00000E+01 4.00000E+01
p-B011-MT089-Hoehn-F0288002-E0006.687.1981                       1 2.00000E+01 8.00000E+01
p-B011-MT089-Hoehn-F0288002-E0006.689.1981                       1 8.00000E+01 1.40000E+02
p-B011-MT089-Hoehn-F0288002-E0006.691.1981                       1 4.00000E+01 1.40000E+02
p-B011-MT089-Hoehn-F0288002-E0006.713.1981                       1 4.00000E+01 1.60000E+02
p-B011-MT089-Hoehn-F0288002-E0006.714.1981                       1 2.00000E+01 1.60000E+02
p-B011-MT089-Hoehn-F0288002-E0006.718.1981                       1 2.00000E+01 1.40000E+02
p-B011-MT089-Hoehn-F0288002-E0006.722.1981                       1 8.00000E+01 1.40000E+02
p-B011-MT089-Hoehn-F0288002-E0006.723.1981                       1 8.00000E+01 1.60000E+02
p-B011-MT089-Hoehn-F0288002-E0006.745.1981                       1 4.00000E+01 1.60000E+02
p-B011-MT089-Hoehn-F0288002-E0006.747.1981                       1 2.00000E+01 4.00000E+01
p-B011-MT089-Hoehn-F0288002-E0006.748.1981                       1 2.00000E+01 8.00000E+01
p-B011-MT089-Hoehn-F0288002-E0006.750.1981                       1 8.00000E+01 1.40000E+02
p-B011-MT089-Hoehn-F0288002-E0006.753.1981                       1 1.40000E+02 1.60000E+02
p-B011-MT089-Hoehn-F0288002-E0006.775.1981                       1 4.00000E+01 1.60000E+02
p-B011-MT089-Hoehn-F0288002-E0006.777.1981                       2 2.00000E+01 8.00000E+01
p-B011-MT089-Hoehn-F0288002-E0006.779.1981                       1 2.00000E+01 1.40000E+02
p-B011-MT089-Hoehn-F0288002-E0006.783.1981                       1 1.40000E+02 1.40000E+02
p-B011-MT089-Hussein-F0826003-E0014.300.1986                    52 1.94000E+01 1.37900E+02
p-B011-MT089-Kayumov-A1301006-E0018.600.1988                    19 1.99792E-01 9.05000E+01
p-B011-MT089-Marion-F0126006-E0003.460.1955                      1 4.99999E+00 4.99999E+00
p-B011-MT089-Schelin-F0331002-E0013.700.1985                    66 3.00000E+01 3.00000E+01
p-B011-MT089-Schelin-F0331005-E0014.000.1985                    11 1.87000E+01 1.54300E+02
p-B011-MT089-Schelin-F0331005-E0014.300.1985                    11 2.08000E+01 1.53600E+02
p-B011-MT089-Schelin-F0331005-E0014.600.1985                    14 1.98000E+01 1.52500E+02
p-B011-MT089-Taddeucci-C0113002-E0160.000.1990                   2 0.00000E+00 0.00000E+00
p-B011-MT089-Taddeucci-C0113003-E0494.000.1990                   3 0.00000E+00 0.00000E+00
p-B011-MT089-Vanderzwan-A0317002-E0003.024.1978                 87 0.00000E+00 0.00000E+00
p-B011-MT089-Vanderzwan-A0317003-E0003.146.1978                190 0.00000E+00 1.60800E+02
p-B011-MT089-Walker-F0129003-E0007.100.1965                     15 6.49999E+00 1.56800E+02
p-B011-MT089-Walker-F0129003-E0008.200.1965                     14 1.22000E+01 1.57000E+02
p-B011-MT089-Yang-C0428005-E0186.000.1995                       55 0.00000E+00 5.07000E+01
