#              Filename                                         N    min         max
n-Zn000-MT002-Abuelela-30217006.1968                             1 5.45900E-08 5.45900E-08
n-Zn000-MT002-Cox-10332082.1972                                  1 8.75000E-01 8.75000E-01
n-Zn000-MT002-Cox-10332082A001.1972                              1 8.75000E-01 8.75000E-01
n-Zn000-MT002-Hibdon-11261019.1949                               2 1.20000E-04 3.45000E-04
n-Zn000-MT002-Holmqvist-20019168.1969                            8 2.47000E+00 8.05000E+00
n-Zn000-MT002-Kazakova-40706008.1965                             1 2.00000E+00 2.00000E+00
n-Zn000-MT002-Korzh-40179017.1972                                1 1.50000E+00 1.50000E+00
n-Zn000-MT002-Korzh-40762004.1963                                1 6.50000E-01 6.50000E-01
n-Zn000-MT002-Korzh-40763010.1963                                1 3.00000E-01 3.00000E-01
n-Zn000-MT002-Machwe-11572028.1959                               1 3.66000E+00 3.66000E+00
n-Zn000-MT002-Mitchell-14700011.1936                             1 2.53000E-08 2.53000E-08
n-Zn000-MT002-Pasechnik-40683004.1964                            2 5.00000E-01 8.00000E-01
n-Zn000-MT002-Seth-11788003.1958                                 1 1.03000E-03 1.03000E-03
n-Zn000-MT002-Smith-11749009.1964                               26 3.00000E-01 1.50000E+00
n-Zn000-MT002-Tsukada-20341014.1961                              5 3.50000E+00 4.80000E+00
n-Zn000-MT002-Walt-11215022.1955                                 1 4.10000E+00 4.10000E+00
n-Zn000-MT002-Walt-11215022A001.1955                             1 4.10000E+00 4.10000E+00
n-Zn000-MT002-Walt-11637017.1954                                 1 1.00000E+00 1.00000E+00
n-Zn000-MT002-Winsberg-12625006.1949                             1 2.53000E-08 2.53000E-08
n-Zn000-MT002-ZoInOkkk-40937005.1985                            21 3.60000E-03 4.42000E-01
