#              Filename                                         N    min         max     
n-U235-MT464-Flynn-10517006-E2.53E-08.1975                       3 2.53000E-08 2.53000E-08
n-U235-MT464-Flynn-10517006-E2.53E-08A001.1975                   3 2.53000E-08 2.53000E-08
n-U235-MT464-Glendenin-127290041-E0000.170.1981                  1 1.70000E-01 1.70000E-01
n-U235-MT464-Glendenin-127290041-E0000.550.1981                  1 5.50000E-01 5.50000E-01
n-U235-MT464-Glendenin-127290041-E0001.000.1981                  1 1.00000E+00 1.00000E+00
n-U235-MT464-Glendenin-127290041-E0002.000.1981                  1 2.00000E+00 2.00000E+00
n-U235-MT464-Glendenin-127290041-E0004.000.1981                  1 4.00000E+00 4.00000E+00
n-U235-MT464-Glendenin-127290041-E0005.500.1981                  1 5.50000E+00 5.50000E+00
n-U235-MT464-Glendenin-127290041-E0006.300.1981                  1 6.30000E+00 6.30000E+00
n-U235-MT464-Glendenin-127290041-E0007.100.1981                  2 7.10000E+00 7.10000E+00
n-U235-MT464-Glendenin-127290042-E0000.170.1981                  1 1.70000E-01 1.70000E-01
n-U235-MT464-Glendenin-127290042-E0000.550.1981                  1 5.50000E-01 5.50000E-01
n-U235-MT464-Glendenin-127290042-E0001.000.1981                  1 1.00000E+00 1.00000E+00
n-U235-MT464-Glendenin-127290042-E0002.000.1981                  1 2.00000E+00 2.00000E+00
n-U235-MT464-Glendenin-127290042-E0004.000.1981                  1 4.00000E+00 4.00000E+00
n-U235-MT464-Glendenin-127290042-E0005.500.1981                  1 5.50000E+00 5.50000E+00
n-U235-MT464-Glendenin-127290042-E0006.300.1981                  1 6.30000E+00 6.30000E+00
n-U235-MT464-Glendenin-127290042-E0007.100.1981                  2 7.10000E+00 7.10000E+00
n-U235-MT464-Strom-13073006-E2.53E-08.1966                       3 2.53000E-08 2.53000E-08
n-U235-MT464-Rosman-14087005-E2.53E-08.1983                      7 2.53000E-08 2.53000E-08
n-U235-MT464-Rosman-14087005-E2.00E-07.1983                      5 2.00000E-07 2.00000E-07
n-U235-MT464-Yanez-14394002-E0003.700.2014                       1 3.70000E+00 3.70000E+00
n-U235-MT464-Yanez-14394002-E0004.660.2014                       1 4.66000E+00 4.66000E+00
n-U235-MT464-Yanez-14394002-E0005.820.2014                       1 5.82000E+00 5.82000E+00
n-U235-MT464-Yanez-14394002-E0007.200.2014                       1 7.20000E+00 7.20000E+00
n-U235-MT464-Yanez-14394002-E0008.920.2014                       1 8.92000E+00 8.92000E+00
n-U235-MT464-Yanez-14394002-E0011.870.2014                       1 1.18700E+01 1.18700E+01
n-U235-MT464-Yanez-14394002-E0016.830.2014                       1 1.68300E+01 1.68300E+01
n-U235-MT464-Yanez-14394002-E0024.240.2014                       1 2.42400E+01 2.42400E+01
n-U235-MT464-Yanez-14394002-E0034.150.2014                       2 3.41500E+01 3.41500E+01
n-U235-MT464-Yanez-14513002-E0002.340.2018                       1 2.34000E+00 2.34000E+00
n-U235-MT464-Yanez-14513002-E0002.710.2018                       1 2.71000E+00 2.71000E+00
n-U235-MT464-Yanez-14513002-E0003.125.2018                       1 3.12500E+00 3.12500E+00
n-U235-MT464-Yanez-14513002-E0003.640.2018                       1 3.64000E+00 3.64000E+00
n-U235-MT464-Yanez-14513002-E0004.290.2018                       1 4.29000E+00 4.29000E+00
n-U235-MT464-Yanez-14513002-E0005.100.2018                       1 5.10000E+00 5.10000E+00
n-U235-MT464-Yanez-14513002-E0006.135.2018                       1 6.13500E+00 6.13500E+00
n-U235-MT464-Yanez-14513002-E0007.285.2018                       1 7.28500E+00 7.28500E+00
n-U235-MT464-Yanez-14513002-E0008.555.2018                       1 8.55500E+00 8.55500E+00
n-U235-MT464-Yanez-14513002-E0010.255.2018                       1 1.02550E+01 1.02550E+01
n-U235-MT464-Yanez-14513002-E0012.625.2018                       1 1.26250E+01 1.26250E+01
n-U235-MT464-Yanez-14513002-E0015.825.2018                       1 1.58250E+01 1.58250E+01
n-U235-MT464-Yanez-14513002-E0020.025.2018                       1 2.00250E+01 2.00250E+01
n-U235-MT464-Yanez-14513002-E0025.250.2018                       1 2.52500E+01 2.52500E+01
n-U235-MT464-Yanez-14513002-E0031.650.2018                       1 3.16500E+01 3.16500E+01
n-U235-MT464-Yanez-14513002-E0039.050.2018                       1 3.90500E+01 3.90500E+01
n-U235-MT464-Yanez-14513002-E0047.500.2018                       1 4.75000E+01 4.75000E+01
n-U235-MT464-Yanez-14513002-E0057.750.2018                       1 5.77500E+01 5.77500E+01
n-U235-MT464-Yanez-14513002-E0071.700.2018                       2 7.17000E+01 7.17000E+01
n-U235-MT464-Kaufman-145340022-E2.53E-08.1974                    1 1.00000E+20 0.00000E+00
n-U235-MT464-Kaufman-145340031-E2.53E-08.1974                    1 1.00000E+20 0.00000E+00
n-U235-MT464-Kaufman-145340032-E2.53E-08.1974                    1 1.00000E+20 0.00000E+00
n-U235-MT464-Kaufman-14534004-E2.53E-08.1974                     1 1.00000E+20 0.00000E+00
n-U235-MT464-Meadows-145950033-E2.53E-08.1969                    3 2.53000E-08 2.53000E-08
n-U235-MT464-Meadows-145950033-E0000.120.1969                    3 1.20000E-01 1.20000E-01
n-U235-MT464-Meadows-145950033-E0000.500.1969                    3 5.00000E-01 5.00000E-01
n-U235-MT464-Meadows-145950033-E0006.000.1969                    3 6.00000E+00 6.00000E+00
n-U235-MT464-Wohlfarth-21054069-E2.53E-08.1976                  31 2.53000E-08 2.53000E-08
n-U235-MT464-Wohlfarth-21054070-E2.53E-08.1976                  31 2.53000E-08 2.53000E-08
n-U235-MT464-Wohlfarth-21054071-E2.53E-08.1976                  31 2.53000E-08 2.53000E-08
n-U235-MT464-Wohlfarth-21054072-E2.53E-08.1976                  29 2.53000E-08 2.53000E-08
n-U235-MT464-Wohlfarth-21054073-E2.53E-08.1976                  29 2.53000E-08 2.53000E-08
n-U235-MT464-Wohlfarth-21054074-E2.53E-08.1976                  26 2.53000E-08 2.53000E-08
n-U235-MT464-Wohlfarth-21054075-E2.53E-08.1976                  23 2.53000E-08 2.53000E-08
n-U235-MT464-Maslin-21095009-E2.53E-08.1967                     62 2.53000E-08 2.53000E-08
n-U235-MT464-Ristori-21556003-E2.53E-08.1976                     6 2.53000E-08 2.53000E-08
n-U235-MT464-Siegert-21562003-E2.53E-08.1975                     9 2.53000E-08 2.53000E-08
n-U235-MT464-Siegert-21605003-E2.53E-08.1976                    22 2.53000E-08 2.53000E-08
n-U235-MT464-Blachot-21736003-E2.53E-08.1974                    16 2.53000E-08 2.53000E-08
n-U235-MT464-Blachot-21736006-E0001.500.1974                    21 1.50000E+00 1.50000E+00
n-U235-MT464-Mueller-218340051-E0000.500.1981                    2 5.00000E-01 5.00000E-01
n-U235-MT464-Mueller-218340052-E0000.500.1981                    2 5.00000E-01 5.00000E-01
n-U235-MT464-Fahland-22060004-E2.53E-08.1970                     3 2.53000E-08 2.53000E-08
n-U235-MT464-Kapoor-330320051-E0004.200.1965                     1 1.00000E+20 0.00000E+00
n-U235-MT464-Kapoor-330320052-E0004.200.1965                     1 1.00000E+20 0.00000E+00
n-U235-MT464-Dyachenko-40234003-E0015.500.1968                  38 1.55000E+01 1.55000E+01
n-U235-MT464-Dyachenko-402350021-E2.53E-08.1969                  1 2.53000E-08 2.53000E-08
n-U235-MT464-Dyachenko-402350021-E0000.280.1969                  1 2.80000E-01 2.80000E-01
n-U235-MT464-Dyachenko-402350021-E0000.730.1969                  1 7.30000E-01 7.30000E-01
n-U235-MT464-Dyachenko-402350021-E0001.080.1969                  1 1.08000E+00 1.08000E+00
n-U235-MT464-Dyachenko-402350021-E0001.330.1969                  1 1.33000E+00 1.33000E+00
n-U235-MT464-Dyachenko-402350021-E0001.690.1969                  1 1.69000E+00 1.69000E+00
n-U235-MT464-Dyachenko-402350021-E0002.020.1969                  1 2.02000E+00 2.02000E+00
n-U235-MT464-Dyachenko-402350021-E0002.530.1969                  1 2.53000E+00 2.53000E+00
n-U235-MT464-Dyachenko-402350021-E0003.070.1969                  1 3.07000E+00 3.07000E+00
n-U235-MT464-Dyachenko-402350021-E0003.510.1969                  1 3.51000E+00 3.51000E+00
n-U235-MT464-Dyachenko-402350021-E0005.000.1969                  1 5.00000E+00 5.00000E+00
n-U235-MT464-Dyachenko-402350021-E0006.000.1969                  1 6.00000E+00 6.00000E+00
n-U235-MT464-Dyachenko-402350021-E0007.000.1969                  2 7.00000E+00 7.00000E+00
n-U235-MT464-Dyachenko-402350022-E2.53E-08.1969                  1 2.53000E-08 2.53000E-08
n-U235-MT464-Dyachenko-402350022-E0000.280.1969                  1 2.80000E-01 2.80000E-01
n-U235-MT464-Dyachenko-402350022-E0000.730.1969                  1 7.30000E-01 7.30000E-01
n-U235-MT464-Dyachenko-402350022-E0001.080.1969                  1 1.08000E+00 1.08000E+00
n-U235-MT464-Dyachenko-402350022-E0001.330.1969                  1 1.33000E+00 1.33000E+00
n-U235-MT464-Dyachenko-402350022-E0001.690.1969                  1 1.69000E+00 1.69000E+00
n-U235-MT464-Dyachenko-402350022-E0002.020.1969                  1 2.02000E+00 2.02000E+00
n-U235-MT464-Dyachenko-402350022-E0002.530.1969                  1 2.53000E+00 2.53000E+00
n-U235-MT464-Dyachenko-402350022-E0003.070.1969                  1 3.07000E+00 3.07000E+00
n-U235-MT464-Dyachenko-402350022-E0003.510.1969                  1 3.51000E+00 3.51000E+00
n-U235-MT464-Dyachenko-402350022-E0005.000.1969                  1 5.00000E+00 5.00000E+00
n-U235-MT464-Dyachenko-402350022-E0006.000.1969                  1 6.00000E+00 6.00000E+00
n-U235-MT464-Dyachenko-402350022-E0007.000.1969                  2 7.00000E+00 7.00000E+00
n-U235-MT464-Vorobeva-402400021-E0003.000.1970                   2 3.00000E+00 3.00000E+00
n-U235-MT464-Vorobeva-402400022-E0003.000.1970                   2 3.00000E+00 3.00000E+00
n-U235-MT464-Vorobeva-402400061-E2.53E-08.1970                   2 2.53000E-08 2.53000E-08
n-U235-MT464-Vorobeva-402400062-E2.53E-08.1970                   2 2.53000E-08 2.53000E-08
n-U235-MT464-Andreev-405270071-E2.53E-08.1977                    1 1.00000E+20 0.00000E+00
n-U235-MT464-Andreev-405270072-E2.53E-08.1977                    1 1.00000E+20 0.00000E+00
n-U235-MT464-Zeynalov-41544006-E2.50E-08.2006                    1 1.00000E+20 0.00000E+00
n-U235-MT464-Zeynalov-41544007-E2.65E-05.2006                    1 2.65000E-05 2.65000E-05
n-U235-MT464-Zeynalov-41544007-E1.46E-05.2006                    1 1.46000E-05 1.46000E-05
n-U235-MT464-Zeynalov-41544007-E1.01E-05.2006                    1 1.01000E-05 1.01000E-05
n-U235-MT464-Zeynalov-41544007-E7.70E-06.2006                    1 7.70000E-06 7.70000E-06
n-U235-MT464-Zeynalov-41544007-E6.00E-06.2006                    1 6.00000E-06 6.00000E-06
n-U235-MT464-Zeynalov-41544007-E4.20E-06.2006                    2 4.20000E-06 4.20000E-06
n-U235-MT464-Artemev-416950021-E0014.800.1970                    1 1.00000E+20 0.00000E+00
n-U235-MT464-Artemev-416950022-E0014.800.1970                    1 1.00000E+20 0.00000E+00
