#              Filename                                         N    min         max
n-Zr000-MT002-Ahn-11865003-ang-E0014.100.1957                    6 1.99484E+01 1.20000E+02
n-Zr000-MT002-Anderson-11487004-ang-E0014.600.1959              15 8.58000E+01 1.54200E+02
n-Zr000-MT002-Baba-22480005-ang-E0055.000.2002                  75 2.59993E+00 5.30000E+01
n-Zr000-MT002-Becker-11511020-ang-E0003.200.1966                13 2.01988E+01 1.40399E+02
n-Zr000-MT002-Beyster-11220019-ang-E0002.500.1956               14 1.27000E+01 1.58400E+02
n-Zr000-MT002-Beyster-11220019-ang-E0002.500A001.1956           14 1.27000E+01 1.58400E+02
n-Zr000-MT002-Beyster-11220019-ang-E0007.000.1956               17 1.27000E+01 1.49100E+02
n-Zr000-MT002-Beyster-11220019-ang-E0007.000A001.1956           17 1.27000E+01 1.49100E+02
n-Zr000-MT002-Bostrom-11130018-ang-E0003.670.1959               39 2.00000E+01 1.40000E+02
n-Zr000-MT002-Bostrom-11130021-ang-E0001.450.1959               11 2.01000E+01 1.40000E+02
n-Zr000-MT002-Bostrom-11130021-ang-E0001.450A001.1959           11 2.01000E+01 1.40000E+02
n-Zr000-MT002-Buccino-11877002-ang-E0005.000.1966               13 1.99988E+01 1.39996E+02
n-Zr000-MT002-Chiba-13505002-ang-E0004.500.1992                 80 1.45000E+01 1.57000E+02
n-Zr000-MT002-Chiba-13505002-ang-E0005.000.1992                 80 1.45000E+01 1.57000E+02
n-Zr000-MT002-Clarke-11768006-ang-E0014.100.1967                12 1.48000E+01 1.11400E+02
n-Zr000-MT002-Cox-10332013-ang-E0000.902.1972                    8 2.10000E+01 1.57000E+02
n-Zr000-MT002-Cox-10332013-ang-E0000.902A001.1972                8 2.10000E+01 1.57000E+02
n-Zr000-MT002-Cox-11519010-ang-E0000.671.1966                  424 1.99988E+01 1.60001E+02
n-Zr000-MT002-Darden-11638005-ang-E0000.500.1955                 1 7.99998E+00 3.00000E+01
n-Zr000-MT002-Darden-11638005-ang-E0001.000.1955                 5 7.99998E+00 3.00000E+01
n-Zr000-MT002-Darden-11638005-ang-E0001.550.1955                 2 1.40000E+01 3.00000E+01
n-Zr000-MT002-Hans-11867003-ang-E0003.700.1957                  18 1.82000E+01 1.41300E+02
n-Zr000-MT002-Kazakova-40706050-ang-E0002.000.1965               8 2.00000E+01 1.60000E+02
n-Zr000-MT002-Kent-11617029-ang-E0003.660.1962                  18 2.49000E+01 1.44800E+02
n-Zr000-MT002-Korzh-40762007-ang-E0000.650.1963                  8 3.00029E+01 1.39996E+02
n-Zr000-MT002-Korzh-40764007-ang-E0000.300.1964                 16 3.00029E+01 1.39996E+02
n-Zr000-MT002-Leshchenko-40088006-ang-E0014.000.1972            11 3.00000E+01 1.30000E+02
n-Zr000-MT002-Nijenhuis-20230002-ang-E0025.200.1971             11 2.96006E+01 1.09000E+02
n-Zr000-MT002-Pasechnik-40683007-ang-E0000.800.1964              8 3.00029E+01 1.39996E+02
n-Zr000-MT002-Reitmann-11854008-ang-E0000.340.1963             171 3.00000E+01 1.44000E+02
n-Zr000-MT002-Smith-12801003-ang-E0003.000.1984                 20 1.95000E+01 1.57000E+02
n-Zr000-MT002-Smith-12801003-ang-E0003.200.1984                 20 1.95000E+01 1.55000E+02
n-Zr000-MT002-Strizhak-40761003-ang-E0002.900.1960              11 2.50000E+01 1.45000E+02
n-Zr000-MT002-Takahashi-22753005-ang-E0014.100.1992             16 1.50000E+01 1.60000E+02
n-Zr000-MT002-Trykova-40338005-ang-E0004.370.1975               14 2.00000E+01 1.50000E+02
n-Zr000-MT002-Walt-11215029-ang-E0004.100.1955                  14 1.41000E+01 1.48200E+02
n-Zr000-MT002-Walt-11215029-ang-E0004.100A001.1955              14 1.41000E+01 1.48200E+02
n-Zr000-MT002-Walt-11637028-ang-E0001.000.1954                   9 3.07000E+01 1.49200E+02
n-Zr000-MT002-WanDairongg-32522002-ang-E0014.200.1992           23 9.86001E+00 1.40400E+02
n-Zr000-MT002-WanDairongg-32523002-ang-E0014.700.1991            7 3.60000E+00 1.40000E+01
n-Zr000-MT002-Weddell-11615003-ang-E0004.400.1955                1 9.00000E+01 9.00000E+01
n-Zr000-MT002-Wells-11121013-ang-E0001.542.1963                 19 5.95000E+01 5.95000E+01
n-Zr000-MT002-Wells-11121014-ang-E0001.542.1963                 19 1.29500E+02 1.29500E+02
