#              Filename                                         N    min         max
n-S000-MT001-Abfalterer-13753012.2001                          467 5.29300E+00 5.59100E+02
n-S000-MT001-Adair-11582002.1949                                24 1.50000E-02 1.42000E-01
n-S000-MT001-Ageno-21263005.1953                                 1 1.40000E+01 1.40000E+01
n-S000-MT001-Anderson-14689009.1946                              2 1.55160E-09 2.53000E-08
n-S000-MT001-Anderson-14689010.1946                              3 1.55160E-09 2.53000E-08
n-S000-MT001-Angeli-30113011.1970                                1 1.45000E+01 1.45000E+01
n-S000-MT001-Artemov-31807004.2020                               1 1.41000E+01 1.41000E+01
n-S000-MT001-Bessheyko-41250003.1992                             1 1.45700E+01 1.45700E+01
n-S000-MT001-Brugger-11534004.1956                              32 2.49000E-04 1.25000E-02
n-S000-MT001-Cabe-20480007.1973                                737 1.18300E+00 4.95200E+00
n-S000-MT001-Cabe-20480008.1973                                451 3.00000E-02 1.19500E+00
n-S000-MT001-Carlson-11497005.1967                             459 4.50000E+00 1.33900E+01
n-S000-MT001-Cierjacks-20010005.1968                          5115 5.00100E-01 3.19400E+01
n-S000-MT001-Cook-11074012.1954                                  3 1.41000E+01 1.80000E+01
n-S000-MT001-Cook-11074012A001.1954                              3 1.41000E+01 1.80000E+01
n-S000-MT001-Coon-12524061.1952                                  1 1.41200E+01 1.41200E+01
n-S000-MT001-Cranberg-11499003.1957                             36 5.56600E-01 6.02500E-01
n-S000-MT001-Cuzzocrea-21221003.1960                            77 2.92000E+00 5.17000E+00
n-S000-MT001-Deconninck-20195006.1961                            1 2.84000E+01 2.84000E+01
n-S000-MT001-Fasoli-20978006.1966                              146 4.90000E+00 8.64500E+00
n-S000-MT001-Ferguson-11584002.1968                            100 1.79200E+00 2.60700E+00
n-S000-MT001-Fields-11260011.1947                                5 2.40000E-02 8.30000E-01
n-S000-MT001-Filippov-40082006.1968                             11 8.20000E-01 3.55000E+00
n-S000-MT001-Fosterjr-10047018.1971                            244 2.25900E+00 1.48880E+01
n-S000-MT001-Fosterjr-10047018A001.1971                        244 2.25900E+00 1.48880E+01
n-S000-MT001-Freier-11294006.1950                               27 1.41000E+00 1.92000E+00
n-S000-MT001-Harvey-13873002.1977                             1543 3.62620E-04 5.82050E-02
n-S000-MT001-Harvey-13873003.1977                             1843 2.93730E-04 5.38860E-02
n-S000-MT001-Harvey-13873004.1977                             1410 2.37640E-04 2.97990E-02
n-S000-MT001-Hibdon-11261010.1949                                2 1.20000E-04 3.45000E-04
n-S000-MT001-Hildebrand-11039014.1950                            1 4.20000E+01 4.20000E+01
n-S000-MT001-Hildebrand-11039014A001.1950                        1 4.20000E+01 4.20000E+01
n-S000-MT001-Huijer-20232002.1958                               16 4.15000E-01 1.18000E+00
n-S000-MT001-Hussain-30242002.1969                               7 5.30000E-02 1.53000E-01
n-S000-MT001-Kao-30050002.1967                                  24 5.36000E+00 6.28000E+00
n-S000-MT001-Koester-20857019.1979                               1 5.10000E-10 5.10000E-10
n-S000-MT001-Kondaiah-30343004.1973                              1 2.50000E-02 2.50000E-02
n-S000-MT001-Maayouf-30466002.1968                             113 2.17000E-09 3.88000E-07
n-S000-MT001-Machwe-11572005.1959                                1 3.66000E+00 3.66000E+00
n-S000-MT001-Macklin-11575005.1964                             128 2.00000E-02 4.00000E-02
n-S000-MT001-Mcgarry-13050006.1955                               1 1.40000E+01 1.40000E+01
n-S000-MT001-Nedzel-13568008.1954                                1 4.10000E+02 4.10000E+02
n-S000-MT001-Nereson-11060008.1953                              36 3.12800E+00 1.33730E+01
n-S000-MT001-Nereson-11060008A001.1953                          36 3.12800E+00 1.33730E+01
n-S000-MT001-Peterson-11558002.1950                            320 1.42000E-01 1.41500E+00
n-S000-MT001-Rainwater-11145006.1948                            44 2.43000E-08 2.46000E-04
n-S000-MT001-Rainwater-11145006A001.1948                        44 2.43000E-08 2.46000E-04
n-S000-MT001-Ricamo-21168003.1951                               58 1.90000E+00 3.67000E+00
n-S000-MT001-Stafford-22559005.1951                             21 2.00000E+00 5.80000E+00
n-S000-MT001-Tsukada-20292008.1963                              59 3.05100E+00 5.04800E+00
n-S000-MT001-Tsukada-22628005.1966                               2 3.95000E+00 4.70000E+00
n-S000-MT001-Vertebnyi-40615005.1982                            76 2.50000E-08 2.61000E-06
n-S000-MT001-Waschkowski-20603004.1976                           2 1.26000E-06 5.19000E-06
n-S000-MT001-Whalen-11540002.1966                              540 1.01500E-01 6.49000E-01
n-S000-MT001-Willsjr-11319008.1958                              12 5.80000E-01 5.93000E-01
n-S000-MT001-Zinn-11136012.1939                                  2 2.46000E+00 2.88000E+00
n-S000-MT001-Zinn-11136012A001.1939                              2 2.46000E+00 2.88000E+00
