#              Filename                                         N    min         max
p-C013-MT802-Abdelkariem-F0534002-E0018.000.1988                30 7.99998E+00 1.58500E+02
p-C013-MT802-Abdelkariem-F0534002-E0022.500.1988                29 7.99998E+00 1.69900E+02
p-C013-MT802-Abdelkariem-F0534004-E0027.000.1988                29 1.25000E+01 1.67700E+02
p-C013-MT802-Abdelkariem-F0534004-E0031.000.1988                29 1.15000E+01 1.61500E+02
p-C013-MT802-Abdelkariem-F0534004-E0036.000.1988                30 1.04000E+01 1.63800E+02
p-C013-MT802-Abdelkariem-F0534004-E0041.000.1988                27 1.04000E+01 1.68700E+02
p-C013-MT802-Abdelkariem-F0534004-E0045.000.1988                27 1.15000E+01 1.68200E+02
p-C013-MT802-Oberg-C2711003-E0007.950.1975                       7 2.09380E+01 1.09530E+02
p-C013-MT802-Oberg-C2711003-E0008.400.1975                      11 2.08580E+01 1.70147E+02
p-C013-MT802-Oberg-C2711003-E0008.700.1975                      14 1.31680E+01 1.70136E+02
p-C013-MT802-Oberg-C2711003-E0009.400.1975                      17 1.31680E+01 1.71896E+02
p-C013-MT802-Oberg-C2711003-E0010.200.1975                      15 3.09300E+01 1.70134E+02
p-C013-MT802-Oberg-C2711003-E0010.900.1975                      14 1.32530E+01 1.71807E+02
p-C013-MT802-Oberg-C2711003-E0011.400.1975                      17 1.32530E+01 1.71807E+02
p-C013-MT802-Oberg-C2711003-E0012.000.1975                      17 1.29950E+01 1.72720E+02
p-C013-MT802-Oberg-C2711003-E0013.150.1975                      17 9.53399E+00 1.71818E+02
p-C013-MT802-Oberg-C2711003-E0014.000.1975                      17 9.53399E+00 1.69240E+02
p-C013-MT802-Oberg-C2711003-E0015.000.1975                      17 1.05790E+01 1.69624E+02
p-C013-MT802-Oberg-C2711003-E0016.000.1975                      16 8.49498E+00 1.73215E+02
p-C013-MT802-Oberg-C2711003-E0017.000.1975                      17 8.49498E+00 1.66996E+02
p-C013-MT802-Oberg-C2711003-E0018.000.1975                      17 8.69798E+00 1.67447E+02
