#              Filename                                         N    min         max
n-Bi209-MT002-Allen-12207016-ang-E0000.500.1956                  9 2.50000E+01 1.30000E+02
n-Bi209-MT002-Annand-12903003-ang-E0004.000.1985               240 1.00000E+01 1.60000E+02
n-Bi209-MT002-Annand-22029006-ang-E0003.000.1985                22 1.99000E+01 1.66900E+02
n-Bi209-MT002-Becker-11511037-ang-E0003.200.1966                13 2.00000E+01 1.40000E+02
n-Bi209-MT002-Begum-30633010-ang-E0002.900.1981                 11 2.00000E+01 1.60000E+02
n-Bi209-MT002-Beyster-11220033-ang-E0002.500.1956               15 1.28000E+01 1.58300E+02
n-Bi209-MT002-Beyster-11220033-ang-E0002.500A001.1956           15 1.28000E+01 1.58300E+02
n-Bi209-MT002-Beyster-11220033-ang-E0007.000.1956               18 1.28000E+01 1.48700E+02
n-Bi209-MT002-Beyster-11220033-ang-E0007.000A001.1956           18 1.28000E+01 1.48700E+02
n-Bi209-MT002-Bostrom-11130028-ang-E0004.210.1959               13 2.00000E+01 1.40000E+02
n-Bi209-MT002-Bostrom-11130028-ang-E0004.210A001.1959           13 2.00000E+01 1.40000E+02
n-Bi209-MT002-Brugger-21241003-ang-E0003.400.1955                9 3.00029E+01 1.49997E+02
n-Bi209-MT002-Bucher-10556002-ang-E0011.000.1975                 4 3.10009E+00 1.48000E+01
n-Bi209-MT002-Bucher-10556002-ang-E0011.000A001.1975             4 3.10009E+00 1.48000E+01
n-Bi209-MT002-Bucher-10556002-ang-E0014.000.1975                 4 3.10009E+00 1.48000E+01
n-Bi209-MT002-Bucher-10556002-ang-E0014.000A001.1975             4 3.10009E+00 1.48000E+01
n-Bi209-MT002-Cox-10332033-ang-E0000.888.1972                    8 2.10000E+01 1.57000E+02
n-Bi209-MT002-Cox-10332033-ang-E0000.888A001.1972                8 2.10000E+01 1.57000E+02
n-Bi209-MT002-Cranberg-13578005-ang-E0002.500.1967              28 2.57102E+01 1.61805E+02
n-Bi209-MT002-Cross-11465010-ang-E0014.600.1960                 34 7.89998E+00 1.30300E+02
n-Bi209-MT002-Darden-11638010-ang-E0000.500.1955                 1 7.99998E+00 3.00000E+01
n-Bi209-MT002-Darden-11638010-ang-E0001.000.1955                 5 7.99998E+00 3.00000E+01
n-Bi209-MT002-Darden-11638010-ang-E0001.550.1955                 2 1.40000E+01 3.00000E+01
n-Bi209-MT002-Das-13199003-ang-E0007.500.1990                  426 1.01000E+01 1.59600E+02
n-Bi209-MT002-Day-12191013-ang-E0000.500.1965                   30 2.02000E+01 1.49700E+02
n-Bi209-MT002-Deconninck-21858009-ang-E0014.000.1961             3 9.00000E+01 9.00000E+01
n-Bi209-MT002-Drigo-20664005-ang-E0002.450.1973                  3 2.10003E+00 4.99999E+00
n-Bi209-MT002-Elliot-11568006-ang-E0014.000.1956                12 4.99999E+00 7.00000E+01
n-Bi209-MT002-Ferrer-10633022-ang-E0011.010.1977                29 1.50000E+01 1.55000E+02
n-Bi209-MT002-Ferrer-10633022-ang-E0011.010A001.1977            29 1.50000E+01 1.55000E+02
n-Bi209-MT002-Finlay-13532003-ang-E0020.000.1991                15 1.50000E+01 1.53500E+02
n-Bi209-MT002-Giordano-20806011-ang-E0002.500.1978               5 2.10003E+00 9.09999E+00
n-Bi209-MT002-Gorlov-40221035-ang-E0004.000.1965                17 1.09167E+01 1.69750E+02
n-Bi209-MT002-Gorlov-40307010-ang-E0004.000.1968                 8 2.19998E+00 2.10000E+01
n-Bi209-MT002-Hansen-12935014-ang-E0014.600.1985                15 9.24399E+00 1.59098E+02
n-Bi209-MT002-Holmqvist-20019214-ang-E0006.090.1969             59 2.00000E+01 1.60000E+02
n-Bi209-MT002-Hudsonjr-12180009-ang-E0015.200.1962              29 1.00000E+01 1.60000E+02
n-Bi209-MT002-Hussein-10645002-ang-E0010.400.1977               13 2.59993E+00 5.00000E+01
n-Bi209-MT002-Hussein-10645002-ang-E0010.400A001.1977           13 2.59993E+00 5.00000E+01
n-Bi209-MT002-Kazakova-40706044-ang-E0002.000.1965               8 2.00000E+01 1.60000E+02
n-Bi209-MT002-Korzh-40532005-ang-E0002.000.1977                 27 2.00000E+01 1.50000E+02
n-Bi209-MT002-Kuijper-20223009-ang-E0014.760.1972                8 2.30000E+01 1.20100E+02
n-Bi209-MT002-Lawson-13120002-ang-E0004.500.1987               588 1.64000E+01 1.56000E+02
n-Bi209-MT002-Lovchikova-40168006-ang-E0000.900.1957             6 3.06834E+01 1.49317E+02
n-Bi209-MT002-MaGongguii-30762010-ang-E0014.200.1988             5 1.69996E+00 1.00000E+01
n-Bi209-MT002-Matoba-20308002-ang-E0014.100.1973                25 1.00000E+01 1.60000E+02
n-Bi209-MT002-Morozov-41657003-ang-E0004.000.1970                9 1.46500E+02 1.77750E+02
n-Bi209-MT002-Olsson-21825002-ang-E0001.482.1982               357 1.51000E+01 1.62300E+02
n-Bi209-MT002-Olsson-22048026-ang-E0021.600.1987                49 1.00000E+01 1.61800E+02
n-Bi209-MT002-Pasechnik-40336100-ang-E0002.800.1958              9 2.30000E+01 1.48000E+02
n-Bi209-MT002-Pasechnik-40683019-ang-E0000.500.1964             16 3.00029E+01 1.39996E+02
n-Bi209-MT002-Poenitz-23156006-ang-E0003.990.2011               15 1.32700E+01 1.59950E+02
n-Bi209-MT002-Poole-21377013-ang-E0002.400.1953                  1 9.70000E+01 9.70000E+01
n-Bi209-MT002-Popov-40367014-ang-E0002.900.1957                  6 3.01413E+01 1.50123E+02
n-Bi209-MT002-Rayburn-11806006-ang-E0014.000.1959               26 1.02000E+01 1.65000E+02
n-Bi209-MT002-Remund-21242005-ang-E0003.300.1956                 9 3.00029E+01 1.49997E+02
n-Bi209-MT002-Rosen-11223011-ang-E0014.000.1957                  4 1.99000E+01 6.97000E+01
n-Bi209-MT002-Rosen-11223011-ang-E0014.000A001.1957              4 1.99000E+01 6.97000E+01
n-Bi209-MT002-Schreder-22121014-ang-E0007.820.1989              20 2.10000E+01 1.24000E+02
n-Bi209-MT002-Schweitzer-30463056-ang-E0003.400.1978            12 1.49000E+01 1.49900E+02
n-Bi209-MT002-Simakov-40603005-ang-E0004.990.1982               24 3.12000E+01 1.51300E+02
n-Bi209-MT002-Smith-10846003-ang-E0001.500.1980                 33 1.95000E+01 1.59000E+02
n-Bi209-MT002-Smith-10846003-ang-E0001.500A001.1980             33 1.95000E+01 1.59000E+02
n-Bi209-MT002-Smith-10846003-ang-E0001.600.1980                 10 2.03000E+01 1.57000E+02
n-Bi209-MT002-Smith-10846003-ang-E0001.600A001.1980             10 2.03000E+01 1.57000E+02
n-Bi209-MT002-Smith-10846003-ang-E0001.700.1980                 25 1.98000E+01 1.60000E+02
n-Bi209-MT002-Smith-10846003-ang-E0001.700A001.1980             25 1.98000E+01 1.60000E+02
n-Bi209-MT002-Smith-10846003-ang-E0001.800.1980                 37 1.93000E+01 1.63000E+02
n-Bi209-MT002-Smith-10846003-ang-E0001.800A001.1980             37 1.93000E+01 1.63000E+02
n-Bi209-MT002-Smith-10846003-ang-E0001.900.1980                 28 1.93000E+01 1.59000E+02
n-Bi209-MT002-Smith-10846003-ang-E0001.900A001.1980             28 1.93000E+01 1.59000E+02
n-Bi209-MT002-Smith-10846003-ang-E0002.000.1980                 28 2.28000E+01 2.28000E+01
n-Bi209-MT002-Snowdon-11965009-ang-E0003.700.1954               19 0.00000E+00 1.43000E+02
n-Bi209-MT002-Stelson-11527026-ang-E0014.000.1965                6 4.70000E+01 9.78000E+01
n-Bi209-MT002-Strizhak-41242005-ang-E0014.500.1961              13 2.00500E+01 1.16010E+02
n-Bi209-MT002-Stuart-11490005-ang-E0024.000.1962                43 1.23000E+01 9.00000E+01
n-Bi209-MT002-Takahashi-22106017-ang-E0014.100.1992             15 1.50000E+01 1.50000E+02
n-Bi209-MT002-Tanaka-20337020-ang-E0001.450.1972                65 3.00000E+01 1.47000E+02
n-Bi209-MT002-Thomson-11495057-ang-E0004.000.1963                2 9.00000E+01 9.00000E+01
n-Bi209-MT002-Trykova-40338007-ang-E0004.370.1975               14 2.00000E+01 1.50000E+02
n-Bi209-MT002-Walt-11215057-ang-E0004.100.1955                  12 1.40699E+01 1.54158E+02
n-Bi209-MT002-Walt-11215057-ang-E0004.100A001.1955              12 1.40699E+01 1.54158E+02
n-Bi209-MT002-Walt-11637082-ang-E0001.000.1954                   9 3.06834E+01 1.49317E+02
n-Bi209-MT002-Wang-12892004-ang-E0007.000.1987                   9 3.00000E+01 1.40100E+02
n-Bi209-MT002-Weddell-11479007-ang-E0004.400.1956                1 8.20000E+01 8.20000E+01
n-Bi209-MT002-Wilenzick-11287047-ang-E0006.040.1965             12 1.99000E+01 1.40200E+02
n-Bi209-MT002-Yuasa-20281005-ang-E0014.100.1958                 11 7.00000E+01 1.70000E+02
n-Bi209-MT002-Zafiratos-12220003-ang-E0007.000.1965             30 1.99000E+01 1.64900E+02
