#              Filename                                         N    min         max
n-Os188-MT151-Belanova-40330004.1974                            11 2.57000E-05 2.79000E-04
n-Os188-MT151-Belanova-405510061.1980                            1 2.75500E-04 2.75500E-04
n-Os188-MT151-Belanova-405510062.1980                            1 2.75500E-04 2.75500E-04
n-Os188-MT151-Belanova-405510071.1980                           10 3.86700E-05 5.23000E-04
n-Os188-MT151-Belanova-405510072.1980                            3 3.86700E-05 7.83000E-05
n-Os188-MT151-Belanova-405510073.1980                            1 3.86700E-05 3.86700E-05
n-Os188-MT151-Browne-12712012.1981                               1 7.45725E-02 7.45725E-02
n-Os188-MT151-Browne-12712018.1981                              49 3.85000E-05 1.96500E-03
n-Os188-MT151-Fujii-23027004.2010                                1 8.00000E-03 8.00000E-03
n-Os188-MT151-Fujii-230270071.2010                               1 8.00000E-03 8.00000E-03
n-Os188-MT151-Fujii-230270073.2010                               1 8.00000E-03 8.00000E-03
n-Os188-MT151-Fujii-230270111.2010                             197 7.87390E-05 7.96026E-03
n-Os188-MT151-Popov-412790041.1981                               1 3.37300E-05 3.37300E-05
n-Os188-MT151-Popov-412790042.1981                               1 3.37300E-05 3.37300E-05
n-Os188-MT151-Vertebny-40094010.1969                             2 3.92000E-05 8.34000E-05
n-Os188-MT151-Vertebnyj-401270031.1971                           7 3.84000E-05 3.86000E-04
n-Os188-MT151-Vertebnyj-401270032.1971                           3 3.84000E-05 7.85000E-05
n-Os188-MT151-Vertebnyj-40127018.1971                            2 2.12200E-04 2.12200E-04
n-Os188-MT151-Vertebnyy-402540081.1975                           1 3.84000E-05 3.84000E-05
n-Os188-MT151-Vertebnyy-402540082.1975                           1 3.84000E-05 3.84000E-05
n-Os188-MT151-Vertebnyy-402540202.1975                           1 1.50001E-03 1.50001E-03
n-Os188-MT151-Winters-10882007.1980                              3 1.37625E+00 1.37625E+00
n-Os188-MT151-Winters-10882007A001.1980                          3 1.37625E+00 1.37625E+00
n-Os188-MT151-Winters-127560061.1986                            20 3.87300E-05 9.79500E-04
n-Os188-MT151-Winters-127560062.1986                            20 3.87300E-05 9.79500E-04
n-Os188-MT151-Winters-127560063.1986                            20 3.87300E-05 9.79500E-04
n-Os188-MT151-Winters-127560071.1986                             1 1.00000E-03 1.00000E-03
n-Os188-MT151-Winters-127560072.1986                             1 1.00000E-03 1.00000E-03
