#              Filename                                         N    min         max
n-Nd148-MT151-Alves-206880301.1969                               3 1.55100E-04 7.14900E-04
n-Nd148-MT151-Alves-206880302.1969                               3 1.55100E-04 7.14900E-04
n-Nd148-MT151-Alves-206880303.1969                               3 1.55100E-04 7.14900E-04
n-Nd148-MT151-Alves-206880304.1969                               2 1.55100E-04 7.14900E-04
n-Nd148-MT151-Barry-14093023.2006                                7 9.49300E-05 3.98840E-04
n-Nd148-MT151-Barry-14093024.2006                                7 9.49300E-05 3.98840E-04
n-Nd148-MT151-Bowey-21117010.1957                                2 1.58000E-04 2.90000E-04
n-Nd148-MT151-Karzhavina-401130391.1969                         24 1.55000E-04 8.78100E-03
n-Nd148-MT151-Karzhavina-401130392.1969                         24 1.55000E-04 8.78100E-03
n-Nd148-MT151-Karzhavina-40113040.1969                          24 1.55000E-04 8.78100E-03
n-Nd148-MT151-Karzhavina-40113041.1969                           5 1.55000E-04 1.18300E-03
n-Nd148-MT151-Karzhavina-40113043.1969                           2 4.46300E-03 4.46300E-03
n-Nd148-MT151-Kononov-405130081.1977                             2 1.77500E-01 1.77500E-01
n-Nd148-MT151-Tellier-20121035.1971                              6 1.55400E-04 1.17600E-03
n-Nd148-MT151-Tellier-20121037.1971                             67 9.49000E-05 1.19200E-02
n-Nd148-MT151-Tellier-20121038.1971                              6 1.55400E-04 1.17600E-03
n-Nd148-MT151-Tellier-20121039.1971                             35 1.22900E-02 2.30500E-02
n-Nd148-MT151-Tellier-20121040.1971                              1 6.00000E-03 6.00000E-03
