#              Filename                                         N    min         max
d-Mg026-MT601-Omar-F0922007-E0001.462.1964                       1 3.00000E+01 9.00000E+01
d-Mg026-MT601-Omar-F0922007-E0001.467.1964                       1 3.00000E+01 3.00000E+01
d-Mg026-MT601-Omar-F0922008-E0002.000.1964                       3 2.88000E+01 6.05000E+01
d-Mg026-MT601-Omar-F0922008-E0002.070.1964                       3 2.84000E+01 6.04000E+01
d-Mg026-MT601-Omar-F0922008-E0002.170.1964                       4 2.84000E+01 9.00000E+01
d-Mg026-MT601-Omar-F0922008-E0002.180.1964                       4 2.88000E+01 8.85000E+01
d-Mg026-MT601-Omar-F0922008-E0002.260.1964                       4 2.88000E+01 8.88000E+01
d-Mg026-MT601-Omar-F0922008-E0002.320.1964                       4 2.86000E+01 8.93000E+01
d-Mg026-MT601-Omar-F0922008-E0002.400.1964                       5 2.86000E+01 8.93000E+01
d-Mg026-MT601-Omar-F0922008-E0002.480.1964                       4 2.81000E+01 8.99000E+01
d-Mg026-MT601-Omar-F0922008-E0002.570.1964                       4 2.81000E+01 8.97000E+01
d-Mg026-MT601-Omar-F0922011-E0002.260.1964                       7 2.94000E+01 1.50000E+02
d-Mg026-MT601-Silverstein-F0956002-E0003.040.1964               26 2.01000E+01 1.58000E+02
d-Mg026-MT601-Silverstein-F0956002-E0003.370.1964               21 1.56000E+01 1.58800E+02
d-Mg026-MT601-Silverstein-F0956002-E0003.670.1964               20 1.56000E+01 1.58400E+02
d-Mg026-MT601-Silverstein-F0956002-E0004.010.1964               20 1.59000E+01 1.58000E+02
d-Mg026-MT601-Silverstein-F0956002-E0004.280.1964               21 2.00000E+01 1.64400E+02
d-Mg026-MT601-Silverstein-F0956002-E0004.570.1964               20 1.88000E+01 1.64900E+02
d-Mg026-MT601-Silverstein-F0956002-E0004.850.1964               20 1.88000E+01 1.63000E+02
d-Mg026-MT601-Silverstein-F0956002-E0005.070.1964               19 2.02000E+01 1.64800E+02
