#              Filename                                         N    min         max
d-P031-MT601-Baranik-F1008002-E0001.271.1965                   265 1.50000E+02 1.50000E+02
d-P031-MT601-Baranik-F1008004-E0001.850.1965                    17 2.52030E+01 1.49250E+02
d-P031-MT601-Baranik-F1008004-E0001.850A001.1965                17 2.66950E+01 1.50390E+02
d-P031-MT601-Baranik-F1008004-E0001.850A002.1965                17 2.57890E+01 1.50570E+02
d-P031-MT601-Baranik-F1008004-E0002.000.1965                    10 2.27630E+01 1.50690E+02
d-P031-MT601-Baranik-F1008004-E0002.000A001.1965                10 2.61940E+01 1.51690E+02
d-P031-MT601-Baranik-F1008004-E0002.000A002.1965                10 2.14620E+01 1.50650E+02
d-P031-MT601-Baranik-F1008004-E0002.200.1965                    17 1.55100E+01 1.49470E+02
d-P031-MT601-Baranik-F1008004-E0002.200A001.1965                16 1.84900E+01 1.50610E+02
d-P031-MT601-Baranik-F1008004-E0002.200A002.1965                17 1.56430E+01 1.36250E+02
d-P031-MT601-Baranik-F1008004-E0002.300.1965                    18 1.40970E+01 1.50320E+02
d-P031-MT601-Baranik-F1008004-E0002.300A001.1965                19 1.66340E+01 1.50020E+02
d-P031-MT601-Baranik-F1008004-E0002.300A002.1965                19 1.56430E+01 1.50570E+02
d-P031-MT601-Baranik-F1008004-E0002.400.1965                    19 1.32020E+01 1.49100E+02
d-P031-MT601-Baranik-F1008004-E0002.400A001.1965                19 1.56740E+01 1.51920E+02
d-P031-MT601-Baranik-F1008004-E0002.400A002.1965                19 1.51820E+01 1.51590E+02
d-P031-MT601-Baranik-F1008004-E0002.500.1965                    19 1.32020E+01 1.49310E+02
d-P031-MT601-Baranik-F1008004-E0002.500A001.1965                19 1.56740E+01 1.50070E+02
d-P031-MT601-Baranik-F1008004-E0002.500A002.1965                18 1.51820E+01 1.49580E+02
d-P031-MT601-Teplov-F1210003-E0004.000.1958                     15 1.53000E+01 1.63300E+02
d-P031-MT601-Teplov-F1363002-E0004.000.1956                     28 1.55000E+01 1.63400E+02
