#              Filename                                         N    min         max
p-Ne020-MT601-Blanpied-C0688004-ang-E0800.000.1988             294 6.69999E+00 2.19000E+01
p-Ne020-MT601-Fabrici-O1198024-ang-E0035.200.1980               27 2.00000E+01 1.70000E+02
p-Ne020-MT601-Hulubei-D0890003-ang-E0003.650.1964               14 3.25000E+01 1.63100E+02
p-Ne020-MT601-Hulubei-D0890003-ang-E0004.000.1964               12 3.37000E+01 1.52600E+02
p-Ne020-MT601-Hulubei-D0890003-ang-E0004.150.1964               13 3.37000E+01 1.64100E+02
p-Ne020-MT601-Hulubei-D0890003-ang-E0004.350.1964               12 3.43000E+01 1.65100E+02
p-Ne020-MT601-Hulubei-F0996003-ang-E0005.200.1962               14 2.80000E+01 1.51300E+02
p-Ne020-MT601-Hulubei-F0996003-ang-E0005.350.1962               13 3.29000E+01 1.52400E+02
p-Ne020-MT601-Hulubei-F0996003-ang-E0005.500.1962               14 3.32000E+01 1.62600E+02
p-Ne020-MT601-Hulubei-F0996003-ang-E0005.640.1962               14 2.78000E+01 1.63900E+02
p-Ne020-MT601-Hulubei-F0996003-ang-E0005.680.1962               15 2.78000E+01 1.62700E+02
p-Ne020-MT601-Hulubei-F0996003-ang-E0005.780.1962               13 3.15000E+01 1.63200E+02
p-Ne020-MT601-Hulubei-F0996003-ang-E0005.820.1962               12 3.26000E+01 1.52500E+02
p-Ne020-MT601-Hulubei-F0996003-ang-E0005.960.1962               13 3.05000E+01 1.67500E+02
p-Ne020-MT601-Hulubei-F0996003-ang-E0006.100.1962               14 2.88000E+01 1.62600E+02
p-Ne020-MT601-Hulubei-F0996003-ang-E0006.230.1962               14 2.88000E+01 1.62600E+02
p-Ne020-MT601-Kondo-E2209003-ang-E0004.600.1958                 10 9.00000E+01 9.00000E+01
p-Ne020-MT601-Kondo-E2209009-ang-E0004.700.1958                 11 3.07000E+01 1.65700E+02
p-Ne020-MT601-Kondo-E2209010-ang-E0004.900.1958                 11 3.10000E+01 1.65400E+02
p-Ne020-MT601-Kondo-E2209011-ang-E0005.100.1958                 11 2.99000E+01 1.64700E+02
p-Ne020-MT601-Kondo-E2209012-ang-E0005.300.1958                 11 2.97000E+01 1.64800E+02
p-Ne020-MT601-Kondo-E2209013-ang-E0005.500.1958                 11 3.01000E+01 1.64600E+02
p-Ne020-MT601-Lambert-D0329004-ang-E0002.700.1972               29 3.38000E+01 1.65800E+02
p-Ne020-MT601-Lambert-D0329004-ang-E0002.713.1972               36 3.33000E+01 1.69800E+02
p-Ne020-MT601-Lambert-D0329004-ang-E0002.720.1972               36 3.33000E+01 1.70300E+02
p-Ne020-MT601-Lambert-D0329004-ang-E0002.725.1972               34 3.48000E+01 1.70400E+02
p-Ne020-MT601-Lambert-D0329004-ang-E0002.733.1972               34 3.48000E+01 1.64600E+02
p-Ne020-MT601-Lambert-D0329005-ang-E0002.575.1972                1 9.00000E+01 1.46920E+02
p-Ne020-MT601-Lambert-D0329005-ang-E0002.576.1972                1 9.00000E+01 9.00000E+01
p-Ne020-MT601-Oda-E2218008-ang-E0007.750.1960                   12 2.00000E+01 1.66500E+02
p-Ne020-MT601-Oda-E2218008-ang-E0009.410.1960                   23 1.88000E+01 1.66200E+02
p-Ne020-MT601-Oda-E2218008-ang-E0010.600.1960                   22 1.88000E+01 1.66500E+02
p-Ne020-MT601-Oda-E2218008-ang-E0012.400.1960                   21 2.00000E+01 1.65800E+02
p-Ne020-MT601-Oda-E2218008-ang-E0014.200.1960                   17 2.00000E+01 1.66200E+02
