#              Filename                                         N    min         max
n-Si000-MT001-Adib-30469002.1976                               209 2.54000E-09 5.73000E-06
n-Si000-MT001-Angeli-30113009.1970                               1 1.45000E+01 1.45000E+01
n-Si000-MT001-Auman-10230008.1972                                7 2.92500E+01 5.89000E+01
n-Si000-MT001-Auman-10230008A001.1972                            7 2.92500E+01 5.89000E+01
n-Si000-MT001-Brugger-10943002.1979                             97 2.99800E-09 4.92000E-05
n-Si000-MT001-Brugger-10943002A001.1979                         97 2.99800E-09 4.92000E-05
n-Si000-MT001-Brugger-10943003.1979                             98 3.02700E-09 4.92000E-05
n-Si000-MT001-Brugger-10943003A001.1979                         98 3.02700E-09 4.92000E-05
n-Si000-MT001-Brugger-10943004.1979                             98 3.02700E-09 4.87300E-05
n-Si000-MT001-Brugger-10943004A001.1979                         98 3.02700E-09 4.87300E-05
n-Si000-MT001-Brugger-11534003.1956                             35 2.35000E-04 1.15000E-02
n-Si000-MT001-Cabe-20480006.1973                               789 1.20800E+00 4.95200E+00
n-Si000-MT001-Cabe-22610003.1963                               169 5.05000E-01 1.21000E+00
n-Si000-MT001-Calvi-20973004.1963                               63 2.76000E+00 4.73000E+00
n-Si000-MT001-Carlson-11497004.1967                            506 4.50000E+00 1.43100E+01
n-Si000-MT001-Cierjacks-20012002.1968                         5115 5.00100E-01 3.19400E+01
n-Si000-MT001-Coon-12524014.1952                                 1 1.41200E+01 1.41200E+01
n-Si000-MT001-Coon-12524060.1952                                 1 1.41200E+01 1.41200E+01
n-Si000-MT001-Cox-11547002.1965                                439 5.08300E-01 1.25600E+00
n-Si000-MT001-Culler-11088007.1955                               4 9.34000E+01 1.06800E+02
n-Si000-MT001-Culler-11088007A001.1955                           4 9.34000E+01 1.06800E+02
n-Si000-MT001-Day-11068007.1953                                  1 1.90000E+01 1.90000E+01
n-Si000-MT001-Day-11068007A001.1953                              1 1.90000E+01 1.90000E+01
n-Si000-MT001-Dilg-20596006.1971                                 1 1.30000E-04 1.30000E-04
n-Si000-MT001-Dilg-21353004.1971                                 1 1.30000E-04 1.30000E-04
n-Si000-MT001-Ergashev-31847005.2021                             1 1.41000E+01 1.41000E+01
n-Si000-MT001-Fasoli-20978004.1966                             122 5.42900E+00 8.53000E+00
n-Si000-MT001-Fields-11473004.1951                              81 1.20000E-02 7.96000E-01
n-Si000-MT001-Filippov-40082005.1968                             5 6.00000E-01 1.70000E+00
n-Si000-MT001-Finlay-13569009.1993                             474 5.29253E+00 5.99640E+02
n-Si000-MT001-Fosterjr-10047016.1971                           243 2.26000E+00 1.48860E+01
n-Si000-MT001-Fosterjr-10047016A001.1971                       243 2.26000E+00 1.48860E+01
n-Si000-MT001-Freier-11294005.1950                             108 5.30000E-01 4.81000E+00
n-Si000-MT001-Grimes-10012006.1969                             311 4.75000E+00 1.40200E+01
n-Si000-MT001-Grimes-10012006A001.1969                         311 4.75000E+00 1.40200E+01
n-Si000-MT001-Harvey-13733004.1982                            1791 1.50980E-09 3.00990E-02
n-Si000-MT001-Harvey-13759002.1974                            5910 2.40360E-06 2.05180E-01
n-Si000-MT001-Harvey-13759003.1974                            3962 2.41180E-06 2.04920E-01
n-Si000-MT001-Harvey-13761008.1977                             665 6.02460E-09 2.45530E-02
n-Si000-MT001-Harvey-13766002.1977                            7384 9.53870E-02 2.26680E+01
n-Si000-MT001-Harvey-13766003.1977                            7922 8.13680E-02 2.46100E+01
n-Si000-MT001-Harvey-14225002.1998                             838 1.52360E-09 2.45530E-02
n-Si000-MT001-Hibdon-13041009.1950                               2 1.20000E-04 3.45000E-04
n-Si000-MT001-Kobayashi-20793002.1977                           20 1.20160E-01 1.56800E-01
n-Si000-MT001-Kobayashi-20793003.1977                            9 5.12600E-02 5.49600E-02
n-Si000-MT001-Koester-20857018.1979                              3 5.10000E-10 5.19000E-06
n-Si000-MT001-Koester-22217005.1990                              1 1.97000E-03 1.97000E-03
n-Si000-MT001-Larson-10779002.1976                            1488 5.12120E-06 7.27920E-01
n-Si000-MT001-Larson-10779002A001.1976                        1488 5.12120E-06 7.27920E-01
n-Si000-MT001-Larson-12882006.1980                             685 1.99650E+00 7.98280E+01
n-Si000-MT001-Larson-14203002.1991                            7384 9.53870E-02 2.26680E+01
n-Si000-MT001-Larson-14203003.1991                            7922 8.13680E-02 2.46100E+01
n-Si000-MT001-Manero-20171002.1970                              63 3.34000E+00 5.10500E+00
n-Si000-MT001-Meier-21042005.1953                               98 1.85000E+00 3.78000E+00
n-Si000-MT001-Moxon-21676004.1974                                1 2.50000E-06 2.50000E-06
n-Si000-MT001-Nereson-11060007.1953                             41 2.93600E+00 1.31930E+01
n-Si000-MT001-Nereson-11060007A001.1953                         41 2.93600E+00 1.31930E+01
n-Si000-MT001-Perey-10377005.1972                             3693 1.87340E-01 4.84890E+01
n-Si000-MT001-Perey-10377005A001.1972                         3693 1.87340E-01 4.84890E+01
n-Si000-MT001-Perey-10377008.1972                             3692 1.87380E-01 4.86700E+01
n-Si000-MT001-Perey-10377008A001.1972                         3692 1.87380E-01 4.86700E+01
n-Si000-MT001-Peterson-11108013.1960                             4 1.80000E+01 2.76000E+01
n-Si000-MT001-Peterson-11108013A001.1960                         4 1.80000E+01 2.76000E+01
n-Si000-MT001-Rainwater-11145005.1948                           58 1.35000E-08 2.19000E-04
n-Si000-MT001-Rainwater-11145005A001.1948                       58 1.35000E-08 2.19000E-04
n-Si000-MT001-Rayburn-11026012.1965                              1 1.44000E-06 1.44000E-06
n-Si000-MT001-Rayburn-11026012A001.1965                          1 1.44000E-06 1.44000E-06
n-Si000-MT001-Rayburn-11026013.1965                              1 1.44000E-06 1.44000E-06
n-Si000-MT001-Rayburn-11026013A001.1965                          1 1.44000E-06 1.44000E-06
n-Si000-MT001-Rustad-11586002.1965                              13 8.00000E-10 3.00000E-06
n-Si000-MT001-Schouky-20955024.1977                           5099 5.00100E-01 3.18500E+01
n-Si000-MT001-Schwartz-10070002.1971                          3454 4.95900E-01 2.00500E+01
n-Si000-MT001-Schwartz-10070002A001.1971                      3454 4.95900E-01 2.00500E+01
n-Si000-MT001-TranUngg-30149002.1972                             1 3.10000E+00 3.10000E+00
n-Si000-MT001-Tsukada-20292002.1963                             59 3.05100E+00 5.04800E+00
n-Si000-MT001-Tsukada-20325006.1963                             22 1.25300E+01 1.29500E+01
n-Si000-MT001-Tsukada-20325007.1963                              5 1.30000E+01 1.70000E+01
n-Si000-MT001-Tsukada-22628004.1966                              2 3.95000E+00 4.70000E+00
n-Si000-MT001-Waschkowski-20603002.1976                          2 1.26000E-06 5.19000E-06
n-Si000-MT001-Weigmann-22027002.1987                          5522 1.75130E+00 6.00210E+00
n-Si000-MT001-Whalen-11576002.1975                             603 1.00000E-01 1.05966E+00
n-Si000-MT001-Zinn-11136011.1939                                 1 2.88000E+00 2.88000E+00
n-Si000-MT001-Zinn-11136011A001.1939                             1 2.88000E+00 2.88000E+00
