#              Filename                                         N    min         max
n-Mg000-MT001-Abfalterer-13753010.2001                         467 5.29300E+00 5.59100E+02
n-Mg000-MT001-Albergotti-11467002.1966                          24 1.23000E+01 1.46000E+01
n-Mg000-MT001-Angeli-30113007.1970                               1 1.45000E+01 1.45000E+01
n-Mg000-MT001-Auman-10230006.1972                                5 3.63400E+01 5.89000E+01
n-Mg000-MT001-Auman-10230006A001.1972                            5 3.63400E+01 5.89000E+01
n-Mg000-MT001-Bennett-11265003.1957                             14 2.25100E+00 2.74700E+00
n-Mg000-MT001-Brajovic-30009002.1958                             5 2.17000E+00 2.83000E+00
n-Mg000-MT001-Bratenahl-11155009.1958                            5 7.17000E+00 1.40700E+01
n-Mg000-MT001-Bratenahl-11155009A001.1958                        5 7.17000E+00 1.40700E+01
n-Mg000-MT001-Brugger-11534002.1956                             26 2.00000E-04 9.65000E-03
n-Mg000-MT001-Calvi-20973003.1963                               92 2.78000E+00 5.21000E+00
n-Mg000-MT001-Carlson-11497002.1967                            501 4.50000E+00 1.42000E+01
n-Mg000-MT001-Cook-11074010.1954                                 3 1.41000E+01 1.80000E+01
n-Mg000-MT001-Cook-11074010A001.1954                             3 1.41000E+01 1.80000E+01
n-Mg000-MT001-Cook-11146009.1949                                 1 8.30000E+01 8.30000E+01
n-Mg000-MT001-Cook-11146009A001.1949                             1 8.30000E+01 8.30000E+01
n-Mg000-MT001-Coon-12524012.1952                                 1 1.41200E+01 1.41200E+01
n-Mg000-MT001-Cranberg-11523002.1959                          1078 4.04000E-01 1.34200E+00
n-Mg000-MT001-Deconninck-20172002.1958                          16 2.05000E+00 3.17500E+00
n-Mg000-MT001-Deconninck-20195003.1961                           1 2.84000E+01 2.84000E+01
n-Mg000-MT001-Elwyn-13582009.1962                               61 1.44000E-01 4.52900E-01
n-Mg000-MT001-Fasoli-20504002.1968                             142 5.09500E+00 8.64000E+00
n-Mg000-MT001-Fields-11260008.1947                               6 2.40000E-02 8.30000E-01
n-Mg000-MT001-Fields-11473002.1951                             138 1.00000E-02 7.96000E-01
n-Mg000-MT001-Filippov-40082003.1968                            11 6.00000E-01 3.15000E+00
n-Mg000-MT001-Fosterjr-10047014.1971                           246 2.25600E+00 1.49820E+01
n-Mg000-MT001-Fosterjr-10047014A001.1971                       246 2.25600E+00 1.49820E+01
n-Mg000-MT001-Freier-11294004.1950                              57 5.35000E-01 1.86500E+00
n-Mg000-MT001-Galloway-11522002.1966                           346 1.99500E+00 9.98400E+00
n-Mg000-MT001-Goodman-11057007.1952                              1 1.40000E+01 1.40000E+01
n-Mg000-MT001-Goodman-11057007A001.1952                          1 1.40000E+01 1.40000E+01
n-Mg000-MT001-Harvey-13761004.1977                            2239 6.00080E-09 2.58950E-02
n-Mg000-MT001-Harvey-13761005.1977                            2857 1.70050E-08 2.54350E-02
n-Mg000-MT001-Hibdon-11261007.1949                               2 1.20000E-04 3.45000E-04
n-Mg000-MT001-Hibdon-11460002.1969                             421 1.30000E-01 6.26000E-01
n-Mg000-MT001-Hibdon-11460003.1969                              77 2.56000E-01 5.14000E-01
n-Mg000-MT001-Hibdon-12667002.1956                              23 1.85000E-03 2.08000E-02
n-Mg000-MT001-Hildebrand-11039012.1950                           1 4.20000E+01 4.20000E+01
n-Mg000-MT001-Hildebrand-11039012A001.1950                       1 4.20000E+01 4.20000E+01
n-Mg000-MT001-Khaletskij-40709004.1956                           1 1.48000E+01 1.48000E+01
n-Mg000-MT001-Koester-21660014.1979                              2 1.26000E-06 5.19000E-06
n-Mg000-MT001-Koester-22217009.1990                              1 1.97000E-03 1.97000E-03
n-Mg000-MT001-Morales-30764003.1991                              2 1.76000E+01 1.98000E+01
n-Mg000-MT001-Nereson-11308004.1954                             30 2.81300E+00 1.32410E+01
n-Mg000-MT001-Newson-11452002.1959                              64 1.15000E-02 3.69000E-01
n-Mg000-MT001-Norman-10320004.1972                             120 7.46000E-01 3.40100E+00
n-Mg000-MT001-Norman-10320004A001.1972                         120 7.46000E-01 3.40100E+00
n-Mg000-MT001-Peterson-11108011.1960                             4 1.75000E+01 2.76000E+01
n-Mg000-MT001-Peterson-11108011A001.1960                         4 1.75000E+01 2.76000E+01
n-Mg000-MT001-Rainwater-11145004.1948                           43 2.36000E-08 6.45000E-05
n-Mg000-MT001-Rainwater-11145004A001.1948                       43 2.36000E-08 6.45000E-05
n-Mg000-MT001-Rayburn-11026008.1965                              1 1.44000E-06 1.44000E-06
n-Mg000-MT001-Rayburn-11026008A001.1965                          1 1.44000E-06 1.44000E-06
n-Mg000-MT001-Singh-10500004.1974                                6 2.28000E-02 3.74100E-01
n-Mg000-MT001-Singh-10500004A001.1974                            6 2.28000E-02 3.74100E-01
n-Mg000-MT001-Singh-10500005.1974                                8 1.04000E-02 5.00000E-02
n-Mg000-MT001-Singh-10500005A001.1974                            8 1.04000E-02 5.00000E-02
n-Mg000-MT001-Singh-10500006.1974                               12 5.51000E-04 3.27000E-02
n-Mg000-MT001-Singh-10500006A001.1974                           12 5.51000E-04 3.27000E-02
n-Mg000-MT001-Singh-10500007.1974                               18 4.00000E-06 1.01400E-03
n-Mg000-MT001-Singh-10500007A001.1974                           18 4.00000E-06 1.01400E-03
n-Mg000-MT001-Singh-10500008.1974                              344 4.00000E-06 4.98767E-01
n-Mg000-MT001-Singh-10500008A001.1974                          344 4.00000E-06 4.98767E-01
n-Mg000-MT001-Smith-11502002.1965                              522 5.14000E-01 1.49600E+00
n-Mg000-MT001-Steyerl-205820021.1972                             1 5.00000E-10 5.00000E-10
n-Mg000-MT001-Thomson-11493003.1962                              3 2.00000E+00 5.00000E+00
n-Mg000-MT001-Vervier-20204003.1958                             19 1.37700E+01 1.47600E+01
n-Mg000-MT001-Weigmann-10791002.1976                          5875 7.96430E-03 3.98070E+01
n-Mg000-MT001-Weigmann-10791002A001.1976                      5875 7.96430E-03 3.98070E+01
n-Mg000-MT001-Weigmann-10791010.1976                         10022 7.42960E-03 4.00610E+01
n-Mg000-MT001-Weigmann-10791010A001.1976                     10022 7.42960E-03 4.00610E+01
n-Mg000-MT001-Weil-11482002.1958                                38 4.00000E+00 8.06000E+00
n-Mg000-MT001-Zinn-11136009.1939                                 1 2.88000E+00 2.88000E+00
n-Mg000-MT001-Zinn-11136009A001.1939                             1 2.88000E+00 2.88000E+00
