#              Filename                                         N    min         max
p-O018-MT107-Alkemade-O0816002-E0001.694.1988                  119 1.55000E+02 1.55000E+02
p-O018-MT107-Alkemade-O0816003-E0001.746.1988                    3 1.55000E+02 1.55000E+02
p-O018-MT107-Amsel-D0086007-E0000.907.1964                       1 6.80000E+01 1.28000E+02
p-O018-MT107-Amsel-D0086007-E0000.907A001.1964                   1 1.28000E+02 1.70000E+02
p-O018-MT107-Amsel-D0086007-E0000.917.1964                       1 1.28000E+02 1.70000E+02
p-O018-MT107-Amsel-D0086007-E0000.921.1964                       1 6.80000E+01 1.28000E+02
p-O018-MT107-Amsel-D0086007-E0000.921A001.1964                   1 6.80000E+01 1.70000E+02
p-O018-MT107-Amsel-D0086007-E0000.925.1964                       1 1.70000E+02 1.70000E+02
p-O018-MT107-Amsel-D0104002-E0000.352.1967                     130 1.65000E+02 1.65000E+02
p-O018-MT107-Bardayan-C0902004-E0000.348.2002                    2 1.23300E+02 1.23400E+02
p-O018-MT107-Blair-O0454002-E0002.598.1960                       1 3.55000E+01 1.59500E+02
p-O018-MT107-Blair-O0454002-E0002.599.1960                       1 3.55000E+01 8.97000E+01
p-O018-MT107-Blair-O0454002-E0002.600.1960                       1 8.97000E+01 8.97000E+01
p-O018-MT107-Blair-O0454003-E0002.599.1960                       8 3.54000E+01 1.56100E+02
p-O018-MT107-Blair-O0454003-E0002.626.1960                       6 3.40000E+01 1.47300E+02
p-O018-MT107-Blair-O0454003-E0002.631.1960                       8 3.40000E+01 1.61600E+02
p-O018-MT107-Blair-O0454003-E0002.642.1960                       8 3.57000E+01 1.60300E+02
p-O018-MT107-Blair-O0454003-E0002.653.1960                       6 3.52000E+01 1.20700E+02
p-O018-MT107-Blair-O0454003-E0002.664.1960                       8 3.52000E+01 1.58600E+02
p-O018-MT107-Blair-O0454003-E0002.726.1960                       7 3.62000E+01 1.55700E+02
p-O018-MT107-Blair-O0454003-E0002.732.1960                       7 3.71000E+01 1.47000E+02
p-O018-MT107-Blair-O0454003-E0002.749.1960                       8 3.64000E+01 1.56700E+02
p-O018-MT107-Blair-O0454003-E0002.767.1960                       8 3.57000E+01 1.59400E+02
p-O018-MT107-Blair-O0454003-E0002.772.1960                       8 3.28000E+01 1.57900E+02
p-O018-MT107-Blair-O0454003-E0002.778.1960                       8 3.28000E+01 1.54000E+02
p-O018-MT107-Blair-O0454003-E0002.789.1960                       8 3.40000E+01 1.54100E+02
p-O018-MT107-Blair-O0454003-E0002.808.1960                       8 3.45000E+01 1.52800E+02
p-O018-MT107-Blair-O0454003-E0002.826.1960                       8 3.61000E+01 1.51400E+02
p-O018-MT107-Hill-O0453003-E0000.762.1956                      268 9.00000E+01 9.00000E+01
p-O018-MT107-Mak-C1917003-E0000.698.1978                         4 5.96000E+01 1.49700E+02
p-O018-MT107-Mak-C1917004-E0000.629.1978                         4 5.99000E+01 1.51700E+02
p-O018-MT107-Mak-C1917005-E0000.547.1978                         8 2.91000E+01 1.48900E+02
p-O018-MT107-Mak-C1917006-E0000.445.1978                         8 2.83000E+01 1.51000E+02
p-O018-MT107-Mak-C1917007-E0000.326.1978                         8 2.89000E+01 1.51600E+02
p-O018-MT107-Mak-C1917008-E0000.235.1978                         8 2.85000E+01 1.51300E+02
p-O018-MT107-Sellin-C1918003-E0001.393.1969                    637 1.35000E+02 1.35000E+02
