#              Filename                                         N    min         max
p-C013-MT601-ANZhuu-S0046004-ang-E0022.000.2003                 38 9.09999E+00 1.30300E+02
p-C013-MT601-Blanpied-C0071005-ang-E0800.000.1978              134 1.03000E+01 3.21000E+01
p-C013-MT601-Gmur-F1153007-ang-E0004.596.1974                    1 5.92000E+01 1.63800E+02
p-C013-MT601-Gmur-F1153007-ang-E0004.597.1974                    1 5.92000E+01 1.27500E+02
p-C013-MT601-Gmur-F1153007-ang-E0004.598.1974                    1 1.58000E+01 1.27500E+02
p-C013-MT601-Gmur-F1153007-ang-E0004.598A001.1974                1 1.58000E+01 5.92000E+01
p-C013-MT601-Gmur-F1153007-ang-E0004.615.1974                    1 5.92000E+01 1.63800E+02
p-C013-MT601-Gmur-F1153007-ang-E0004.616.1974                    1 1.27500E+02 1.63800E+02
p-C013-MT601-Gmur-F1153007-ang-E0004.616A001.1974                1 1.58000E+01 1.27500E+02
p-C013-MT601-Gmur-F1153007-ang-E0004.619.1974                    1 1.58000E+01 1.63800E+02
p-C013-MT601-Gmur-F1153007-ang-E0004.633.1974                    1 5.92000E+01 1.63800E+02
p-C013-MT601-Gmur-F1153007-ang-E0004.633A001.1974                1 5.92000E+01 1.27500E+02
p-C013-MT601-Gmur-F1153007-ang-E0004.635.1974                    1 1.58000E+01 1.27500E+02
p-C013-MT601-Gmur-F1153007-ang-E0004.636.1974                    1 1.58000E+01 1.63800E+02
p-C013-MT601-Gmur-F1153007-ang-E0004.650.1974                    1 5.92000E+01 1.63800E+02
p-C013-MT601-Gmur-F1153007-ang-E0004.650A001.1974                1 5.92000E+01 1.27500E+02
p-C013-MT601-Gmur-F1153007-ang-E0004.651.1974                    1 1.58000E+01 1.27500E+02
p-C013-MT601-Gmur-F1153007-ang-E0004.653.1974                    1 1.58000E+01 1.63800E+02
p-C013-MT601-Gmur-F1153007-ang-E0004.670.1974                    1 5.92000E+01 1.63800E+02
p-C013-MT601-Gmur-F1153007-ang-E0004.670A001.1974                2 1.58000E+01 1.27500E+02
p-C013-MT601-Gmur-F1153007-ang-E0004.671.1974                    1 1.58000E+01 1.63800E+02
p-C013-MT601-Gmur-F1153007-ang-E0004.689.1974                    1 5.92000E+01 1.63800E+02
p-C013-MT601-Gmur-F1153007-ang-E0004.690.1974                    2 1.58000E+01 1.27500E+02
p-C013-MT601-Gmur-F1153007-ang-E0004.691.1974                    1 1.58000E+01 5.92000E+01
p-C013-MT601-Gmur-F1153007-ang-E0004.706.1974                    1 1.58000E+01 5.92000E+01
p-C013-MT601-Gmur-F1153007-ang-E0004.707.1974                    1 1.58000E+01 1.63800E+02
p-C013-MT601-Gmur-F1153007-ang-E0004.708.1974                    1 1.27500E+02 1.63800E+02
p-C013-MT601-Gmur-F1153007-ang-E0004.708A001.1974                1 5.92000E+01 1.27500E+02
p-C013-MT601-Gmur-F1153007-ang-E0004.725.1974                    1 1.58000E+01 5.92000E+01
p-C013-MT601-Gmur-F1153007-ang-E0004.725A001.1974                1 1.58000E+01 1.27500E+02
p-C013-MT601-Gmur-F1153007-ang-E0004.726.1974                    1 1.27500E+02 1.63800E+02
p-C013-MT601-Gmur-F1153007-ang-E0004.727.1974                    1 5.92000E+01 1.63800E+02
p-C013-MT601-Gmur-F1153007-ang-E0004.742.1974                    1 5.92000E+01 1.63800E+02
p-C013-MT601-Gmur-F1153007-ang-E0004.744.1974                    1 1.27500E+02 1.63800E+02
p-C013-MT601-Gmur-F1153007-ang-E0004.744A001.1974                1 1.58000E+01 1.27500E+02
p-C013-MT601-Gmur-F1153007-ang-E0004.745.1974                    1 1.58000E+01 1.63800E+02
p-C013-MT601-Gmur-F1153007-ang-E0004.762.1974                    1 1.27500E+02 1.63800E+02
p-C013-MT601-Gmur-F1153007-ang-E0004.763.1974                    1 5.92000E+01 1.27500E+02
p-C013-MT601-Gmur-F1153007-ang-E0004.763A001.1974                1 1.58000E+01 5.92000E+01
p-C013-MT601-Gmur-F1153007-ang-E0004.763A002.1974                1 1.58000E+01 1.63800E+02
p-C013-MT601-Gmur-F1153007-ang-E0004.781.1974                    1 1.27500E+02 1.63800E+02
p-C013-MT601-Gmur-F1153007-ang-E0004.782.1974                    1 1.27500E+02 1.27500E+02
p-C013-MT601-Greaves-O0473012-ang-E0030.400.1972                26 3.97000E+01 1.63600E+02
p-C013-MT601-Guratzsch-O1242008-ang-E0007.000.1969              69 2.46000E+01 1.63900E+02
p-C013-MT601-Ohnuma-E1695012-ang-E0035.000.1986                 17 9.69998E+00 1.20100E+02
