#              Filename                                         N    min         max
n-In115-MT151-Begzhanov-406870021.1964                           3 1.46000E-06 9.20000E-06
n-In115-MT151-Begzhanov-406870024.1964                           3 1.46000E-06 9.20000E-06
n-In115-MT151-Borst-11756002.1946                                1 1.39000E-06 1.39000E-06
n-In115-MT151-Ceulemans-20201003.1962                            1 1.45600E-06 1.45600E-06
n-In115-MT151-Corvi-206980021.1974                              32 1.45000E-06 4.22900E-04
n-In115-MT151-Corvi-206980022.1974                              31 1.45000E-06 4.22900E-04
n-In115-MT151-Dabbs-11967002.1955                                1 1.45800E-06 1.45800E-06
n-In115-MT151-Fleck-20079002.1969                                1 1.45800E-06 1.45800E-06
n-In115-MT151-Frankle-135910051.1993                            39 3.95600E-05 4.98200E-04
n-In115-MT151-Frankle-135910052.1993                            39 3.95600E-05 4.98200E-04
n-In115-MT151-Frankle-135910053.1993                            39 3.95600E-05 4.98200E-04
n-In115-MT151-Frankle-135910061.1993                            53 2.96700E-05 4.93700E-04
n-In115-MT151-Frankle-135910062.1993                            53 2.96700E-05 4.93700E-04
n-In115-MT151-Frankle-135910063.1993                            53 2.96700E-05 4.93700E-04
n-In115-MT151-Frankle-13591008.1993                              2 5.00000E-04 5.00000E-04
n-In115-MT151-Furr-10568002.1969                                 2 5.05000E-02 5.05000E-02
n-In115-MT151-Furr-10568002A001.1969                             2 5.05000E-02 5.05000E-02
n-In115-MT151-Georgiev-41365003.1995                             6 1.45700E-06 3.96000E-05
n-In115-MT151-Georgiev-415910031.1995                           36 2.27300E-05 5.25500E-04
n-In115-MT151-Georgiev-415910032.1995                           25 2.27300E-05 4.22800E-04
n-In115-MT151-Hacken-104570031.1974                            232 3.85000E-06 2.00370E-03
n-In115-MT151-Hacken-104570031A001.1974                        232 3.85000E-06 2.00370E-03
n-In115-MT151-Hacken-104570032.1974                            232 3.85000E-06 2.00370E-03
n-In115-MT151-Hacken-104570032A001.1974                        232 3.85000E-06 2.00370E-03
n-In115-MT151-Hacken-104570033.1974                            232 3.85000E-06 2.00370E-03
n-In115-MT151-Hacken-104570033A001.1974                        232 3.85000E-06 2.00370E-03
n-In115-MT151-Hacken-104570034.1974                             15 2.27300E-05 2.50200E-04
n-In115-MT151-Hacken-104570034A001.1974                         15 2.27300E-05 2.50200E-04
n-In115-MT151-Hacken-104570071.1974                              2 2.61700E-04 1.00378E-03
n-In115-MT151-Hacken-104570071A001.1974                          2 2.61700E-04 1.00378E-03
n-In115-MT151-Harvey-11912008.1955                               3 9.10000E-06 3.99000E-05
n-In115-MT151-Harvey-11912010.1955                               1 4.75000E-05 4.75000E-05
n-In115-MT151-Harvey-119120111.1955                             10 3.86000E-06 9.50000E-05
n-In115-MT151-Harvey-119120112.1955                             10 3.86000E-06 9.50000E-05
n-In115-MT151-Harvey-119120113.1955                             10 3.86000E-06 9.50000E-05
n-In115-MT151-Hornbostel-146720032.1940                          1 1.45700E-06 1.45700E-06
n-In115-MT151-Hornbostel-146720033.1940                          1 1.45700E-06 1.45700E-06
n-In115-MT151-Kononov-405130021.1977                             2 1.77500E-01 1.77500E-01
n-In115-MT151-Marshak-11984002.1961                              1 1.45600E-06 1.45600E-06
n-In115-MT151-Moore-119690031.1958                               3 1.45600E-06 9.00000E-06
n-In115-MT151-Moore-119690032.1958                               1 1.45600E-06 1.45600E-06
n-In115-MT151-Moore-119690033.1958                               1 1.45600E-06 1.45600E-06
n-In115-MT151-Moore-119690034.1958                               1 1.45600E-06 1.45600E-06
n-In115-MT151-Moore-119690035.1958                               1 1.45600E-06 1.45600E-06
n-In115-MT151-Radkevich-403820251.1956                           9 9.00000E-06 1.29000E-04
n-In115-MT151-Radkevich-403820252.1956                           7 9.00000E-06 9.50000E-05
n-In115-MT151-Radkevich-403820261.1956                           7 9.00000E-06 9.50000E-05
n-In115-MT151-Radkevich-403820262.1956                           7 9.00000E-06 9.50000E-05
n-In115-MT151-Radkevich-403820271.1956                           3 9.00000E-06 3.98000E-05
n-In115-MT151-Radkevich-403820562.1956                           1 4.20000E-05 4.20000E-05
n-In115-MT151-Ramakrishna-30094003.1968                          1 1.45700E-06 1.45700E-06
n-In115-MT151-Ramakrishna-30094004.1968                          1 1.45700E-06 1.45700E-06
n-In115-MT151-Sailor-11964003.1952                               5 1.45800E-06 2.35000E-05
n-In115-MT151-Shorin-41330004.1975                               1 4.25000E-02 4.25000E-02
n-In115-MT151-Skoy-315790031.2002                                3 1.45800E-06 9.05000E-06
n-In115-MT151-Skoy-315790032.2002                                3 1.45800E-06 9.05000E-06
n-In115-MT151-Skoy-315790033.2002                                3 1.45800E-06 9.05000E-06
n-In115-MT151-Skoy-315790034.2002                                3 1.45800E-06 9.05000E-06
n-In115-MT151-Stephenson-147120021.2000                         67 3.85000E-06 3.19400E-04
n-In115-MT151-Stephenson-147120022.2000                         71 0.00000E+00 2.64500E-04
n-In115-MT151-Stephenson-147120023.2000                         48 0.00000E+00 1.03700E-04
n-In115-MT151-Stephenson-147120024.2000                         70 0.00000E+00 2.64500E-04
n-In115-MT151-Stephenson-147120025.2000                         21 0.00000E+00 0.00000E+00
n-In115-MT151-Stolovy-11970002.1960                              3 1.46000E-06 9.10000E-06
