#              Filename                                         N    min         max     
p-Ni000-rp028056-Aleksandrov-A03510035.1987                      7 3.60000E+01 9.80000E+01
p-Ni000-rp028056-Kozma-A0477041.1990                             1 3.65000E+03 3.65000E+03
p-Ni000-rp028056-Sisterson-C1447017.2006                         3 2.00000E+02 4.00000E+02
p-Ni000-rp028056-Griswold-C2048002.2013                          6 2.09300E+01 3.99100E+01
p-Ni000-rp028056-Hermanne-D4343014.2015                         20 3.06000E+01 6.43000E+01
p-Ni000-rp028056-Khandaker-D7002006.2011                        17 2.10000E+01 3.96000E+01
p-Ni000-rp028056-Furukawa-E1864005.1990                         12 1.88500E+01 3.98700E+01
p-Ni000-rp028056-Garrido-O2315014.2016                           8 1.96300E+01 6.98100E+01
p-Ni000-rp028056-Michel-A01000112.1985                          26 4.78700E+01 1.98900E+02
p-Ni000-rp028056-Titarenko-A0906003.2011                        11 4.30000E+01 2.60500E+03
p-Ni000-rp028056-Cline-B00850126.1971                            1 5.90000E+02 5.90000E+02
p-Ni000-rp028056-Amjed-D4301004.2014                            67 1.13000E+01 6.36000E+01
p-Ni000-rp028056-Hermanne-D4324016.2015                         32 1.93000E+01 6.41000E+01
p-Ni000-rp028056-Michel-O00780257.1989                           1 6.00000E+02 6.00000E+02
p-Ni000-rp028056-Michel-O0276114.1997                           38 1.91000E+01 1.60000E+03
p-Ni000-rp028056-Michel-O0277176.1995                            4 8.00000E+02 2.60000E+03
p-Ni000-rp028056-Schiekel-O0284104.1996                         20 2.11000E+02 3.85000E+02
p-Ni000-rp028056-Bringas-O1313003.2004                           3 1.84000E+01 2.73000E+01
p-Ni000-rp028056-Alsaleh-O1503002.2007                          15 1.83000E+01 2.74000E+01
p-Ni000-rp028056-Neumann-O1882069.1999                           3 9.57000E+02 2.60000E+03
