#              Filename                                         N    min         max
p-Ti046-MT002-Antropov-F0923002-ang-E0005.176.1976               1 8.16000E+01 9.00000E+01
p-Ti046-MT002-Antropov-F0923002-ang-E0005.180.1976               1 8.16000E+01 9.60000E+01
p-Ti046-MT002-Antropov-F0923002-ang-E0005.181.1976               1 8.16000E+01 9.60000E+01
p-Ti046-MT002-Antropov-F0923002-ang-E0005.243.1976               1 8.16000E+01 9.00000E+01
p-Ti046-MT002-Antropov-F0923002-ang-E0005.244.1976               1 9.00000E+01 9.60000E+01
p-Ti046-MT002-Antropov-F0923002-ang-E0005.248.1976               1 8.16000E+01 9.60000E+01
p-Ti046-MT002-Antropov-F0923002-ang-E0005.321.1976               1 8.16000E+01 9.60000E+01
p-Ti046-MT002-Antropov-F0923002-ang-E0005.329.1976               1 9.00000E+01 9.60000E+01
p-Ti046-MT002-Antropov-F0923002-ang-E0005.329A001.1976           1 8.16000E+01 9.00000E+01
p-Ti046-MT002-Antropov-F0923002-ang-E0005.384.1976               1 8.16000E+01 9.60000E+01
p-Ti046-MT002-Antropov-F0923002-ang-E0005.388.1976               1 9.00000E+01 9.60000E+01
p-Ti046-MT002-Antropov-F0923002-ang-E0005.389.1976               1 8.16000E+01 9.00000E+01
p-Ti046-MT002-Antropov-F0923002-ang-E0005.462.1976               1 8.16000E+01 9.00000E+01
p-Ti046-MT002-Antropov-F0923002-ang-E0005.463.1976               1 9.00000E+01 9.60000E+01
p-Ti046-MT002-Antropov-F0923002-ang-E0005.470.1976               1 8.16000E+01 9.60000E+01
p-Ti046-MT002-Antropov-F0923002-ang-E0005.551.1976               1 8.16000E+01 9.60000E+01
p-Ti046-MT002-Antropov-F0923002-ang-E0005.558.1976               1 9.00000E+01 9.60000E+01
p-Ti046-MT002-Antropov-F0923002-ang-E0005.560.1976               1 8.16000E+01 9.00000E+01
p-Ti046-MT002-Antropov-F0923002-ang-E0005.647.1976               1 8.16000E+01 9.00000E+01
p-Ti046-MT002-Antropov-F0923002-ang-E0005.649.1976               1 9.00000E+01 9.60000E+01
p-Ti046-MT002-Antropov-F0923002-ang-E0005.651.1976               1 8.16000E+01 9.60000E+01
p-Ti046-MT002-Antropov-F0923002-ang-E0005.732.1976               1 8.16000E+01 9.00000E+01
p-Ti046-MT002-Antropov-F0923002-ang-E0005.735.1976               1 9.00000E+01 9.60000E+01
p-Ti046-MT002-Antropov-F0923002-ang-E0005.740.1976               1 8.16000E+01 9.60000E+01
p-Ti046-MT002-Antropov-F0923002-ang-E0005.784.1976               1 8.16000E+01 9.60000E+01
p-Ti046-MT002-Antropov-F0923002-ang-E0005.784A001.1976           1 9.00000E+01 9.60000E+01
p-Ti046-MT002-Antropov-F0923002-ang-E0005.791.1976               1 8.16000E+01 9.00000E+01
p-Ti046-MT002-Antropov-F0923002-ang-E0005.862.1976               1 8.16000E+01 9.00000E+01
p-Ti046-MT002-Antropov-F0923002-ang-E0005.865.1976               1 9.00000E+01 9.60000E+01
p-Ti046-MT002-Antropov-F0923002-ang-E0005.866.1976               1 8.16000E+01 9.60000E+01
p-Ti046-MT002-Antropov-F0923002-ang-E0005.947.1976               1 8.16000E+01 9.00000E+01
p-Ti046-MT002-Antropov-F0923002-ang-E0005.951.1976               1 9.00000E+01 9.60000E+01
p-Ti046-MT002-Antropov-F0923002-ang-E0005.955.1976               1 8.16000E+01 9.60000E+01
p-Ti046-MT002-Antropov-F0923002-ang-E0005.991.1976               1 8.16000E+01 9.60000E+01
p-Ti046-MT002-Antropov-F0923002-ang-E0005.992.1976               2 9.00000E+01 9.60000E+01
p-Ti046-MT002-Fujiwara-E1131002-ang-E0065.000.1987              10 2.20000E+01 5.00000E+01
p-Ti046-MT002-Noro-E0249010-ang-E0065.000.1981                  29 1.50000E+01 6.76000E+01
p-Ti046-MT002-Pauletta-C0666002-ang-E0799.300.1981              80 4.50002E+00 1.99000E+01
p-Ti046-MT002-Sakaguchi-E0166018-ang-E0065.000.1979             29 1.50000E+01 6.76000E+01
p-Ti046-MT002-Sakaguchi-O0032058S-ang-E0065.000.1983            29 1.50000E+01 6.76000E+01
