#              Filename                                         N    min         max
p-Al027-MT601-Bertrand-O0292003-ang-E0061.700.1969              47 1.50000E+01 1.10200E+02
p-Al027-MT601-Crawley-C0828015-ang-E0017.500.1968               80 1.50000E+01 1.30100E+02
p-Al027-MT601-Dahlgren-D0193006-ang-E0185.000.1967              18 1.35000E+01 2.30000E+01
p-Al027-MT601-Dahlgren-D0193009-ang-E0185.000.1967             126 4.03308E+00 4.01210E+01
p-Al027-MT601-Elliott-D0391005-ang-E0004.000.1966               52 9.00000E+01 1.40000E+02
p-Al027-MT601-Kokame-F0257008-ang-E0006.570.1961                14 2.55000E+01 1.60100E+02
p-Al027-MT601-Kokame-F0257008-ang-E0006.570A001.1961            11 2.52000E+01 1.31300E+02
p-Al027-MT601-Kokame-F0257008-ang-E0006.710.1961                15 2.55000E+01 1.61200E+02
p-Al027-MT601-Kokame-F0257008-ang-E0006.710A001.1961            15 2.52000E+01 1.60000E+02
p-Al027-MT601-Kokame-F0257008-ang-E0006.950.1961                14 2.41000E+01 1.60200E+02
p-Al027-MT601-Kokame-F0257008-ang-E0006.950A001.1961            15 2.57000E+01 1.60700E+02
p-Al027-MT601-Kokame-F0257008-ang-E0007.140.1961                15 2.41000E+01 1.60300E+02
p-Al027-MT601-Kokame-F0257008-ang-E0007.140A001.1961            15 2.58000E+01 1.62500E+02
p-Al027-MT601-Kokame-F0257008-ang-E0007.350.1961                14 2.94000E+01 1.60200E+02
p-Al027-MT601-Kokame-F0257008-ang-E0007.350A001.1961            13 2.58000E+01 1.56500E+02
p-Al027-MT601-Nelson-C0686003-ang-E0001.674.1984                 1 1.05000E+02 1.60000E+02
p-Al027-MT601-Nelson-C0686003-ang-E0001.675.1984                 1 1.05000E+02 1.35000E+02
p-Al027-MT601-Vasilev-F1373003-ang-E0006.600.1961               43 3.28170E+01 1.51950E+02
