#              Filename                                         N    min         max     
p-Ti000-rp021044m-Michel-A01000025.1985                         26 5.03200E+01 2.00700E+02
p-Ti000-rp021044m-Michel-A0145005M.1980                          4 1.09300E+01 1.64200E+01
p-Ti000-rp021044m-Aleksandrov-A0501010.1990                      1 1.00000E+03 1.00000E+03
p-Ti000-rp021044m-Aleksandrov-A0512015.1991                      1 6.60000E+02 6.60000E+02
p-Ti000-rp021044m-Michel-B0100006M.1978                         22 1.33000E+01 4.47600E+01
p-Ti000-rp021044m-Brodzinski-C02710061.1971                      6 3.00000E+01 5.84000E+02
p-Ti000-rp021044m-Fink-C0430005.1990                             8 3.51000E+01 1.49000E+02
p-Ti000-rp021044m-Fox-C2702050.2021                             26 3.62000E+01 1.92260E+02
p-Ti000-rp021044m-Zarie-D0433004.2006                           32 1.13300E+01 2.73500E+01
p-Ti000-rp021044m-Khandaker-D0569004.2009                       22 3.90000E+00 3.78000E+01
p-Ti000-rp021044m-Cervenak-D0985005.2020                        21 7.57000E+00 3.59700E+01
p-Ti000-rp021044m-Kopecky-D4001004.1993                         21 8.88000E+00 1.75400E+01
p-Ti000-rp021044m-Parashari-D6353005.2019                        5 1.29400E+01 2.19500E+01
p-Ti000-rp021044m-Shahid-D7033004.2018                          28 4.40000E+00 4.32000E+01
p-Ti000-rp021044m-Michel-O00780072.1989                          1 6.00000E+02 6.00000E+02
p-Ti000-rp021044m-Michel-O0276037.1997                          51 1.55000E+01 3.87000E+02
p-Ti000-rp021044m-Michel-O0277058.1995                           4 8.00000E+02 2.60000E+03
p-Ti000-rp021044m-Schiekel-O0284032.1996                         8 2.41000E+02 3.87000E+02
p-Ti000-rp021044m-Barashenkov-O0339010.1990                      1 1.10000E+03 1.10000E+03
p-Ti000-rp021044m-Porras-O0768243.2000                           1 1.20000E+03 1.20000E+03
p-Ti000-rp021044m-Neumann-O1882035.1999                         21 4.33000E+01 2.60000E+03
p-Ti000-rp021044m-Garrido-O2315003.2016                         12 1.35500E+01 6.99000E+01
p-Ti000-rp021044m-Baecker-O2560009.2021                          2 1.00000E+02 1.30000E+02
